#SpinCore Technologies, Inc.
#SF in MHz
#SW in Hz

[HEADER]
@CLASS=	RADIOPROCESSOR
@FIRMWARE= 3087
@SPINAPI= 20130917_x86_64
@POINTS= 900
@SF= 0.000000
@SW= 30000.000000

[DATA]
8465709
-6432819
11293982
-5909226
12294359
-3786434
12863743
-1580309
13074798
607034
12778365
2958097
12026273
5172792
10915954
7299360
9492494
8995274
7748895
10519208
5708453
11716694
3541159
12406872
1257123
12821429
-875297
12902725
-3218591
12461175
-5313018
11676853
-7215850
10495934
-8827611
8964967
-10327792
7190954
-11336000
5228053
-11964907
3191046
-12359464
957020
-12265525
-1213664
-11750300
-3316922
-10919314
-5289290
-9749125
-7077783
-8242727
-8582558
-6623715
-9872815
-4691148
-10774627
-2692019
-11340582
-673230
-11597764
1504360
-11366938
3416763
-10919831
5213101
-10072243
6918678
-8921068
8343309
-7549228
9421278
-5877061
10264215
-4064230
10680362
-2104690
10865572
-100621
10596145
1718006
10051905
3559766
9175021
5295431
7989745
6712875
6545610
7997881
4955654
8895753
3208612
9644017
1455350
9965386
-345230
9941120
-2065745
9636683
-3651114
9003716
-5316829
8149793
-6561890
6945884
-7672132
5621353
-8446885
4145774
-8939176
2526009
-9175998
820561
-9110908
-788304
-8710264
-2364760
-8080204
-3883601
-7181735
-5202937
-6052282
-6332275
-4775255
-7238861
-3332111
-8011147
-1946781
-8403054
-202936
-8493624
1239926
-8324826
2664266
-7874750
4039623
-7227443
5315709
-6317110
6243874
-5196510
6973842
-3948202
7496856
-2580890
7785495
-1197828
7803676
133350
7566721
1582548
7102252
2863329
6439631
4027105
5523669
5075492
4503830
5948882
3329967
6682284
2050038
7068009
831642
7268871
-584959
7137847
-1774933
6890343
-2941254
6335813
-3988616
5665704
-4925427
4851463
-5639170
3828918
-6246498
2756401
-6554513
1537741
-6675593
374904
-6575088
-874115
-6181795
-1973225
-5733228
-3016807
-5026447
-3965696
-4168150
-4757906
-3210142
-5395018
-2226731
-5795653
-1056692
-6091438
95511
-6104922
1108215
-5930353
2177466
-5564067
3016004
-5076534
3830423
-4435278
4512991
-3621140
4920378
-2693571
5308711
-1771226
5586215
-781447
5452152
207225
5257197
1137448
4903635
2007202
4390978
2861486
3858239
3532589
3133285
4136573
2311238
4541164
1408069
4819694
490247
4984689
-419036
4942902
-1301554
4733901
-2064970
4462196
-2795925
3920097
-3429701
3344159
-3829742
2649803
-4264126
1816746
-4396203
990900
-4484101
233776
-4415582
-503925
-4214289
-1226370
-3915022
-1945519
-3452746
-2582323
-2905852
-3110113
-2273460
-3504476
-1555711
-3936668
-771955
-4070526
-31482
-4057943
595887
-3970643
1322828
-3707444
1870817
-3402744
2433511
-2984963
2928764
-2537845
3250962
-1907157
3470662
-1296245
3699022
-651954
3656873
27423
3577685
670434
3325704
1280864
3046874
1810017
2596620
2324274
2118338
2663214
1499197
2998178
969671
3180149
467540
3249698
-141962
3252788
-624379
3115557
-1116654
2898239
-1657089
2650272
-2044276
2194592
-2437792
1806820
-2689807
1357853
-2813462
837801
-2885793
384742
-2952171
-184779
-2854484
-710654
-2641280
-1147016
-2337948
-1540234
-2030513
-1907904
-1618292
-2165977
-1191462
-2360083
-728491
-2511030
-235233
-2589801
197895
-2547118
589841
-2399862
1045680
-2290717
1480356
-2087484
1737790
-1757335
2061232
-1407319
2111425
-941873
2333626
-557844
2348771
-102643
2247962
231074
2216575
645386
1960171
1077608
1777172
1271613
1476211
1558111
1075463
1786094
831105
1914866
476240
2032268
69220
2044199
-253120
1949642
-604482
1882336
-928060
1681477
-1166567
1471791
-1381899
1284613
-1591614
983790
-1721851
739114
-1845804
353582
-1792388
53765
-1813311
-342041
-1642616
-608436
-1565505
-819473
-1263842
-1132476
-1005578
-1318576
-798618
-1451138
-461642
-1445515
-258765
-1513909
99263
-1527486
346826
-1451214
591816
-1394087
767987
-1267683
1073108
-984811
1147338
-862552
1260466
-685727
1349367
-430890
1362910
-109184
1320883
68230
1272446
326454
1246633
585689
1023723
696304
882768
863621
682736
997621
551232
1093665
340749
1135711
136533
1205255
-92636
1103018
-261265
1135472
-502464
1091030
-533926
894402
-836066
781142
-914019
620432
-961535
349393
-938735
182326
-1020666
-107525
-957302
-236258
-902750
-348261
-835251
-469521
-641793
-642048
-568391
-708131
-447226
-771127
-264667
-846286
-138838
-851732
44077
-855550
210651
-857437
249223
-807310
430804
-653382
493250
-548307
627636
-404719
685730
-295421
663080
-180460
772467
-129182
628239
42991
629524
195709
590972
297136
602661
376220
431016
511864
331943
533964
264423
565102
152663
547741
26685
616769
-46139
517170
-157800
605604
-288203
437861
-322571
349637
-417794
263255
-481151
205417
-477560
32043
-508455
-56570
-485403
-92969
-419805
-182447
-398256
-214793
-308246
-240420
-228140
-349228
-173237
-296200
-92543
-271752
-34874
-334158
108344
-373426
178145
-323888
103123
-297756
199723
-281083
250530
-200895
237942
-112915
286762
-76528
294862
-29722
276979
50286
220659
75217
203564
158706
129387
72983
165975
176620
53348
166106
14185
245417
-10963
152678
-62108
214258
-74548
189331
-151829
140145
-190016
122218
-154008
92046
-169039
27798
-183695
-44852
-173254
-125992
-144012
-33082
-106912
-59926
-155990
-222943
-35368
-148660
-40691
-172114
132665
-189608
132089
-164657
145338
-151353
63599
-132780
128577
-39247
218363
-37005
185194
-4196
227661
59825
155878
169068
163787
176464
152774
166174
101378
211029
75974
252374
-16975
232996
-22617
167676
-35133
177964
-159331
199051
-114368
247290
-207538
168323
-155074
147372
-289885
63364
-342930
33000
-264214
-105713
-278928
-177004
-216455
-243654
-188264
-209976
-106404
-246538
-99248
-263046
-135395
-239343
-57540
-346263
46016
-326234
108538
-291435
80763
-269170
233272
-272523
278880
-283984
408118
-219334
376382
-159959
399318
-54688
352041
59065
401984
113938
368522
167370
345916
298183
256893
219066
212593
291808
176303
318543
68383
326662
-44230
361662
-139046
355408
-81108
378158
-182711
334090
-242317
320469
-323343
229497
-332677
96154
-351464
92530
-356784
53890
-357866
64299
-357501
-54207
-471081
-152696
-412879
-253482
-313430
-348520
-191996
-326330
-234553
-398230
-146603
-376630
-95170
-390856
31063
-476538
40295
-448022
201403
-426183
276599
-375794
381494
-270369
401266
-206732
502433
-172155
539912
-68360
452029
-294
488697
51882
467371
110532
430381
240996
464488
346169
383777
422813
271954
418777
253160
541109
92093
568836
-37386
488357
-129797
532026
-168330
486655
-305330
460498
-305069
341067
-406633
347955
-450923
131409
-488203
115189
-508066
9300
-512330
-47290
-494225
-97917
-498524
-218032
-415833
-259160
-353194
-377122
-250164
-424709
-252853
-575987
-105301
-507392
-9894
-446744
62477
-545829
187005
-488351
202401
-438152
253477
-414242
299179
-378744
419199
-354529
437852
-261911
507967
-122518
539904
-58824
551429
43412
561617
166959
487225
205526
409650
251451
346771
337052
248665
507440
243207
482992
123905
556962
23716
502241
-78379
573329
-147265
570112
-322775
473419
-377216
443698
-402369
409533
-480202
156826
-498780
152369
-530295
119169
-556699
1908
-517982
-106234
-527370
-201903
-489027
-300500
-415610
-359853
-310084
-438416
-269109
-558419
-109323
-544327
-99900
-576555
44742
-604149
151866
-547600
169069
-563621
280967
-454531
320556
-389859
448508
-234995
539983
-161231
521288
-68011
553190
-2562
475140
66694
531889
150962
483305
274329
438410
389853
325095
471722
267682
467319
213370
563495
98179
523168
1726
635705
-187754
546562
-235779
468857
-317536
403471
-388302
398827
-442601
364686
-450773
253712
-480420
200774
-436648
83793
-487194
-3536
-424481
-145001
-449997
-207706
-416087
-212184
-361389
-351995
-290727
-331236
-271728
-379963
-193907
-520601
-60465
-586185
70251
-525137
131762
-435236
184084
-451433
268584
-279027
394988
-289920
491892
-312374
472605
-198693
506439
-63894
555512
-11534
489115
52153
499022
182591
433830
214965
332750
278559
286925
284354
213216
406172
76937
401181
86089
478974
-52495
413788
-30440
442922
-172386
419465
-183705
370542
-257103
373384
-318479
298291
-419084
220881
-360787
143740
-476069
110824
-506144
-4328
-468860
-87572
-437120
-190253
-453234
-235924
-366107
-331467
-220513
-396624
-214503
-382390
-106767
-351075
-28335
-429032
12543
-443791
60992
-430368
181052
-332719
298511
-296087
329329
-300373
348650
-307430
364067
-194501
449624
-97176
378784
6763
378912
35330
361111
88686
308034
157827
363200
234169
209603
355934
184791
300548
126261
355005
96229
423036
-55787
355915
-102357
441745
-179383
353979
-282917
283906
-304069
216302
-258355
103280
-220684
130378
-309909
119072
-281757
-47110
-251431
-2493
-330470
-124468
-310477
-96323
-264627
-219990
-179298
-238639
-204806
-275613
-75122
-343904
-52467
-299857
-4068
-338280
4893
-339850
82315
-377228
188459
-311503
226809
-241219
257551
-166030
272141
-99746
307993
-111027
302350
-8166
270807
-6283
234322
119273
176539
110912
190048
178768
153986
184149
57537
208840
77552
220272
65063
208876
8774
293194
-8450
247895
-35776
285124
-125710
205101
-213932
202257
-229630
183523
-190796
130164
-271990
107658
-229298
21042
-201988
6883
-224902
-41332
-191296
-117256
-188650
-184603
-84935
-126080
-98025
-179852
-36282
-223173
-8608
-248092
32544
-264445
24832
-140141
121566
-87578
86860
-102825
180624
-128953
149486
-127886
190243
-73098
192211
9898
134861
-18636
111651
56329
132777
13266
173815
54125
117287
122397
95685
165066
53492
135198
-20847
112222
-38125
109433
-39963
117082
42179
112801
84803
151240
-17573
146520
-35308
76782
-129614
-13689
-113378
-1
-148621
-23571
-61337
-3136
-113797
-46238
-21199
-40468
-99063
-41161
-53407
-67465
-81582
-51350
-75291
-84277
21892
-95129
21376
-115523
31825
-42420
-35
-77002
45924
-112862
93528
-107285
44880
-78045
78639
17143
95021
-22123
38309
-3635
31664
-20550
947
70590
-28109
55918
-39631
83142
-65013
67578
-32765
26265
-38845
31770
21308
14078
15366
73559
-41010
2453
-72671
-49471
-96463
-22173
-16716
-51174
-14172
-131407
3851
-24162
-13732
-48190
-20832
-91507
9786
-28400
-13515
-86729
21033
-98927
-8699
-57323
26988
-63971
43376
-24343
20060
-55056
80465
-42610
75482
10737
34868
68391
65488
53016
66114
98096
31221
64586
39282
109396
56138
36406
92481
63417
-18439
127242
60844
102785
-11330
140030
-48844
42756
-89329
81894
-47311
35740
-94918
47865
-69414
6013
-90830
92283
-144254
-107503
-113459
-52740
-75749
-43513
-48844
-53349
-88094
-60186
-54364
-94484
-13834
-129824
-38911
-142320
17875
-182830
14925
-203355
54891
-227998
113219
-91170
98394
-137720
87894
-119330
47718
-21643
145824
-81197
93098
-36302
50879
1269
69181
33767
18026
8711
30243
20610
110470
-8356
152335
159854
-2640
186868
239
198303
6577
121315
-22866
154955
-80727
155248
-34099
117595
-57925
144221
-52411
109736
-98757
46313
-149982
34976
-77554
71841
-182994
-41997
-113156
-23672
-174195
3141
-134456
-66367
-146585
-67893
-50439
-109387
-63723
-131885
-47007
-104330
22990
-183127
-28538
-98170
72764
-99378
151931
-126013
177426
-102449
121875
-55017
147161
-74691
144791
-23749
100365
-9433
87357
362
120172
-23218
145707
68295
113599
113514
146886
150945
104634
122724
80899
70835
20890
129045
-23688
115879
-6618
139698
-17610
128902
-73612
99226
-158198
34327
-85747
79590
-109304
55016
-125781
91012
-59695
13854
-143468
76120
-121474
50950
-147373
46522
-179452
25311
-185793
-67866
-152834
-111731
-133281
-187581
-87115
-152069
-67984
-143867
15395
-170491
118051
-138685
90679
-181714
59496
-168954
36816
-103204
158164
-83906
87985
-71487
167582
-73139
62814
16822
143048
-11582
68630
-19649
119790
7007
142393
-23509
160872
100393
163245
120781
96647
125006
136202
188134
5090
158897
58618
112760
-3570
141855
-36744
140738
-92661
139611
-151775
98430
-70043
167665
-97263
102178
-168953
155167
-273676
64680
-156169
1514
-205546
-60021
-153633
-135592
-107508
-96561
-106419
-26680
-13326
-84612
-37141
-37307
-63608
-108949
-77197
-128216
-32144
-107954
1767
-100839
15273
-159378
-9538
-38466
116375
-118697
64319
-46654
102004
-62556
115955
-65162
81744
-13919
142036
-90416
91447
37171
186188
34338
169128
90476
133134
153744
24966
117779
47083
73349
86003
83376
31427
131442
-42771
88687
27740
120424
-88280
84039
-62762
105730
-50445
44097
-30694
102193
-71484
86816
-142799
56743
-128595
65662
-45763
-2904
-71143
-22480
-78780
-96763
-52580
-87126
-67227
-76980
-44476
-35399
-79779
-104022
-17297
-125450
10916
-101758
55874
-122305
-5543
-66315
13699
-102693
124517
-74634
26789
-13239
81028
-84886
27782
-69412
119108
40269
14291
-29467
21080
44894
157164
-47907
131746
-58954
140701
63541
148215
80423
140307
108248
45903
72524
19203
176258
-69814
116508
16253
89373
12404
123178
-20636
104474
-73491
175488
-40069
131517
-4959
137327
-85077
76262
-112883
18370
-99972
6289
-96119
-5419
-84575
-27442
-35426
61425
-93193
53823
-50931
-6330
-60314
-8988
-219206
-82836
-138289
-28565
-21956
-78048
-43334
-190662
-20424
-131415
113506
-114818
108812
-113589
56084
19963
95212
-45919
26227
64023
42772
-46712
91780
-56985
162985
-28338
137308
17393
58083
-24581
112252
42817
93020
107607
46584
85003
5838
152539
6854
106573
34827
118209
-74059
25398
17212
-889
-113398
56430
-14294
92298
-33674
63107
38100
48836
-13855
18419
-53583
6657
-34630
4622
-43044
36599
-85645
2816
-65832
10775
-87835
-71756
-108765
-35193
-81243
-28416
-49442
-47307
-64220
-15411
-70807
-38815
-88430
-96234
-73471
-83802
14872
-149992
67742
-28773
133
-59287
49436
-94299
34977
-20435
122365
12517
85013
-6988
111614
-25330
119306
7328
104784
59900
101566
60380
60829
69629
49128
61269
132204
46157
81098
36463
30232
64095
97979
73005
