#SpinCore Technologies, Inc.
#SF in MHz
#SW in Hz

[HEADER]
@CLASS=	RADIOPROCESSOR
@FIRMWARE= 3087
@SPINAPI= 20130917_x86_64
@POINTS= 1000
@SF= 0.000000
@SW= 100000.000000

[DATA]
-4898790
-6386879
12195523
-5346280
56908
12274460
-11924246
-4616542
8909932
-9438899
5339172
11874050
-13164014
338711
4600542
-12209573
9706810
8965977
-11918628
5558270
-650287
-13178095
12380451
4462628
-8839610
9810242
-5782370
-11902632
13171723
-609773
-4300734
12513572
-10005919
-8695899
11906692
-5928089
1040316
13298473
-12638519
-4167278
8603265
-10195044
6098639
11718378
-13285550
1218915
3842846
-12755146
10314325
8412140
-11558614
6335821
-1337136
-13170572
12733173
3756912
-8146429
10419382
-6467945
-11495647
13280868
-1648811
-3408420
12752833
-10594932
-8024371
11375271
-6663350
1879762
12883445
-12634057
-3395826
7930256
-10474889
6769149
11219446
-13061667
2030598
2990431
-12689107
10697184
7621253
-11064130
6877453
-2188870
-12924880
12691110
2890366
-7431152
10707662
-7120966
-11020311
12756556
-2393875
-2661259
12777524
-10695223
-7098107
10754300
-7237321
2495828
12631438
-12711773
-2469832
7058567
-10740658
7471209
10617088
-12519044
2818481
2194182
-12657792
10902573
6768797
-10545279
7298292
-2813167
-12449126
12625045
2138952
-6509799
10775533
-7526735
-10100236
12289724
-3084792
-1757004
12555563
-11007457
-6235675
10110300
-7545770
3193005
12217962
-12620856
-1688431
6243360
-10948104
7772190
9840962
-12110626
3401758
1389357
-12430008
10876149
5868290
-9714092
7820987
-3611887
-11868660
12372185
1282920
-5832363
11038808
-7995930
-9498715
11856258
-3719561
-1134433
12272267
-10974044
-5659257
9306886
-8074705
3826801
11607613
-12278909
-684561
5194011
-10980627
8209191
9039177
-11421700
4000984
523582
-12139021
11030387
5024259
-8804429
8095354
-4104911
-11180122
11915744
339117
-4887596
10963797
-8226838
-8641902
11274854
-4227894
-202195
12066261
-10895852
-4815596
8404502
-8339061
4411340
10924565
-11863460
-80745
4551980
-10819349
8296767
8278243
-10779282
4553577
-153665
-11872344
10817550
4357926
-8114008
8323394
-4536318
-10601397
11581727
-223071
-4170444
10801408
-8240821
-7807910
10408413
-4729899
301484
11375792
-10651586
-4073880
7570342
-8338237
4836440
10135192
-11223257
614983
3689054
-10721146
8410058
7614990
-10218666
4887886
-710751
-11151196
10680117
3579956
-7284297
8397437
-4979131
-9905831
10929063
-881341
-3436420
10428415
-8399110
-7144898
9729807
-5054720
960298
11060627
-10438955
-3369364
7110468
-8394440
5269404
9492851
-10872926
1165800
3078349
-10268414
8429508
6828991
-9511645
5194379
-1221426
-10740739
10409381
2801770
-6752655
8643932
-5274932
-9330461
10489854
-1409154
-2817254
10199429
-8222715
-6370491
9078364
-5102996
1445275
10382986
-10116104
-2486217
6359589
-8333405
5429919
8920999
-10283083
1498831
2470919
-10023068
8316428
6113587
-8843112
5310384
-1438765
-10093198
10024309
2278840
-6046139
8270943
-5288154
-8582301
9965258
-1735415
-2251857
9947291
-8251033
-5916177
8411459
-5375551
1712686
9849230
-9815693
-2085814
5718286
-8154247
5501838
8348051
-9783473
1931157
1797067
-9728210
8236845
5602924
-8076582
5571234
-1961932
-9668613
9741374
1771636
-5282629
8209182
-5580526
-7977653
9512460
-2163443
-1770132
9514898
-8037783
-5075594
7872433
-5515620
2162312
9327778
-9443137
-1548490
4955755
-8223559
5617533
7603788
-9230558
2303153
1505249
-9283883
7943665
4740518
-7528631
5684121
-2346748
-9060630
9145370
1317285
-4781408
7960207
-5648256
-7706467
8969938
-2416763
-1272731
9354982
-7866087
-4637532
7306632
-5588913
2357914
8842453
-9000522
-1271139
4520611
-7981684
5497689
7231398
-8739932
2412040
1023787
-9114402
7725761
4435302
-7103712
5660971
-2478876
-8532877
8818042
991963
-4196790
7843132
-5611157
-6804284
8533268
-2646348
-761374
8649511
-7799309
-4128112
6704058
-5746276
2651636
8423345
-8734221
-674890
4036632
-7922253
5669837
6502010
-8088426
2724772
505585
-8663951
7753784
3766746
-6490146
5627152
-2872861
-7958061
8460055
569512
-3675656
7677355
-5765407
-6293763
7944545
-2951652
-429404
8419022
-7679656
-3616941
6116684
-5660979
2959157
7807147
-8340881
-319340
3454635
-7533566
5649399
6079005
-7697882
2885095
279979
-8121521
7416604
3330745
-5842712
5611527
-3015709
-7609394
8203725
270815
-3150700
7529532
-5620158
-5775084
7431391
-3115582
-116503
8131539
-7486081
-3121143
5651205
-5614620
2961623
7411915
-7966101
39515
2989727
-7365255
5699616
5658087
-7287801
3183547
-178194
-8014329
7390592
2957946
-5528214
5588408
-3143323
-7028535
7779585
-309895
-2819885
7324467
-5661843
-5254570
7044827
-3183980
294139
7786858
-7247249
-2623534
5314277
-5730016
3173825
6865955
-7723114
452865
2519743
-7232122
5591515
5103311
-6760952
3369487
-469560
-7572657
7190929
2572318
-4789420
5681796
-3327274
-6711657
7513665
-553618
-2322158
6992520
-5577025
-4855315
6660953
-3361201
731830
7283073
-7103229
-2177958
4716977
-5508399
3418016
6485317
-7207377
675989
2039973
-6995551
5599084
4583208
-6336779
3390903
-682705
-7224310
6886037
1966330
-4512044
5489755
-3444034
-6171589
7063995
-824261
-1873382
6887625
-5617173
-4386830
6164611
-3576086
1115599
7011765
-6971495
-1827636
4163407
-5681370
3455687
6035131
-6945557
943319
1772055
-6750114
5585122
4172232
-5844696
3538811
-1143190
-6747466
6786181
1603651
-3943985
5534084
-3596383
-5881285
6613026
-1175947
-1561465
6508601
-5461416
-3739214
5645641
-3674121
1198188
6613510
-6638958
-1451766
3811373
-5448452
3581869
5524725
-6307695
1441580
1306376
-6507239
5449615
3580732
-5416582
3570042
-1292643
-6396051
6429868
1244101
-3508453
5493548
-3721038
-5293339
6323959
-1421973
-1071974
6220966
-5478704
-3412460
5145200
-3759971
1445064
6232872
-6281112
-1058581
3317739
-5337606
3679525
5188336
-6119943
1372831
971714
-6164439
5389593
3247552
-4945228
3632288
-1536611
-6037445
6175550
814303
-3143401
5380304
-3772439
-4940298
5836095
-1742882
-798574
6029119
-5309782
-2915613
4725284
-3801464
1755966
5870289
-5954653
-576718
2880584
-5255021
3767976
4528435
-5762089
1749844
591972
-5930801
5353108
2755991
-4524172
3793888
-1710196
-5762156
5864335
416810
-2721703
5333440
-3914783
-4300870
5498944
-1751824
-465319
5830621
-5096493
-2511885
4254546
-3824587
1864810
5381923
-5688114
-239047
2376592
-5178518
3799293
4116524
-5251946
2013449
281610
-5588423
5043593
2323371
-3988286
3714675
-1932377
-5100188
5519526
124257
-2234108
5075724
-3741308
-3945288
5198275
-2013903
-179825
5410554
-5029973
-2118909
3812968
-3821212
2135727
4948484
-5381162
114057
2105572
-4805984
3752896
3748351
-4988428
2103670
-64166
-5303686
4970975
1994938
-3767425
3793754
-2123241
-4771923
5222933
8268
-1848035
4957195
-3638090
-3650946
4760977
-2135528
253256
5176793
-4831467
-1819839
3467326
-3616775
2312370
4690134
-5091431
397880
1694718
-4805640
3764432
3406338
-4569100
2158645
-283196
-5054151
4766162
1726486
-3133314
3642892
-2233994
-4364501
4886989
-217645
-1609117
4633929
-3679377
-3143066
4378556
-2323106
429589
4895935
-4735774
-1389247
3194726
-3626664
2271180
4170511
-4798085
460754
1385274
-4639123
3764396
2968828
-4144333
2240749
-630319
-4750585
4384315
1323105
-3095523
3660832
-2299207
-4099001
4634336
-759099
-1002853
4471909
-3748466
-2751254
3884386
-2393946
596167
4593061
-4533274
-1057933
2614089
-3739018
2363506
3854386
-4346932
754482
1111825
-4414136
3812963
2490566
-3797749
2456839
-812487
-4362740
4300143
968325
-2529299
3676887
-2440292
-3649213
4233143
-925986
-917608
4451233
-3707693
-2525324
3561721
-2430197
1106713
4271928
-4256860
-906507
2286488
-3565164
2387611
3484287
-4113752
942106
818948
-4273580
3777245
2183536
-3451643
2320435
-989895
-4075065
4103312
586345
-2167076
3620709
-2425612
-3320724
4029414
-976527
-585392
4020186
-3487322
-1953517
3251885
-2665960
996749
3988571
-3999935
-463814
2002232
-3394212
2469774
3071395
-3848102
989029
441397
-3959087
3524264
1991827
-3092521
2570699
-1130952
-3736784
3892597
510333
-1790294
3452080
-2584183
-2916516
3570117
-1113326
-250910
3828057
-3549197
-1815213
2945080
-2577202
1296058
3682530
-3822471
-386858
1577027
-3388652
2515313
2794529
-3509509
1247474
207595
-3831863
3282204
1678505
-2766053
2506223
-1226850
-3512211
3800735
157704
-1627053
3481855
-2554211
-2627964
3327253
-1172575
-27520
3639995
-3404080
-1448676
2656427
-2564902
1391155
3396750
-3600464
-218898
1374705
-3322122
2562821
2418332
-3211814
1306044
-98969
-3519835
3212251
1204114
-2476839
2567110
-1380781
-3396100
3578542
-19619
-1249517
3236855
-2429752
-2417097
3184036
-1457251
220110
3412182
-3297145
-1118876
2383298
-2493410
1525518
3108844
-3398378
179075
1109848
-3137133
2552140
2115000
-3050108
1498389
-281165
-3247300
3189409
1003763
-2206161
2342610
-1557556
-2874781
3213638
-142579
-1028934
3210241
-2521466
-2114756
2633810
-1422067
380904
3205729
-2953892
-868024
2204460
-2441203
1597231
2906166
-3322482
406311
679780
-3076399
2454364
1857936
-2707045
1550358
-392218
-3231886
2947742
989573
-1950395
2446826
-1477779
-2620656
2974487
-405086
-804333
3043481
-2444519
-1693992
2766503
-1593240
420653
3036108
-2940746
-700872
1603533
-2431193
1543956
2575064
-2850753
450083
766664
-2877036
2512893
1745236
-2478104
1726214
-542019
-2916621
2961598
518448
-1624867
2346930
-1692512
-2377568
2947426
-726035
-481086
2855433
-2459654
-1425755
2453271
-1751174
651426
2769188
-2796602
-399869
1544902
-2412033
1795439
2194680
-2857391
682398
417633
-2877222
2197932
1438647
-2198939
1520222
-686868
-2734645
2596964
385229
-1266955
2336736
-1664933
-2135231
2512880
-743272
-435316
2639562
-2325541
-1313008
2051322
-1736938
669257
2539894
-2582161
-298681
1334900
-2310385
1694881
1954541
-2417795
903959
192867
-2538765
2255616
1166380
-2058403
1630944
-883263
-2429534
2575513
244256
-1171196
2436875
-1748825
-1707849
2413179
-842881
-160382
2408270
-2292660
-1016612
1916860
-1721165
942589
2289641
-2450230
-2785
938160
-2373775
1672790
1675192
-2233120
923905
42271
-2561176
2192549
936501
-1835659
1716643
-832256
-2157341
2462647
-15682
-904736
2296288
-1658708
-1720414
2118474
-945295
61840
2385556
-2305013
-806383
1611052
-1668854
991807
2008919
-2375777
70256
784344
-2148011
1761264
1619793
-2152194
1053069
-228689
-2232252
2060944
762932
-1637006
1631750
-1050374
-2037229
2238819
-220446
-693161
2195026
-1799649
-1466792
2003321
-960651
250835
2139051
-2228903
-633452
1427582
-1633849
924186
1933849
-2118281
297776
655958
-2073584
1684682
1233532
-1927996
1122319
-219181
-2128985
2078782
584752
-1105402
1619158
-899022
-1799407
2186777
-129789
-631433
2137463
-1723569
-1392430
1888317
-1010798
207625
2092011
-1936496
-547277
1145854
-1566569
937845
1857383
-2046701
305345
546540
-1883386
1551087
1101880
-1713275
1058798
-409735
-1956353
1879316
424959
-1136947
1596057
-1108397
-1605477
1915786
-331810
-469400
1854253
-1565199
-1157408
1620760
-1049535
415529
1857356
-1742716
-402214
1199297
-1606855
970233
1672269
-2021332
370764
384141
-1796518
1599049
1107769
-1360821
1051722
-446271
-1766142
1678700
373087
-1006727
1486009
-1063303
-1507618
1758601
-498261
-369639
1847840
-1466483
-770325
1387666
-970968
551456
1597048
-1628735
-246933
847803
-1538206
1073359
1249111
-1772715
546782
213499
-1663429
1632750
806133
-1245395
1030769
-574934
-1561477
1715994
233192
-924334
1451251
-1096403
-1391455
1762580
-516000
-160718
1659275
-1506084
-646123
1214021
-1053605
435592
1714188
-1489243
-93863
686504
-1356775
1197706
1281673
-1601582
534060
-41079
-1601219
1374826
804775
-1106491
1137052
-356284
-1512282
1592885
59262
-574720
1416461
-1052617
-932961
1528142
-536649
-99431
1701903
-1404208
-704398
984839
-948061
670481
1383709
-1523976
-128062
618651
-1489977
1120710
1124949
-1312592
535916
97450
-1373257
1387126
579474
-976022
970081
-618647
-1399998
1553535
89748
-375502
1364026
-1084967
-908809
1517934
-749414
82092
1484081
-1407228
-440576
997237
-1113256
623584
1315310
-1350055
-123255
462327
-1271299
1108268
1162958
-1231776
548412
-103778
-1360520
1448199
361274
-813374
1043336
-745064
-1089914
1469546
-67332
-472127
1358857
-1039814
-816936
1164480
-490845
145056
1225988
-1312350
-334282
832458
-1081255
569269
1164611
-1362196
256519
306012
-1320730
1102496
872517
-1202693
724251
-179890
-1315969
1199882
279804
-634372
1089765
-654700
-1218333
1400898
-216379
-437907
1177361
-979971
-764924
1161330
-703198
308283
1222608
-1209351
-382211
689675
-949251
520895
916751
-1242632
206384
436931
-1250822
1023474
675316
-1041805
670876
-89288
-1280113
1036361
344823
-754679
971996
-686395
-934681
1045407
-161097
-196831
1231103
-990307
-688352
848451
-613664
200121
1099226
-1139865
-188660
603669
-821762
562866
853297
-1128514
411173
191695
-1049748
989702
549793
-876840
510740
-318920
-877661
1080172
164523
-684067
825419
-578699
-764187
1074606
-184306
-245775
1120196
-1011711
-544860
791848
-545075
178140
1103736
-1030432
-55141
554178
-911418
569755
885794
-1023915
264955
69259
-897261
913062
511359
-791634
608227
-359117
-1018531
970889
21972
-394381
846455
-488320
-584094
814651
-75092
-32631
932895
-1066948
-534255
733658
-636634
165660
959559
-994116
-147490
222907
-785667
635295
677811
-989822
362563
14096
-917028
768841
342564
-714435
661179
-273869
-902692
954347
-82891
-514758
674142
-620263
-722062
884941
-300022
-72295
712190
-834098
-469647
632148
-591095
349015
859962
-801569
45780
326698
-716346
581616
668791
-606309
198827
37429
-776233
748213
367542
-681928
516496
-353005
-826160
789865
58499
-302854
834342
-594610
-565740
714469
-242874
3205
682136
-763899
-238067
426395
-616634
218735
688349
-885031
-32751
268458
-617008
612100
711422
-668525
220002
27515
-858721
632823
301920
-551254
481672
-304783
-685692
682551
97418
-235214
695047
-549485
-593046
689029
-451347
-4428
773644
-666805
-175965
464421
-562521
402867
569057
-676030
-20144
351000
-612552
455722
458617
-597703
272046
-6894
-654581
654651
150553
-486861
423498
-207422
-519282
659193
-42537
-211184
614486
-563759
-444068
638791
-240001
-24536
655126
-651604
-191953
396937
-252713
153558
555451
-660196
31030
189694
-461389
614705
325533
-517797
259501
-20120
-567739
514800
220039
-324529
367368
-132423
-603446
479777
51023
-116268
546975
-370839
-300356
511849
-352774
-11312
653452
-623201
-206781
316708
-447835
149320
514090
-470325
23372
211017
-568082
454244
391837
-462776
214929
-22097
-462513
497204
203369
-344416
286761
-350817
-371239
534971
-78630
-192123
437132
-364038
-423500
513571
-65686
129112
562094
-569693
-157505
331836
-308733
151910
444411
-495902
-48038
156766
-515331
201466
234544
-385827
229902
66967
-372824
493693
146173
-219320
359358
-232925
-411211
496529
-7258
-90818
316418
-440815
-303593
417684
-95289
-31684
447712
-441114
-163041
437346
-207509
-23688
333451
-368511
-5966
195989
-330349
287808
210266
-366205
158426
1548
-552105
423225
31179
-57094
286602
-194527
-233215
280804
-16774
-214585
420254
-389528
-346856
273060
-218994
108391
251827
-242463
-96231
207455
-334564
147781
292279
-263826
-56139
126985
-299550
287310
170250
-306627
37375
-73885
-267317
208279
224712
-220709
296882
-147872
-277227
237460
-7220
-74437
212648
-299348
-129664
283632
-139995
-59439
222567
-122899
-205283
196142
-170855
154319
326036
-253130
64071
127300
-298531
135017
232183
-134986
40199
-25349
-309627
252940
166801
-186415
237727
-149848
-163768
256923
15873
-238874
177510
-204331
-119295
197588
-23712
-89209
174677
-293274
-120544
139171
-207666
-22005
259807
-238089
-101455
103607
-406167
111504
283428
-329283
-8942
106417
-326810
256451
273087
-274184
35844
-149142
-214862
273080
50684
-211979
282785
-26606
-251210
237930
31228
-31311
238830
-165358
-178001
135460
-184816
118300
163479
-321681
21760
100827
14503
136962
202325
-248937
51302
118688
-204693
27847
195835
-269196
69827
-30064
-177295
166972
113074
-217371
176237
2325
-190499
263928
6872
-34565
297133
-114093
-158934
134216
35318
199731
219632
-216314
-92051
230480
-30015
96380
227727
-213094
-72346
116456
-192839
74554
207038
-228562
50469
50519
-238522
178936
78094
-22640
246260
43857
-381229
96075
104978
-226627
7310
12335
-218721
259345
-72805
-127294
202814
-121607
-104907
263866
-91033
80401
227274
-275366
12624
249495
-194297
77013
104409
-188492
112714
64748
-106186
234625
160695
-313705
53930
28401
-280282
154292
150245
-204249
119057
42122
-208629
399980
68148
-224454
257631
-149548
-163575
213524
-88282
-117146
55794
-191155
-121573
259180
-90001
153387
160602
-211723
99850
