#SpinCore Technologies, Inc.
#SF in MHz
#SW in Hz

[HEADER]
@CLASS=	RADIOPROCESSOR
@FIRMWARE= 3087
@SPINAPI= 20130917_x86_64
@POINTS= 900
@SF= 0.000000
@SW= 30000.000000

[DATA]
8625340
-6598141
11412050
-6090820
12584348
-3987457
13169156
-1695668
13245021
630105
12897135
2961106
12237504
5181074
11087212
7325522
9623056
9101790
7891981
10657927
5864727
11802486
3637011
12620434
1383171
12946459
-942087
12956716
-3157074
12501696
-5282196
11780755
-7319697
10663032
-8947878
9213802
-10368746
7413622
-11501420
5416803
-12140524
3293681
-12456753
1135212
-12407552
-1001379
-11918965
-3274947
-11097604
-5262220
-9994737
-7072057
-8494845
-8631522
-6731694
-9921376
-4893643
-10928813
-2812540
-11440750
-730554
-11667193
1227829
-11535354
3341344
-11055997
5192664
-10137135
6869489
-9014113
8266233
-7622044
9482559
-6059694
10183008
-4175377
10793221
-2294354
10867256
-323479
10752258
1629514
10120858
3485990
9255273
5251220
8115359
6714353
6689486
7890807
5186945
8917871
3469553
9631393
1627726
9995673
-173861
10063470
-1917422
9710911
-3592744
9172452
-5179005
8316572
-6532764
7197285
-7613833
5817366
-8509118
4352477
-8988300
2718439
-9264848
946543
-9208193
-687937
-8829924
-2251125
-8258339
-3824630
-7361249
-5140602
-6210147
-6316010
-4973365
-7280460
-3562292
-7979114
-2026967
-8416439
-440860
-8573845
1111205
-8426043
2659373
-7982913
3919401
-7281700
5063680
-6416418
6085154
-5404254
6917364
-4171199
7477368
-2858929
7837873
-1490499
7911430
-38159
7668026
1422815
7209063
2721453
6585000
3900681
5677652
5008573
4722528
5883434
3555678
6532445
2293974
7048167
934551
7274485
-293400
7227661
-1618001
6980606
-2870201
6420895
-3897615
5827652
-4824146
4994599
-5580877
4074356
-6173795
2882531
-6425088
1740660
-6582805
489553
-6641165
-766386
-6330280
-1867040
-5823480
-2957754
-5194221
-3883955
-4317190
-4619269
-3371204
-5250228
-2341899
-5734814
-1310972
-6045724
-190669
-6118675
867794
-5993222
1933465
-5657834
2871825
-5149640
3767674
-4504289
4301694
-3763048
4898745
-2838957
5280112
-1932560
5495431
-946451
5573899
-27489
5358060
987989
5008952
1973368
4552472
2764691
3978887
3525377
3287338
4115544
2436342
4605304
1605053
4891072
660339
5011773
-252728
4942549
-1062187
4752447
-1895020
4425020
-2760325
4026647
-3322199
3405378
-3747780
2768154
-4151218
1993422
-4356238
1224177
-4546722
510393
-4583978
-369786
-4341718
-1129836
-3971108
-1898142
-3544848
-2522264
-3007131
-3023076
-2298192
-3497277
-1675533
-3801249
-927726
-4016188
-307532
-4009771
468824
-4045042
1199842
-3837271
1816414
-3470826
2346692
-3111751
2813916
-2625675
3185870
-2080829
3425395
-1457500
3533690
-768016
3578552
-114379
3566267
532969
3387319
1110068
3041190
1610506
2708439
2075970
2335823
2589099
1800119
2935496
1183145
3140824
662124
3257975
4111
3246679
-501081
3255350
-1063041
3040831
-1511360
2736609
-2040267
2382417
-2401458
1900393
-2586502
1570893
-2825407
1049648
-2944674
494359
-2978271
8458
-2823762
-582131
-2622169
-1019282
-2414576
-1489740
-2124331
-1851778
-1696024
-2085171
-1327245
-2334579
-932844
-2552153
-341472
-2577722
59117
-2523394
484893
-2465859
913314
-2314768
1336486
-2130050
1642556
-1876985
1978594
-1504990
2115864
-1077664
2214090
-701603
2374089
-247049
2251965
158093
2250338
543553
2061978
899816
1845958
1218720
1611577
1554560
1300877
1761393
880183
1926090
542683
1980119
235708
2024087
-93920
2011681
-500650
1904963
-845046
1718031
-1090477
1559268
-1301279
1376674
-1591246
1034747
-1701020
800267
-1745639
404702
-1821206
138786
-1803764
-177468
-1716637
-520075
-1536871
-776408
-1411108
-1047529
-1151696
-1266521
-863123
-1508432
-613763
-1481662
-311815
-1574110
46730
-1549802
226019
-1555825
466684
-1434841
739911
-1261876
919429
-1127815
1113914
-1023036
1264351
-726501
1438930
-414661
1303766
-185435
1334144
72761
1205083
259880
1180302
453495
1110669
614700
996464
894237
737290
972580
457426
1099506
360825
1142076
168090
1131765
-28395
1131448
-242498
1100313
-340029
1133795
-556715
955489
-776955
772930
-866474
637605
-988643
477850
-1078675
309628
-1039669
92160
-1054084
-236850
-885624
-284673
-895176
-467102
-712472
-592774
-645756
-665905
-456171
-776220
-370954
-808693
-198289
-875608
-19261
-905017
149653
-768520
249886
-768979
377114
-717426
522553
-657542
599588
-518150
599258
-332042
669605
-176769
691936
-84404
671405
20214
649416
145228
633842
222140
511916
329831
482879
434168
295162
558395
260914
668490
163357
600372
31305
635118
-90903
554305
-124035
580635
-323617
428774
-400279
354472
-334518
300520
-480597
228382
-416926
99477
-358999
91311
-393193
-6300
-424528
-101122
-362279
-193283
-351063
-337218
-276669
-315447
-210373
-339861
-116913
-424478
-28130
-371245
35721
-298444
35668
-374267
109181
-351241
170187
-268451
280587
-178804
237886
-111058
210398
-104222
194992
-9876
225864
25892
259402
37581
283966
59080
257594
207914
164409
227518
45914
234728
13570
191985
-17805
247401
-103396
151776
-138367
161716
-141989
163739
-175058
90036
-105017
96327
-184182
29181
-113678
-8769
-204501
-37012
-163652
-80062
-109048
-73275
-104475
-94738
-35057
-159927
2993
-177159
31111
-205814
49720
-192202
72780
-146107
215457
-118018
185935
-120464
175974
-36350
142621
-18304
259460
68420
166290
78606
90158
92297
149458
194486
157419
159103
51276
240501
69482
186028
-53690
158136
-94970
113951
-114217
201745
-121641
206839
-232386
113915
-231104
46208
-211841
95118
-291319
39264
-278922
7733
-252149
-59684
-277198
-196141
-293219
-191024
-228092
-264010
-143705
-236143
-112027
-297081
-72393
-252437
6096
-294584
51906
-398082
154120
-357170
184403
-305716
237152
-281261
242704
-204178
350412
-212130
414451
-61889
381073
2297
385309
42030
325501
113891
352395
127099
341420
288619
255418
276165
88071
345943
115588
400925
26345
342435
-87733
422260
-35395
340022
-149469
450453
-199813
404302
-279330
345216
-311844
270306
-413558
197914
-481709
52809
-434687
14569
-451503
-49954
-383718
-124416
-388486
-201823
-349735
-270295
-343411
-376386
-275426
-382496
-274619
-420394
-85958
-534322
-4216
-504736
99320
-481996
113055
-476238
220578
-403769
306579
-386881
370571
-311487
387664
-197363
495027
-138958
497790
-128307
421467
-33706
503109
77821
510659
216097
399622
328258
345604
418594
276990
394644
204686
454566
151824
474572
16003
516092
-49987
477943
-155716
542004
-225628
541924
-337048
426520
-398350
332977
-413263
260783
-437700
159790
-465477
23437
-479696
-27116
-503623
-29815
-527904
-151783
-518585
-193012
-330174
-350999
-319740
-461557
-294257
-450681
-117597
-525985
-75251
-518073
3008
-541319
100779
-559542
155319
-493214
259309
-511249
370589
-421337
435366
-316776
459971
-194166
530295
-209816
573859
-96877
557456
4332
476771
129184
533638
205968
449829
266747
429855
362392
326506
427635
362371
527375
229329
474027
91226
565906
15591
577782
-86536
658886
-256300
518901
-323338
487701
-389678
422365
-458342
275284
-578457
204393
-529847
174247
-518849
55640
-609204
57189
-571325
-198587
-574070
-258974
-476046
-326576
-399480
-410204
-348479
-515029
-173095
-453423
-184425
-520349
-25360
-551755
77112
-616883
154579
-511252
244530
-477883
390919
-458525
450882
-330603
511481
-241678
502246
-145288
523703
-39602
545748
-10636
524131
107157
491120
183790
455504
244810
464960
415300
314040
431252
276492
471506
127808
566360
94467
512745
-13450
559733
-41191
449449
-112631
525021
-306649
463411
-344097
450982
-441156
329107
-432380
211159
-630380
113436
-529595
-72205
-449814
-75845
-421743
-163538
-484119
-235346
-452403
-292333
-330901
-347893
-364997
-411316
-212904
-515328
-131067
-501227
-85317
-549518
72994
-503336
157735
-514520
249290
-483987
289464
-399417
362279
-415719
430401
-251670
472537
-104413
427985
-68751
505900
30634
471671
117499
461883
127696
419813
176926
349473
368422
316739
411613
215967
411937
163670
449797
22809
436187
-40289
451104
-107868
431730
-176788
371179
-212218
395050
-264794
299605
-301446
335128
-386515
165136
-502135
143302
-431619
93135
-494229
-68809
-494238
-135652
-467486
-236877
-347137
-283565
-296150
-349524
-229316
-404875
-143414
-353311
-86656
-342110
-77000
-428880
54006
-481381
168091
-352830
240038
-358393
246961
-330414
353099
-239159
389183
-198586
363088
-85856
382103
-79186
351400
11728
345882
65255
389006
98332
300983
184874
311516
249381
287203
308467
133317
287241
120378
308836
115552
472650
-34869
437769
-193764
377991
-183014
364783
-214755
333443
-218760
277920
-331482
168997
-298986
166169
-356587
104613
-302475
-20741
-269843
1502
-299635
-105831
-243895
-141739
-183929
-220460
-191149
-237834
-115405
-295011
-92968
-352296
-8101
-262294
-53698
-347279
62631
-392185
117166
-294029
242967
-212226
198671
-224838
211730
-113167
295029
-92066
301077
-64727
260992
-45540
240506
21183
292002
65737
290494
184473
133253
178472
157903
219123
133042
234742
32117
234061
-13808
205844
9998
275536
17333
202127
-155048
245398
-164824
242758
-154802
168570
-221582
165486
-230453
27715
-266819
-1857
-260023
-14790
-131312
-8203
-230818
-66580
-214036
-98566
-220155
-137408
-100830
-190457
-81614
-213536
-66154
-212817
-42712
-175238
18029
-133173
89717
-213208
82578
-63961
31952
-152292
109323
-131171
190893
-101423
186020
-42339
221073
4247
182137
21
182276
42796
126080
50232
126084
77062
78420
66607
98337
35209
19978
127845
59149
133903
-7018
72084
-8503
124790
-35829
69574
-71572
134294
-111877
106112
-109714
100316
-128415
51495
-95749
85986
-117197
8973
-140538
-81757
-108408
-107583
6773
-42370
-89006
-80775
-68322
-82042
-22474
-94083
-67487
-61803
-16742
-176545
53635
-165521
44109
-37593
27321
31907
23573
-83979
95733
-105186
147064
-44783
10101
-56732
39896
49669
66913
38169
30357
42824
23794
70028
23081
57865
51497
-28704
10520
69697
-35745
75891
-59348
65143
-155606
84485
-101971
5695
2763
2599
-65974
49705
-81483
-15913
-78930
39982
-40896
-73421
-59607
-36529
-57336
-23130
11679
-11971
3032
-109567
14135
-73289
-31572
-59337
43054
-54735
-5509
-81471
39173
-35519
119943
-33273
97874
-14060
110658
-23907
128142
-79729
75187
52974
63711
-28493
77131
56926
53561
6969
43343
39251
34469
162311
-56414
85935
-61706
97760
-27232
77801
-80170
141780
-106702
115791
-78571
100122
-39388
54629
-76693
53844
-92502
-34953
-28077
82589
-107016
38156
-196494
29003
-115002
-50244
-103675
-150343
-68516
-153543
-35119
-98433
42488
-160910
13848
-115040
-6330
-40823
-14623
-105404
17070
-75119
19344
-130980
153179
-112840
84562
-62712
128830
-26058
91211
-43592
75036
-18218
80026
21996
87955
30903
113062
98122
83081
133128
104172
127155
25003
140339
-14835
169436
-14774
154672
-20818
62019
2221
179754
-108431
97090
-87277
101765
-140848
17470
-176753
100964
-75203
81154
-97293
85152
-161821
-917
-111307
74513
-139739
-98638
-118812
-112177
-101552
-183769
-132367
-194963
-30116
-145073
87510
-174563
18795
-179641
70251
-80455
93654
-127971
31175
-87259
73782
-154049
169354
-39406
128357
-115437
163236
-71430
133659
-56797
147064
-17021
212680
59733
127446
-21141
130800
-3497
196351
76822
146836
126847
79041
162268
81455
137308
32552
106399
16255
170429
-32409
165193
-74328
142577
-43135
116673
-71961
88803
-103282
134904
-122541
7510
-169565
-25845
-132317
-43982
-193147
56733
-246213
-110120
-116499
-101122
-182732
-113561
-82171
-102713
-97543
-73481
-26823
-117868
-84255
-164660
-29921
-107634
-34995
-161412
32426
-122856
36519
-146932
42830
-212364
103527
-84305
79264
-76441
149262
-100464
129354
-36354
126095
61567
106722
-61482
113104
42579
204883
52274
71894
18803
73132
126232
94237
67146
52585
146993
86319
128072
111346
182330
-310
203121
-38289
167271
-84912
120187
-60435
185203
-173177
97296
-138188
57365
-153760
44617
-137514
29391
-136911
16696
-149696
11402
-21694
-36797
-117666
-72265
-195149
-51789
-182499
-96966
-56606
-162148
-84426
-212305
-83552
-151596
-24457
-146812
-30971
-160851
48106
-161475
43973
-159236
79646
-135846
157819
-101063
127528
-60994
101245
-38846
166398
58007
76677
34359
126380
-43224
173517
33155
110090
-5410
125444
4620
129942
78329
132113
101763
105516
99205
15455
111000
56054
127969
55509
139286
-74306
151152
-51682
81928
-85754
83810
-116362
73305
-12639
5559
-148779
123341
-150861
92838
-72605
67941
-110800
13142
-58487
-75302
-95447
-75057
-76022
-62262
-135536
-56288
-59144
-64761
-76095
-152086
22186
-109582
-45088
-136077
11733
-164970
35812
-146108
148043
-57779
68868
-63571
142630
-94779
132751
-46834
36879
6205
108790
25833
85182
-36858
136093
-7013
112605
28493
159778
33597
76901
55300
102985
123595
30740
38733
95424
73820
98717
136619
-45012
160737
-52142
97823
20349
119470
-80803
45985
-45429
79608
-84543
99761
-68001
86010
-133449
100946
-152509
49933
-123771
70288
-156027
-43381
-107152
-46166
-85254
-39688
-69299
-62142
-47183
-52892
-92229
-105807
-34101
-121146
-35280
-46491
-8703
-81953
8904
-124356
32137
-98995
29968
-129086
46937
-100829
54134
-137094
68464
-37021
130588
-30312
25013
-35534
77255
-53914
95883
-17598
111635
-30137
135161
108317
109705
37648
71007
76374
86484
77765
49674
93994
53417
63861
-69986
73829
-2196
50514
19115
59320
58461
-2685
16095
43272
-107871
147637
-60875
75889
-145457
83551
-91366
16601
-112697
23635
-138230
15347
-77278
-2877
-135919
-22060
-51179
3024
-82800
-35071
-97401
-34367
-46563
-28007
-78770
-111542
-44925
-33401
-328
-91382
-26882
-109644
35501
-85283
23376
-47478
83397
-107370
-17103
-40708
57001
-53924
11388
-8088
82782
-111461
113148
941
116443
1049
108810
73247
34110
23274
55007
-977
81529
108228
20100
115005
43767
90318
