#SpinCore Technologies, Inc.
#SF in MHz
#SW in Hz

[HEADER]
@CLASS=	RADIOPROCESSOR
@FIRMWARE= 3087
@SPINAPI= 20130917_x86_64
@POINTS= 1000
@SF= 0.000000
@SW= 100000.000000

[DATA]
-4396285
-5895750
11205252
-5112857
-30063
11462959
-10866339
-4181940
8122855
-8792132
5167364
10959872
-12012392
465263
4167663
-11300796
8981210
8311320
-11043571
5172138
-660156
-12185565
11568414
4072424
-7963155
9107797
-5251919
-10973083
12212223
-716245
-3907267
11754147
-9194045
-8095172
10992121
-5505573
973371
12308343
-11705774
-3695991
7886198
-9294814
5677380
10785475
-12177570
1101412
3634784
-11855767
9555493
7761993
-10809776
5891513
-1419317
-12303701
11829903
3376478
-7655863
9737868
-6074889
-10475672
12178251
-1477809
-3189023
11769889
-9624474
-7329543
10518439
-6146862
1613185
12061260
-11846180
-3108569
7227426
-9870013
6332920
10267536
-11913036
1910060
2700616
-11885100
9924041
7070509
-10193868
6468390
-2105875
-11885748
11850945
2493555
-6813577
10027158
-6603137
-10044679
11647858
-2373907
-2223009
11787149
-10077947
-6604373
9892691
-6687030
2488632
11754899
-11745477
-2075659
6309433
-10148062
6819435
9768686
-11544499
2706685
1823362
-11642060
10154009
6194147
-9526077
6838686
-2824966
-11473924
11535168
1816048
-5964784
10215857
-7138046
-9264573
11291270
-2846887
-1351437
11617070
-10193193
-5711624
9201914
-7111917
3180706
11149563
-11546616
-1446264
5569361
-10124621
7313030
8940625
-11056015
3351986
1195716
-11603575
10190109
5397126
-8797978
7328648
-3578705
-11013925
11554106
863568
-5127808
10281285
-7493026
-8587123
10795587
-3686737
-766156
11274856
-10228753
-5050699
8479041
-7608199
3814774
10507234
-11403251
-528221
4703253
-10258770
7691281
8326076
-10481110
4027066
301742
-11276460
10247787
4571928
-8043255
7603921
-4111127
-10408523
10981881
31536
-4503833
10102944
-7673933
-7865989
10192559
-4233085
50624
10990413
-10160410
-4079490
7622293
-7759691
4351366
10109674
-10792502
88917
4175006
-10191130
7884002
7487594
-9796803
4280970
-310849
-10875806
10075925
3865985
-7266893
7895451
-4535441
-9721144
10450375
-364669
-3668167
9925911
-7870133
-7014910
9722760
-4641038
659404
10455421
-9990321
-3351293
6995590
-7957681
4532620
9384280
-10393542
902233
3201059
-9896475
7901151
6858171
-9253362
4787372
-929339
-10390042
9874369
3159204
-6654009
8003458
-4782520
-9013423
10396456
-871905
-3026188
9940334
-8027594
-6414286
8889913
-4964014
1115192
10002502
-9671753
-2681286
6148481
-7994444
4997519
8769942
-9944086
1415111
2604193
-9884616
8010188
6006259
-8608880
4998567
-1261451
-9844177
9626951
2255372
-5873864
7976425
-4992284
-8479252
9708090
-1629391
-2315625
9451255
-7992216
-5670854
8254302
-5022479
1591440
9612331
-9425632
-2116299
5571963
-7879232
5096096
8186046
-9526655
1737332
2166533
-9309487
7930351
5482728
-8025674
5161970
-1858223
-9153981
9285560
1663497
-5184456
7945378
-5307054
-7886104
9221931
-1738413
-1695044
9173669
-7931771
-5105051
7760727
-5374807
2047225
9124381
-9240765
-1691579
4847284
-7924088
5297751
7421464
-9004653
2080211
1533210
-9071701
7871850
4801611
-7393985
5475566
-2182041
-8861373
8995970
1315411
-4723529
7823917
-5571331
-7258167
8735294
-2195296
-1186272
8920403
-7813867
-4447513
7084824
-5348549
2232246
8732282
-8715773
-1054151
4346933
-7706161
5423250
6903506
-8343265
2308498
869260
-8790571
7642743
4338451
-6815561
5437488
-2315044
-8283286
8624564
921824
-4089239
7607817
-5542949
-6714447
8231188
-2617533
-689483
8566912
-7660279
-3995165
6548614
-5546951
2550887
8027953
-8449724
-686501
3755140
-7344127
5578642
6246068
-8009640
2537755
629284
-8371252
7544709
3737163
-6301990
5521762
-2811870
-7837785
8299684
431817
-3539379
7323620
-5494721
-6055762
7803023
-2733940
-318315
8168575
-7534288
-3389978
6080441
-5743954
2936500
7634876
-8105755
-350456
3303205
-7465894
5538627
5888801
-7585890
2924786
293915
-8117260
7412878
3358021
-5723636
5668740
-2993031
-7398553
7973911
-48194
-3092699
7281315
-5602045
-5597553
7261715
-3021530
70801
7785536
-7312456
-2887820
5459451
-5581793
3290381
7084042
-7882367
268833
2827133
-7189949
5530955
5402370
-7111546
3128450
-333539
-7567919
7267999
2762102
-5205462
5519155
-3115701
-6774847
7427688
-311380
-2585621
7122965
-5632639
-5098422
6767738
-3285173
344409
7386897
-6886046
-2459443
4919367
-5300518
3294010
6695272
-7351949
611821
2362532
-7046091
5494331
4862729
-6586927
3409707
-605232
-7320317
6977420
2268340
-4739801
5559022
-3398791
-6414726
7122289
-708123
-2032092
6946941
-5653004
-4666446
6248684
-3335607
637973
7126719
-6961282
-1989454
4483312
-5583254
3544682
6258267
-7043584
849746
1878623
-6798096
5386216
4223020
-6153576
3415272
-945604
-6940094
6838460
1716976
-4213245
5468994
-3481557
-5951355
6836551
-990607
-1947684
6689840
-5421437
-4273675
5954792
-3372234
928478
6668564
-6605249
-1621217
4075127
-5465419
3498057
5735862
-6599068
1090516
1578290
-6445002
5478463
3921487
-5648896
3616846
-1143215
-6669136
6411222
1340001
-3796746
5564706
-3668331
-5489013
6425044
-1062149
-1415247
6332148
-5465299
-3777312
5603050
-3593104
1508197
6400742
-6460563
-1002344
3385360
-5377855
3544858
5314782
-6315833
1347911
1115201
-6331272
5403097
3436769
-5152197
3642074
-1442543
-6047812
6275577
1018966
-3342414
5496297
-3687538
-5079618
6168836
-1366940
-999793
6129891
-5231483
-3265450
4813985
-3838097
1709153
5988511
-6204967
-692216
3069637
-5279445
3641027
4939081
-5926653
1511404
770275
-6106298
5228767
2941390
-4766302
3811139
-1844577
-5761069
5894366
606094
-2964391
5149144
-3805746
-4647436
5628993
-1738465
-463564
5971909
-5290339
-2957680
4462345
-3873492
1711709
5671767
-5899245
-424926
2696898
-5064657
3794843
4451315
-5607031
1759490
443563
-5954807
5076481
2461850
-4452321
3727421
-1918722
-5474033
5739687
347605
-2317141
5194514
-3817593
-4184423
5312881
-1976341
-265940
5740995
-5201920
-2257736
4182008
-3772952
2093089
5209676
-5640824
-159245
2131798
-5218541
3902687
4105261
-5266989
2009989
129420
-5499326
5081568
2084787
-3783968
3818218
-1927896
-5035143
5532951
56764
-2093281
4942067
-3905748
-3840967
4992280
-2147254
99989
5450180
-4931875
-1893513
3695210
-3889182
2353808
4864202
-5378052
220282
1819048
-4961436
3790500
3609169
-4704564
2048961
-314768
-5212440
4828595
1750810
-3469852
3813351
-2255688
-4710341
5047513
-351777
-1738014
4719428
-3744903
-3416449
4613543
-2326910
319404
5021005
-4831151
-1409572
3226597
-3849332
2338637
4440804
-5079441
482139
1587881
-4807727
3712901
3255026
-4443034
2479950
-523247
-5032837
4718682
1359057
-3012742
3936390
-2352493
-4213711
4932282
-637353
-1382899
4742766
-3681047
-2966795
4314937
-2456008
703805
4578817
-4629249
-1191563
2964016
-3838930
2564457
4009911
-4696025
799382
1087259
-4581613
3823097
2876042
-3935864
2495016
-681310
-4645948
4654257
1071014
-2631854
3740049
-2488688
-3830822
4458303
-797987
-983249
4508161
-3685832
-2543462
3675634
-2494310
972481
4381555
-4518291
-867729
2471878
-3618568
2525171
3806627
-4399201
950751
823060
-4454964
3766072
2486935
-3518427
2666035
-941456
-4255470
4475103
875752
-2274358
3737566
-2525037
-3417986
4235306
-1014075
-812402
4230885
-3676863
-2181186
3483105
-2412385
1168656
4166319
-4391616
-610237
1991471
-3686104
2476972
3350034
-3976654
1087744
380796
-4149524
3705019
2107793
-3318688
2538979
-1090869
-3980287
3908783
373139
-1983579
3515836
-2591936
-3191025
3839285
-1155172
-372580
4144603
-3717320
-1742302
3145536
-2527003
1300242
3812996
-4061561
-324892
1685516
-3605024
2618985
3030204
-3569095
1275305
254341
-3953593
3509635
1634817
-2905056
2699366
-1348728
-3653882
3794426
218815
-1594308
3504577
-2641505
-2826098
3718322
-1326819
-197631
3779200
-3529844
-1585325
2786830
-2654404
1396357
3442571
-3679568
-80404
1524667
-3394375
2478936
2695290
-3472702
1359435
59062
-3770746
3495150
1479791
-2654056
2612257
-1510918
-3252476
3685349
-59470
-1380724
3276445
-2718703
-2482818
3239864
-1371851
59516
3726125
-3427383
-1259397
2417929
-2698156
1599775
3185291
-3689201
98322
1311414
-3324381
2647031
2407006
-3437300
1652833
-230289
-3506012
3433653
1076282
-2282039
2602507
-1472059
-3115099
3439909
-245743
-1075928
3266702
-2602817
-2079956
2970321
-1607320
376477
3546038
-3287197
-961450
2102703
-2574592
1486290
2951568
-3332748
492858
1043423
-3172020
2573649
2124733
-2910697
1645015
-512069
-3175260
3200684
704840
-1903559
2613926
-1544446
-2814808
3250694
-339019
-693221
3129853
-2662280
-1834326
2634227
-1750423
534011
3138193
-3218890
-694178
1889845
-2600528
1748079
2763198
-2995516
638176
749826
-3017041
2542667
1627756
-2571861
1683435
-696871
-2956881
3018592
546408
-1849588
2510379
-1674509
-2691587
3017357
-575048
-534509
3057975
-2594185
-1604289
2415880
-1746548
796317
2895206
-2912643
-497372
1566937
-2491972
1800279
2396913
-2862593
609037
354167
-2959382
2453316
1448686
-2343173
1708830
-776314
-2767001
2765080
343729
-1309342
2415668
-1824204
-2301637
2922579
-782550
-346751
2750474
-2530155
-1384277
2347502
-2021542
718378
2689917
-2810486
-390026
1212031
-2397628
1782573
2108216
-2585963
854962
223368
-2722711
2594836
1203737
-2063619
1893209
-1051628
-2585762
2660667
158307
-1107122
2357752
-1824241
-1945018
2620279
-901323
-163746
2669669
-2415185
-1179622
1909599
-1998251
1130010
2514341
-2745386
-100266
1115120
-2347956
1750295
1934354
-2354295
979892
-33581
-2710628
2365964
987600
-1741201
1985983
-1025754
-2386285
2595327
-19466
-988945
2459766
-1778208
-1803771
2365239
-907784
-11542
2516796
-2421277
-834345
1739021
-1812607
1120758
2432063
-2567282
128718
883418
-2273651
1746289
1498494
-2177261
1179892
-212217
-2327138
2262867
943639
-1504482
1658846
-1251953
-2141825
2459228
-158468
-664478
2210102
-1914266
-1558003
2071886
-1142659
186421
2444423
-2074667
-609169
1551507
-1865774
1083339
2002499
-2179809
154354
530247
-2223645
1792749
1470521
-1884261
1078496
-198807
-2199050
2240104
590876
-1307068
1798864
-1246958
-2019530
2301927
-338073
-442267
2201047
-1818537
-1244449
1895157
-1059213
310955
2271776
-2116254
-512650
1380977
-1887840
1065216
1849182
-2201320
445979
400791
-2073918
1749457
1089623
-1670832
1187387
-402793
-2217492
1879962
374413
-1195619
1787026
-1271619
-1633386
1939236
-438647
-395760
1984272
-1814170
-1243660
1772111
-1144094
622514
2013424
-1968458
-242838
1057958
-1638001
1247239
1576405
-2075225
343735
349733
-2023496
1707268
958373
-1501823
1266442
-485766
-1913938
1948723
79315
-990849
1607975
-1169947
-1563032
1796515
-528692
-237944
1869951
-1626214
-727846
1534390
-1213208
534042
1734296
-1916159
-182155
823301
-1607987
1286398
1340216
-1763097
521185
169699
-1922519
1525485
786229
-1345398
1236117
-585442
-1743530
1849494
101295
-800582
1662508
-1257490
-1311417
1681822
-605269
-159665
1743119
-1714677
-835299
1419903
-1226127
569974
1617549
-1802547
-14169
652540
-1585124
1208137
1267753
-1747090
566345
88259
-1844570
1665023
698154
-1194834
1298419
-538031
-1528680
1688089
-121192
-565644
1646403
-1231514
-1190887
1549810
-678871
28433
1681757
-1581237
-581252
1138723
-1132852
825115
1426805
-1537066
83753
486953
-1582811
1244711
1157342
-1500982
744278
-29427
-1610625
1466258
425258
-1015897
1093819
-686266
-1414966
1599956
-73414
-433478
1500494
-1125499
-857830
1533499
-786002
179691
1532307
-1445027
-459092
1068876
-1183292
765267
1592548
-1558770
126428
407099
-1408236
1061121
1138178
-1349080
812311
-165435
-1417750
1392691
347810
-942931
1244959
-686094
-1105153
1418475
-113446
-503121
1330193
-1062577
-959708
1169594
-761838
275877
1399701
-1484523
-304982
847074
-1056221
767594
1111403
-1269768
225256
370052
-1411982
1151862
833926
-1163663
771181
-357027
-1491427
1367559
353096
-653705
1090991
-831308
-1117540
1305837
-215318
-381311
1383334
-1172903
-814563
1273584
-826024
377173
1354424
-1270643
-291138
693386
-999338
857592
1157304
-1254455
255507
212830
-1297105
1102030
717857
-993842
758746
-382520
-1362229
1317402
84891
-566599
901493
-671564
-1000436
1210992
-273002
-232527
1373197
-1003569
-624767
1128040
-745388
310639
1324777
-1262335
-221617
666603
-1121247
783734
1022009
-1274521
320678
111542
-1118828
1083150
571400
-907256
751076
-339585
-1173426
1238579
74938
-491547
975706
-815194
-808192
1137906
-302470
165534
1062041
-1007787
-406043
829669
-640176
291219
1181055
-1027546
-98770
508227
-1040886
839425
878330
-933389
424046
72193
-1224669
1012799
449450
-782412
689905
-516663
-989027
926121
62431
-460545
1165522
-773220
-684591
1054027
-372297
912
982070
-880896
-417973
648435
-677382
480248
1032612
-1100893
-5200
447672
-966442
638321
719363
-833246
436521
-17696
-1026614
796107
478529
-635277
653812
-349420
-857379
1116038
59998
-254526
901893
-654820
-471145
876220
-393784
-98989
956876
-819129
-400899
592825
-660669
399067
792913
-910029
135299
249177
-732029
774233
592145
-757423
540307
30585
-884697
1021804
424808
-513709
724613
-472783
-908369
962204
-112223
-393369
977798
-694368
-621472
992953
-472045
205344
884646
-743217
-220166
516281
-753664
363916
658455
-815162
17105
322932
-829379
786262
575346
-630943
620857
15547
-890830
843040
334041
-589218
629511
-475422
-715088
829205
-69208
-332046
721008
-628216
-488725
632161
-361467
120344
669948
-687525
-162026
467349
-642319
426988
741656
-796309
131972
209087
-806373
581639
432871
-693096
487615
5923
-851586
513655
111229
-548097
575927
-323871
-566197
686960
-262599
-217951
727279
-561771
-385974
631191
-470139
93128
777518
-691782
-190613
601867
-544080
432522
492650
-526882
20052
147431
-767080
553479
372659
-683677
252482
-131284
-656000
657980
259301
-363730
524845
-497666
-546655
631056
-68263
-113953
695642
-506335
-351148
569214
-241462
97047
661718
-363970
-169060
317813
-575762
266250
487140
-579555
144205
289676
-644044
610743
428297
-513970
423875
-97339
-502449
577440
160047
-318586
613631
-459559
-471412
752754
-190262
-85115
439860
-672166
-459500
457511
-359161
135575
507164
-567044
-89351
272163
-406607
293394
392400
-691196
45042
100242
-539785
423564
178387
-397494
388347
-188741
-460451
627973
109417
-243751
526277
-390532
-386194
430609
-238127
-139495
408266
-323772
-254781
440474
-237658
105019
526525
-497694
-4897
182901
-428519
257229
312295
-391697
173721
35263
-393694
389484
166050
-325310
250909
-159919
-453442
414674
65934
-199028
414243
-276398
-370164
416539
-218376
17898
479704
-392677
-199047
518837
-207798
240604
520545
-399840
-193071
232660
-374846
280710
269790
-453987
126580
96054
-474404
487603
284323
-282307
428357
-173617
-376661
456983
18153
-322565
289065
-179903
-315574
364855
-57396
75788
375234
-389391
-178688
277099
-312033
17786
231460
-331125
-111331
268810
-339640
296834
211570
-290795
346542
-12768
-342392
275515
101434
-328815
147525
-258898
-409557
367485
58613
-303709
315757
26837
-340115
397331
57050
-179807
207958
-389730
-135839
217174
-199162
881
229837
-349945
31526
170813
-328369
307288
288799
-356013
47782
177107
-323956
216962
295677
-250205
220459
35054
-282366
394990
53638
-45210
280376
-179268
-310849
213466
17690
-133270
407285
-261963
-274687
328094
-28451
246234
328467
-417628
-5118
153391
-251444
108883
205853
-271915
107071
151912
-289994
338242
242763
-309033
123383
-141773
-268496
316891
177842
-43580
175661
-33806
-276025
258863
-78820
-189855
162306
-160014
-207794
24731
-74441
144010
256778
-336393
-7568
67734
-167899
6932
81275
-313967
46158
-23994
-136723
220242
85624
-286150
174840
-105170
-248249
224439
-27775
7908
-48917
-193486
-248299
180825
148300
-81332
131398
-2165
-354440
265032
-122374
-25615
248853
-274394
51839
190947
-75001
-31177
149483
-189041
82640
42565
-107825
120475
180474
-103260
981
-78139
-68250
112377
49204
-244690
153660
-49833
-243938
215017
146864
-58846
75341
-144821
-141746
127408
-11799
-207522
214917
-123484
-103942
43413
-28490
30984
260295
-179918
-106667
40141
-129653
156625
233223
-102512
56578
96756
-162945
185837
307863
-148891
161300
-105980
-247798
197961
128675
34023
134290
-803
-174678
250574
40381
17388
219243
2275
-151978
149668
-57827
-66290
108500
-132381
-100489
310877
-90232
119610
212999
-128455
-11101
111324
-205811
-17619
183188
-249593
-91375
113435
-71157
206081
36323
-241222
123605
76448
-207263
229287
-91462
-5556
197651
-144027
-146280
248739
-82079
-86488
133420
-183738
9339
271620
42975
-14767
96535
-226185
534
122575
-310200
17112
274260
-170988
104102
