#SpinCore Technologies, Inc.
#SF in MHz
#SW in Hz

[HEADER]
@CLASS=	RADIOPROCESSOR
@FIRMWARE= 3087
@SPINAPI= 20130917_x86_64
@POINTS= 900
@SF= 0.000000
@SW= 30000.000000

[DATA]
441711
-340699
701808
-280846
696333
-125712
703679
-87970
661279
75854
748698
185566
650880
398207
552193
396766
539465
555644
444182
663089
290961
777772
193199
806568
40067
875313
-51067
863613
-223105
721624
-354471
789853
-425047
652822
-665481
522940
-769208
494451
-812997
285890
-859516
199318
-852627
33595
-848095
-107972
-810540
-232553
-632454
-404381
-652629
-593387
-527884
-639074
-360662
-633728
-234110
-745998
-137004
-783676
-19103
-888800
44279
-835766
237273
-786003
393542
-757092
479965
-526603
587371
-541479
695999
-426167
783060
-204089
755235
-72743
773253
3380
720009
181433
709324
305482
634083
499666
574718
552619
487867
708807
296931
741024
203087
759215
6649
745775
-100557
770093
-179461
707733
-266994
723626
-419389
591059
-464220
505019
-547129
440325
-587621
265581
-713581
193261
-713988
59821
-619622
-153366
-623302
-270156
-608794
-324168
-529063
-482926
-477177
-513360
-304302
-572680
-161695
-618381
-86781
-637057
17315
-648707
133050
-637349
227276
-598284
373662
-546102
476658
-493266
444703
-436037
557376
-279212
527873
-165249
534442
-122739
599761
5857
571304
159608
536272
208613
555110
335100
451353
386883
343587
419823
270993
491805
169418
518777
100660
522317
46444
533905
-139197
457410
-190824
511609
-318732
478613
-374016
393725
-549001
333834
-496760
194179
-503645
122657
-530339
9779
-521246
-22717
-493911
-145489
-503593
-187437
-436361
-299188
-370651
-380013
-308599
-421973
-151442
-454774
-161130
-420514
-112233
-426798
11068
-475867
101740
-501349
141780
-405164
321712
-413278
436724
-354944
441890
-134107
435799
-143245
480393
12298
410546
42330
390264
95946
402097
192691
285794
189415
278543
299612
165707
330717
117494
387652
-33832
352807
2269
325070
-24459
350932
-133987
391847
-158507
279504
-238990
343318
-262964
262860
-224883
188848
-292982
90473
-317844
106046
-347757
10436
-310658
-28221
-325807
-83021
-291633
-155827
-263824
-135001
-239765
-225394
-258591
-210022
-146491
-271421
-123272
-320420
30396
-331063
61058
-352836
87721
-308435
163100
-295654
235248
-199426
176403
-235544
289211
-162211
213738
-114873
238203
-59638
259105
-34200
367669
69611
239177
66156
281790
95829
285310
227627
215551
204082
152628
248281
36216
343607
18268
192679
-3539
274481
-96084
262617
-67248
211286
-113614
239028
-131776
212941
-127307
111029
-152906
199214
-215894
86683
-242209
40206
-249734
-70609
-322841
-79555
-116886
-108832
-226886
-73768
-218834
-175977
-102670
-150379
-12498
-133285
-123423
-208163
-20723
-195894
-58128
-202597
15820
-191258
8358
-212497
53109
-77218
132720
-124958
85367
-161882
199254
-134587
116633
-2416
211300
3323
166218
-37130
123189
56531
120267
140369
86630
88396
54651
149981
91245
191671
57499
145604
73937
225780
-27203
138576
-34682
185350
-3470
133199
-128986
195776
-60533
163704
-37107
117032
-95454
86073
-112252
68287
-120074
55972
-79234
7096
-174935
58640
-140455
30996
-93690
-73847
-94673
18997
1395
-5755
-30934
-18549
-38761
-175161
-18835
-170565
7966
-156782
71421
-150931
24708
-170735
5085
-162101
24088
-167860
55259
-50801
121083
-68455
60580
-89179
68352
-88019
97873
-42475
150026
12247
124667
5800
50789
19631
139455
106484
21065
162911
60999
97161
40873
153824
-11620
89412
-10074
59820
-10490
119944
-95560
132098
-121305
73600
-81306
20915
-121137
55132
-87197
17411
-84948
-59368
-29102
-42746
-99881
-25761
-165603
-28901
-112869
-24688
-111476
-36774
-77722
-65586
-142776
-34214
-68085
-83347
-27958
-73642
-26170
-108095
36453
-117107
71544
-110524
43303
-44897
115297
-68380
38894
-38075
74810
-28313
7249
-54306
16575
-110872
85003
-86770
20720
15728
95767
-30067
-5573
-65139
41088
9283
45672
-17320
43027
14174
51701
12064
55558
20142
33107
55458
68662
106529
22612
68104
-68481
112045
-54309
85074
-80609
78102
-111646
24254
23121
60357
-26841
-73884
-45998
-5868
-19988
9921
-17945
-65033
-81306
-41688
-18115
-72581
-53487
-81865
7884
-33264
33928
-47333
-9442
-70479
-26294
21899
3814
-13973
83373
-19088
29140
-17192
-62573
-6708
-15069
-97174
25619
-43186
48662
-62785
-47791
-99416
32394
-3870
36092
-47739
44335
-12033
93722
48861
66066
35515
3604
625
-32351
12123
48978
31219
-57713
-79451
-3242
-3389
-65814
8210
-29093
8625
-61405
50671
26943
-17401
11729
-57658
24273
-28677
-62022
26842
-4541
-6363
-4665
10508
-16755
5849
-44805
-56715
-12405
-4834
36935
-71223
27363
-30753
48419
24672
23614
87760
35074
-16394
5321
12148
-31795
37025
18685
70394
-97041
32326
9256
2222
37943
63620
-209
67947
-16307
33646
29637
-746
-73065
72962
-17223
17497
7291
10787
-13611
2605
5063
-14147
3790
7938
-1070
-10645
19484
10785
44321
-35578
34168
-60480
10194
-20554
37943
-22375
-38655
-5967
-17541
-42440
-11759
-60635
92227
10499
20897
-7734
46669
-17243
46443
8346
68344
32884
32423
48161
60572
61002
100445
1220
52838
95445
92231
25951
24148
19126
795
4398
-12649
31099
-63124
13676
-33889
64083
-110381
76468
-18970
-47537
-114429
-18975
-36444
-2988
-93175
60773
-68238
-3213
-31739
-27706
-37396
-83408
-39938
-59180
2086
-101560
53411
-58174
-55764
7827
-25979
-27202
109426
-10112
48093
-56297
-53219
-10433
33883
-36467
-21573
-50964
-40504
-30711
79143
-36378
37179
-95014
86750
9737
69319
-17595
35683
-60711
600
52684
-6725
-44935
11080
30005
-16433
6340
-6953
30928
-16508
38445
-83950
98861
9472
45240
-101989
-20924
-34565
16299
-6755
-48582
-36870
4623
-86798
4488
-69187
33464
-12943
81661
-66117
101049
-45882
49411
-16644
-4400
-74450
-12815
-101755
-5656
-9449
-39766
-86386
-96120
-81778
-51279
-44416
-68196
-23076
-40540
13650
-81248
3228
-50590
27061
-71549
-56971
4959
71857
30916
72865
32584
-15142
15815
-19864
28842
-15225
-28128
102785
36511
31695
-2983
-4201
39923
43296
-2812
66579
5335
52737
728
71274
41130
44844
20718
24745
49670
-15064
6464
-80729
35986
17158
-375
19960
-25789
-12568
36009
-67635
-18688
-44528
34414
6676
27659
-33456
-99168
42085
30445
-34611
-9132
-46290
-50975
-13265
57104
-36073
-35720
48891
-21859
22184
-5040
-44090
2386
-79732
18768
-39878
-31232
17343
-132516
51921
-73416
89129
-5213
75667
-1083
106751
-58680
60775
-8933
106360
11639
101027
51716
96291
-12942
19335
43373
36278
-13686
81053
76283
-43518
45438
8389
95451
45681
114066
-22665
27081
21334
53665
-24654
63704
-6732
60208
-32390
60230
1777
55870
-75466
83408
16078
-5119
-35743
50513
-37959
7457
-96100
37165
-110060
66067
-115957
6171
-72782
-100650
-83962
-1770
-51977
-90122
9134
-61985
-86947
-63868
-35577
-93765
22373
-81198
-56698
-75698
13537
-70122
-25625
-102627
11503
-25989
80432
69817
142639
-17722
76278
-79635
59120
-47686
67458
18783
92530
15143
93673
93676
82590
62819
11051
38608
77008
40573
-38132
102264
-23975
41884
-28358
19283
63836
-18450
2396
15885
23695
26577
-18908
-5001
-14327
-20765
-10400
-16262
-80050
-3899
-79353
-27306
-54160
5377
7245
-36498
-59156
-18892
-54199
-5215
-32755
-30741
12213
-100122
53101
-121145
34816
-49855
83429
-48460
27775
-75032
36629
-25569
22838
-107641
17438
-100292
45278
-44400
3089
54571
56600
73265
37025
53086
-18689
15102
-3448
85595
-30452
54645
-9872
-25108
-44847
22679
-71427
6669
-4846
-8560
52469
11860
34885
-29196
28065
-42406
60387
95875
-64838
23515
33249
2635
-75943
30261
-28461
15641
-120303
42664
-20834
-19767
1077
35731
67358
52364
22598
57503
-23037
7747
93901
-2221
22059
-51736
17360
-19037
-31175
-32827
2316
-63211
82201
-134534
14370
-2839
71133
-47741
32485
81473
13252
-1718
-7389
26709
21978
-55426
-9725
-59775
74737
1745
17500
-30839
22541
963
35031
23918
-32162
-25936
-56558
-46582
9794
29059
-14173
26106
-84679
-85655
-81299
6552
18325
-15095
-23564
22454
51134
42511
75751
-42509
-35253
-4087
-20164
-13031
9335
-16957
-18079
47931
2670
29836
-23210
5003
-43785
7325
22872
-22749
-8050
-109
2638
21565
26743
-55657
-3167
9733
26825
-8779
-21756
42706
-15871
-35912
-52198
36036
-36551
58011
20685
-40519
-59964
-25097
-62243
-25031
-24049
12519
-60736
-2752
-82625
-39434
-57697
-101351
-65571
-69022
-20961
-2544
-17089
-97040
32066
-30141
-6420
6794
52920
76396
-9265
-11546
-36044
-59255
-25589
-5960
-1329
-3535
-24049
-67145
-63897
-20811
70033
-29950
18723
-8776
74921
-29576
17714
2115
31085
-8113
47107
15882
-31022
6209
16457
-4018
-42576
-87208
-37341
32277
3280
-11466
-57325
-24602
-2219
12290
47073
30930
-14091
13988
-50652
-39994
-17011
2060
-11340
-48525
10328
-38536
8309
-103422
-37632
-100151
78643
-69163
27973
24079
29262
11372
16232
-538
-16016
-50298
15431
-48427
31953
-82156
62297
-25463
28865
-94569
58228
-34888
98254
-6007
54068
-30745
83379
-6664
95888
18710
39605
-29582
16633
89537
-31614
20298
-19591
-76342
-27056
-21638
12312
-30719
78201
-35433
16957
-29757
-8274
84538
-1201
14568
-39298
28456
-31353
56781
-43921
68844
-12892
-3765
-51897
-12057
-90903
-43590
-36633
-50809
-36332
23545
-1958
-68381
-28331
-24687
-9893
6579
-84082
61125
-2454
18629
26379
37544
-34307
-28553
-28839
-68696
-38107
-2971
-89623
-55044
28073
-34849
-78045
-54313
78891
-37024
5993
-42578
86850
35689
30823
-34951
-26786
-98435
102177
-34027
6572
-2321
-15538
-15117
34617
-13488
-22007
-50496
23276
-25422
39553
-18944
21307
-65596
-29650
-50316
-14481
-10477
-35896
44166
7203
-16851
-39663
88657
33586
40886
8778
34037
17486
12831
-20663
68001
-1868
-34773
-12199
-29739
61447
-99269
79
-6826
-1565
-45475
4667
-76834
60903
-72607
-4349
-39217
52277
20416
55580
-8587
-49543
-6178
-53721
21925
-57860
-32110
-5847
-105813
82985
-2597
-57718
-58727
-29995
48076
-17070
30311
-22388
-29742
-2849
11069
-24510
-27133
-39538
12691
2206
53145
-27009
2790
34183
-15847
21802
15802
-46348
82188
23791
77225
33704
34860
24806
2772
18994
-28282
-2960
-23133
47741
21377
-64238
30768
13972
-26190
24948
428
72877
-15564
-6981
87176
-8347
-16647
-18609
-12408
-47196
-75603
75046
76859
-35106
64433
46219
2416
1389
73356
-95603
5052
7471
-43791
23369
-14208
44305
-4103
-341
48387
16205
-8361
2227
-111197
48392
-58004
5314
6833
12770
-23029
-44393
-15118
-48430
-26155
-10022
4776
93282
-13408
30633
-46016
67154
52046
11601
-310
-62423
366
-5384
-12497
-36358
11459
82542
-12894
422
20516
21611
7997
-25189
-14983
-1966
28372
-23986
-53299
-14886
71223
-3557
64991
2068
45540
-72647
9983
-70398
86979
-23193
-362
-35568
16209
-41941
21163
-90941
61554
-85623
22110
-88248
2827
-103290
-59231
-69740
-37996
-41341
-46201
-35813
-36908
-40368
-50845
-50188
-24747
42415
-78784
-15458
-11611
-23232
-52729
-9575
-78047
42889
-31180
33009
10282
-5065
60479
29086
-6639
23588
8801
1901
37352
-7423
1170
130537
83564
55682
12141
90770
55167
42788
106433
-3835
30009
7225
-18072
17314
58589
7532
77247
-9581
16714
17784
23764
-30873
49209
-57882
38523
-59194
30705
65360
37438
-4408
87682
60164
72595
-42399
69505
-33002
62739
-91664
80495
-1436
-13220
-35102
12351
-21936
24608
21064
-6837
17276
19125
-108780
-47270
-5741
9935
-7662
46996
-3331
-19988
49226
32675
33450
7145
901
-16747
-83520
-49514
44375
-78102
53272
-34458
1939
-75237
51428
68055
37609
-21264
53319
12268
61781
-47631
57935
-43688
51746
2440
58183
-51392
-3666
-3435
14281
37152
-54424
15507
-1179
17995
14685
65806
-44954
81982
33231
-42955
55798
97680
-20314
63633
-30094
68149
-118512
36024
-67788
-9360
960
-118731
-8094
-39857
-13827
-33583
70486
-34836
-40251
-21474
9701
-98415
40077
-39479
19365
-65020
122399
-8055
42942
12641
35848
-19858
-1196
-4276
1488
-31045
19869
-11386
5082
-41443
-65430
11850
65007
-100105
49984
75932
62893
9545
73565
-31530
52993
8361
1563
59774
-7740
51474
-53917
41978
-91641
2417
-21855
93324
-17799
-21726
2767
7512
-48133
-41646
-22918
35447
41547
-27393
-14175
-47117
-37204
13627
-5148
-27953
-18838
-26213
11384
23366
21893
-49321
60761
-27466
-5598
-67318
980
21786
-30679
59150
13316
-12831
2365
17392
76588
-55619
69001
-5409
-15631
24915
70563
-2584
47579
-23560
75947
-62182
22336
25132
69059
4823
14225
34827
100018
20304
51752
48701
-57777
5035
40392
10199
-7917
36604
34441
34173
-34307
7622
-86957
-6599
-40942
37186
