#SpinCore Technologies, Inc.
#SF in MHz
#SW in Hz

[HEADER]
@CLASS=	RADIOPROCESSOR
@FIRMWARE= 3087
@SPINAPI= 20130917_x86_64
@POINTS= 1000
@SF= 0.000000
@SW= 100000.000000

[DATA]
-4366431
-5833505
10968081
-4855382
-9917
11093069
-10757911
-4186816
7996697
-8536207
4860625
10708710
-11858791
414116
4095213
-11190924
8680558
7986744
-10766782
5068134
-621829
-11832895
11397321
3971540
-7993195
8972411
-5334290
-10746371
11996455
-751851
-3739930
11363251
-9011364
-7736722
10686172
-5352665
944689
12184954
-11479945
-3735995
7759900
-9269342
5620351
10639655
-11905019
1224573
3454644
-11482758
9336915
7596227
-10430177
5834538
-1191220
-12020038
11516574
3352697
-7558163
9457212
-5977691
-10499485
11962093
-1607970
-2959873
11513475
-9558089
-7106692
10371170
-6147256
1587303
11882425
-11503688
-2922450
6991547
-9577250
6203739
10150715
-11868122
1862412
2576171
-11621993
9927357
6869426
-9976863
6535854
-2115385
-11702131
11677357
2347690
-6657578
9911494
-6608914
-9774417
11451597
-2498040
-2230931
11557865
-9772284
-6453169
9783028
-6687943
2552459
11506281
-11680474
-2017036
6310724
-9971791
6960405
9494689
-11247072
2620380
1767448
-11526122
10134459
5971424
-9233080
6991890
-2871073
-11206936
11480571
1727625
-5725213
9910014
-7221941
-9160720
11112680
-3114901
-1428607
11352866
-10095529
-5675054
8988197
-7060337
3253941
11036618
-11371410
-1244919
5345018
-10166575
7210908
8739091
-10898209
3349659
1047666
-11278241
10090790
5310906
-8746172
7417259
-3486324
-10664828
11370281
803792
-4900826
10181035
-7429639
-8427473
10537540
-3729889
-608867
11227242
-10160066
-4794719
8305546
-7557432
3897636
10457900
-11097513
-372766
4468321
-10244178
7744738
8007111
-10174152
3915047
335896
-10902008
10134647
4438902
-7829047
7752335
-4111043
-10120687
10795396
14055
-4185331
10138377
-7716599
-7506143
9968829
-4222031
141847
10842405
-10018088
-3995104
7447725
-7767130
4264836
9737989
-10837630
288979
3876034
-10044428
7717923
7363642
-9702262
4426169
-564648
-10572022
9829111
3606558
-7090524
7709941
-4547267
-9555247
10513570
-551222
-3475617
9970839
-7769369
-6833050
9316094
-4592306
763175
10258382
-9872011
-3306109
6788674
-7922320
4681814
9358087
-10363856
895089
3065387
-9746923
7837180
6560702
-9042960
4797040
-919966
-10090951
9817362
2982950
-6499244
7936363
-4854379
-8830994
9939618
-1185415
-2654179
9698536
-7865038
-6212944
8683748
-5066310
1134665
10016601
-9701955
-2773942
6050717
-7905090
4995774
8439441
-9893283
1344068
2474945
-9586519
7904670
5831533
-8413420
5108395
-1561445
-9757094
9609158
2221391
-5798376
7950105
-5185847
-8221138
9563478
-1713709
-2079645
9443009
-7843780
-5474484
7972138
-5215053
1632070
9367687
-9348254
-1920945
5427310
-7952309
5268541
7929859
-9318078
1851824
1866185
-9173649
7898608
5208975
-7809220
5309061
-1850195
-9157952
9130716
1842510
-4988093
7737535
-5317665
-7648876
9115516
-1977348
-1465112
9068966
-7743154
-5003954
7477795
-5300608
2026671
8959798
-8932383
-1423824
4822184
-7832405
5384446
7353315
-8735054
2312200
1391028
-9100108
7828985
4654348
-7118132
5470614
-2239081
-8563897
8916979
1175638
-4450392
7700259
-5444180
-6989648
8463159
-2388049
-924000
8785866
-7667016
-4247857
6845823
-5441638
2500432
8319977
-8661972
-960915
4322664
-7612485
5398400
6711336
-8230588
2529239
772784
-8663543
7635892
4040792
-6524207
5452313
-2601114
-8129004
8520129
680412
-4033981
7410669
-5403443
-6391401
8023629
-2613798
-578587
8329281
-7482663
-3841869
6306573
-5565780
2653227
7923069
-8150046
-458862
3594268
-7461889
5575352
6201733
-7793899
2763740
324581
-8147437
7349743
3552137
-6003510
5474809
-2801626
-7751106
8107598
341614
-3282964
7441133
-5568381
-5989379
7522024
-2981878
-203945
8054927
-7367105
-3322760
5706101
-5663087
3151804
7410969
-7911025
-79195
3152353
-7248123
5542934
5617649
-7284860
2950213
31632
-7993162
7381368
2927176
-5432050
5648274
-3068250
-7186109
7796688
-94170
-2875433
7155645
-5434716
-5366799
7103560
-3108358
275386
7782686
-7102046
-2827227
5228961
-5573937
3178961
6905751
-7607418
434465
2674149
-6972391
5582584
5111324
-6678997
3222156
-370487
-7547272
7105276
2634754
-5022743
5534739
-3339873
-6643393
7547314
-527017
-2380427
6951204
-5508468
-4895575
6626636
-3218254
572658
7372746
-6893333
-2267408
4797674
-5579094
3305054
6539783
-7127121
711900
2122225
-7039637
5735077
4769619
-6370413
3364279
-805741
-7117540
6938840
2040724
-4479191
5648944
-3418446
-6366919
6989746
-596502
-2132415
6881166
-5599035
-4301422
6204276
-3505678
813333
6982552
-6717450
-1868972
4227108
-5414749
3515371
6017370
-6985706
968062
1613549
-6669459
5528332
4183327
-5863849
3486305
-1165769
-6777362
6597083
1822602
-3888122
5497545
-3625056
-5831736
6658376
-1048493
-1496328
6643335
-5519208
-3904556
5615635
-3529935
1173873
6591850
-6489151
-1580451
3968317
-5504002
3619188
5458080
-6526239
1138683
1318952
-6503430
5494225
3675744
-5518834
3687388
-1259645
-6501088
6425178
1193907
-3554108
5438683
-3697888
-5312863
6296420
-1521432
-1180380
6462177
-5509763
-3413322
5331304
-3750081
1501921
6257487
-6270261
-1132493
3255194
-5322249
3800878
5169662
-6061467
1516666
1206734
-6229639
5353668
3208658
-4967763
3757704
-1669749
-6034802
6035402
823079
-3089097
5415277
-3756422
-5012706
6074204
-1598537
-795221
6047885
-5436433
-2955005
4685104
-3692623
1657516
5851605
-6029262
-651770
2769842
-5320490
3904829
4793680
-5701095
1639829
676420
-6070940
5222997
2737906
-4527416
3830556
-1779208
-5694490
5805020
464749
-2597173
5381105
-3832130
-4489278
5608736
-1913129
-284384
5857024
-5146743
-2636389
4429558
-3904286
1927968
5502357
-5825634
-386487
2520129
-5250058
3931215
4172368
-5494466
1884439
274892
-5632087
5163891
2360041
-4114609
3763823
-1844670
-5174752
5529464
145534
-2288911
5237285
-3892690
-3940520
5098389
-1981848
-77186
5570567
-5130548
-2061220
3850502
-3925856
2075849
5000317
-5360843
-90521
2165479
-5095558
3907371
3754166
-5025543
2226023
-183192
-5382186
4990148
2036208
-3761894
3831188
-2189306
-4950970
5377321
-114697
-1860516
4953795
-4021746
-3459182
4802516
-2183278
351083
5281184
-4838458
-1682691
3626482
-4016091
2355462
4729787
-5127272
267552
1602375
-4919330
4060807
3381667
-4588310
2150679
-329514
-5191543
4928490
1677582
-3337774
4024813
-2348925
-4579969
5062461
-509084
-1471018
4805323
-3802481
-3363477
4416383
-2449444
610948
5010359
-4729403
-1293207
3062792
-3779047
2285173
4231768
-4872125
630901
1357251
-4763596
3889989
3112207
-4122896
2364343
-727211
-4760033
4632734
1168275
-2850779
3836911
-2408387
-4132179
4674139
-676205
-1170471
4756951
-3738882
-2763447
3973527
-2530807
753761
4570626
-4603772
-1070310
2869999
-3991057
2343244
3887445
-4697698
735724
969386
-4571165
3781844
2575232
-3698663
2607320
-946530
-4467213
4530204
829228
-2397871
3860556
-2573957
-3795764
4480624
-946916
-895302
4451272
-3587522
-2494114
3579588
-2527315
1015653
4380019
-4341126
-798091
2271286
-3767640
2609093
3398245
-4290935
1019424
694574
-4283556
3717193
2426686
-3388388
2524901
-1091665
-4200022
4205110
664049
-2085831
3585035
-2588739
-3384770
4093529
-1099425
-499144
4198942
-3621304
-1972580
3264873
-2461780
1172897
4075969
-4238952
-595556
2022609
-3810292
2690086
3313204
-3912768
1117750
391153
-4035700
3478566
1872878
-3222697
2599132
-1302986
-3857585
4006257
345492
-1799175
3797963
-2614220
-3059427
3794109
-1489082
-288397
3891659
-3583834
-1760517
2789221
-2671343
1373064
3759130
-3922795
-146231
1601173
-3548156
2697804
2825781
-3694059
1426944
-18246
-3953369
3602214
1431197
-2809768
2592679
-1168253
-3480352
3775899
138060
-1451543
3579040
-2674511
-2855526
3444737
-1340862
54618
3648773
-3578379
-1305494
2656454
-2792634
1465227
3529378
-3819239
-60487
1421698
-3365357
2704323
2525815
-3277978
1478118
-141317
-3608836
3338485
1342144
-2439158
2641810
-1606165
-3439481
3742262
-212613
-1384828
3376496
-2707438
-2234412
3212442
-1467091
339810
3474780
-3485292
-1097338
2435084
-2800215
1488203
3157810
-3507688
286418
1032713
-3352109
2651456
2313621
-3088287
1482397
-424856
-3335130
3321835
1035501
-2079711
2594405
-1675060
-3008667
3475480
-511564
-950184
3211284
-2622246
-2054668
3002127
-1616693
443434
3431337
-3207675
-942594
1870436
-2636625
1652978
2787813
-3258703
490034
742538
-3041255
2620907
1944509
-2667097
1722373
-460340
-3079667
3121438
634949
-1831348
2634918
-1655856
-2832285
3002067
-430162
-708151
2978191
-2619706
-1958007
2562530
-1702501
562909
3087670
-3088083
-602639
1720896
-2566346
1581180
2516005
-3229769
581935
566845
-3024750
2662337
1536123
-2400849
1777391
-704296
-2938059
2988994
601866
-1737324
2558950
-1712035
-2464054
2915322
-756980
-442302
3172923
-2519276
-1486534
2362523
-1692473
845799
2752211
-2932024
-397905
1538249
-2535852
1697162
2237496
-2881233
964925
323122
-2857528
2512498
1415039
-2245452
1811585
-898818
-2685450
2789373
296895
-1344431
2689712
-1763589
-2264578
2657055
-882141
-265365
2825210
-2538859
-1211154
2089207
-1810898
915039
2675855
-2718577
-141318
1131867
-2399967
1751951
1952539
-2646307
987903
161319
-2711285
2503016
1158308
-1880714
1798520
-869742
-2597378
2537506
109073
-1186832
2353392
-1775743
-1864906
2482461
-1037279
18459
2515839
-2473635
-929750
1829126
-1970859
905249
2410076
-2517452
49880
985318
-2434888
1952796
1769973
-2461121
950919
-240888
-2588805
2295538
904582
-1666066
1831360
-920605
-2290539
2491919
-97265
-870466
2375816
-1882957
-1676900
2165275
-1155529
293505
2499381
-2205384
-802055
1631360
-1807248
1020734
2230905
-2428665
307886
718855
-2316551
1874332
1575490
-2079473
1024793
-242963
-2408919
2335366
694075
-1668994
1735130
-1185210
-1986465
2296552
-259514
-544753
2264908
-1714324
-1505690
1917589
-1121685
207675
2317395
-2257249
-609318
1333880
-1814725
1000792
1876014
-2268070
201762
508489
-2176038
1788230
1283509
-1849236
1133720
-409193
-2262559
2050885
392405
-1417876
1792060
-1029604
-1757437
2094099
-385957
-495341
2059274
-1855347
-1402544
1793404
-1154011
326209
2196014
-2092809
-479953
1178952
-1678220
1144912
1843666
-2031469
505088
351048
-1979466
1777152
1121535
-1603401
1228286
-451615
-2022299
2066831
439922
-1088614
1650600
-1125610
-1750933
2113993
-583556
-269620
1897444
-1578855
-1030769
1677371
-1171427
542472
1970126
-2094597
-220228
1060172
-1575917
1239416
1392442
-1927702
696571
363344
-1992318
1667861
871767
-1389123
1187113
-659423
-1935007
1920576
64958
-753751
1763017
-1166308
-1424579
1771996
-519082
-111793
1892542
-1680791
-889781
1391263
-1226326
590716
1784756
-1957251
-174564
706778
-1650982
1331873
1532079
-1776437
735086
87891
-1999715
1632651
816486
-1372527
1208014
-656951
-1755897
1770989
149434
-693666
1700483
-1276336
-1247698
1525280
-584441
-68326
1665270
-1654256
-804720
1230895
-1120385
712494
1607302
-1906747
-73760
784981
-1633633
1160955
1196497
-1429964
753955
19658
-1671682
1542731
570038
-1235612
1270137
-737201
-1526504
1553699
-4429
-653526
1663398
-1281072
-1121894
1488799
-777756
204128
1712253
-1551393
-546697
1142744
-1128530
600613
1443040
-1591565
167104
468365
-1605331
1172446
1008560
-1443112
847656
20035
-1563839
1477287
575693
-997472
1267282
-624795
-1377788
1710751
-173162
-360384
1497678
-1265901
-873143
1404046
-784179
255065
1670850
-1394227
-487464
970417
-1160235
730598
1349663
-1439847
115170
422606
-1495155
1285835
853144
-1227012
753207
-344905
-1276614
1445753
362281
-817009
1142187
-864462
-1076122
1493257
-284532
-258128
1357628
-1169137
-924494
1166241
-737144
265870
1463586
-1345437
-387646
859187
-1207179
852875
1256413
-1428023
366478
246441
-1328194
1292377
794644
-1109068
911935
-264198
-1385564
1469214
153596
-792461
1095130
-791834
-948814
1257166
-387830
-110720
1420385
-1279676
-735672
1015882
-805865
322362
1356422
-1289621
-91613
634387
-1123438
723633
1118970
-1315905
424860
284211
-1285399
1070046
644842
-1092825
794785
-382867
-1213157
1254623
219941
-572216
1129365
-759073
-949920
1205715
-434677
-168238
1285706
-1030294
-618063
982098
-686010
436807
1156227
-1378473
-103379
582061
-1189308
772699
984999
-1048120
520295
111196
-1211175
974840
656678
-969515
807474
-322054
-1048307
1050802
-8714
-386816
976148
-818279
-869283
1140129
-443894
-54881
1139234
-993233
-580003
836174
-832092
355566
979630
-992288
49209
403541
-1108704
667402
809057
-954981
476008
96635
-1047618
942170
394542
-702008
613307
-303163
-982377
1114372
52918
-409675
1080519
-773353
-794682
913963
-284163
-86772
1019078
-821933
-181501
781130
-732097
284447
908137
-955854
-246
351090
-1054800
913258
705430
-905395
456083
-49313
-981757
925662
342915
-658714
739505
-442537
-902899
1062682
-13757
-335179
915534
-688377
-631341
746839
-513507
132166
1034031
-895562
-425035
625565
-659991
351359
817709
-1023412
-25081
256125
-756387
748231
415756
-938443
420926
-4240
-896298
1039026
383323
-484302
766442
-488976
-812883
815734
-95075
-334074
863024
-751487
-648306
913792
-566762
36965
1102062
-971326
-291362
431440
-572883
335039
770924
-841725
10038
250669
-834798
536679
443290
-768234
357998
-82976
-709484
764095
129670
-442393
716028
-366494
-721136
813483
-153277
-279459
716849
-601741
-386377
618489
-383970
14109
792516
-808296
-32355
418057
-460788
390992
635655
-998588
203457
22012
-762902
736065
397377
-553480
502494
-44641
-692326
804695
188403
-447369
637989
-546314
-719006
643905
-91238
-275136
877710
-820351
-476556
608956
-469037
246011
602319
-591648
-129013
546746
-579656
417116
638599
-644389
204628
141022
-568593
604396
403120
-532652
269159
-212783
-776145
511859
11543
-352312
584202
-361903
-545065
591446
-158697
-87929
514604
-555923
-270888
621567
-311688
44831
722686
-478822
-72480
444987
-691906
355870
491644
-494948
91881
100823
-499623
634271
383971
-483191
305453
-119016
-613490
610465
88364
-338106
570066
-332076
-371614
656728
-260671
27062
644451
-413521
-382272
503920
-244654
81434
446587
-548798
-124066
364510
-629520
392629
456690
-625303
24681
3958
-567436
604465
226119
-487603
449013
-99223
-428167
590359
-96306
-184795
524557
-303557
-500852
445230
-56070
158396
367483
-454972
-127424
425006
-268444
-5375
579435
-496080
-170311
281317
-439935
311663
332044
-532075
217679
198659
-594247
398329
376285
-297977
189539
-103673
-394666
422483
72633
-87512
380968
-295754
-327998
439858
-109679
-88280
517112
-359733
-258923
372259
-405800
127878
502381
-372912
-99846
165103
-429361
186002
348928
-353641
66029
-46903
-311116
417681
214505
-358600
303123
-252555
-216190
297636
5606
-47601
340525
-222917
-167537
352214
-118034
-77290
383278
-308956
-217821
316247
-302731
48030
310549
-346153
-89364
191236
-328252
288788
360058
-340135
225080
74553
-284737
328709
38337
-284781
294140
-146456
-401970
305137
61447
-143329
311382
-97861
-281316
317628
-71953
50323
312674
-160447
-52922
238981
-229826
66867
297068
-268986
28275
162374
-198365
124723
156901
-390054
101806
18920
-330435
303282
194937
-303844
-23060
-157084
-267185
268033
32894
-221787
271714
-123277
-167372
265253
-26147
-149826
382611
-281035
-171158
165431
-198681
-134928
378442
-220597
-108685
140706
-276852
336819
161955
-324383
127283
44259
-250857
251193
73471
-285863
109181
-32799
-218422
347059
-18307
-279183
248216
-134716
-314281
253977
-135470
-87507
196330
-215692
17478
245656
-104371
37239
263539
-212590
-42848
92764
-36158
60338
393822
-111995
3695
40308
-269397
201230
322194
-126117
99741
18513
-87260
259599
99126
-147030
233647
-210033
-146836
262825
125008
-50412
148962
-129282
-177855
190660
-131897
-13049
333247
-150383
-241767
50304
-101758
-138232
201441
-202913
123438
25359
-205215
79752
107292
-278661
25845
52444
-230297
300230
203366
-203629
87202
-17851
-125604
52360
-57637
-213063
128447
-85203
-232503
227906
-160430
-101104
257866
-124559
-97339
115759
-139318
41330
162423
-319720
64915
157986
-360728
-56176
75880
-88125
112
212941
-88125
155576
135579
-289652
52687
-47940
19832
108880
46680
-131802
129168
-113462
-262332
173480
-92906
-141192
101271
-70483
-63868
155175
-52752
106845
185000
-287455
-222825
74639
-181534
158306
336824
-168615
-28498
2727
-206583
227663
207657
-89155
95269
80429
-332501
182141
125938
27829
36930
96780
-71920
314732
62011
-166658
221796
-154543
-228944
132785
62753
79996
179207
-258469
-144828
199921
-60416
-1269
171089
-441532
-93540
229991
-268090
175263
239794
-213226
128221
