#SpinCore Technologies, Inc.
#SF in MHz
#SW in Hz

[HEADER]
@CLASS=	RADIOPROCESSOR
@FIRMWARE= 3087
@SPINAPI= 20130917_x86_64
@POINTS= 900
@SF= 0.000000
@SW= 30000.000000

[DATA]
8769139
-6741292
11630057
-6324004
12808192
-4179468
13358188
-1877550
13543475
447150
13251847
2951943
12541863
5157327
11415652
7132433
9989819
9172349
8221737
10670884
6199322
11850972
3966953
12746529
1669048
13141556
-663440
13234650
-2896490
12811538
-5041246
12089266
-7051295
10937264
-8741024
9533899
-10308524
7803906
-11442934
5729955
-12150194
3665900
-12493197
1507730
-12541605
-701367
-12123277
-2864493
-11425531
-4945918
-10208566
-6818111
-8796494
-8448278
-7114150
-9802184
-5275878
-10814624
-3222192
-11500656
-1146799
-11778703
898873
-11688600
2916900
-11297391
4864547
-10533509
6601623
-9328880
8062333
-8013658
9243619
-6353737
10174399
-4593943
10705902
-2675791
10869719
-785816
10796458
1247729
10287893
3014349
9561073
4787669
8437936
6350298
7030828
7675647
5622959
8717233
3897631
9580841
2087164
9916480
300756
10043950
-1494353
9916483
-3250902
9334337
-4815562
8498012
-6110007
7544306
-7314048
6202764
-8232012
4778651
-8892457
3118430
-9209207
1514417
-9199762
-149970
-9020092
-1810223
-8417725
-3365205
-7527841
-4799676
-6502136
-5917485
-5295312
-7049720
-3975366
-7821953
-2505863
-8352965
-893411
-8554852
598527
-8430198
2095617
-8140006
3479610
-7599293
4736044
-6811623
5826105
-5834028
6693337
-4520901
7374000
-3269001
7733149
-1872817
7926563
-532908
7726690
952030
7384346
2331403
6796893
3507081
5980581
4713812
5027761
5550622
3876348
6360533
2644079
6863651
1419625
7204176
116726
7258019
-1130588
7122761
-2356033
6667925
-3569422
6092919
-4483860
5292476
-5306526
4442590
-5925179
3260845
-6376022
2166419
-6631000
997883
-6556612
-209182
-6436573
-1351683
-6062996
-2449518
-5391501
-3498657
-4643046
-4320082
-3759521
-4968810
-2801472
-5555005
-1741846
-5915886
-677777
-5966678
448222
-5990036
1512245
-5737474
2347949
-5375594
3359299
-4782966
4036839
-4046255
4707627
-3276808
5126175
-2319585
5361716
-1351300
5468263
-405421
5501558
550655
5111772
1473209
4821837
2404740
4193056
3195146
3587421
3833893
2812483
4349001
1981465
4635826
1096711
4866881
250389
4962516
-704639
4847072
-1587117
4574112
-2213699
4233874
-2967200
3792001
-3549837
3087992
-3910455
2396362
-4298142
1661609
-4512327
800793
-4446498
87294
-4305707
-699045
-4159242
-1552482
-3712711
-2202611
-3280998
-2706145
-2633398
-3245001
-2070375
-3622878
-1350729
-3881753
-684489
-4033514
107769
-3991931
744166
-3890021
1495464
-3687828
2094350
-3333147
2555002
-2920534
2956354
-2475003
3360819
-1816854
3527326
-1094497
3636192
-517033
3643691
210106
3515810
737861
3270130
1310288
2863479
1863978
2523061
2329106
2051276
2695092
1552406
2946827
988468
3199172
332799
3253011
-221335
3257337
-772912
3038212
-1284167
2915046
-1739550
2595591
-2087350
2234470
-2430564
1776994
-2691147
1273300
-2879767
811141
-2789220
335773
-2905526
-242172
-2699719
-708670
-2592619
-1190359
-2274381
-1618339
-1944592
-1903577
-1549417
-2195518
-1150464
-2384119
-653551
-2535489
-219338
-2539804
211082
-2454426
666650
-2489877
1076215
-2236385
1419338
-1958749
1692851
-1742546
2023801
-1361952
2141482
-958462
2290960
-617285
2282743
-219094
2213259
212828
2071548
694350
1992942
953710
1745845
1341011
1452386
1539500
1155279
1770563
786529
1925397
474962
1926886
105740
1955881
-310516
2008081
-536996
1801045
-886684
1682222
-1110502
1531569
-1374512
1239294
-1551523
914499
-1662649
706392
-1727609
389060
-1833356
96748
-1727163
-283031
-1574026
-537606
-1563249
-867397
-1233390
-1075155
-1044231
-1278780
-850428
-1354056
-610798
-1482917
-289796
-1544471
-50028
-1578679
273249
-1545183
486990
-1419035
707767
-1238627
983945
-1110946
1073875
-887597
1235268
-674230
1341991
-455337
1366493
-187199
1366177
91090
1239915
238869
1198603
514551
987410
735725
854051
782535
750174
987621
548203
1055233
318942
1103430
105215
1170802
-31620
1108589
-290808
1136434
-451854
1034900
-649634
861880
-814500
841437
-925059
561605
-977471
417839
-1006379
241719
-984326
19360
-922488
-146975
-885669
-260829
-800801
-365263
-683105
-580168
-650162
-574847
-530712
-782027
-252512
-838122
-213274
-868237
-11774
-838166
91424
-770456
281503
-744081
367237
-740443
549371
-637227
519711
-506457
679883
-354544
741126
-242505
659166
-92377
776263
12851
674579
262356
552466
262510
568456
275066
479167
407898
357103
497423
284904
523321
158060
612144
-64772
568866
-88168
500402
-217426
550704
-276320
376724
-327764
361663
-354828
373887
-411909
275256
-400838
101523
-410715
122362
-450799
-57139
-338658
-144896
-437684
-205956
-364732
-296248
-232555
-258919
-231086
-344504
-67240
-330034
-15783
-348555
4656
-329883
90591
-246154
101785
-269283
144403
-318307
314600
-176521
140529
-110003
208356
-96011
250153
-17310
240708
-4412
294576
20402
246477
88320
145051
179778
93215
155878
165007
152828
26093
222516
3759
285124
-80356
261480
-76619
207251
-134339
130026
-210028
100469
-135813
22459
-171170
46699
-202140
-49477
-107400
-70591
-100938
-102753
-147104
-121634
-112376
-224614
56744
-136203
-108680
-199437
63320
-92432
110495
-167491
102935
-243962
129872
-50303
127753
-95886
207664
-55225
207914
-63201
189729
24930
175874
33302
188570
186765
182712
208788
156686
196531
129735
257233
29288
248859
32477
222649
4305
234449
-114421
221220
-152499
216269
-218154
153207
-268616
176467
-234845
125117
-312290
18729
-284071
-9548
-330047
-36738
-299028
-141951
-256924
-204096
-261059
-226242
-153472
-187721
-74330
-294885
-87691
-287587
-49851
-368684
139648
-344479
43563
-305392
100920
-250460
246820
-292859
286611
-221879
261522
-210312
403337
-99988
256750
-19827
344973
-45401
439191
87123
313587
157058
371740
205619
244832
283213
299644
403222
67612
425718
93622
384337
3721
440311
-104071
487029
-145037
390257
-92375
389927
-248231
376618
-356345
327030
-399090
230769
-414199
192610
-460588
120607
-452039
24445
-510526
-46448
-418236
-103608
-426067
-239929
-404142
-322918
-284306
-352679
-246481
-392451
-86902
-453939
-60742
-480886
35635
-503445
67335
-471064
192880
-423105
252155
-444720
331685
-317976
389103
-300070
491888
-203520
440545
-141889
527115
-27875
489073
41560
447768
96567
504676
268707
406886
346618
363100
365198
247336
495446
245836
498795
122148
527956
8892
505512
-76057
569204
-133620
508508
-229347
481860
-288105
437423
-417761
260726
-393880
225691
-526231
213250
-556714
170500
-517826
27994
-449807
-44513
-443826
-215557
-418149
-291028
-342496
-370524
-289336
-319007
-392324
-492462
-94989
-491115
-105217
-447813
-3968
-557687
115230
-526068
197910
-464993
295257
-443004
341596
-433834
444009
-346864
465116
-281900
510990
-156383
516968
-127538
633876
30950
530688
101814
479706
224632
424921
251499
431266
379085
300130
438923
278112
441727
163491
572069
90921
543361
-74701
586623
-124742
494906
-194221
517159
-304441
497377
-415878
338133
-466196
440511
-534614
255069
-532527
99347
-594662
52267
-585199
-19974
-555087
-228203
-513843
-238239
-432668
-390966
-347581
-408853
-291201
-411968
-181991
-563316
-158634
-524792
47666
-599011
103474
-496282
189316
-545477
281155
-478843
337333
-387717
437336
-395816
439444
-252214
539166
-194840
558182
-140116
549801
-34095
571059
161343
496739
202651
552349
251340
440873
411698
343415
401132
337814
540905
113286
585007
117803
471056
-30640
549623
-107115
519372
-215426
493585
-286853
451149
-336407
391408
-395862
355571
-450941
220117
-483094
194449
-500759
87130
-600251
-14741
-536044
-108941
-535413
-200707
-464306
-241465
-356505
-451633
-240934
-397168
-242973
-477359
-132433
-478108
-38185
-518326
14025
-537448
110205
-512354
223513
-362515
281063
-379011
311701
-349405
410116
-203530
478549
-166916
539576
-95614
475228
46543
441176
52059
493500
92891
433562
247865
404834
258250
311762
341759
267698
405067
139694
470728
109760
466881
10061
495060
-79807
498688
-189282
450759
-276416
377474
-343395
368074
-286921
301816
-426763
277316
-435004
172946
-454422
-8848
-514660
-107517
-422376
-89196
-445562
-180337
-318139
-292208
-283408
-264724
-277832
-371729
-136410
-419344
-145723
-380969
-94381
-400878
30541
-448136
156943
-367917
186965
-360004
273509
-291373
269396
-304025
362775
-172270
366796
-135607
366586
-140994
451923
19644
428982
-11488
333323
148514
301851
136216
353657
240375
163777
269629
145810
298031
78362
353390
58411
325548
-14329
390271
-53272
346581
-76330
383111
-215994
281187
-300888
261547
-289747
181396
-280647
176455
-323708
52130
-292123
71854
-299740
-21930
-282962
-109447
-296439
-112249
-302405
-197012
-207343
-272134
-229878
-294640
-97357
-294177
-70998
-234049
-29880
-266661
28504
-279232
91804
-230554
116452
-302670
193321
-256111
237475
-99773
232530
-196754
287709
-48357
223687
27405
309701
-6730
349832
63881
176799
52732
245036
189849
138801
202586
147077
110111
61552
221715
131568
247402
-7118
273060
2813
207496
-85783
188489
-103203
222974
-143775
192942
-161343
169673
-198278
127196
-152344
36212
-164760
87649
-234375
-55673
-163018
-85406
-181950
-77488
-208418
-49191
-120293
-181588
-103757
-170492
-63767
-157229
-31741
-198679
12906
-241163
38890
-82263
63602
-190728
69949
-154875
53700
-92625
148042
-119546
127599
-49170
167272
55671
141357
-37039
150780
53909
101382
62924
82056
32776
113544
89601
9448
113216
61984
59328
63499
176362
-23843
51309
-20498
79314
17487
132991
-123504
129431
-40409
29028
-136273
81020
-130797
12592
-22132
39180
-132326
-224
18655
6856
-73499
-4322
-83206
-71586
-36047
-113048
26182
10844
-44767
-16407
-11981
-50534
-53586
-32804
-8959
-153669
47376
-64520
63770
-48054
29246
-15423
-32887
-37656
143655
-43670
90539
-11332
109784
-41424
75775
95660
48390
48158
15087
20820
27377
43343
-18838
116730
-28026
109243
7858
34195
-27641
169125
-34196
28969
-70735
69196
-100690
43981
-56572
8042
-107318
39191
-38821
-22760
-52747
4840
-51020
39072
-55391
-89602
32144
-53461
-66013
-116845
8587
-113513
65470
-5216
-31671
-46596
104337
-83636
8540
3446
38059
-26933
162060
-55770
89139
16017
16300
-26894
160284
26194
38667
56494
106188
5258
61462
76622
31335
75727
-1382
155592
28167
32529
12463
115803
-18692
124022
-119981
8804
41248
66964
-63878
87439
-60898
14240
-147787
24225
-196962
16310
-63750
-29325
-119967
-4407
-153450
-35938
-96832
-88266
-79539
-67508
-9175
-85203
-23186
-178210
17296
-111644
-79057
-114162
-36312
-119569
30870
-129966
57856
-146592
156201
-105250
121139
-43235
79398
-75869
56046
-1884
109196
-21001
86354
11611
40147
51077
177382
83592
74012
75518
90457
80547
58555
209506
65170
5514
49804
103981
14606
178393
-377
82710
24283
94651
-74654
175285
-80193
125027
-94272
113341
-87498
99645
-146667
29716
-165564
48320
-109944
-30499
-187086
-9486
-208707
-77306
-122643
-15945
-75536
-157185
-75416
-30753
-104272
-159181
-66142
-158694
-33220
-166517
-13238
-230235
14248
-151790
3000
-182163
88027
-133131
106608
-127778
78171
-101162
113601
-100944
84439
830
202662
-128217
152431
26226
190189
-10018
126008
43963
173957
54765
65956
72346
166392
76555
115915
156938
66710
214153
-18418
142937
29429
170365
72411
155054
-131548
172448
-72813
92033
-47563
191456
-155854
74507
-179567
80561
-140751
4104
-156230
34356
-193078
-29036
-136434
-42354
-164626
-28456
-152288
-64060
-93817
-110337
-73679
-152357
-43795
-120161
-76400
-99201
-52899
-140304
-17512
-136457
52761
-157528
74689
-142166
88547
-120658
85597
-139287
149522
-78331
126877
-46512
137477
-65501
225037
18479
116903
29111
176713
-9152
177440
84242
132647
53167
90335
134289
81430
163365
34919
160516
13267
106970
38574
212180
-45037
158387
-88862
186773
-54353
149385
-72296
101451
-110109
137092
-135540
76423
-95658
93911
-153652
96990
-111139
39466
-147034
17497
-111091
-133683
-135795
-40457
-154224
-72189
-86613
-71331
-83000
-103103
-169424
-137117
-24027
-121374
26975
-111566
-6770
-192164
27721
-106949
-13900
-144131
88018
-127490
52798
-129500
69901
-53793
92842
-74659
107497
-33977
120941
-76977
182109
4791
169018
104661
182847
-21676
161265
64312
108485
114128
132007
52273
42588
79552
88942
84833
85547
163862
-12506
160449
-20075
101184
-7480
139256
-84086
118386
-68994
99304
-141035
66271
-55396
40392
-135505
80172
-116518
36878
-151119
28267
-106776
-56432
-101202
1497
-115168
-73420
-82801
-110831
-97487
-99585
-69910
-99259
-90418
-100115
18663
-119738
-22126
-101791
7514
-79627
75614
-151272
48666
-121432
55223
-31959
67948
-111093
124336
-91871
88457
-73267
131618
12814
108505
-39507
176334
-4465
86125
95646
209902
110497
39570
38876
99724
85783
62676
124571
25427
15817
43472
96179
-43987
126880
20610
71163
-47375
138309
-31590
72971
-12135
32718
-49620
79486
-65972
48516
-63836
59539
-52680
20707
-144715
42783
-73028
-34649
-177886
42165
-106948
-101231
-18460
-38849
-144169
-13869
-32460
-116965
-72639
-24785
-18095
-82294
430
-125967
46249
-112419
-18747
-46686
32300
-48442
-43253
-117004
92976
-110048
87919
-19662
72285
-164011
72406
-40871
57280
-8108
88094
28605
68347
15723
117316
128866
-3619
57399
-18597
-2933
56738
97866
74820
64848
13724
52803
3635
86183
-29717
52183
-32387
118477
-51668
96013
-20881
74131
6901
37339
-4217
51900
-93041
77996
-59458
58788
-46471
14472
-75505
47941
-104575
4667
-123021
-33319
2718
-77088
-44995
21150
-70327
-50347
-32206
-61985
-35833
-18009
31104
-56300
41602
-99843
-42310
-60694
36976
-76408
49125
-56685
4326
-93411
65757
-72863
4891
-40514
-6073
-68378
61540
-122328
134388
-8686
49277
15966
146072
28334
63467
67859
