#SpinCore Technologies, Inc.
#SF in MHz
#SW in Hz

[HEADER]
@CLASS=	RADIOPROCESSOR
@FIRMWARE= 3087
@SPINAPI= 20130917_x86_64
@POINTS= 1000
@SF= 0.000000
@SW= 100000.000000

[DATA]
-4729847
-6150406
11627536
-5341045
-37669
11987724
-11493452
-4397151
8557800
-9062752
5248564
11426282
-12563531
394635
4459104
-11886009
9416710
8598109
-11677296
5494788
-540077
-12893557
12018164
4201830
-8507343
9525666
-5602793
-11510827
12815145
-753627
-4046827
12125742
-9625870
-8368826
11470362
-5897282
945300
12882296
-12057828
-3812682
8313916
-9804450
5910751
11485167
-12752941
1259772
3866376
-12271050
9908509
8127092
-11260320
6111007
-1434118
-12707801
12261142
3508950
-7820758
9981216
-6304091
-11193625
12787954
-1685631
-3310598
12343080
-10215186
-7799614
10963817
-6548995
1781067
12649259
-12197285
-3106722
7707786
-10267176
6652783
10816650
-12585280
1961764
2817628
-12429160
10368777
7376520
-10570601
6720041
-2217478
-12347645
12300086
2700141
-7240855
10407174
-6809861
-10550272
12428384
-2466569
-2380701
12325517
-10440933
-6991905
10245919
-7075950
2570192
12164895
-12230259
-2300092
6712006
-10512810
7024004
10101040
-12214991
2681802
2019727
-12295476
10530501
6460557
-10055474
7232899
-2924984
-11959244
12191992
1858000
-6411418
10573635
-7368452
-9852300
12003580
-3030395
-1526260
12179022
-10483038
-5998928
9577225
-7541870
3121184
11687788
-12038852
-1444343
6008884
-10586493
7594305
9526736
-11444217
3412029
1211459
-12116389
10518542
5675964
-9361256
7624646
-3605048
-11523005
12140983
1057019
-5364107
10661945
-7788526
-9046239
11312282
-3688235
-752264
11919506
-10634799
-5341797
9007248
-7876368
3914111
11241311
-11849702
-550930
5012660
-10649001
7993554
8754500
-11027463
4033469
565381
-11761030
10795587
4672515
-8446236
8042906
-4118145
-10863248
11537828
315338
-4531134
10749531
-7966108
-8242836
10942991
-4354946
-6093
11447123
-10587869
-4499375
8176566
-7954841
4318152
10592269
-11366083
67122
4238605
-10458814
8120474
8050723
-10409519
4404735
-242755
-11162416
10537093
4095856
-7679441
8126436
-4573431
-10328912
11294295
-396370
-3856897
10485885
-8329559
-7610020
10046312
-4742226
580818
10954458
-10399773
-3672116
7417565
-7919705
4835916
9888196
-10897769
529021
3479683
-10209912
8071523
7246893
-9639760
4923265
-770171
-10867972
10198809
3228211
-6928382
8283069
-4916876
-9414163
10735582
-891165
-3101594
10265969
-8209863
-6635740
9416097
-5128434
1013749
10418188
-10146519
-2956271
6740368
-8131051
5207275
9355438
-10356624
1086957
2869559
-10015673
8363958
6380727
-9146618
5045848
-1486455
-10259042
10103176
2706947
-6341060
8272187
-5126152
-8823757
10179167
-1323957
-2609870
9887386
-8139061
-6222092
8787237
-5326408
1620178
10102155
-9820427
-2463535
6050629
-8168871
5330434
8707042
-9866905
1564736
2175388
-9716721
8161959
5837834
-8400414
5363407
-1811151
-9700875
9766743
2128575
-5645561
8162998
-5487952
-8377633
9695374
-1852128
-1960569
9702336
-8022796
-5494815
8136747
-5405840
2025263
9610294
-9586373
-1929941
5406242
-8054392
5525171
7970022
-9456106
1975340
1646566
-9478726
8071002
5153833
-7688935
5569774
-2154430
-9245743
9276529
1671491
-4997848
7947295
-5638290
-7692779
9109443
-2157737
-1406028
9332167
-8184220
-4801682
7592432
-5574143
2384868
8984540
-9297786
-1215432
4590540
-7953509
5640422
7275280
-8811905
2289202
1325699
-9045511
7968932
4565630
-7350700
5567141
-2408994
-8766223
9132143
954224
-4458935
7996327
-5724907
-6945181
8677076
-2485266
-1009670
9090637
-7770047
-4413579
6963856
-5538034
2671216
8617323
-8910873
-863963
4016059
-7769091
5652144
6862025
-8330656
2625603
793992
-8635477
7660401
4041658
-6827775
5648899
-2762076
-8314974
8687631
608691
-3769388
7747097
-5503714
-6519872
7986176
-2715515
-592915
8457164
-7766953
-3755304
6330946
-5584728
2850658
8140708
-8476983
-474558
3658926
-7758786
5676367
6300047
-7870722
2999814
304203
-8434221
7738082
3575864
-6253352
5838007
-2742864
-7787349
8303148
8076
-3273453
7565964
-5586287
-5826413
7634535
-2895423
-166861
8204263
-7573461
-3202788
5762445
-5704417
3024171
7540491
-8033670
-94841
3142820
-7445587
5669745
5819458
-7483333
2980021
71714
-7935586
7620361
3000472
-5757100
5474335
-3060117
-7266166
7915306
-147562
-2940175
7432913
-5710446
-5387715
7182578
-3267543
358261
7844134
-7269224
-2847394
5409283
-5627096
3105146
7131615
-7801049
297240
2737948
-7254072
5690144
5329325
-6958530
3123125
-474511
-7803092
7262497
2565275
-5074231
5763940
-3313277
-6723652
7644159
-331464
-2563544
7131892
-5596227
-4863112
6739459
-3160079
562648
7527515
-7105343
-2267582
4811115
-5759456
3619688
6646257
-7401159
733084
2261418
-7104462
5545387
4921969
-6547570
3428564
-694372
-7298277
6804677
2132872
-4661399
5629360
-3471981
-6386855
7220552
-803917
-1935936
6990288
-5570649
-4391849
6182518
-3561276
1017658
7094105
-6863978
-2010797
4575291
-5554070
3459397
6062280
-6964731
809056
1705907
-6747508
5560029
4288417
-6062313
3536629
-921651
-6969405
6788388
1560320
-4213615
5575326
-3638019
-5913064
6747880
-1104366
-1602871
6817385
-5609548
-3905808
5668143
-3510377
1054858
6810075
-6548727
-1488188
3792247
-5535826
3612651
5650649
-6547689
1123006
1510135
-6595209
5510886
3708438
-5548201
3738137
-1201035
-6585156
6682109
1258095
-3564488
5486493
-3706850
-5377240
6366170
-1326290
-1281292
6399676
-5667628
-3629558
5449122
-3709033
1543189
6323363
-6382831
-1052377
3385157
-5472727
3724133
5044081
-6240933
1456225
1137668
-6269985
5421150
3373451
-5100092
3749222
-1469941
-6247890
6225515
909032
-3305604
5399094
-3776966
-5013414
6023050
-1466012
-848650
6235632
-5280953
-2987554
4880619
-3634771
1473117
5929248
-6206129
-856319
3028348
-5384185
3699414
4762716
-5888569
1665275
695235
-6027107
5344381
2917155
-4610729
3924632
-1655553
-5660672
5887044
619785
-2800206
5277818
-3771909
-4636622
5600319
-1908233
-469194
5897329
-5224884
-2667252
4454683
-3772476
1848774
5608157
-5724179
-389830
2568478
-5215850
3746801
4416446
-5448433
1966712
281362
-5918623
5118991
2355694
-4259877
3804035
-2023598
-5293806
5698571
118663
-2498593
5167021
-3860038
-4208937
5181180
-2102588
-186049
5776511
-5069888
-2078870
4025681
-3873015
2100240
5232700
-5523635
-121297
2235555
-5036929
3928641
3996699
-5150332
2055624
87592
-5375332
5107478
2124319
-3772362
3799699
-2144233
-4866396
5398988
-35494
-1890401
4925326
-3894853
-3708503
4833913
-2066867
234911
5352537
-4981073
-1767966
3536247
-3897042
2295377
4797284
-5158121
261054
1817191
-4895603
3941116
3646755
-4680366
2307280
-223189
-5222416
4742925
1626885
-3310904
3825147
-2366727
-4569836
4938006
-304302
-1685187
4864137
-3814984
-3290519
4404842
-2308299
302113
5097589
-4832341
-1513238
3090879
-3846091
2288300
4262453
-4874763
594488
1493412
-4641303
3716212
3066805
-4321507
2392817
-491215
-4788770
4706625
1325523
-2951964
3794052
-2377396
-4255853
4801728
-378150
-1269584
4552425
-3792746
-2926456
4184002
-2248891
661032
4735145
-4648285
-1256418
2771364
-3803414
2326536
3900913
-4626344
687985
1045239
-4473586
3719167
2871808
-3939274
2449098
-758176
-4545204
4410934
1006914
-2590851
3650557
-2394701
-3832438
4308706
-782820
-1020278
4452450
-3758306
-2497015
3648226
-2573124
872898
4403017
-4245126
-828953
2418376
-3794254
2413197
3515778
-4286057
817259
819812
-4225778
3704822
2429212
-3536284
2369098
-990913
-4243194
4256936
832855
-2258596
3639445
-2519631
-3524600
4256233
-1105931
-640419
4197352
-3592822
-2277168
3312476
-2442345
1029543
3936729
-4051920
-553223
2080349
-3537856
2461459
3255295
-3912983
961658
464534
-4061663
3592188
2068326
-3228077
2379152
-1088602
-3938820
4182050
425092
-1913099
3592745
-2535535
-3020854
3724479
-1085452
-417161
3918847
-3510455
-1927307
3118585
-2455418
1078794
3702863
-3950221
-309869
1690216
-3476656
2574184
2954805
-3611941
1221559
157718
-3695158
3437692
1747221
-2893496
2433455
-1289673
-3716070
3955803
290483
-1594601
3505832
-2684119
-2725169
3517771
-1235715
-200585
3741429
-3405787
-1635739
2685248
-2392605
1385402
3383584
-3800686
-123525
1404993
-3387205
2722099
2650371
-3379538
1511045
37619
-3586473
3272495
1334948
-2456856
2603752
-1299715
-3343810
3580844
19450
-1367269
3393196
-2570065
-2371122
3138384
-1412736
78121
3423606
-3341944
-1322819
2400822
-2526831
1315355
3258459
-3458778
152293
1195465
-3206828
2666577
2264751
-3071484
1434700
-158790
-3405248
3312563
1013949
-2060681
2505893
-1476137
-3086061
3343090
-81576
-1114661
3302832
-2639353
-1998758
2952067
-1495518
363559
3410273
-3281821
-1122332
2217111
-2527564
1593502
2816379
-3350901
302634
939471
-3330308
2486208
1945246
-2874651
1529649
-378346
-3261981
3211783
903098
-1869043
2649110
-1594201
-2842475
3132537
-512456
-727639
2979691
-2438669
-1734006
2714148
-1512683
522212
3130806
-3036586
-644329
1833726
-2531885
1584438
2550338
-2910742
563134
623628
-2984915
2438345
1698514
-2471908
1730967
-436810
-3031047
3031926
528511
-1538116
2624051
-1764829
-2530641
3001028
-524840
-464791
3029486
-2429452
-1700988
2408165
-1778371
573082
2869273
-2872388
-506356
1487542
-2577410
1677306
2286202
-2749468
686026
475349
-2824646
2589758
1686593
-2260180
1543132
-705823
-2676615
2892177
366935
-1529758
2526480
-1637205
-2304420
2831947
-715620
-320270
2813970
-2478876
-1367820
2217522
-1752201
668170
2598034
-2676209
-358750
1261811
-2358140
1709841
2086349
-2663554
890962
216130
-2612253
2401056
1179007
-2107999
1755638
-891557
-2529586
2654966
274910
-1140686
2315833
-1750513
-1869765
2392884
-790697
-181126
2502819
-2316408
-1162373
1970401
-1728420
937818
2427072
-2491390
-153244
1195779
-2357635
1625425
1844422
-2291609
896550
117763
-2393679
2216599
1065695
-1853927
1635195
-821512
-2315984
2402179
184321
-1110164
2413061
-1793811
-1579791
2149059
-899324
117482
2398700
-2173517
-860433
1595833
-1755602
800913
2166592
-2282616
-84198
784997
-2271685
1655320
1656693
-2123853
868581
-142639
-2317641
2178492
888148
-1646248
1778578
-914469
-2165136
2253556
42493
-821435
2259455
-1746965
-1476413
2145977
-1016884
290721
2347267
-2195127
-733535
1569485
-1758885
1042021
2071751
-2281710
186660
729360
-2092239
1571269
1457581
-1959589
1045419
-186632
-2165960
2128327
733963
-1397227
1788175
-1033682
-1844399
2203615
-170824
-604817
2035482
-1670673
-1317221
2066046
-1045481
342954
2020643
-2067331
-441884
1402140
-1857072
1105085
1800832
-2042154
142040
528102
-2038968
1550044
1208149
-1981448
1057828
-317164
-2116447
2000155
563924
-1141062
1729500
-1177561
-1789197
2032032
-326039
-351238
1901989
-1661553
-1148773
1760442
-985864
349845
2033422
-1980123
-383203
1038742
-1536534
1033852
1662752
-1953153
428230
309608
-1790263
1597389
1072500
-1616397
1113918
-421045
-1805480
1992215
365961
-978361
1556466
-1002688
-1511025
1785712
-471383
-257289
1917561
-1566756
-991106
1547193
-1035210
371113
1801185
-1782597
-227277
879442
-1605900
1081958
1348664
-1725676
360772
336600
-1786155
1605891
934110
-1380980
1028475
-554612
-1626783
1809208
174778
-771329
1523701
-1186558
-1323112
1653027
-496531
-159544
1835244
-1579826
-976352
1338918
-1080922
459363
1571290
-1744110
-233097
810406
-1551849
1158945
1408370
-1653011
388027
-34629
-1710844
1545493
654972
-1215501
1206023
-572808
-1467046
1707410
-96999
-786122
1567927
-970638
-1221462
1570646
-510904
52818
1613950
-1583796
-642637
1108816
-1253277
623992
1466787
-1648116
-115682
696160
-1430615
1032034
1131639
-1428020
636273
109653
-1709770
1340660
691475
-1125229
1196855
-678327
-1377459
1633244
45200
-513316
1394502
-1157206
-1056853
1341709
-612069
2145
1490175
-1531861
-664678
1053611
-1049390
707792
1301715
-1332295
-27969
537772
-1285995
877727
947581
-1225149
449979
-90173
-1414662
1456913
541814
-1012713
1186690
-808068
-1299388
1432402
-68496
-414061
1381940
-1098379
-1017768
1252988
-517937
90918
1321433
-1344256
-420413
923506
-861192
608907
1191244
-1315420
-6910
336806
-1269128
989226
755807
-1255534
702212
-106847
-1369747
1201249
395359
-768024
1117911
-668481
-1011468
1271973
-115789
-330529
1300790
-1099881
-810937
1146840
-614586
266773
1373928
-1302278
-297493
920880
-959496
632375
1167049
-1230025
213288
277262
-1240100
1094416
601985
-1091190
655559
-238501
-1046489
1194409
255514
-620907
1061404
-606874
-980119
1227213
-329494
-291164
1220451
-1088655
-569651
933368
-651668
287681
1095710
-1144070
-298301
656291
-1046878
610550
1117119
-1143312
323595
112398
-1234023
975806
579249
-807930
737753
-310866
-1156957
1107112
254429
-582813
954135
-679340
-991332
1189843
-408974
-81910
1113139
-980728
-552269
890383
-659957
347833
970274
-1038960
-100276
552286
-1089755
547648
963649
-914297
289035
120572
-1102872
985370
421111
-787136
611111
-201858
-1093544
1030152
-5584
-571211
996530
-594026
-805546
996290
-216668
-116254
1036968
-829338
-629323
713077
-675390
435854
957333
-856001
-292944
368441
-811709
601925
709400
-800503
447424
42917
-883386
890814
302266
-647031
702061
-178944
-897908
810179
123998
-401544
813045
-554002
-741283
955179
-220886
-44181
836192
-740238
-413987
716142
-697216
93379
918544
-729658
-149303
242098
-743209
639622
731583
-933626
350063
35275
-829613
733417
270374
-581901
591387
-289988
-689037
861736
297762
-334218
879980
-613249
-649823
962821
-314768
11120
776110
-691988
-392221
526218
-529759
167141
804405
-913832
-14776
381249
-834897
508105
556832
-706691
314076
-66033
-741339
670676
369696
-499373
590643
-288407
-544901
611301
-27351
-284095
703808
-444150
-526664
604630
-202782
66267
822928
-668176
-236230
419526
-650004
263730
591890
-701750
-14889
261740
-680279
506319
538548
-624655
311774
60248
-656156
670047
194426
-464646
609663
-363954
-500679
636636
-103247
-174757
591864
-562900
-388340
686399
-288041
168768
688273
-625116
-315594
389891
-516812
145818
574088
-585874
13452
164997
-557781
542972
444558
-482807
244320
-106549
-552536
619208
79385
-332897
378497
-351713
-585561
662356
-84063
-220941
645670
-497450
-399577
579626
-282195
8901
523611
-594837
-236498
365497
-362207
178580
520055
-681358
225573
310109
-634976
379661
288563
-503391
244134
66559
-667911
686112
133289
-346493
314351
-328195
-417085
496416
5161
-109658
473506
-456996
-284027
605413
-264659
179571
682934
-590367
-23788
439534
-456125
305960
355725
-540645
62652
158919
-472155
428913
408059
-475276
191266
-162336
-508868
243086
31323
-374989
369798
-206362
-435476
465867
-60063
-146821
347888
-349308
-401585
378198
-235419
-5843
293246
-570103
81099
180980
-392768
265781
390605
-448473
69156
105211
-523334
245689
294994
-463057
185490
-72710
-518404
344567
251339
-225819
282983
-129619
-377134
379800
-114531
-299602
316494
-297572
-305589
390389
-256630
-63556
371155
-334748
-180719
388538
-324477
211324
468835
-259759
-151177
251028
-360923
255579
277262
-364990
189569
42886
-278808
210693
1768
-298698
311646
-82584
-215685
360668
-29549
-166947
403008
-269967
-210729
257526
69959
104324
438698
-447980
-233049
280382
-201654
196978
260850
-391427
22688
306259
-259632
266756
169375
-275006
184200
97384
-305815
229228
129283
-336794
339862
-115702
-217313
398845
5785
7190
263865
-215723
-229048
284969
-92969
43451
323332
-231799
-138196
201441
34849
82580
324647
-277712
92323
276424
-286786
222532
305817
-339075
53180
75636
-304712
145863
53869
-275868
230897
-136491
-151442
144966
12439
-227933
219748
-165138
-230737
240831
-46095
-53141
245569
-173473
-52366
292603
-117884
119132
338688
-299831
-67921
114158
-181000
4108
167248
-326208
58531
221409
-261803
164886
198128
-254432
-19274
-59524
-133274
216521
121324
-164966
194852
-34466
-150322
171512
-142268
-85147
233211
-143917
-183286
196090
-47426
38639
272648
-254306
-178910
121120
-208201
202097
273056
-173135
167180
154140
-229224
284022
140825
-157862
-109938
-17612
-235593
225788
219248
-155127
239793
-93155
-249011
196819
-34398
-47529
60788
-159343
-118996
231817
-130399
56657
252834
-186565
-18276
199677
-63350
42953
68371
-213440
53039
65335
-40019
169296
122290
-167379
-17499
34949
-191271
236400
215080
-218853
99569
-103567
-83277
234166
38469
-117446
158859
-111244
-188066
50277
-23721
-92374
143198
-87003
-75681
322560
-37660
92890
175001
-314522
-132768
133032
-22453
73601
208900
-290119
10755
33751
-194078
130964
126395
-343758
131801
-25743
-244847
146395
7767
-143793
218720
-98249
-105049
198145
4428
-187317
170983
-70391
-220208
168829
-129745
-1542
235484
-161696
-60202
107962
-213134
63872
227860
-200775
-3056
