#SpinCore Technologies, Inc.
#SF in MHz
#SW in Hz

[HEADER]
@CLASS=	RADIOPROCESSOR
@FIRMWARE= 3087
@SPINAPI= 20130917_x86_64
@POINTS= 900
@SF= 0.000000
@SW= 30000.000000

[DATA]
8830367
-6765875
11613160
-6277964
12696315
-4166852
13366932
-1818783
13502670
608462
13172653
2874311
12494512
5230359
11339367
7293654
9914901
9140918
8142425
10631034
6094604
11874984
3912557
12738741
1712231
13146175
-691361
13185693
-2941807
12783127
-5107801
12074073
-7100565
10861528
-8844560
9407153
-10337571
7673484
-11437938
5667406
-12222704
3619430
-12543253
1432641
-12506822
-842306
-12039346
-2946135
-11297030
-4903849
-10227559
-6925059
-8728713
-8487929
-7094763
-9805612
-5243188
-10792257
-3188419
-11507852
-1106007
-11690978
939489
-11682552
3051047
-11240428
4892497
-10421870
6545651
-9300947
8115262
-7965415
9264656
-6285697
10219255
-4539741
10687112
-2637963
10916638
-702146
10762810
1250362
10325716
3083252
9536430
4827446
8411877
6360949
7010865
7760831
5507334
8767753
3883794
9520074
2046392
9985191
207480
10057705
-1542942
9893793
-3296330
9326053
-4788674
8603036
-6231385
7443515
-7309185
6174955
-8313375
4727183
-8851778
3033155
-9252957
1497455
-9305115
-218076
-8952467
-1963743
-8437991
-3395944
-7595978
-4882146
-6374866
-5969834
-5359982
-7064681
-3940764
-7800066
-2385469
-8300025
-927956
-8549247
630641
-8481581
2169312
-8181896
3544534
-7550986
4786878
-6772304
5844471
-5813786
6772898
-4572227
7297371
-3266490
7789874
-1907960
7926462
-449678
7834327
942410
7432211
2269586
6783918
3551908
6022615
4619013
5115850
5541410
3870203
6390118
2653408
6844040
1416923
7217731
40678
7287894
-1167314
7049924
-2357962
6721980
-3534694
6101223
-4466437
5271018
-5359493
4408589
-5944251
3334669
-6390586
2205552
-6595113
1017600
-6579156
-167765
-6400307
-1296209
-6056385
-2365942
-5373940
-3411405
-4659893
-4284727
-3881122
-5016097
-2822207
-5586021
-1800908
-5866729
-671387
-5981758
439606
-6056493
1516382
-5737806
2438525
-5451202
3314627
-4850687
4007388
-4109084
4721491
-3235112
5160768
-2356253
5393103
-1367765
5526937
-334746
5468636
491769
5219955
1565072
4803035
2363352
4264240
3191575
3545602
3703589
2833357
4362172
1969495
4695959
1172642
4912492
256374
5051877
-723558
4866654
-1483361
4617325
-2304925
4301372
-2904606
3796220
-3534757
3102580
-3937994
2457228
-4314587
1694262
-4457235
819597
-4443402
69460
-4393108
-671138
-4165923
-1530866
-3760775
-2180324
-3280196
-2770981
-2706471
-3259742
-2061610
-3650614
-1420146
-3872065
-704105
-3991444
79989
-4044158
813988
-3868301
1371509
-3727816
1998415
-3331441
2517938
-2830741
3013684
-2334020
3248412
-1811473
3573034
-1188079
3665336
-489905
3596653
103827
3503849
684483
3229181
1284612
2961358
1838420
2545733
2327389
2090044
2666420
1547854
2962187
979382
3099738
428486
3266562
-107745
3203613
-650308
3127748
-1325526
2979694
-1655921
2499758
-2055508
2240574
-2470226
1802921
-2633397
1280357
-2829272
857592
-2914220
385616
-2886098
-215663
-2795850
-632770
-2580508
-1218786
-2322353
-1510258
-2044382
-1909843
-1526602
-2249070
-1131681
-2350204
-745487
-2506157
-292543
-2524555
126388
-2564257
624688
-2435396
925094
-2172840
1343384
-2072878
1668079
-1710102
1934793
-1363882
2107523
-1017448
2136211
-589099
2221475
-248102
2255457
99623
2149642
566336
2022717
930879
1742776
1250294
1482259
1582946
1147687
1765115
904559
1882755
468552
2030960
154193
2037968
-289394
1993484
-568736
1890123
-812495
1777339
-1153547
1544213
-1432352
1226720
-1557060
1013339
-1653365
738658
-1756312
432633
-1810662
80899
-1683712
-188571
-1703470
-502168
-1490817
-858482
-1359430
-980928
-1078021
-1186526
-806140
-1435643
-575283
-1533839
-304094
-1453679
-65919
-1585239
306340
-1513343
536265
-1331161
641681
-1311145
933120
-1191843
1067436
-839938
1185528
-724149
1317898
-455989
1329156
-123333
1258991
9413
1271409
219132
1236756
475994
1030883
673376
926719
854018
737256
960210
615004
1093933
366394
1212366
136197
1146338
7517
1146013
-295099
1118342
-430960
1014925
-622972
909422
-774137
742360
-851971
598217
-961201
466108
-1062153
154605
-948470
20754
-1005446
-50846
-981790
-243691
-789624
-445841
-726082
-553821
-607346
-643583
-515163
-771568
-249187
-734230
-190811
-801740
50077
-750541
103335
-777826
296263
-764986
369710
-700175
574594
-642397
586071
-464648
668591
-371278
650162
-268867
640458
-110747
690411
46329
599025
154777
621880
236308
529728
361499
453927
445304
301713
470786
299282
567617
118809
637953
-14999
499392
-38174
540490
-96891
538652
-256782
412655
-246228
384197
-330534
408593
-440098
193347
-419541
108656
-493502
53207
-512971
-61409
-361578
-140170
-378107
-73379
-321815
-281198
-235356
-275915
-256418
-371767
-196270
-337148
-57673
-309781
15411
-355990
111205
-379508
93573
-277673
154556
-280483
236725
-179953
222181
-152899
284400
-85389
336950
9505
282007
-13999
212122
111844
206781
73395
150230
143853
184731
203189
71886
229755
97718
219488
41334
143223
-39039
203076
-84735
192611
-197108
139569
-173946
142130
-173957
107544
-193382
12851
-223498
-68995
-111626
-45902
-114354
-116592
-185072
-201561
-16095
-145747
-26193
-181613
-40361
-159198
46993
-202250
36365
-197639
-5144
-125079
187779
-130151
158825
-88706
158323
-153346
261371
-86214
196765
121804
123566
82714
238865
41040
177612
112743
33430
200334
88142
174177
27561
220899
29559
142043
-51031
313716
-70460
259019
-183342
203418
-194994
178321
-238144
190555
-276285
121545
-206313
21740
-272509
46160
-299958
-20668
-260423
-144424
-223781
-87688
-237250
-236969
-210851
-250180
-84651
-279137
-81997
-268639
-58091
-367965
89381
-347460
78290
-378122
157773
-328450
174786
-321574
295552
-178312
307436
-239029
456328
-154526
377698
-116970
373257
-623
365876
83606
378090
120247
332835
228724
243371
269052
248211
270140
202892
297452
91177
296672
44714
414539
-7336
484673
-145019
480026
-194982
404072
-278338
362887
-306777
330456
-394983
228530
-446474
137404
-426726
128286
-442863
-4524
-444063
-121774
-473630
-106227
-390620
-221116
-346834
-294221
-323782
-351188
-205056
-442610
-169100
-484522
-76988
-504578
23933
-473632
151700
-520916
184179
-418127
256984
-387658
314590
-352287
346910
-263074
432940
-237784
461429
-207369
526986
-60568
462621
34310
486825
92763
448439
205030
432572
311763
319835
373283
280503
410330
146160
439890
152693
517756
-1778
535707
-79544
476787
-153326
457539
-222469
516717
-302647
447614
-458282
355190
-345241
306087
-562952
202801
-463780
111571
-475608
69108
-610918
-110356
-514655
-208453
-495490
-259437
-402353
-315776
-364984
-348636
-330086
-480529
-122982
-529340
-125692
-423423
43144
-542322
154101
-582673
229648
-507527
325516
-444856
403932
-429030
445970
-372318
541085
-246270
451279
-132502
501235
-49825
591979
-15332
622002
149825
535088
227757
440085
364097
392503
329316
300517
453971
232812
493431
104693
568625
66847
463259
-16804
541716
-198140
605756
-226453
465752
-292116
429012
-385745
419871
-499965
324169
-474911
171119
-537381
127647
-599920
77667
-539630
-94285
-526121
-149663
-523735
-291073
-408047
-320239
-381960
-375021
-316326
-486920
-201878
-469109
-145895
-571783
-1856
-576263
52181
-537668
137703
-489777
270380
-460886
402868
-442838
445491
-377486
468622
-265186
483383
-105680
551100
-105947
586072
4453
448123
148214
493737
149316
469213
354598
322926
375576
376052
381883
301843
562047
176504
511678
61137
514801
-43794
516592
-103563
473522
-165918
510347
-257534
439187
-309010
412619
-505198
371384
-463711
236567
-464303
168426
-551674
96
-606212
-81892
-485953
-139594
-496825
-199944
-437836
-255714
-370519
-397989
-312635
-412858
-232810
-462556
-115781
-521250
-41858
-447830
128030
-544634
109077
-446574
154224
-458161
405084
-453282
382513
-308510
479704
-246984
460761
-176655
467318
-58977
498720
2782
481279
128859
510475
123903
452079
254187
317125
377538
261316
347239
246892
394535
96335
458067
92396
479150
27997
423822
-184504
451065
-144783
438050
-204133
392696
-249363
391795
-429899
234530
-425061
197747
-443009
121872
-454175
39849
-561945
7174
-454949
-120996
-417518
-144294
-330513
-197237
-258623
-297597
-315288
-328655
-237967
-458682
-88283
-456700
-64
-400408
1466
-423045
219586
-411063
161257
-397985
297948
-296649
292200
-245384
355832
-247252
390470
-160444
393307
-9848
366165
-49469
437870
101689
292461
123990
358444
214059
249142
245040
259793
270404
219015
303421
138022
311202
100819
396268
-72773
335042
-71799
260245
-104256
408532
-227105
314753
-243981
221198
-271812
183296
-340765
179008
-347268
110472
-324421
13273
-347239
4910
-286955
-101861
-319129
-140902
-282565
-264950
-220958
-239538
-209540
-311907
-118936
-321859
-55309
-292433
-3111
-284486
51652
-329753
136246
-297827
257573
-218256
202784
-153107
252589
-193353
290469
-48770
161238
-20021
329239
-24769
257311
60871
186438
72939
252365
103862
237833
109572
106916
205174
158760
194343
106209
232926
48312
265058
-40602
285940
26510
190980
-72810
234121
-156063
205899
-134797
220091
-224228
128033
-148139
68052
-245216
91239
-205264
26512
-184049
13233
-237667
-50028
-158738
-108824
-167953
-83919
-223384
-105687
-73950
-149609
-86507
-149861
-24415
-177354
-4760
-145667
15502
-164699
53446
-174766
127638
-154879
58662
-105902
125052
-100316
134668
-48023
136217
-77274
89630
-23628
132210
-50837
155768
10639
103780
28380
137124
28017
121373
42669
58873
100026
32298
150825
26869
147495
-8008
169000
-48716
130587
-44828
74753
-102795
80942
-94080
126110
-79377
82619
-108089
20244
-51003
26840
-59925
57692
-74753
57130
-88299
6700
-7573
-89378
-53255
-30788
-104680
-40115
-22056
-16185
-16041
-112948
77492
-74924
28231
-87671
-18080
-62297
115040
-58879
-46601
70018
63000
-41123
44883
-671
27759
5957
51996
71900
67638
-23259
83009
72330
39376
63256
-35979
127851
-57204
99976
-52282
54270
-106605
15659
-49772
14716
-91781
40121
-113961
27020
-103671
-98441
-97549
-18413
-99615
-17595
-88058
-80413
-68105
-95864
-8109
-56612
14483
-79827
61213
-132177
69754
-40552
9808
-25789
-11519
-70554
7909
-28693
61231
-34532
74740
-24075
115524
-41713
80320
-4368
68992
-36359
86492
-2035
90501
43874
94444
17877
58082
110272
13156
64072
-22492
13625
2649
61924
-17832
108870
-79707
40842
-22314
53586
-32237
137461
-130404
14959
-18994
80714
-138523
111352
-200032
-56764
-75843
51685
-163854
30829
-132577
-39905
-35622
-70258
-118948
10235
-177478
-110784
-9990
-121543
-102742
-66928
-30758
-179522
38930
-127412
-16895
-96006
95869
-141029
82282
-134172
32502
-75002
79979
-80724
159650
-8054
141966
-98569
154178
72471
138225
-51975
182999
80003
161639
53850
96712
56635
14488
68203
100658
124960
37030
103702
-4040
155207
-32413
97703
-27845
110370
-11807
80814
-115309
74697
-73703
122358
-138867
37623
-107631
34619
-167480
54840
-143891
-27005
-178173
-2750
-165388
-44826
-123620
-25649
-139315
-111185
-39105
-94246
-124676
-103113
-66446
-204852
-25996
-134916
-72716
-166199
32428
-121396
49456
-94134
67438
-194193
121373
-90500
178018
-71215
54116
-113219
133271
-4540
101629
-19065
263025
-56462
212750
85626
81222
20562
136320
-9995
187713
153579
90019
174558
109326
75863
171432
165606
60564
209968
26106
124626
-48954
97307
-66719
150249
-66824
95162
-110647
90305
-133932
121408
-109722
88675
-132915
69770
-134177
110440
-177454
18871
-131152
-46178
-146215
-61247
-126564
-76507
-147244
-106962
-20205
-73856
-133588
-80565
-92359
-133232
-21133
-92762
-23252
-86338
16371
-167080
20919
-162700
135331
-105311
95706
-66565
145638
-82537
174101
-65659
135310
-44997
119092
-25872
159018
-14483
148290
-9757
75113
95002
140393
65899
95064
135003
140777
150732
116179
62378
45050
198289
20868
149130
11870
159000
-105560
132539
-59892
146087
-72023
190352
-89729
102051
-91186
94817
-112893
57517
-39199
24591
-205519
48391
-129149
8261
-105247
-15509
-105880
27522
-138478
-31429
-103377
-109212
-84573
-120406
-22144
-157684
-29919
-85800
-55902
-116386
-51280
-143261
16602
-139058
86173
-122324
29298
-126272
99593
-167606
106416
-17261
92291
-50721
126936
3458
122552
-2494
98528
7213
158802
65528
107261
45454
70248
64953
79514
94278
55099
165256
43678
95320
33741
159208
26517
119032
39523
120959
-3409
161051
-70802
103343
-43330
100573
-95708
99514
-144110
70376
-119597
22921
-137146
37195
-60722
-20194
-140292
16283
-139644
-102141
-63582
-16836
-161865
-60412
-49084
-82140
-131705
-9080
-59862
-103021
-18881
-197917
20912
-171326
22526
-86035
24081
-132763
112542
-93668
-2811
-47861
122124
-115330
146772
-131101
52154
-42341
125553
-55219
115515
-54044
66858
74547
93862
-52847
113763
79278
27160
56082
173756
28956
11506
47863
77425
88572
23636
83804
71296
90147
10493
93297
-60365
165739
-24474
141673
-1661
56073
-45240
102948
-88104
55253
-52072
37030
-29179
85233
-70631
4207
-120806
-5127
-104982
21458
-105661
-16826
-184098
-63394
-46821
-70908
-95286
-41962
-34211
-43386
-36920
-39863
-11566
-99685
-28641
-50069
31001
-65531
-60028
-60442
70566
-131159
28830
-19293
93284
24635
50519
-81618
100595
35422
117093
-53988
17824
-112575
188452
-30209
24936
64783
61873
32118
133001
28725
102798
128167
36450
-7824
127156
44490
51016
13067
31646
94809
5120
133702
6056
95816
34938
58049
-27960
104369
-69712
66115
-89345
42406
-36861
77234
-155736
58619
-106580
40338
-51563
25962
-113559
58765
-70555
11497
-177160
12926
-24768
-28697
-125229
-24513
-51725
-37577
-39024
-48559
-63373
-39647
-28530
-69107
26409
-74023
-46214
-120278
65128
-62815
-4603
-63276
125115
-95340
114085
10534
5661
26420
67707
-60147
94730
101551
83522
-29073
108935
17493
21183
-13557
