#SpinCore Technologies, Inc.
#SF in MHz
#SW in Hz

[HEADER]
@CLASS=	RADIOPROCESSOR
@FIRMWARE= 3087
@SPINAPI= 20130917_x86_64
@POINTS= 1000
@SF= 0.000000
@SW= 100000.000000

[DATA]
-3859710
-5286745
9790941
-4340900
-57468
9967850
-9834735
-3782259
7251038
-7787901
4247458
9672578
-10748093
366777
3606788
-10235238
7980325
7211961
-9741623
4597665
-506041
-10737997
10159830
3590557
-7280526
7994047
-4693985
-9646135
10779111
-584819
-3384301
10166527
-8145277
-7188589
9618798
-4915034
1008226
11027848
-10401808
-3443209
7081703
-8250391
5036192
9647814
-10911672
826764
3213984
-10243370
8357650
6909457
-9646490
5181051
-1154599
-10822711
10396648
2947809
-6637242
8508694
-5231422
-9454682
10707469
-1261627
-2961090
10472177
-8571636
-6580622
9426333
-5423366
1444819
10710699
-10372905
-2510085
6381760
-8730412
5621272
9179084
-10518067
1641022
2392116
-10475515
8804968
6230756
-9063596
5765949
-1822276
-10524429
10476379
2249965
-6116917
8838369
-5826673
-8885783
10397178
-2025119
-2052144
10493308
-8865173
-5838233
8918918
-5964308
2239627
10470104
-10382549
-1859801
5701037
-8837064
6113086
8643731
-10404559
2301761
1805232
-10433066
9021339
5471706
-8468586
6179310
-2410342
-10214621
10213809
1585082
-5256297
9010256
-6222199
-8408009
10124625
-2639439
-1439362
10275445
-8988450
-5066491
8281723
-6180650
2733689
9813380
-10227582
-1311976
5089687
-8989491
6374872
8025425
-9775457
2812343
1057472
-10137477
9096507
4784461
-7895044
6505836
-2960867
-9808080
10076292
921862
-4747792
8976220
-6485379
-7705383
9659422
-3103628
-740453
10024967
-9019903
-4506244
7525567
-6687371
3300219
9597185
-10009498
-570331
4300748
-9126331
6680560
7360603
-9238477
3555677
384480
-9889349
8812920
4133865
-7158778
6690984
-3507478
-9418404
9883346
274689
-3811032
8917804
-6952225
-6894208
9049291
-3645438
-233313
9742981
-9028090
-3801321
6906202
-6756178
3530020
9020320
-9716957
-15778
3617034
-8815540
6836162
6676184
-8805685
3730102
-153930
-9384192
8930771
3428026
-6480391
6864298
-3777448
-8752094
9554796
-206900
-3185040
8945680
-6890635
-6291733
8506330
-3930207
395397
9343093
-8761686
-3142863
6345436
-6845678
4082133
8430287
-9251836
528298
2941373
-8771402
6855355
6053052
-8319405
4134834
-758758
-9207506
8730837
2847710
-5794651
6989224
-4051804
-7994629
9002675
-853119
-2806177
8688190
-6910080
-5704420
8051077
-4233569
836281
8900331
-8696543
-2542387
5717149
-6901767
4283128
7839270
-8905775
1082199
2491654
-8614956
7001174
5446509
-7713081
4459344
-1153609
-8606594
8445432
2279087
-5351918
6901222
-4408651
-7500715
8657086
-1132975
-2060756
8498078
-6909234
-5080585
7407058
-4471958
1346307
8632667
-8445365
-2167063
5228819
-6807359
4473410
7200995
-8463959
1329126
1926260
-8246262
7017786
4991129
-6967201
4465516
-1520649
-8359938
8267074
1751444
-4701565
7136715
-4626013
-7044826
8208609
-1507028
-1666637
8162494
-6790270
-4674187
6846203
-4569514
1650783
8254872
-8187911
-1627012
4554948
-6985496
4631446
6764863
-7963132
1668806
1493372
-7930612
6792930
4484612
-6669163
4710033
-1901910
-7807188
8032704
1217955
-4231614
6761320
-4594402
-6510581
7669615
-1809539
-1143609
7794878
-6851621
-4220198
6359228
-4804692
2044035
7649684
-7591221
-1240172
4080768
-6776041
4716237
6224090
-7609787
2032196
1043508
-7670013
6670735
3901481
-6136604
4648496
-2107542
-7396797
7633482
921737
-3812636
6693394
-4730990
-6064256
7295938
-2043030
-799229
7640812
-6621958
-3625402
5911669
-4742429
2118644
7025293
-7470040
-693065
3485760
-6661623
4727583
5796174
-7093422
2126504
682128
-7546896
6542594
3356294
-5650405
4807799
-2286084
-7023455
7198232
638240
-3242739
6466429
-4694451
-5652574
6957436
-2326531
-557082
7385540
-6605666
-3217880
5419788
-4993045
2487482
6925866
-7219976
-404106
3109255
-6452629
4840142
5315147
-6745775
2410773
248188
-7155410
6415818
3050292
-5069578
4726065
-2404457
-6724180
7073338
227114
-2826295
6372317
-4817551
-5019005
6533789
-2360862
-271338
7016248
-6396519
-2816800
5020757
-4830300
2541897
6408833
-6859921
11795
2601963
-6322381
4833723
4721599
-6249577
2628747
-17007
-6823135
6285781
2589364
-4837127
4711519
-2623119
-6124800
6668410
-93083
-2499740
6285761
-4757953
-4651067
6164428
-2702661
9108
6551806
-6157839
-2493682
4706989
-4626094
2687976
6033774
-6651906
273257
2327617
-6220576
4643104
4406263
-5855180
2715275
-321398
-6615237
6088558
2099229
-4329422
4909395
-2751639
-5831692
6465488
-339750
-2144215
6048653
-4697582
-4293263
5765349
-2875905
472694
6275069
-6129407
-1970862
4125247
-4757662
2768992
5548461
-6302244
462335
1904348
-5987396
4759850
3927745
-5643632
2868747
-544585
-6147551
5832068
1695544
-3790770
4778079
-2833924
-5468880
6069626
-668174
-1713031
5861253
-4865454
-3922469
5246519
-3003840
691669
6070365
-5741129
-1611831
3680911
-4695368
2870432
5280935
-5911134
669324
1515058
-5825481
4611705
3661131
-5049906
2850902
-916146
-5909379
5617322
1522342
-3495921
4638874
-2960040
-5059975
5857837
-918614
-1496794
5685927
-4790345
-3381411
4894737
-3034119
999403
5718499
-5725884
-1385640
3507434
-4747221
3063190
4837495
-5678832
959889
1309236
-5548452
4692695
3319616
-4845376
3172241
-947010
-5638984
5510826
1148838
-3208035
4800497
-3121904
-4704854
5528408
-1029083
-1148165
5533198
-4597339
-3151953
4475927
-3118468
1146952
5397584
-5477366
-1035004
2873873
-4512354
3014286
4525407
-5339249
1235046
909382
-5399027
4720824
2841042
-4315755
3271398
-1210435
-5268680
5275928
685126
-2653021
4517326
-3074029
-4312613
5054584
-1280951
-888387
5321162
-4602617
-2835208
4237154
-3229699
1276731
5054315
-5172927
-784947
2494776
-4508538
3297369
4221417
-5138070
1527443
663411
-5051000
4600476
2451822
-3950591
3138117
-1342909
-4919585
5123831
416282
-2372542
4532052
-3171694
-3831209
4881193
-1542656
-458331
4963608
-4406026
-2289213
3807996
-3259203
1464194
4790169
-4896660
-282597
2290375
-4518497
3331294
3845374
-4565639
1613416
326091
-4973516
4308687
2180169
-3615809
3158378
-1691353
-4708901
4740016
247658
-2109802
4507429
-3338208
-3480513
4354046
-1577991
-104491
4767359
-4219012
-1902457
3414744
-3239299
1636272
4434110
-4635465
-116031
1879453
-4188715
3307471
3408334
-4383266
1694934
4861
-4601345
4121918
1816035
-3351221
3130713
-1814086
-4148626
4553472
43978
-1770793
4154191
-3216117
-3135082
4037909
-1729578
108949
4464128
-4115312
-1492743
3076771
-3305407
1739581
4091256
-4534238
99862
1540075
-4042214
3311105
3103720
-4090367
1915696
-161337
-4464342
4082358
1401970
-2869781
3276250
-1989060
-3853682
4313329
-252763
-1360720
4111544
-3156582
-2751821
3816513
-1901477
398038
4310360
-3946104
-1164586
2713456
-3100417
1941325
3695553
-4266628
537902
1185712
-3963632
3303236
2565769
-3732042
1971049
-413142
-4197000
3977108
1216019
-2591255
3272851
-1971612
-3727521
3989918
-553482
-1047914
3951724
-3204933
-2441839
3586039
-1928111
574061
3880441
-3937618
-1113126
2367917
-3287928
1992691
3311495
-4042173
430264
969032
-3762125
3306522
2412789
-3330870
1932552
-747818
-3779935
3858118
897774
-2284605
3126611
-2016500
-3329089
3865833
-584027
-767224
3713386
-3121454
-2160346
3179369
-1995038
734064
3690440
-3788382
-770381
2027654
-3156276
2080542
3071180
-3587955
850949
682035
-3617208
2896404
2063580
-3036610
2090373
-896757
-3592027
3693916
597379
-2020776
2998548
-2057873
-2949235
3507128
-876765
-651339
3620068
-2989220
-1780696
2839269
-2302946
865574
3511146
-3606767
-499110
1807017
-3034158
2084733
2844464
-3309908
1015453
494579
-3456564
3022693
1689863
-2891989
2113721
-747828
-3218256
3331455
414586
-1675197
2936672
-2024726
-2740327
3123134
-957011
-437320
3550933
-2916896
-1561997
2697804
-1988816
929759
3263634
-3319765
-332502
1546863
-3013793
2171058
2571350
-3171363
942688
254703
-3119388
2946663
1466033
-2486772
2163651
-1089750
-3136504
3175040
130406
-1392381
2917222
-2064068
-2514251
3071314
-1123246
-158706
3229627
-2807043
-1347427
2299549
-2192400
1123854
3051534
-3177822
-89628
1175472
-2839603
2241961
2321672
-2969191
1195913
1386
-3057058
2663637
1072828
-2083538
2049341
-1237522
-3005015
3099910
-36521
-1120653
2829652
-2201242
-2030549
2587322
-1240949
649
2922057
-2858151
-1066007
2105435
-2166352
1137419
2888249
-3057516
153591
1005019
-2642310
2268695
2073279
-2748818
1248879
-173151
-3105217
2809619
971521
-1737562
2199164
-1178317
-2611240
2781907
-225617
-827150
2796258
-2150229
-1882338
2566063
-1198014
217579
2816718
-2798168
-754988
1894995
-1992538
1352650
2411968
-2751690
222871
751104
-2525845
2189456
1786010
-2352675
1224548
-352285
-2759627
2729453
661153
-1625000
2087676
-1239697
-2320600
2568428
-223448
-667151
2637356
-2087924
-1592136
2254762
-1421065
170708
2566089
-2550172
-540793
1633176
-2058642
1302951
2338182
-2636500
431243
725772
-2590359
2145690
1553088
-2294501
1426980
-336967
-2413983
2597394
388789
-1416178
2068505
-1410031
-2078688
2556652
-566392
-433966
2490399
-2145654
-1447358
2076066
-1316658
496196
2408439
-2435638
-527728
1447497
-2193747
1436609
2144270
-2431244
659702
427061
-2360287
1960412
1336191
-1918318
1376087
-660877
-2453875
2443410
414544
-1253031
2036508
-1538694
-1867876
2288897
-629247
-372149
2333186
-2002926
-1236120
1863176
-1409830
766078
2394053
-2315497
-303707
1144258
-2122779
1410535
1868399
-2133107
676662
293197
-2216743
2017196
1139200
-1728017
1534749
-695662
-2278204
2189205
244428
-992124
1927837
-1451080
-1707113
2112500
-579810
-177715
2174915
-2041828
-925501
1567183
-1417843
847855
2149056
-2108238
-104529
1006633
-2094414
1496208
1664255
-2077172
701582
-91518
-2107401
1874843
822128
-1487831
1506692
-774650
-1971769
2072840
19136
-848422
2019961
-1516130
-1492879
1827228
-778952
46122
2122696
-1865102
-788083
1402087
-1468543
764877
1855701
-1961006
-19289
696359
-1888475
1427208
1545709
-1825301
784459
-76647
-2014907
1929679
638950
-1318499
1522226
-672368
-1769911
1877084
-17189
-713365
1809746
-1533701
-1471113
1657699
-946464
51429
1991489
-1785606
-544314
1318431
-1544647
751020
1741691
-1952043
157817
595641
-1682891
1507409
1303333
-1673802
954556
-302485
-1890475
1782003
514520
-1144425
1413075
-866062
-1722963
1938371
-192849
-608799
1772445
-1425475
-1150038
1698552
-944121
177054
1759992
-1561107
-411753
1048860
-1427009
832861
1424274
-1780631
206749
220668
-1559847
1471231
973536
-1525468
1015510
-426077
-1608631
1740420
441233
-1082684
1537451
-838629
-1540049
1724564
-324927
-462749
1750854
-1561816
-1203388
1451587
-935068
317270
1615898
-1761737
-319071
1041891
-1174840
952837
1391348
-1580478
249955
285790
-1626575
1440080
800614
-1329981
976817
-342712
-1571540
1756677
269531
-803342
1411001
-846664
-1270644
1595785
-349249
-251362
1498466
-1189043
-950122
1207742
-1000599
467427
1581252
-1543788
-363237
856341
-1341530
983930
1373895
-1639535
372471
154852
-1526437
1345459
786251
-1161497
997515
-376183
-1568161
1446590
309467
-843639
1231595
-1008996
-1336222
1379891
-367255
-9804
1301673
-1459298
-747561
980805
-996399
471622
1475356
-1438763
-194218
596104
-1304916
1049536
1173968
-1354570
593950
111363
-1425505
1358966
590976
-1106431
1163807
-425706
-1456986
1443673
-67209
-557734
1305542
-1111119
-1042868
1387406
-469886
-203054
1396587
-1260973
-622781
1060801
-812427
509481
1242330
-1181667
-116713
504835
-1233844
951673
1080395
-1261568
393120
112186
-1355838
1170435
468001
-917353
1012303
-504316
-1254134
1315717
-44853
-434663
1126623
-997550
-801055
1195540
-582806
24674
1242019
-1110836
-408892
920513
-991717
498175
1060468
-1216291
164702
421655
-1161940
965205
887669
-1082752
494946
-21120
-1171143
1186821
168861
-558021
908144
-507406
-1115668
1305148
-53168
-229894
1188469
-1022336
-826019
1048481
-557807
-50833
1184449
-1109420
-308363
698890
-840783
716579
1138501
-1257754
71153
293171
-1135919
941391
664189
-938128
539464
-146469
-1154660
993809
284840
-678762
938638
-633996
-993208
1028562
-235778
-187442
1039572
-737753
-745882
1036338
-600876
137059
1140651
-1025581
-167560
616384
-926001
626631
907081
-1061510
228007
173368
-1077329
958485
711443
-887432
659505
-103912
-1058231
1077355
208718
-624977
884130
-558319
-830021
978059
-210497
-175564
1158967
-846759
-633231
918313
-650513
358015
969017
-1007018
-177808
568765
-925903
647850
948862
-1027258
347069
40475
-998925
667937
445208
-851823
471793
-174909
-986890
927471
206845
-403062
910652
-538716
-767350
938394
-173334
-158915
998311
-699925
-329232
734608
-688870
145439
915397
-873594
-186023
501488
-982787
640966
705671
-810711
258683
59065
-843230
817686
528736
-604630
535302
-105841
-975188
943272
187841
-458773
746460
-557444
-668555
939726
-184936
-99335
1059941
-733047
-431467
788962
-505892
208206
849117
-954383
38853
445370
-642547
496997
673608
-836017
223398
82321
-886520
723032
276539
-728779
592551
-128927
-765256
836585
172576
-366822
709624
-619072
-590436
761998
-326914
-34430
743038
-644507
-308137
578783
-501620
393435
799919
-757859
-63665
294007
-642403
464418
715812
-691141
220799
25740
-686352
698660
279333
-502148
594834
-357792
-654136
644269
-134650
-320929
663489
-480343
-483568
621109
-387686
-5648
538978
-659599
-237180
415046
-494651
345075
629887
-708467
137629
191466
-750299
481672
498964
-567917
327747
96738
-604179
574328
251488
-521962
379988
-182376
-600066
584134
94203
-125268
746464
-621552
-367282
629349
-356650
33068
584700
-571007
-146850
417808
-347665
270828
578123
-557272
-11840
157584
-646400
513680
422349
-498957
294977
-112983
-617327
510569
210161
-404280
461882
-260650
-511830
702438
25990
-205340
587808
-549069
-507708
517957
-330053
31225
595728
-641173
-100562
307156
-442060
335117
624003
-597956
-103641
232249
-433479
466816
333723
-495573
339379
39312
-432129
339856
59634
-215547
445405
-245142
-452294
463038
93690
-202575
344567
-571369
-351135
542272
-252544
69741
711854
-386033
-160745
349357
-263605
207307
590322
-489961
70597
235014
-406881
400062
289672
-283666
240035
-38850
-397208
451349
198000
-308114
500436
-106907
-402458
520648
-3267
-130066
537607
-481096
-275507
417802
-138988
-94255
517226
-397153
-69493
420682
-221339
171941
205850
-421557
-38037
73487
-406436
220999
429384
-168878
57387
-42688
-444308
389285
256713
-282071
263090
-262970
-371440
417016
-104096
-133804
371328
-249251
-182333
271713
-264073
67282
350218
-298360
-30328
273924
-229802
178913
388199
-309817
72121
132269
-332639
305392
255055
-365902
178712
-63428
-452855
334927
271040
-146282
356529
-158937
-316385
373792
-73823
-142388
452710
-151032
-404129
244907
-167824
-87641
364518
-479926
-158368
252470
-312814
70642
305577
-202736
9593
38237
-280236
243155
228972
-166052
242491
-40897
-324151
360016
163672
-180103
190188
-215228
-239417
357345
-53822
-179831
319444
-297627
-155125
202978
-177257
-9474
240163
-280363
-56867
99033
-108425
27811
181938
-278348
-58336
151343
-196483
286135
198265
-269768
160710
119659
-391640
307859
65704
-275581
229421
15439
-278913
383070
74375
-154428
201463
-266795
-207205
254495
34979
-37567
335210
-170741
-109364
231631
-101896
70360
115398
-366181
69382
88914
-226006
99420
105996
-213485
15111
-129064
-367514
191457
145403
-95785
260692
24166
-148779
201962
120968
-2422
7404
-166035
-74501
155708
-185910
104479
257448
-75682
-104778
117540
-96834
-29104
161931
-76782
-148857
193148
-107052
160341
309209
-134813
-108889
63119
-189035
295546
73506
-156678
279326
-12956
-173510
270393
-50528
-183176
211358
-86837
-126074
293907
-54087
70091
154474
-215556
6042
137542
-78357
171193
165454
-154655
46741
-38358
4249
171848
218100
-163052
-32731
83222
-65391
141856
160447
-144419
75660
-54149
-37106
163111
57727
-197228
126577
-71087
-181237
160974
2209
-154800
130306
-164786
-102069
49220
24392
69190
76459
-195129
-103116
167267
-35686
30781
112041
-245776
-54227
61299
-36418
226622
191106
-159830
153909
-26844
-109994
219756
-9588
-256757
-51167
-10924
-59198
97460
36924
-82019
163262
-57144
-167522
296149
-17122
-92847
149954
-119527
22706
106623
15913
65008
205909
-132505
17716
56413
-51645
22736
134459
-175025
-4107
88068
-247570
143486
90262
-197480
6383
35012
-203340
243973
145236
-167387
154964
-57096
-274562
208111
60965
-119169
202067
-223569
-74652
131584
-132580
-15415
127647
-152101
-197283
48856
-227502
41517
273084
-118967
-38462
