#SpinCore Technologies, Inc.
#SF in MHz
#SW in Hz

[HEADER]
@CLASS=	RADIOPROCESSOR
@FIRMWARE= 3087
@SPINAPI= 20130917_x86_64
@POINTS= 900
@SF= 0.000000
@SW= 30000.000000

[DATA]
-7450345
7796083
-10252677
7665619
-11651543
5827344
-12569874
3694851
-13133264
1385924
-13209509
-922075
-12864682
-3262071
-12077785
-5451819
-10945367
-7522486
-9481638
-9264580
-7684087
-10797447
-5607634
-11958019
-3457924
-12737003
-1164067
-13143669
1100256
-13094153
3384927
-12669046
5531759
-11833860
7475421
-10695090
9385324
-9205507
10693792
-7304656
11715910
-5313054
12450341
-3143764
12743269
-907801
12670270
1280442
12269865
3477684
11395689
5593776
10304399
7429812
8648895
9096712
6904287
10379547
4920754
11379340
2814604
12016358
734905
12286193
-1506864
12092207
-3517194
11516698
-5461942
10688634
-7227685
9458092
-8693821
7985777
-9918373
6234653
-10745964
4333318
-11262099
2330926
-11350824
355836
-11214482
-1684935
-10635918
-3656264
-9695591
-5445781
-8576579
-7000421
-7091272
-8376923
-5435929
-9428561
-3692960
-10152400
-1746963
-10529804
174730
-10639092
1970968
-10305984
3704676
-9739020
5384957
-8817044
6828207
-7638317
8044425
-6182308
8927014
-4693884
9598450
-2967668
9811254
-1204215
9780786
505057
9483785
2336094
8801814
3869086
7893932
5340712
6709237
6548383
5433939
7646083
3823562
8444581
2337198
8872835
689179
9078367
-918030
8936574
-2512384
8525768
-3944217
7875230
-5271759
6928547
-6400314
5842315
-7247307
4514949
-7886425
3140054
-8242667
1711440
-8325607
192753
-8179255
-1345052
-7672951
-2698967
-7010176
-4017187
-6204814
-5148150
-5123072
-6167948
-3905455
-6843416
-2558922
-7436947
-1167186
-7559987
209318
-7622181
1585184
-7436837
2919112
-6942801
4029280
-6235852
5022470
-5404061
5894946
-4415500
6491064
-3333904
6847720
-2012483
7069720
-821468
7027293
488221
6741896
1744151
6293442
2878119
5580251
3993843
4723578
4848744
3733501
5530501
2638212
6047667
1523337
6386447
408123
6538976
-770183
6374267
-1919551
6033282
-2858040
5631459
-3798099
4980728
-4553764
4141262
-5189414
3257091
-5557078
2258066
-5866094
1221600
-5946997
133911
-5722820
-889113
-5412853
-1938656
-4966735
-2829309
-4325083
-3629878
-3641206
-4293379
-2796639
-4813192
-1826844
-5166330
-932492
-5361363
62149
-5355116
997277
-5188002
1910221
-4883829
2693763
-4375078
3378335
-3786705
4051170
-3130631
4455101
-2295817
4718816
-1496281
4947993
-634206
4860697
236848
4720059
1124894
4311474
1826467
3912061
2579768
3319902
3220427
2744475
3748347
2052262
4096900
1211807
4324104
471507
4387406
-325172
4459782
-1062477
4248626
-1853143
3944799
-2441371
3443899
-2991135
2966306
-3396067
2410547
-3744052
1605465
-4090551
930330
-4037814
230203
-3991511
-402448
-3871708
-1126040
-3565588
-1768490
-3084799
-2297030
-2645036
-2788765
-2049732
-3083506
-1452519
-3416274
-900431
-3554327
-139259
-3697867
408206
-3540178
1152766
-3395049
1679207
-3114778
2147970
-2769026
2538731
-2278425
2852106
-1724394
3145944
-1205765
3291805
-657344
3297081
-112095
3235414
523157
3104316
1079800
2764822
1612092
2390040
1985670
1964482
2322051
1577244
2538088
1121223
2781997
483963
2895000
10598
2905637
-513415
2887049
-955072
2678089
-1435844
2483660
-1804459
2147700
-2030322
1791498
-2335679
1405871
-2520436
996533
-2590582
461358
-2576493
-1835
-2493842
-451971
-2391721
-944316
-2096322
-1275945
-1938943
-1605299
-1511815
-1935936
-1197319
-2161468
-753733
-2179179
-332621
-2255632
60591
-2348795
412810
-2278394
875477
-2084360
1266084
-1922482
1473211
-1700296
1759252
-1302555
1955535
-959480
2026227
-700398
2115226
-281138
2082497
67164
2014725
478157
1851262
758519
1697237
1113314
1450358
1361113
1155641
1572111
818205
1722927
518599
1743768
198811
1881284
-93590
1823319
-505508
1734980
-754063
1707675
-939469
1510771
-1236157
1293928
-1420314
1005956
-1548560
715076
-1606507
416452
-1603875
180513
-1640872
-180569
-1560674
-391886
-1404190
-731948
-1273084
-909579
-1121713
-1108784
-813420
-1215258
-650219
-1286006
-263377
-1308586
-87808
-1338286
169772
-1349736
401936
-1287919
613855
-1214011
805014
-1011338
921675
-884935
1099929
-681517
1188423
-492358
1253619
-221072
1305548
-82541
1208294
151242
1104823
370504
1038046
542205
915653
634714
771343
863256
520870
988309
293241
1069713
191002
1028136
-42588
1003141
-198798
999837
-382508
972168
-554982
815384
-552541
660893
-742377
561149
-869576
449735
-934331
288653
-962827
139432
-861958
-61922
-840336
-131803
-774819
-369250
-727193
-517189
-603711
-532694
-450087
-614690
-346524
-711154
-187308
-745772
-101788
-730870
93422
-730021
119621
-622031
252900
-624877
410140
-495895
523194
-413013
598102
-390663
631992
-227224
622219
-97593
650577
11015
634278
155638
529220
294048
409119
194046
416870
288995
317393
365173
231045
423266
244308
421568
165037
425288
34043
405130
-6215
370398
-163561
415029
-192863
365071
-272966
246169
-328530
191168
-369897
226640
-362112
125811
-331748
30472
-376472
-113207
-326129
-137253
-343232
-145605
-166390
-155567
-188155
-167613
-198098
-190139
-116854
-211164
-127611
-228460
-28450
-290732
6613
-262019
62383
-211668
122531
-189137
194784
-155475
72074
-92931
137278
-82624
238146
-73625
245354
-18562
169008
73768
141126
85420
31470
83838
42727
82085
19881
145386
4165
53445
-7006
65942
-40097
-25596
-55543
-63184
-27063
29999
-102957
-10205
-113179
-102170
20860
-11874
26461
-67264
2447
-124593
-1680
-150566
27951
-144877
74104
-140378
87634
-64170
104590
-56830
95211
-71652
102750
81288
140176
83026
34695
36346
174620
68465
76098
52993
90981
114746
30526
151714
49883
182423
28855
159716
13099
231185
-88860
220193
-114612
237885
-98854
168877
-203577
114679
-232030
111473
-201150
104780
-216715
51017
-176320
69624
-244900
-24152
-236336
-30445
-258836
-119179
-225492
-189409
-186051
-199085
-193493
-296218
-170244
-267650
-16097
-260342
13524
-256545
140327
-285731
109191
-240787
214688
-244580
226332
-198073
301701
-169952
288106
-137724
336265
-93723
325888
-43258
413757
105628
347070
113422
289542
227167
232239
222735
186897
248866
175980
304064
74803
270988
88933
309373
4342
364396
-6647
405801
-117777
342994
-180511
372317
-272122
298551
-347947
255741
-352384
157591
-372138
136068
-427543
31029
-437866
-24162
-410372
-126487
-410409
-84422
-324348
-213314
-313245
-330511
-255820
-392436
-110512
-383987
-112642
-489165
-63768
-517243
81701
-469019
75906
-454003
193795
-514584
237819
-400174
276955
-353119
275896
-268021
407024
-205112
435323
-187397
453475
-22280
486966
28468
450069
145572
436052
206216
435319
368495
351322
329278
194754
414721
152713
418007
91952
445786
-5488
490788
-112369
484017
-118555
502957
-214239
409296
-363607
379549
-392953
316205
-459456
236961
-515671
193150
-452609
117741
-512713
27912
-470627
-114064
-566993
-166258
-481464
-272945
-382136
-311099
-287284
-394230
-259982
-455714
-142839
-455029
-86954
-547487
11424
-516001
68449
-496817
188214
-497497
224099
-522525
364677
-338475
370613
-386471
517422
-206550
505847
-170937
601914
-65657
590881
27643
617122
143587
536413
217262
399967
327216
429106
358562
346217
493805
229635
485392
87478
541729
14852
487133
-53718
530137
-147134
485498
-192079
463568
-314397
326341
-404507
338070
-430171
292119
-472169
194298
-506831
131959
-535772
123818
-525733
-33911
-543154
-103401
-531170
-211400
-457498
-262211
-319794
-472791
-303698
-425731
-178261
-544003
-48961
-579499
28836
-649672
89025
-553145
190238
-510565
354728
-492783
362347
-341817
419109
-301173
481627
-198515
480485
-75603
539297
-92884
481777
33607
527312
35938
472776
207209
441461
245787
349985
341246
256946
499590
210838
477935
139241
509998
76385
488665
-40505
494322
-54037
489536
-178644
469674
-315915
372763
-367959
321907
-438812
251099
-396595
203386
-470721
72619
-504236
16655
-505328
-79188
-543235
-169056
-499686
-256396
-425647
-296735
-356532
-352114
-319729
-417204
-162996
-465564
-116988
-521225
-58110
-610886
75557
-464598
156612
-508573
230258
-399664
346503
-348723
453372
-303373
407055
-289677
445795
-177465
522132
-100047
449072
82041
472744
98128
488116
185029
501929
280503
403987
363904
240825
467714
329978
469470
111731
518532
-24815
478977
-116977
477290
-128220
409346
-202051
391906
-213292
362285
-298544
252679
-403423
216321
-405611
82754
-362466
94505
-388623
16628
-470644
-88975
-369167
-163174
-389901
-213708
-294790
-291386
-331180
-312499
-168128
-376045
-181202
-426807
-68340
-445547
17747
-482136
102651
-419784
158680
-332013
153364
-375561
228650
-290644
287167
-189781
357116
-158620
458005
-77267
389815
-124510
332849
-2518
347674
48526
264159
157328
271662
136172
248599
240650
271527
257772
181776
358921
94930
378604
79216
288689
-60069
315146
-61468
303889
-155838
287776
-241642
220425
-241705
170780
-310849
186529
-279548
61169
-355610
85982
-258099
56718
-364303
23789
-300308
-79241
-343442
-177128
-238874
-161597
-183312
-212187
-147809
-313332
-86986
-293179
-43263
-217400
-17433
-208487
32146
-215239
10661
-269918
96144
-267831
169476
-180887
237505
-135330
253796
-150233
241253
-88536
214127
-35169
276271
-25172
178409
14063
172615
81622
163299
102491
139296
94666
178158
152983
115514
209130
63502
204426
6358
213042
15848
247910
-39188
220948
-62862
178725
-103596
170562
-149546
194614
-81600
64920
-186705
52084
-143952
91350
-154095
39446
-176626
3946
-185395
-19333
-161809
-69324
-99303
-45582
-95830
-194169
-17336
-212573
-73539
-150430
20161
-232712
26054
-132753
92565
-232113
175078
-176465
196429
-148823
140748
-38777
145366
-53738
184960
-64347
197725
-22862
137383
6046
130628
42355
88141
103242
20486
34697
82282
144161
-9000
191820
13179
40137
46297
87247
-25
112640
-27295
92917
-26392
66826
-47073
97505
-83613
81231
-38851
12199
-20319
-14339
-20390
-32156
-111775
-96957
-92591
-109626
55060
-6012
-18736
-58874
-29818
-6020
-14945
-35588
14907
-11024
38060
-17010
8734
46116
29988
-52165
67546
-19464
21637
-30820
33613
40493
33384
35404
63452
40102
-6258
106392
28696
9919
-28020
-21328
25933
-923
-61537
30703
-17294
66525
-69361
22586
20725
61999
-68116
104226
-72855
26706
-23618
70176
-12699
-37643
-20579
17345
-51212
35223
-20494
-13721
-151761
-3060
-75699
-75569
-42307
-83923
-20329
-112208
-16014
-75662
33551
-115823
29698
-73715
44745
-32727
81521
-58964
92235
-50434
113953
-12533
54655
3451
77789
44083
61208
49235
96457
119091
-26345
82133
-103
93066
99144
53502
49972
85985
69572
69780
88983
30699
66855
36741
24208
49066
-45022
-33229
-29764
8961
-53254
32977
71751
72615
-123469
70096
-124975
17956
-117275
6561
-33699
-14080
-140537
-5505
-123021
-90417
-45629
-13809
-85827
-104821
-93455
-90770
-17102
-156169
19842
-113138
5040
-28293
91689
-154491
12603
-94878
139093
-36219
140804
70222
152091
3359
144802
7266
121577
18002
160426
-20035
74930
50838
122107
33587
152831
83461
73242
107526
97460
95796
-5160
140930
49793
87506
58287
185645
-14376
195363
-79469
214529
-106908
60310
-201339
115570
-146456
8020
-162731
27428
-146036
48863
-46990
28718
-99626
-69013
-130858
-24980
-133440
-93634
-132141
-3558
-128948
-115830
-83462
-115203
-66867
-147757
-21809
-97275
1885
-104672
52501
-132422
124950
-162337
151840
-160649
85088
-145716
171661
-57998
179473
-66388
202605
-84408
169408
17767
238414
-22855
151137
102730
95201
77852
157041
117335
93802
118577
82909
235206
47289
179155
71618
152216
41205
146890
-22483
159977
-7393
122915
-79991
109935
-122735
121773
-85911
93853
-159758
99032
-150483
23602
-168092
22635
-116593
36104
-129715
45800
-145017
19862
-146433
-124525
-93902
-59282
-103894
-135928
-37133
-118207
-34698
-82860
43009
-53727
-15192
-87497
27485
-85714
18637
-93047
121236
-145728
146183
-78695
172140
-77667
137215
-70776
166458
-55581
117425
-54685
129327
-37199
201751
-40574
205121
42765
135141
118500
82538
26287
83475
116954
138377
109214
72114
131879
37043
67315
68655
147491
51789
149219
-11532
148611
-114966
56900
-116776
76992
-80814
104804
-131361
81514
-76566
118874
-175306
51915
-127368
32711
-139245
-11318
-198760
-62282
-140810
-78826
-117668
-93953
-56847
-65873
-2704
-155295
4023
-106482
46030
-103070
39650
-132394
5070
-116793
40555
-125048
104759
-157278
71194
-121207
111209
-100026
117127
-26487
168093
-54481
179970
4600
186909
-10357
162115
-46164
144132
62798
93353
40243
146370
40042
106102
96883
77316
75047
52758
129543
84839
91770
32136
118250
20488
130174
-44703
101771
14690
136073
-55094
15508
-92614
40844
-47128
-35320
-12923
125644
-65856
90110
-151864
87694
-166520
46655
-94715
-13805
-17182
20481
-104346
-22950
-61154
-57930
-91521
-106427
-42492
-85002
20345
-74389
-30299
-57750
47177
-67110
56063
-143702
60513
-131661
67296
-109133
136938
-99706
94934
-58693
119839
24768
101618
-19062
110302
-17897
157268
-13345
97731
12396
99696
-14557
114867
-21844
116257
9709
120175
72067
77157
44130
68259
24222
71014
79361
-6607
38189
41239
-4713
74776
97061
7397
112704
13551
23130
-83552
81340
-45596
81487
-40275
18407
-73198
-60871
-79365
22898
-48145
-3749
-91873
-9316
-93378
-40002
19775
-19371
-8958
11625
11009
-74018
-60935
-362
18963
-72136
68009
-101410
-18296
-136920
79853
-105760
-26919
-156903
37622
-158733
98079
-103456
103929
-108205
146639
-66965
126391
-13005
91982
-54745
56345
42992
107490
22081
48981
25751
94005
36223
75051
4190
123639
86436
5052
50510
-6167
41299
83940
108840
-6637
59293
44703
85679
40689
-966
21376
-24891
-3411
34079
20011
26161
-51404
41871
-7355
9175
-78571
4339
-38346
43056
-86446
60339
-56025
-7102
-15230
-18830
-35302
-25687
-45364
-11397
3529
-76603
