#SpinCore Technologies, Inc.
#SF in MHz
#SW in Hz

[HEADER]
@CLASS=	RADIOPROCESSOR
@FIRMWARE= 3087
@SPINAPI= 20130917_x86_64
@POINTS= 1000
@SF= 0.000000
@SW= 100000.000000

[DATA]
-4074375
-5424292
10201022
-4515626
45486
10393021
-9989175
-3848837
7449543
-7926283
4442249
10030293
-10904694
314997
3797599
-10306467
8162551
7649359
-10118092
4723533
-695310
-11096634
10491308
3884213
-7549232
8204389
-4872051
-10050407
11158907
-806426
-3485923
10773218
-8485152
-7291944
10091984
-4982549
833003
11233660
-10714173
-3458182
7127081
-8550990
5217054
9931584
-11202305
987994
3309520
-10784523
8679811
6957265
-9804853
5396097
-1372077
-11160522
10663465
3079200
-6966765
8775789
-5357103
-9704426
11180646
-1387310
-2886538
10754073
-8895344
-6750580
9666763
-5675610
1619555
11004035
-10966166
-2667701
6613725
-9012547
5703287
9573413
-11050320
1778776
2544547
-10859042
9072994
6511923
-9350850
5905535
-1859108
-11074336
10784717
2402951
-6223920
9066668
-5964087
-9154274
10768038
-2006980
-2111890
10759570
-9266285
-6035856
9130934
-6263722
2474547
10686618
-10892124
-1881889
5781780
-9172457
6295246
8776085
-10710192
2552704
1673472
-10603823
9307255
5654321
-8672578
6439766
-2784003
-10316625
10617501
1723020
-5360086
9189025
-6487733
-8635428
10353753
-2791512
-1489767
10647595
-9448278
-5221866
8450278
-6617278
2921697
10281718
-10570626
-1205569
5143403
-9387813
6687149
8366835
-10243652
3093315
1000068
-10518404
9338784
4766460
-8074757
6858792
-3167789
-10081440
10609308
949084
-4687363
9329980
-6836143
-7882530
9934538
-3353768
-685102
10491267
-9385007
-4418901
7886610
-6927331
3490492
9715662
-10310458
-414863
4297888
-9390558
7117134
7659250
-9612929
3664618
241025
-10147259
9419362
4103067
-7364886
7133219
-3756554
-9577991
10143731
53408
-3973427
9368670
-7070814
-7230239
9314023
-3784780
5531
10199631
-9259666
-3661588
6926632
-7129016
4032168
9175407
-10055697
101335
3658881
-9202036
7210349
6869083
-9050282
4085947
-296592
-9921267
9221241
3321253
-6566023
7056021
-4187523
-8835596
9727766
-379986
-3335044
9231517
-7271917
-6479540
8759969
-4244159
542149
9677656
-9227210
-3175205
6454460
-7198068
4296779
8738349
-9410325
776417
3021383
-9077554
7292495
6088699
-8343509
4271370
-804204
-9395704
9060098
2967777
-6014108
7319071
-4392491
-8369947
9405266
-998922
-2667593
9075964
-7274539
-5807295
8175159
-4557185
1014296
9270484
-8888110
-2488511
5672374
-7322845
4579203
7949356
-9229242
1199063
2327690
-8905170
7387882
5455977
-7984279
4657866
-1179515
-8946243
8764214
2052518
-5306938
7259101
-4617022
-7717874
8927831
-1355554
-2060873
8808889
-7315690
-5257118
7661099
-4703540
1518716
8720105
-8562486
-1977691
5128156
-7271766
4824907
7477084
-8594135
1554893
1740928
-8570664
7186895
5005194
-7280521
4742292
-1646359
-8639481
8393853
1738706
-4883332
7231583
-4808241
-7210829
8646265
-1871459
-1457405
8480275
-7147085
-4618636
7042435
-4740668
1793406
8233619
-8428523
-1587598
4564332
-7343792
5056875
6804920
-8264106
2070431
1338143
-8318986
7112098
4418255
-6783674
5004331
-1931970
-8181633
8379604
1345638
-4199232
7168777
-5036762
-6571002
7960380
-2081172
-1140553
8043306
-7152343
-4118064
6581376
-4991855
2076356
7877389
-7946224
-1053327
4053866
-7101855
4989726
6230004
-7725547
2124405
844147
-7940665
7141412
3782571
-6185655
4988506
-2316942
-7739091
7918148
730268
-3683669
7104054
-5038120
-6055311
7489295
-2317245
-724969
7904753
-6947258
-3693529
5965000
-4988560
2408967
7294343
-7610536
-464707
3539737
-6865399
5120218
5833519
-7299710
2469296
505257
-7668386
6874912
3336202
-5734562
5112084
-2453889
-7158382
7653221
307582
-3375810
6926343
-5140663
-5567611
6998081
-2493004
-480999
7665813
-6837119
-3208309
5516977
-5183265
2638791
6949180
-7447517
-226313
3099383
-6717139
5108372
5287792
-6842844
2800680
125129
-7331962
6824822
2849753
-5375713
5015796
-2720747
-6963656
7256225
56368
-2850142
6539290
-5152613
-5093820
6737684
-2732609
-75091
7323085
-6721310
-2771730
4956318
-5087311
2807893
6465072
-6970796
141187
2476096
-6382815
4900401
4779146
-6352257
2840585
-191544
-6947083
6529390
2511482
-4895793
5099760
-2910438
-6313657
6930878
-286130
-2450692
6450041
-5095232
-4753745
6310446
-2895892
179714
6912793
-6522354
-2297169
4486234
-5152129
3017244
6093492
-6594491
349098
2211727
-6288019
5110065
4483393
-6022602
2999468
-484825
-6812532
6375667
2093237
-4429178
5063644
-3064086
-5956675
6581005
-414726
-2111490
6303867
-5122351
-4315974
5728682
-3060128
572577
6564299
-6362868
-1727488
4046224
-5001176
3057883
5683567
-6445893
743167
1747503
-6214189
5129826
4015416
-5632830
3208996
-802883
-6322904
6158584
1695158
-3966444
5059783
-3054989
-5575089
6368801
-845046
-1679705
6149201
-5220498
-3832376
5404327
-3321193
1018544
6047012
-5994194
-1523399
3706195
-5030003
3132972
5338380
-5995394
960661
1400601
-6060085
5164103
3435791
-5193075
3225006
-1002478
-5929071
5989728
1307869
-3604980
4936814
-3269472
-5078867
6048766
-1188205
-1264230
5909910
-4859425
-3282951
4979069
-3337541
1169620
5805727
-5882337
-1067689
3344846
-4939244
3415770
4975843
-5709474
1204231
1036762
-5811213
4993918
3114278
-4828373
3225061
-1291075
-5620034
5812229
1013035
-3056399
4943333
-3449098
-4562144
5511878
-1403160
-822048
5650309
-4882692
-2940710
4789247
-3346316
1421582
5463033
-5619354
-636114
2951269
-4964416
3264093
4549925
-5280801
1421425
868812
-5509099
4916296
2878611
-4465875
3432857
-1508573
-5387250
5592230
619364
-2705850
4760736
-3537370
-4247378
5345852
-1447624
-577790
5529462
-4845306
-2660916
4211072
-3423290
1488702
5096527
-5267923
-660003
2458856
-4801041
3501910
4215179
-5221109
1731120
455061
-5309717
4713970
2402733
-4004232
3467216
-1586184
-4951609
5408473
299047
-2323163
4724227
-3369546
-3784211
4790706
-1739672
-284301
5240978
-4724419
-2243101
3755968
-3587551
1726371
4873978
-5225334
-126071
2110026
-4695004
3471971
3592647
-4780859
1756849
100012
-5078812
4466916
2026450
-3629274
3494513
-1961905
-4784903
5022457
-69518
-1975736
4572529
-3529064
-3518624
4581279
-1829300
109098
4867951
-4377439
-1805516
3331136
-3566868
2025421
4517702
-4896031
73770
1786317
-4555462
3526039
3365554
-4422327
2085037
-239236
-4686890
4398203
1645890
-3295902
3499325
-2112627
-4352680
4744842
-167279
-1526216
4394895
-3586677
-3099055
4047359
-2124742
169813
4539956
-4431860
-1391698
3169167
-3551620
2231287
4134770
-4493598
413126
1411675
-4288568
3553673
2991683
-4031329
2114939
-471238
-4509096
4471125
1294894
-2917492
3523031
-2189262
-3915524
4598228
-485268
-1211621
4294596
-3412427
-2786958
3896726
-2318519
641573
4508662
-4320386
-1107772
2825278
-3516802
2181889
3847882
-4293239
507820
1138974
-4280363
3505915
2655276
-3708002
2128548
-675877
-4264679
4097734
902919
-2469171
3450796
-2239674
-3644276
4115629
-730408
-862406
4129463
-3448071
-2449995
3591700
-2237402
679519
4123348
-4078798
-867426
2308868
-3369620
2249953
3437177
-4011871
908268
959748
-3878479
3357057
2302331
-3263871
2273410
-756639
-4033385
4004664
627416
-2095173
3370485
-2347265
-3202649
3689274
-950351
-599358
3772937
-3199684
-2052380
3324421
-2317921
789311
3813659
-3902271
-737147
2136580
-3337109
2379898
3078830
-3674447
963059
665723
-3803081
3253803
2031970
-3021082
2370985
-902778
-3650390
3846094
392185
-1843570
3360755
-2505557
-3011951
3643621
-1046227
-521212
3709793
-3222750
-1758589
2948510
-2279364
1180553
3694440
-3711026
-402788
1692649
-3378574
2288911
2768668
-3401298
1134031
178083
-3635767
3172810
1645212
-2794912
2231152
-1130585
-3342891
3539906
274659
-1466905
3136121
-2247565
-2571725
3285334
-1159758
-36738
3568264
-3159663
-1521237
2539386
-2560820
1223075
3072110
-3469628
-129243
1400734
-3153430
2411317
2551045
-3124545
1263186
-25236
-3421355
2965425
1185243
-2442241
2491078
-1212486
-3173616
3258770
2234
-1348289
3177960
-2422321
-2425995
3202012
-1364188
216229
3332193
-3106509
-1212060
2270069
-2436475
1325528
3047097
-3332327
-17324
1388329
-3008664
2434934
2191206
-2978330
1409573
-16937
-3224106
3004482
1112338
-2089853
2342144
-1321736
-2825157
3068813
-55057
-1148204
2895996
-2409601
-1985184
2776674
-1335355
303148
3166324
-2958954
-1041247
1977033
-2210460
1426678
2679566
-2906261
288282
863972
-2817021
2400885
1983538
-2696619
1419051
-486300
-2977271
2884716
966172
-1869140
2314073
-1383327
-2559675
2925645
-433102
-841736
2959213
-2476733
-1784117
2608509
-1425803
484828
2974837
-2727426
-716748
1720723
-2247173
1594765
2505947
-2801962
450601
584460
-2826547
2343111
1711517
-2431678
1451816
-425005
-2688917
2812337
616546
-1576918
2299030
-1657756
-2386085
2794381
-443747
-534406
2718498
-2452461
-1593989
2337793
-1468184
423615
2737120
-2700225
-485230
1601783
-2202188
1592270
2382591
-2540889
698443
556507
-2716942
2322739
1453498
-2077952
1648185
-536216
-2590493
2627657
287193
-1321477
2393234
-1580432
-2189405
2496607
-633276
-375247
2562480
-2306673
-1405187
2069959
-1542477
816170
2549463
-2582075
-229373
1179276
-2207124
1465421
1947708
-2403416
574764
302310
-2364970
2299508
1335476
-1958782
1461220
-706924
-2287592
2584921
333884
-1068784
2218425
-1539878
-1759741
2376437
-756766
-357347
2451374
-2150518
-1015279
1801203
-1504060
630439
2157718
-2425269
-193763
1014102
-2097360
1595194
1740124
-2312713
799136
216543
-2444345
2162261
959787
-1653777
1690272
-970741
-2145183
2354790
95339
-746401
2082111
-1609878
-1783195
2212251
-888557
28176
2212646
-2040518
-783904
1617632
-1625006
837348
1927214
-2229285
100495
872753
-2036237
1494393
1353059
-2002499
955157
-152359
-2351296
2134825
936966
-1584080
1535012
-907571
-1845425
2204926
-179173
-688240
2032294
-1488252
-1460494
1883704
-996241
55067
2125902
-1922602
-591339
1464543
-1645313
959591
1713459
-2103041
222171
670996
-2010403
1616307
1370979
-1966125
970783
-268615
-2078254
1922301
690863
-1199248
1536904
-970808
-1741195
1892009
-153100
-519682
2013411
-1653716
-1373935
1776496
-917485
124483
2059396
-1788018
-585166
1184694
-1541272
953591
1817856
-1927648
242102
446092
-1961079
1659432
1187129
-1725639
970765
-382043
-1925236
1801900
393345
-1106638
1381111
-1023399
-1503258
1772127
-387005
-352012
1849081
-1581799
-1118617
1723574
-936074
291698
1774937
-1784947
-363081
968194
-1527061
914258
1556461
-1744672
395909
427625
-1948131
1636856
938673
-1459128
1066918
-401579
-1750403
1688900
206616
-923957
1383952
-1138716
-1459687
1716772
-467626
-240899
1773855
-1552951
-967722
1256575
-916055
398693
1695529
-1845169
-188032
932841
-1391594
1022465
1347279
-1669339
489454
252202
-1766908
1324618
852961
-1191973
1121604
-434743
-1560427
1767085
115013
-839771
1501770
-1139822
-1239118
1630014
-458862
-72374
1511987
-1485061
-690595
1214583
-1029681
499813
1554162
-1600974
-52057
749777
-1442076
1172541
1228779
-1461720
486210
23762
-1489172
1408731
908259
-1078421
1090038
-494116
-1484968
1672273
38982
-627163
1550835
-1109588
-1118688
1286886
-432589
32988
1580726
-1365555
-588239
1190865
-1059183
508366
1487397
-1466737
-30107
616205
-1430513
1102737
926028
-1264180
495713
19324
-1406909
1402326
635853
-905711
964284
-597054
-1448207
1526737
-39897
-507879
1410584
-1044417
-1025271
1345410
-530891
10094
1412370
-1408500
-475387
841246
-975444
674312
1336828
-1387749
114860
434098
-1275717
968919
902636
-1106884
659235
-97655
-1385690
1296173
643530
-935683
1026523
-663881
-1176499
1291235
-89743
-392543
1193366
-1022464
-817847
1136420
-623798
198690
1485915
-1350894
-406968
778036
-892194
691185
1035796
-1184413
128144
287805
-1273393
851505
764401
-1125300
709197
-178260
-1388007
1378445
319045
-631227
1043871
-721407
-1095080
1186738
-43921
-341924
1146796
-1004732
-684211
1128931
-592854
252639
1100670
-1145840
-201167
751522
-991137
692316
964669
-1214181
190841
412309
-1096307
896404
684934
-1042315
695637
-252604
-1097601
1196216
221586
-606498
1032884
-613261
-876684
1149826
-253400
-267495
1281885
-995092
-606823
776657
-715440
140656
1121816
-1074006
-64859
377374
-880553
669105
1040084
-1122582
357875
234037
-1133378
955374
611393
-855333
616203
-418487
-1066124
990394
86141
-452033
946431
-517581
-841109
1127076
-181292
-129214
1006475
-996599
-508895
833754
-761321
414309
853551
-1157695
-98029
449415
-786348
657887
754946
-955435
232575
236199
-1104709
954302
390940
-812658
602468
-268696
-986437
946595
132549
-412985
893237
-730184
-878382
926825
-141108
-62920
816321
-912647
-350507
751761
-576626
274997
970837
-987737
29905
273368
-751924
600134
705034
-799821
491185
118375
-888633
896442
366010
-592320
632535
-168042
-923471
944237
75784
-417495
904097
-684892
-723783
841742
-397171
-53277
832169
-782970
-378864
562358
-619906
267640
823964
-874582
-7693
360544
-544131
705815
610307
-934524
359716
-131933
-811355
791214
271677
-645634
616399
-391320
-847471
933100
-13594
-310629
774661
-788574
-508370
931465
-355270
80237
960928
-761111
-220790
570184
-685724
286786
863764
-811725
-23142
303184
-808145
543447
453917
-700778
389942
-61843
-792528
883939
327858
-592721
429853
-400199
-620560
805391
-66162
-204911
853453
-599353
-481600
605172
-287501
12938
608619
-707005
-142022
579900
-620978
410127
680134
-801828
172040
240321
-747404
546968
449880
-643444
355133
-48351
-760417
748171
248790
-379977
531083
-272521
-420487
745603
-74386
-301113
645386
-442636
-375149
550978
-380954
224857
704915
-630595
-186341
468674
-497682
291684
589468
-538560
80289
301870
-604329
438795
331131
-567962
251501
-209856
-602987
517170
128720
-331049
482912
-316080
-531434
626997
-39955
-29245
477128
-448592
-401346
523456
-454952
95351
634856
-495824
-74535
274314
-453529
310951
612219
-643193
73839
97456
-522612
460413
303139
-371053
324488
87079
-408887
571562
102927
-328448
418800
-196046
-488744
348421
-72664
-164962
509405
-310889
-305143
453547
-239969
235759
525968
-503501
-24590
377697
-454014
370642
441927
-426811
148077
90272
-491840
522048
231462
-539192
262285
-93942
-451250
406844
165095
-206015
444266
-326341
-444927
458920
-219495
-133119
468378
-439058
-266109
373159
-290598
-15415
479726
-403139
-114969
300242
-463306
314170
531810
-410699
-76713
59539
-429675
409413
56175
-277652
217783
-46066
-383868
312619
138636
-234576
456768
-167335
-507380
446624
-127760
23117
298863
-296549
-255598
432851
-230307
150611
463457
-476639
-56030
193889
-354811
59939
473688
-294735
-1865
59098
-332524
302278
249184
-238203
197267
-168052
-347099
406832
238868
-157381
272859
-220604
-271613
502113
14282
-53222
239515
-323676
-247372
232539
-77070
98960
203549
-316922
35359
268399
-322163
214958
342580
-292197
8180
-40188
-315164
180103
161012
-281134
212248
-118980
-329019
330061
34214
-358131
319911
-121570
-323141
176610
14220
-146006
316711
-98706
-144644
229474
-194516
-97620
422959
-192484
-171068
203929
-178424
275793
168175
-284309
-34854
107428
-328900
220803
168499
-214576
66099
-111052
-331050
163044
-67068
-237773
207800
-229527
-288395
273710
-199044
9493
182893
-183989
-150299
211324
-235938
65639
276180
-218486
-53945
150634
-229229
203033
204140
-269740
-7056
26368
-363948
79499
3743
-175629
138588
5515
-293346
202047
67782
-182341
257794
-25560
-141341
80969
-60904
-9487
262839
-92793
-107404
164790
-187594
60523
148008
-160998
-134236
109148
-224443
50360
137497
-187907
136478
69401
-205286
100271
76638
-223075
116883
41857
-290942
195775
88025
-120831
231724
-83208
-199137
221598
65828
-71262
173949
-53232
-1999
254748
-164424
-14285
165856
-173000
-80876
168607
-29366
-59045
286459
-88483
-174839
125835
-156964
141869
220815
-146409
185
-30949
-198081
89938
-50469
-146267
202852
21200
-71507
175279
141445
-129994
131143
-143751
-109310
226569
-14803
-4426
68376
-253732
-97201
162346
-22965
54894
302346
-168693
-76484
20404
-205122
-8512
52548
-107969
-31927
57926
-9719
-3195
80688
-179156
82789
95209
-197262
50703
164969
-127598
122195
-4932
-194572
149748
127853
-79928
103576
-281001
-96604
71498
32614
-65161
165265
-179374
-212008
187517
-134316
22990
282848
-124882
6601
151838
-65096
60087
117338
-65129
68157
44018
-199623
209652
143509
-205370
3759
-16342
-161346
160663
121873
-22202
131539
71289
-103755
283989
-35400
-147235
164245
-152295
-162926
252849
-35569
131055
119835
-62418
-89861
180374
-122703
113184
396274
-203480
-136615
