#SpinCore Technologies, Inc.
#SF in MHz
#SW in Hz

[HEADER]
@CLASS=	RADIOPROCESSOR
@FIRMWARE= 3087
@SPINAPI= 20130917_x86_64
@POINTS= 900
@SF= 0.000000
@SW= 30000.000000

[DATA]
4585468
-3559516
6158583
-3345820
6776797
-2171198
7077937
-963754
7187762
295596
7067612
1610177
6611665
2850694
6017402
3971567
5234006
4987033
4289776
5777189
3199172
6428210
2013953
6859890
697575
7118121
-526685
7139674
-1781240
6848492
-2977448
6432341
-4036553
5774690
-4954472
4980484
-5738872
4115726
-6401653
2978546
-6682540
1779579
-6867545
584051
-6869757
-656582
-6563842
-1808864
-6154637
-2972386
-5408150
-3956834
-4695110
-4853765
-3739532
-5531402
-2581512
-6103434
-1509976
-6454781
-337688
-6545098
801885
-6432369
1954999
-6170218
2949970
-5665706
3883378
-5008953
4620726
-4251724
5302117
-3342672
5717835
-2290242
6055541
-1179079
6166631
7158
5949834
1042161
5637415
2040277
5122092
2916244
4546157
3755754
3655708
4518577
2837131
5114513
1766595
5487329
848455
5561762
-192145
5579240
-1194474
5450370
-2135596
5052055
-2975056
4598884
-3660913
3935477
-4271782
3171056
-4770035
2261770
-5037078
1427087
-5222486
546381
-5113132
-402232
-4884569
-1347371
-4625586
-2199909
-4133598
-2961070
-3529776
-3588931
-2755394
-4177713
-1964013
-4569248
-1119889
-4778176
-155009
-4867014
713007
-4724895
1491656
-4483542
2322771
-4122737
2955150
-3635582
3448104
-2998695
3968356
-2401957
4218047
-1603068
4538505
-752033
4441364
113478
4342356
804631
4014119
1666762
3687456
2306148
3097785
2856847
2548480
3318271
1889588
3760555
1170566
3933016
430236
4094133
-297446
4035759
-1050916
3911937
-1752601
3637624
-2318650
3216545
-2832998
2701063
-3238408
2184683
-3529942
1607285
-3694707
905332
-3787449
256407
-3699083
-430071
-3505406
-1155810
-3209397
-1637699
-2936859
-2199557
-2458425
-2634511
-1898195
-3016657
-1284228
-3262407
-594295
-3469592
26908
-3458826
646540
-3375672
1234235
-3150139
1696484
-2816306
2060905
-2492106
2501380
-2027706
2794271
-1514359
3021121
-920162
3174262
-432723
3158724
131871
3042081
585115
2852955
1083081
2560146
1572298
2244536
1991984
1817369
2337220
1311240
2576066
833153
2694617
280160
2805717
-210411
2808509
-708484
2707535
-1119160
2503999
-1631895
2217403
-1975625
1906465
-2218523
1534551
-2378821
1154353
-2498061
722017
-2583365
251326
-2499899
-225972
-2430219
-699767
-2189493
-1085583
-1947126
-1427265
-1631120
-1710044
-1376392
-1973164
-928851
-2187985
-417405
-2313292
-71733
-2276251
291798
-2298911
682182
-2201569
1069687
-1945428
1444277
-1680709
1643296
-1466605
1895942
-1047235
1943757
-813871
2078116
-360599
2054795
-62091
2032964
368429
1819303
756608
1760370
1053143
1547256
1295222
1259958
1573273
960584
1639079
600322
1808216
342962
1928019
-44265
1868829
-384597
1772265
-657201
1661207
-917194
1498203
-1166869
1379398
-1362404
1084281
-1511117
794076
-1649964
557520
-1663828
164890
-1666584
-47464
-1520176
-318274
-1413532
-622914
-1307615
-860687
-1162136
-1060600
-886595
-1203700
-704020
-1338529
-417301
-1460500
-131786
-1492700
107100
-1490308
358181
-1414083
600719
-1303666
781715
-1083020
983029
-992730
1046037
-815643
1189715
-575092
1295203
-379468
1326229
-96182
1265688
58849
1267315
340887
1222553
535578
1024692
747572
829921
846708
733335
993062
504908
1081354
280986
1202026
142498
1179250
-154132
1216161
-246416
1100679
-458770
1019432
-633597
906441
-801707
696924
-865751
592418
-913051
418600
-998447
260824
-1011864
15847
-961831
-182546
-924095
-341229
-898386
-379935
-641027
-597603
-578632
-664860
-447156
-721355
-268720
-844606
-162913
-881625
64330
-790105
124744
-755084
303107
-751823
399135
-700568
508330
-690904
572267
-515810
637536
-334926
791786
-278066
760095
-85476
783610
-19169
773859
190104
744818
238520
577122
391589
547968
476067
436318
574610
273122
568726
209271
649557
111693
683326
-31624
703306
-162751
675934
-235639
636827
-333229
571693
-463596
433443
-567757
338388
-606712
211913
-575151
111154
-586294
69729
-554171
-40197
-452981
-184266
-471705
-237333
-393558
-342843
-337018
-394280
-242836
-450037
-79370
-499073
-52073
-442037
-13558
-465622
70219
-451197
129951
-420063
278108
-383689
280590
-269268
274303
-228712
329236
-155577
405466
-61188
475515
-58199
367963
87958
397542
-271
375999
99765
316103
156429
331703
241498
193862
322456
100033
300890
120847
323118
87670
340646
7408
331879
-78234
320190
-155225
293555
-286760
261295
-276336
195437
-267647
101599
-308007
-15766
-278774
3481
-233945
-62461
-223109
-48329
-185024
-106264
-109663
-56390
-169017
-146192
-65597
-120327
-56890
-137230
6903
-204724
-11633
-149622
33161
-256731
13868
-191205
115744
-140347
133339
-151712
173031
-75062
163769
-4878
186428
13574
210731
44090
44701
10323
112332
27645
117068
8431
65644
131791
-16475
152801
41693
158095
-22763
197505
-2721
155257
-41940
101235
-80669
-25295
-13161
4295
-74391
12411
-20595
2615
-76414
-5102
-20512
-34897
-46819
-57262
-56871
-3332
6746
-4566
-21580
-44700
4720
6113
45518
-49788
76594
-138449
102236
-91595
41676
42668
84158
38131
99109
29257
60960
-5330
151484
-27800
106438
89242
140565
52221
142882
77109
30908
80101
58057
85319
2719
68026
-34251
147879
-24815
132825
-98566
122336
-72992
138317
-103420
118814
-166052
76612
-207332
53566
-174684
40837
-155294
-45468
-129204
-36256
-94127
-45823
-118907
-93888
-129454
-43564
-155552
-147016
-91225
-171745
-26513
-158551
3099
-198292
45656
-200849
-21329
-183509
145163
-173856
113210
-250470
175180
-120393
124608
-54473
168437
14327
147826
751
175131
21471
175955
38977
154070
74444
93959
161173
133631
156589
78561
259672
133018
177239
27785
256716
8468
287990
-75864
295562
-137411
267407
-176908
198316
-104631
183222
-138606
190083
-211049
142199
-237808
114139
-203033
68597
-218112
-12318
-239088
-45116
-284527
-136804
-191539
-209799
-256888
-150357
-129595
-177291
-71884
-252946
-2286
-251412
-27217
-186581
73727
-248191
29874
-216232
32215
-227348
164069
-178686
152224
-235512
212403
-184450
321680
-108944
276089
-44104
266983
30208
236115
-241
236353
108283
211177
150195
251573
213806
237609
182819
192768
251619
126848
317082
33811
348373
-39709
244348
-61686
294142
-126775
282448
-125368
199065
-179973
253722
-289090
197479
-277883
131567
-306819
83434
-360037
2037
-349633
17005
-289193
-48444
-227269
-161969
-205647
-175020
-184881
-288388
-214895
-363482
-114517
-321829
-62677
-214295
23002
-362957
75888
-275051
124828
-201324
82507
-253729
141765
-293081
254498
-231894
231155
-231173
219788
-162269
293228
-116019
278110
-104730
373479
25643
341479
149124
295174
202769
266291
206880
219542
329480
100019
272924
26489
372770
11466
333295
-50105
225055
-95412
307323
-123434
267234
-197711
242026
-246944
232979
-206268
174852
-308515
80538
-293716
71719
-321116
101458
-261170
17219
-344451
-83610
-250585
-155880
-203120
-129661
-165171
-178985
-113318
-211015
-139048
-287429
42715
-333138
60958
-264609
165359
-325510
167885
-227464
252133
-233719
295276
-203021
211112
-46216
292611
-144964
258088
-128468
278290
11157
300607
68273
321766
64733
252715
144588
302166
181476
187129
152447
201410
285551
81406
238398
5576
277455
-25335
325230
7410
307782
-80370
206413
-58115
255146
-175829
224937
-242101
126691
-279718
157826
-223158
112311
-253442
114016
-251014
-58515
-198111
-99230
-274921
-86699
-181335
-98468
-189357
-171327
-162398
-176520
-71188
-218832
-80573
-247910
-29828
-273641
35228
-299352
14511
-250897
90460
-215541
142026
-189778
189388
-181591
160967
-95033
213181
-133830
232016
-165666
255174
-84352
335649
-2236
339836
45232
219542
120123
208773
207501
168537
178887
156207
328603
164556
225332
150443
299521
-29888
334852
-76629
312969
-107769
314785
-207820
338172
-147738
167702
-148407
294237
-275032
176728
-236231
132569
-191634
-18785
-280439
16082
-269104
-41338
-293678
-61516
-206546
-109617
-309550
-183386
-227710
-185794
-139231
-215973
-153955
-241367
-89759
-255583
-31098
-257893
28619
-232914
134069
-252195
139124
-271703
185716
-186243
172663
-102156
228834
-139831
197708
-94760
188187
-79620
139596
82466
173562
28456
215682
104341
85296
54644
168520
119162
72750
168767
107899
137639
81234
178995
71707
218337
15499
253396
-81144
280902
-89247
224671
-113435
141254
-116342
199742
-109524
118591
-222088
17280
-165727
77417
-182829
-17558
-166116
-36802
-180134
-31267
-224223
-128774
-76076
-110669
-84256
-163930
-10674
-217253
-15049
-139539
-10333
-149649
-1669
-182518
54995
-178166
33861
-196420
199666
-129068
138945
-130093
158027
-91829
184776
-77792
119638
4125
153360
48900
134552
17926
92802
-13115
65764
66524
82332
118105
51267
63873
42810
135325
66737
107025
7662
152995
12319
160603
-58862
98889
-58481
171251
-55748
114624
-27331
18831
-176721
88704
-156987
86770
-120934
48906
-53082
50627
-148827
10023
-29352
-15532
-49135
12351
-89428
-93813
-79314
-113538
-19181
-119236
10482
-72557
-25013
-83414
44751
-83702
59123
-8834
56905
29487
69018
3001
59326
-21573
83503
32405
94859
7376
105731
5050
69144
-47381
92397
16121
19206
8204
67962
111179
57486
111641
51932
53520
34180
96329
24739
102466
-24038
132936
-28324
42737
-41301
140036
-37368
19931
-35337
17804
21917
39221
-8470
-26445
-34422
-5079
-114434
-31118
-117191
-10329
-105480
28287
-93196
53441
-49542
-18946
-62800
-54422
-1766
60024
-43117
-20127
71584
-3871
31872
-70225
13535
-102094
-5815
-31964
5945
38601
4003
-10092
7888
-3078
14825
6553
-8266
43315
30179
53614
35346
-31088
-60349
-48056
-34788
-1663
-13561
-27190
27609
14897
-1919
67023
-79883
55388
-28160
23160
759
22396
-68467
41536
-14989
93480
55414
70785
-11704
87024
-12339
50660
-57502
-3934
6835
14296
22714
-20362
66396
63432
-16042
25421
-60423
17489
43709
-30791
30190
-43498
7198
-15538
8663
6428
29476
28791
6966
-39778
18149
-12817
35159
-50902
23326
-12875
66451
29406
-7931
92398
49576
48358
46111
62087
28420
83546
36071
47855
73439
28189
-12643
48257
-8780
22210
44590
-2024
-36813
43129
-57928
-74315
-73504
4557
-115235
-54909
-32704
-7850
-58236
-44420
-58856
12480
-15485
-69878
-55091
-86126
-58580
-33921
1855
-39160
-112
-67409
61689
-78968
39144
-79657
96392
-55159
101656
-120281
71637
-112027
52817
-81388
117759
-39063
107062
18960
35930
30166
129854
5846
106236
13203
126528
14626
117932
65584
98166
45081
78953
81790
-62397
114101
15348
73282
-38424
127336
-8982
89507
-85315
117447
-108879
39843
-79157
82477
-92147
-16941
-90255
-44614
-68430
25834
-23098
-11225
-82411
-47262
-39162
-8997
-63162
-85009
-57815
-41319
-109189
-27835
-962
-32530
-23481
-106079
57444
-53806
-3324
-88696
76294
-104162
76318
-46831
114556
-26398
83206
11822
165472
-55601
111308
-39206
93915
-15439
71361
-25294
10977
15641
46177
31051
60874
6573
22672
72725
12799
288
83081
55445
65983
72111
5360
101763
-8567
111372
16070
38300
-20537
115604
-110995
64878
-129082
123081
-136592
117248
-76513
25335
-100517
42108
-129408
-41546
-106625
-23973
-127744
-2675
-131025
-77653
-52962
-121213
-32899
-107720
-652
-17403
-81408
-56043
-72272
-126933
-115751
-81804
-92220
-37566
-6432
-57214
-87013
-68707
-19996
-75929
66355
-45616
39362
-58767
81774
378
80487
-75739
90986
-61185
116971
14231
98522
-6744
68381
12825
141002
79381
118440
109151
21850
128461
74068
163106
83776
56121
68434
110817
-16981
97285
-38121
134894
-51788
71333
-96541
67298
-42279
60806
-55843
60107
-18163
48172
-75766
13895
-110033
81993
-89279
-30377
-145859
-10136
-102546
-35310
-80032
-33838
-104170
-74975
-82295
10654
-83764
-78515
-48668
-49644
-6304
-26030
-58711
-98691
23720
-165199
42138
-63434
69339
-82974
93575
-47599
49569
-90994
75610
-57955
88367
-43823
98484
34652
168299
102439
102812
73753
665
49321
82612
81715
126888
85997
95785
129568
57997
44248
-3737
114805
14584
138669
28660
69214
-32445
121989
-66738
99978
-43532
101434
-61394
99839
-12011
89561
-73408
28626
-17341
14778
-73949
-5236
-66220
-7885
-87856
-61753
5275
-18312
-101347
-24749
-102040
7322
-66506
-30727
-31769
-75834
-56021
-17504
-5931
-37597
-35925
-88700
-29544
-104244
21642
-118335
69414
-34456
98640
65229
8764
-59377
20516
28467
139300
47980
-2035
-55147
102130
53019
57130
52524
61765
7423
113506
62853
26631
12236
37005
127972
-6999
135993
44446
46596
-24212
48340
41562
13134
-17092
56388
-20576
-13846
-26007
90149
-9488
68354
-17625
12726
-24558
63462
41747
-29583
-30853
64208
11598
-3281
-86121
-14273
-13485
-50423
-40527
-16093
-32889
-26157
-21215
18070
-16183
-82834
-86723
-49209
-47005
-51576
32181
3391
51301
-88142
20294
-17847
-3326
-16472
848
-28190
-17151
12049
33806
-69924
122150
-97945
45568
9702
27682
-2328
42317
37047
43064
77546
56909
78904
-7955
63520
27212
152903
9172
109745
-12219
43944
-13919
60027
4793
94953
48854
113066
-53432
104054
-21528
25957
41987
-39281
675
56999
-29682
60273
-53372
23244
-50984
25677
343
-20330
942
28196
18719
-71299
-26189
10867
-69996
44640
-39699
-13047
-11697
-31981
-503
-8673
-66737
-41239
-7265
-27208
46705
-39781
37569
-55284
32625
10252
50303
326
-1014
20379
-15152
-11354
32870
-21006
-516
-27973
96696
-105469
47025
-48345
76758
-68409
12296
-4041
81346
-25541
10264
69001
48366
41038
68867
-10536
