#SpinCore Technologies, Inc.
#SF in MHz
#SW in Hz

[HEADER]
@CLASS=	RADIOPROCESSOR
@FIRMWARE= 3087
@SPINAPI= 20130917_x86_64
@POINTS= 1000
@SF= 0.000000
@SW= 100000.000000

[DATA]
-4734499
-6314691
11933390
-5291005
-47897
12084892
-11695549
-4516277
8727692
-9242098
5329650
11892286
-12850989
296105
4609550
-12211894
9589828
8780664
-11756398
5405238
-624157
-13132107
12418042
4440427
-8647706
9645853
-5631535
-11735491
13087004
-677423
-4028119
12270188
-9924109
-8664630
11710948
-5900286
926788
13135573
-12342549
-4016686
8428548
-9982877
6076223
11596372
-13127538
1123719
3891215
-12464451
10076899
8413543
-11599014
6255280
-1437815
-13069232
12505873
3593004
-8083121
10182835
-6381204
-11391772
12884218
-1549558
-3383411
12621966
-10283537
-7950295
11342457
-6528041
1594213
12910112
-12649089
-3314305
7831919
-10404929
6745624
11086745
-12882987
1925445
2873107
-12525953
10418474
7449608
-10979636
6819648
-2149823
-12780772
12538228
2789966
-7261158
10467469
-6967600
-10753728
12596404
-2418172
-2588385
12461746
-10592664
-7093658
10559284
-7085663
2593373
12417284
-12677461
-2228677
6856554
-10560946
7114801
10459022
-12395821
2832832
2157643
-12423157
10662761
6659388
-10214598
7200445
-2950315
-12304955
12367554
1855762
-6430057
10841416
-7442435
-10135395
12207695
-2950218
-1661853
12307862
-10745215
-6333661
9851981
-7495210
3068716
12033206
-12303317
-1535226
6163863
-10829273
7619412
9819033
-11894810
3417440
1278224
-12216490
10690459
5869104
-9576842
7776044
-3477364
-11837436
12231022
1054369
-5620719
10904899
-7868909
-9403869
11544236
-3670486
-1107659
12114520
-10850244
-5455104
9190438
-8073023
3729866
11418477
-11991120
-725306
5207830
-10765709
8019310
8821897
-11149821
3942189
681906
-11826477
10675578
4944377
-8845484
8084158
-4092964
-11154527
11786929
375412
-4907964
10790235
-8064917
-8463792
10914358
-4197037
-139900
11714102
-10615736
-4706630
8406545
-8180744
4345044
10895860
-11588639
-111793
4532098
-10649676
8262494
8236551
-10649497
4471206
-46487
-11396535
10603860
4176224
-7911747
8070556
-4462572
-10519057
11301313
-193701
-4063904
10603779
-8259119
-7801282
10406132
-4538656
295782
11279870
-10646227
-3919428
7681858
-8338073
4693861
10269005
-11217956
623653
3741202
-10522192
8321684
7465660
-9988134
4881070
-712900
-11108258
10526503
3618611
-7301581
8298331
-4966237
-9750080
10882371
-770256
-3351582
10309400
-8311184
-7093459
9541441
-4886274
1050429
10754879
-10403438
-3217004
6890342
-8339640
5211950
9486981
-10688963
1079890
2976621
-10236404
8350398
6715925
-9220668
5025307
-1191317
-10643273
10218453
2905951
-6490345
8248510
-5280672
-9087946
10346504
-1277622
-2802604
10082667
-8192431
-6395165
9084888
-5173208
1377731
10218331
-10072624
-2673204
6144626
-8154847
5160941
8731788
-10165631
1527681
2489236
-9895170
8237576
6135634
-8719917
5225320
-1580302
-9970587
9859639
2367301
-5916811
8167710
-5286509
-8615625
10021343
-1806548
-2251437
9846680
-8180531
-5629876
8432336
-5415510
1877818
9721033
-9602236
-2023140
5538437
-8194788
5309804
8274375
-9813741
1839032
1925064
-9664122
8199790
5426531
-7944193
5448182
-1953710
-9478092
9512263
1830288
-5258876
8294601
-5343886
-7790130
9339681
-2082862
-1690482
9516960
-8145308
-5054303
7754860
-5300764
2167863
9129379
-9337744
-1632520
5000566
-7979806
5592565
7622053
-9075339
2348690
1381359
-9149952
7947805
4910861
-7355046
5446193
-2310201
-9023313
9157547
1352136
-4725087
7891905
-5571765
-7397089
8901268
-2371520
-1148375
9043364
-7978406
-4535358
7232846
-5476350
2395509
8723708
-8898853
-1138680
4364290
-7758270
5694259
7139062
-8723798
2527289
913059
-8951920
7658067
4303719
-7005330
5548822
-2405277
-8572522
8883818
868554
-4088142
7881878
-5603880
-6638960
8428293
-2564336
-786606
8735923
-7759766
-4059918
6720467
-5561992
2814086
8279315
-8576509
-649162
3861123
-7607054
5534004
6479579
-8155919
2729739
661510
-8656570
7569734
3799430
-6364745
5599190
-2791943
-7950666
8453440
426897
-3581487
7750809
-5722210
-6214958
7987818
-2815773
-418973
8411408
-7578224
-3629420
6191005
-5651421
2789873
7637781
-8205967
-238492
3345622
-7420242
5642188
6014288
-7683267
2954003
141022
-8098365
7494802
3321411
-5787802
5588454
-2919741
-7448935
8090905
182860
-3216514
7418412
-5512109
-5793081
7533043
-2915053
34945
7949467
-7378398
-3210769
5740360
-5845584
3117853
7392890
-7797794
109316
2987922
-7375124
5605577
5355322
-7137432
3067479
-237901
-7748392
7199255
2817202
-5411721
5628554
-3246043
-7103614
7671170
-341509
-2694829
7329940
-5572106
-5225990
6970147
-3184224
305152
7629472
-7087997
-2631284
5147622
-5526121
3215240
6889321
-7496646
312783
2614614
-7173451
5616909
5079971
-6769781
3255608
-510914
-7432240
6986395
2410949
-4794655
5381700
-3375621
-6554005
7394732
-466099
-2437609
6895569
-5668966
-4809805
6500581
-3372419
620604
7232562
-6946183
-2188433
4714277
-5481183
3245696
6346326
-7239132
670377
2117599
-6771511
5540272
4483650
-6186937
3522629
-762057
-7039444
6677177
1948859
-4339434
5613583
-3417519
-6177141
7012380
-869857
-1886867
6585999
-5578792
-4282167
6106364
-3380894
957175
7032131
-6671282
-1635278
3998663
-5518619
3344103
5946363
-6803669
902882
1722475
-6664361
5584645
3892822
-5716392
3556337
-1062592
-6661631
6573941
1613688
-4026479
5532244
-3550657
-5690401
6689754
-1097438
-1465292
6505720
-5584818
-3864075
5379147
-3648008
1209561
6483776
-6397040
-1278933
3839263
-5365995
3699998
5549649
-6430517
1275753
1061339
-6301662
5306640
3458535
-5273449
3504085
-1333432
-6301426
6380470
1233875
-3495442
5507953
-3643115
-5233770
6147119
-1216570
-934660
6193023
-5218489
-3285887
5067615
-3598885
1420726
6179191
-6261850
-1123534
3315203
-5364144
3677854
5150286
-5940033
1597462
889064
-6091379
5351200
3210915
-4972886
3618814
-1451169
-5929270
6065489
771725
-2978411
5224916
-3771640
-4864847
5833074
-1669033
-753455
5978354
-5398249
-2901933
4716626
-3619033
1704486
5757042
-5986245
-606279
2861260
-5259979
3919304
4554260
-5557942
1621116
559239
-5683135
5147590
2803762
-4359406
3599371
-1826952
-5516857
5735142
511730
-2677451
5127505
-3684251
-4379015
5314062
-1764259
-189792
5734474
-5096534
-2600890
4375636
-3830706
1778098
5315687
-5558882
-171526
2398923
-4885145
3725925
4146397
-5293934
1872350
376206
-5594984
5116502
2409803
-4040134
3826090
-1882546
-5201550
5567968
161698
-2165223
4990166
-3858001
-3910579
5020516
-1934201
-110212
5345138
-4929018
-2122021
3787801
-3684754
1875781
4926231
-5333880
6868
2061817
-4970347
3801872
3611329
-4758598
1988336
-27642
-5262660
4900132
1875446
-3613229
3763697
-2250956
-4768488
5269299
-187402
-1819643
4816563
-3706858
-3583132
4669558
-1965298
25425
5025100
-4723463
-1775470
3491757
-3833176
2219445
4467837
-5114082
317024
1756197
-4719016
3748718
3111987
-4337234
2181386
-387452
-4846116
4512393
1686950
-3221217
3772946
-2190270
-4202862
4858982
-430005
-1425209
4678878
-3572920
-3285165
4245196
-2128015
315121
4770647
-4642358
-1476860
3024596
-3779445
2229511
4104709
-4580279
367664
1310162
-4464761
3653218
2952053
-4098349
2131878
-583006
-4783146
4592126
1240620
-2848108
3749955
-2302048
-4002128
4560645
-642785
-1219802
4468378
-3711351
-2827969
3943470
-2334092
698697
4524357
-4503105
-1016864
2723973
-3726445
2411004
3900189
-4467778
701120
957355
-4246815
3672014
2607822
-3882127
2436945
-830834
-4494434
4249234
929670
-2465449
3616540
-2314290
-3710392
4280416
-781276
-874164
4181311
-3536762
-2456727
3630117
-2425976
855479
4167593
-4242913
-770917
2222391
-3606235
2454705
3454189
-4047438
947138
772774
-4097619
3506856
2284601
-3414477
2530157
-1066618
-3991164
4113532
729204
-2171203
3609470
-2372120
-3262717
4073449
-963269
-547630
4100684
-3544196
-2024174
3130098
-2382432
1077223
3891631
-3868056
-509631
2012118
-3529522
2518708
3081031
-3802053
1133724
522886
-3941218
3571489
2015635
-3212827
2627652
-1299340
-3682470
3899399
344436
-1818421
3425585
-2526476
-2895066
3684229
-1181037
-491267
3952333
-3549530
-1700907
2935470
-2598125
1210866
3485251
-3795351
-174867
1725389
-3266756
2436008
2838417
-3515733
1400103
193156
-3863207
3379632
1662233
-2741511
2487919
-1232626
-3558274
3541951
130376
-1499335
3328140
-2590310
-2773409
3332609
-1414615
-83777
3517487
-3115679
-1415940
2623077
-2440178
1343734
3348590
-3621414
60806
1395321
-3300725
2586694
2498548
-3169067
1315381
34923
-3434974
3300936
1139041
-2404576
2586620
-1399425
-3189214
3443203
-24163
-1234571
3267161
-2512202
-2303839
3084560
-1365373
13646
3349789
-3171049
-1222967
2320129
-2402370
1536887
3013652
-3322763
179165
1086586
-3203739
2530096
2320112
-2891532
1460105
-254052
-3320752
3135903
1001784
-2192979
2346409
-1406377
-2793259
3244953
-423292
-1031408
3179311
-2345103
-2131618
2846039
-1525134
302027
3093951
-3009874
-775955
1955512
-2551635
1388612
2885094
-3054143
469251
902837
-2985640
2363905
1918516
-2773763
1539103
-386205
-3079339
2943414
866495
-1866358
2465296
-1558700
-2563199
2915650
-485046
-625300
2952959
-2503216
-1654309
2673749
-1713890
447056
3022334
-2717903
-615293
1790216
-2294747
1560302
2463574
-3023857
510034
605873
-2874235
2440418
1836428
-2349354
1612925
-527744
-2910904
2956271
600313
-1561147
2332134
-1554216
-2323136
2866843
-422958
-480335
2647566
-2325452
-1491124
2338266
-1624400
514003
2744455
-2738543
-438047
1649856
-2288970
1604036
2262097
-2591464
521596
548381
-2571742
2357577
1405088
-2123461
1691069
-677940
-2685567
2751544
423941
-1295035
2376165
-1608773
-2066907
2544867
-627582
-413063
2543422
-2401788
-1198441
1969442
-1656251
691032
2515393
-2607460
-284937
1322890
-2291978
1512913
2054732
-2561804
736457
242007
-2619229
2375627
1051753
-1900900
1664308
-700465
-2326722
2565845
248203
-1093826
2326666
-1698768
-1930888
2350773
-812400
-95415
2392096
-2185764
-1043284
1822593
-1561744
852441
2341359
-2386773
-133330
1048137
-2109333
1794738
1908272
-2209197
791958
-10673
-2387627
2264535
967258
-1712054
1625046
-880348
-2182613
2306825
17298
-924150
2035066
-1731794
-1746344
2175335
-842272
48744
2203895
-2172835
-893544
1593584
-1751182
916696
2200352
-2394030
132278
830039
-1986996
1527719
1515009
-2114974
821195
-77146
-2241723
2074268
776143
-1478347
1703566
-980263
-2052473
2288783
-23102
-609314
2185123
-1699635
-1408570
1871488
-890368
189982
2221178
-2111956
-722580
1425312
-1484273
956087
1860639
-2263222
76608
547849
-2016594
1550271
1293349
-1762265
929784
-96085
-1934792
2080787
609023
-1332329
1753974
-1060870
-1899631
2007498
-364789
-520365
1985699
-1650364
-1213484
1776517
-1045552
140797
2006795
-1996528
-550885
1287526
-1676267
1129874
1814532
-2055266
268525
355045
-1857489
1627355
1125727
-1626626
959419
-352730
-1973971
1996183
402998
-1068229
1505022
-1009831
-1570601
1855639
-299736
-334569
1919362
-1584116
-1124341
1655611
-932622
296412
1904353
-1849600
-355290
926039
-1533208
1010314
1437729
-1774188
353160
390697
-2029472
1675195
980892
-1461048
989592
-500529
-1738381
1860305
224556
-1059414
1401069
-1111510
-1372055
1707257
-371832
-343461
1682629
-1612087
-961351
1394588
-1088752
469328
1744984
-1830073
-267432
952090
-1315242
961411
1318170
-1687556
570060
190989
-1808500
1421363
809361
-1368210
1066192
-389038
-1682125
1660528
203287
-825920
1488149
-1020431
-1360388
1575781
-422561
-57339
1613754
-1454483
-844852
1174291
-1077795
391281
1520974
-1564869
-213985
831670
-1630001
1146219
1236767
-1543606
525731
160037
-1700043
1294202
695515
-1139564
1121570
-447881
-1413044
1490068
84452
-622811
1509496
-1292989
-1067696
1475637
-465665
30043
1570592
-1402332
-683473
1104792
-992338
600987
1384992
-1431714
48814
665337
-1410988
1065123
1214423
-1373206
724169
-59308
-1435245
1287145
581940
-948941
1005241
-624623
-1363552
1485632
151170
-652422
1275366
-1027680
-1082664
1262881
-390848
97808
1325165
-1247494
-458952
958819
-936476
571131
1339748
-1455919
89420
581627
-1393902
900232
969981
-1355994
452427
-151078
-1349292
1389697
374415
-923416
1006853
-534062
-1130249
1258057
-75631
-507066
1211273
-878542
-1004524
1191786
-648337
239831
1510243
-1077126
-461973
807597
-1022489
574212
1217878
-1271755
40773
445044
-1372602
1023942
970808
-1281674
542854
-98413
-1337911
1216394
406564
-790702
1012562
-506922
-1164329
1164916
-57963
-339628
1246721
-931085
-829406
1116529
-582829
22412
1195236
-1126220
-326875
740032
-1035377
539131
998082
-1172419
136812
247771
-1171841
918796
683618
-933842
538762
-93911
-1124094
1123010
325585
-683103
959802
-616196
-1010780
1033394
-207782
-268856
1062205
-914780
-647199
965342
-578352
265002
1077790
-998898
-173698
594281
-954242
687213
1033644
-1125602
100897
294596
-1056635
876126
517772
-756353
522577
-96135
-980444
999176
293640
-582723
906501
-553441
-805825
969623
-215817
-379301
1079745
-680759
-540584
809049
-599286
223662
937599
-974094
-184720
585248
-742160
497334
964298
-964403
367501
48841
-936944
780522
357489
-773912
578499
-143184
-1036105
788630
138298
-538482
807730
-631056
-696127
834637
-302652
-154491
866790
-851686
-330573
978500
-611654
225466
946242
-899092
-129067
403659
-796623
495953
810137
-837290
279443
119294
-869839
825155
424122
-845148
557144
-335833
-816291
817685
182775
-297565
740681
-466968
-647242
886823
-161924
-1916
873629
-718188
-364132
626355
-591678
275003
651154
-853695
15991
504635
-618118
563809
766718
-771544
397900
108095
-840637
663858
259773
-534912
568237
-289271
-679804
621544
58081
-312358
699658
-492534
-637936
786557
-225394
-124268
689113
-620020
-280997
616573
-415937
292992
688589
-694524
28600
243047
-577881
564807
604240
-743570
329729
58387
-740642
782063
296756
-541206
454621
-302368
-604186
529045
-50690
-361564
771835
-430035
-449624
799341
-328145
118285
744038
-590244
-144033
460628
-541845
317509
604435
-669634
155657
223389
-679966
528709
521540
-482874
148057
56583
-593148
655404
258470
-523934
334769
-148654
-460614
571524
-124784
-234603
675806
-317585
-446479
513132
-303963
45645
626605
-636435
-187629
679832
-292468
252226
583823
-713579
-17402
238893
-557836
395701
385983
-538781
336630
-21335
-544267
517699
246338
-474346
377452
-112776
-452047
481521
-76511
-193980
549679
-235149
-290438
407279
-133921
81126
534166
-543853
-126888
256033
-421461
286714
410355
-461852
-45763
59720
-491111
398726
399025
-435181
211761
200679
-500476
502257
156938
-306436
223557
-311546
-455049
315143
-35189
-209936
574939
-373844
-333368
425125
-242372
-79636
577703
-373559
-245875
326281
-373312
297304
502793
-429745
56782
265535
-482867
303932
294413
-543892
200575
118656
-542791
398970
172961
-261729
241238
-77334
-375507
320037
32368
-264010
493495
-409504
-242600
165442
-283299
-123034
480755
-484437
-241013
294262
-257141
116205
300943
-411437
-12109
125683
-351180
277740
301226
-336234
224482
30035
-341511
482678
249073
-326780
299754
-119606
-332722
456437
83840
-160367
345204
-401092
-314342
392370
-12064
-11221
416251
-299726
-209488
256865
-185596
132520
302092
-351606
67151
7285
-248182
93660
166180
-263096
76882
34952
-370217
304597
60258
-344782
261567
-23059
-273238
298649
61177
-183533
477357
-271888
-121233
295386
-108763
-122859
336505
-146944
-163568
401508
-94296
126825
343766
-309844
-36443
89009
-30984
-16469
299790
-346982
-66782
91587
-262372
296608
222708
-109040
221831
48858
-188466
244125
17625
-124463
134850
-12468
-165469
212013
170786
-131354
298698
-254674
-195176
198608
-120644
3733
272951
-260930
-139175
251740
-154919
79418
158875
-183818
40005
132980
-227615
278233
135736
-291473
84256
80397
-214563
239044
-8603
-227356
75830
-207814
-283665
234115
-86934
-50044
149872
-131948
-115065
279381
-55041
-39172
277665
-189452
-67080
146305
-172885
-32498
235945
-344477
-48473
177595
-123240
112939
156665
-220093
79496
-8943
-222566
138276
137063
-62261
129366
-158200
-239634
286732
137972
-238059
137866
-49181
-111704
116996
-45614
61239
274612
-203076
-86552
184628
45626
146756
159671
-142852
54744
129208
-142039
96870
155747
-201572
-3336
63377
-119309
216153
127130
-275087
103316
-44444
-306116
308137
89022
-21058
111593
2135
-240153
264525
34862
-43178
233511
-71961
-77765
164675
-165461
201306
308033
-215724
-185430
267185
-223640
-77029
164427
-7365
-62580
39087
-269805
199396
236036
-136370
53144
-144903
-56050
175573
253647
-100162
124322
1002
-55100
269878
51526
-213677
244094
-128529
-142247
82789
-69285
-67856
307523
-373260
-248727
254085
-111441
11908
155598
-204915
-31362
