#SpinCore Technologies, Inc.
#SF in MHz
#SW in Hz

[HEADER]
@CLASS=	RADIOPROCESSOR
@FIRMWARE= 3087
@SPINAPI= 20130917_x86_64
@POINTS= 900
@SF= 0.000000
@SW= 30000.000000

[DATA]
8670518
-6713436
11632899
-6148658
12743785
-4097695
13254501
-1734611
13478511
629546
13193488
3012582
12413578
5158123
11260119
7299054
9863430
9169080
8025225
10687819
6079961
11860469
3855817
12713969
1528345
13176257
-692269
13199521
-3065518
12750159
-5198733
11938550
-7220202
10912073
-8932328
9357120
-10352507
7615860
-11554081
5620034
-12156455
3414918
-12507111
1322440
-12515680
-915837
-12100469
-3074673
-11226348
-5131177
-10103068
-6903043
-8712416
-8599100
-6900653
-9875708
-5057779
-10921923
-3027044
-11501531
-990638
-11699870
1099230
-11719433
3160728
-11197657
5088506
-10366816
6772158
-9222385
8214605
-7855752
9445029
-6161474
10216525
-4396080
10738138
-2531773
10981182
-559118
10773111
1450837
10168494
3221468
9384487
4950971
8309818
6532207
6929835
7817002
5368707
8825816
3622553
9650571
1864757
9896849
11874
10070795
-1720996
9815032
-3420555
9293761
-4992149
8448343
-6312640
7354711
-7487764
5931124
-8385782
4511615
-8950268
2881948
-9199931
1282995
-9262460
-481644
-8947745
-2022650
-8380038
-3561662
-7470673
-4925917
-6357132
-6227982
-5083708
-7155472
-3758803
-7900827
-2229927
-8369931
-677185
-8534499
812121
-8417250
2335367
-8165717
3758205
-7499316
4917115
-6602721
5951234
-5562577
6797268
-4368597
7420798
-3014950
7808784
-1660384
7857069
-252931
7716158
1183595
7295012
2515463
6714964
3727843
5907124
4851583
4901856
5792551
3722886
6449066
2431123
6971817
1218333
7160771
-75200
7285496
-1435853
7049425
-2612960
6587560
-3758911
5992015
-4653984
5178410
-5434582
4228701
-6051855
3159347
-6433492
2007211
-6614976
709101
-6551878
-405440
-6321140
-1593660
-5841213
-2615762
-5299674
-3571697
-4531573
-4491160
-3608378
-5157140
-2637763
-5599572
-1627451
-5975785
-454406
-6126829
616601
-6036959
1706955
-5674533
2582594
-5296900
3512018
-4731150
4284048
-3993109
4808541
-3108643
5197101
-2202548
5445947
-1213885
5547164
-172136
5356720
764056
5099498
1662234
4748728
2484965
4119354
3293012
3450685
3929609
2669930
4475908
1794418
4753679
933528
4948993
89435
5061277
-812509
4837370
-1653978
4565886
-2445153
4168677
-3097114
3609154
-3638196
2940312
-4067210
2293589
-4394624
1515953
-4513380
684463
-4502884
-91495
-4395964
-880521
-4045300
-1603014
-3679790
-2252367
-3207454
-2918542
-2581346
-3317518
-1932295
-3736040
-1258251
-3929783
-499898
-4057642
257419
-4000169
953227
-3923543
1569896
-3631374
2112779
-3271582
2678416
-2895811
3149326
-2238463
3361564
-1644163
3593222
-1032916
3636494
-432952
3650366
334374
3457493
905737
3209802
1504192
2848831
2002659
2411987
2453446
1979940
2854999
1384056
3102285
837948
3191417
271372
3263020
-321022
3245045
-921907
3154133
-1378939
2830959
-1837563
2528837
-2240650
2179616
-2554525
1727666
-2695763
1183617
-2945404
734974
-2985140
222834
-2889482
-274834
-2701571
-842951
-2511293
-1272049
-2208958
-1677641
-1886372
-2058054
-1443099
-2271933
-1148778
-2459623
-605574
-2559895
-179566
-2583039
251420
-2612598
805616
-2402178
1101209
-2198681
1474526
-2014151
1858773
-1625678
2022740
-1230883
2175906
-909490
2217470
-466396
2288841
-88303
2231007
309135
2112692
680965
1858556
1045988
1718403
1282430
1476936
1608086
1106014
1850589
705948
1930849
360540
2055159
53922
2028912
-280035
1978679
-666685
1845453
-920509
1661191
-1222258
1435543
-1384536
1155174
-1549847
929713
-1659816
613231
-1741339
311821
-1764345
6327
-1711460
-426311
-1683576
-573007
-1447392
-881463
-1295757
-1080220
-1081464
-1258472
-832622
-1430979
-476914
-1522826
-117067
-1583973
115886
-1575175
340636
-1408282
551726
-1387594
820593
-1216384
989838
-1021479
1122782
-828932
1255992
-680662
1337338
-354180
1330809
-123830
1363909
100024
1255938
353274
1119537
543553
1021778
763627
902029
891121
605159
999055
569301
1066101
290627
1220563
64220
1179381
-124890
1165283
-313718
1079839
-437600
954013
-729632
899476
-764145
700142
-889195
623173
-952302
366153
-948713
211558
-962017
39804
-980007
-133127
-955134
-371389
-778336
-475764
-747099
-620005
-546678
-739749
-500106
-743893
-266658
-810078
-112279
-910886
-3163
-778365
142768
-750431
305228
-734394
454856
-666599
515748
-541118
637937
-467005
668180
-303756
663351
-139689
680452
-103753
652305
44482
675257
243691
572367
317527
522717
387776
410802
423775
298532
599337
222413
562928
161056
623944
-99185
628771
-205620
551195
-198881
427323
-234268
454800
-357877
357081
-452017
281592
-447635
206110
-435215
129980
-495461
18029
-365375
-126516
-398968
-122159
-316577
-124984
-376471
-269065
-302484
-303954
-91156
-379042
-134722
-358939
-72738
-394753
58153
-357882
158690
-261081
160223
-242411
200715
-180312
178582
-166447
278887
-118705
280279
-105254
266559
-106576
332432
2957
225648
75693
224730
168396
104638
162200
104644
181220
74045
191333
66516
203110
-8781
214464
-62309
251146
-131447
154796
-87230
136709
-141153
125831
-193839
81878
-175789
-37259
-193060
2818
-217122
-87608
-163901
-98560
-51948
-191466
-65923
-170590
-91624
-190428
28440
-225151
56760
-245954
84200
-78730
92482
-127411
64300
-99135
162286
-70861
228718
-69512
254921
7004
204487
31672
194329
120721
157223
25809
199256
225148
170402
175016
116462
255685
10722
209549
6034
259671
-111094
317548
-101535
192216
-92186
196174
-175350
218403
-196409
136280
-219101
65123
-240222
64600
-330065
-46598
-338918
-146379
-199193
-187287
-236565
-181398
-229340
-223796
-187836
-303115
-75227
-322469
-82420
-325636
-61012
-315868
15086
-320759
94939
-363058
272383
-298455
243299
-237183
197554
-217569
327430
-156875
386599
-130704
411442
-18594
377834
116532
370113
149937
391011
151150
322222
281804
206735
329384
277492
296655
211958
343498
127405
462270
-53618
428503
-112375
338539
-100183
400070
-309269
398404
-205823
253743
-372467
237202
-407136
189127
-366148
166199
-508643
69630
-413548
-28378
-458321
-86974
-468719
-165004
-421721
-327761
-261432
-353798
-248728
-362547
-208749
-472841
5294
-471187
-89255
-466287
90257
-529523
167640
-492244
244329
-364315
267830
-376011
425969
-322119
399814
-171666
402327
-158963
467441
-50174
506058
3475
452237
124713
409160
221314
476084
255001
418602
402110
255100
357980
301451
404091
209014
515921
35143
532605
-71698
412601
-85281
493515
-207863
474825
-267155
459526
-388215
426952
-371662
298625
-452307
205882
-534023
153797
-537623
52681
-547072
-96566
-491456
-115776
-399133
-163462
-480238
-304003
-416737
-425200
-344968
-462988
-147474
-508204
-133156
-477852
-121420
-533610
94503
-594335
202609
-539294
229693
-455430
358586
-458376
408664
-366316
467186
-281731
458322
-182223
559890
-26480
608612
-48823
577454
102316
579092
258958
433432
302881
433308
422113
397425
405968
263787
506185
155487
499103
43276
513207
-15691
466696
-113129
590195
-206284
483841
-266442
481218
-333712
421988
-426388
359560
-532339
260861
-554689
198348
-587813
103436
-531178
-58268
-542492
-63956
-514128
-283302
-485835
-299391
-426047
-376017
-312381
-435670
-249998
-579280
-130900
-613175
-55785
-573763
-15922
-597594
209819
-613366
270554
-478856
263239
-447660
336503
-423352
455654
-349622
560083
-190649
545299
-37104
591542
43932
601081
89101
508935
259519
468457
270567
481416
307468
288897
410756
304838
449599
172822
435884
114187
550027
38110
596427
-87613
552957
-228884
532374
-247136
447210
-248696
419543
-466039
344681
-474247
223600
-514447
142238
-571566
36864
-499001
-30249
-543915
-86773
-590847
-170437
-505439
-298445
-364670
-369448
-307216
-404009
-221097
-417615
-156846
-530885
-65078
-510231
61910
-494510
85056
-464288
278836
-508007
314332
-378111
353150
-313264
382190
-311067
465363
-107313
551310
-88455
433123
2989
467143
74879
447505
215698
452309
203664
398134
337646
350505
431049
175376
430491
193030
389595
145042
452956
-9166
516123
-133835
463626
-114249
370921
-244868
383443
-303932
345026
-346623
360325
-429138
134453
-429897
88168
-445625
116251
-416764
14560
-430448
-71960
-414104
-128628
-408134
-277481
-277350
-336404
-231584
-315011
-218187
-374032
-130284
-368616
-85
-453979
65683
-326015
89500
-445217
169881
-407221
238411
-368626
288785
-346600
362072
-230754
347881
-135722
387031
-63590
394147
13819
471618
34991
341584
174567
327935
187993
223007
208316
235926
268861
219902
262587
83052
370678
-3348
322676
34925
378245
-88065
434202
-120085
329973
-244483
289398
-200025
237376
-341446
210250
-356098
130714
-319755
74793
-384702
113444
-412550
-100891
-246446
-75320
-281614
-114417
-243367
-57296
-224641
-283433
-117677
-320323
-158281
-286245
-143099
-243746
-1330
-372783
116681
-285492
128145
-284424
83304
-317877
201141
-297080
257041
-113251
238175
-122704
236546
-158218
372134
-49514
326876
45447
270025
45603
298217
84274
268746
199203
194242
215543
75338
189959
124058
172259
37239
251984
-35361
254520
-49016
217929
-7333
278932
-162364
262500
-194076
157406
-168456
100619
-62791
109949
-237708
134563
-222801
43425
-220384
-16032
-175242
-35812
-189661
-80943
-165848
-143584
-155421
-205991
-46490
-217790
-136236
-157904
-78848
-186421
13387
-173980
19778
-155167
50094
-161162
100075
-103866
133015
-173204
131709
-113684
158118
-53760
97496
-60237
137646
-93146
206479
56962
114110
26280
163697
51891
128276
59013
29425
143252
56053
75908
97043
122673
-16161
167297
-44114
27328
-24036
67952
-22210
60045
-132345
57095
-109649
21775
-60569
88215
-129374
78421
-39444
-73810
-53518
29494
-125263
-73886
-13162
-28217
-33895
10844
-35426
-11525
-43101
-72238
26559
-1068
-28822
-133125
69689
-61226
84134
-1776
56436
-67942
45384
15632
14114
-16338
50011
-36453
128983
-26871
176338
96341
-34512
-11406
122180
-29860
62945
60279
26229
54553
-19568
76214
-5394
13872
62683
102820
-111166
23037
21983
50682
-52595
55719
-59383
10895
-38790
10638
-88612
41175
-72620
47987
-89730
-56751
-28052
-36496
-127310
-52647
78287
-74488
-15325
-42864
-31955
13178
-12892
-92801
55157
-96290
142767
-61566
-3628
-51064
73744
-49629
142190
-56611
85479
-30655
64140
-5566
121682
50618
47245
56948
88047
15400
38308
29581
59840
6295
27178
78177
-38055
132277
6285
119087
-3163
99301
-16248
80416
-68246
108105
-65348
-36903
-31375
105743
-133462
74211
-78054
-38753
-86553
-81899
-84736
17403
-166620
-18540
-89291
-88156
-38411
-127264
-32122
-104919
-68379
-36696
-28350
-189151
83920
-149761
23337
-135314
50652
-87828
40404
-94262
36315
-110566
26041
-43897
117448
-62176
81902
-7255
84277
-93248
136145
-1696
131168
14888
144782
37075
114590
78055
127110
102061
109087
106776
84933
144582
34181
63659
61046
144370
7456
119898
-43545
105007
27445
73368
1447
99047
-104879
185876
-112195
87689
-107033
71675
-56437
45474
-171176
26327
-154532
-42894
-157822
-48181
-116131
-114518
-124768
-69064
-89098
-99698
-68760
-30769
-77462
-223553
-28153
-179971
54478
-144549
-12016
-119644
63412
-102347
24425
-137649
96320
-31417
57228
-99564
148796
-79441
118360
-61267
281427
-63864
157141
-90044
151487
10415
103696
35222
159870
72388
160685
89072
125156
127989
46620
145537
40953
212994
-56580
169589
23548
115466
-61100
190196
-41155
137833
-69144
125159
-53946
78968
-64282
152905
-157634
74906
-156966
-13890
-108245
31580
-136046
-17421
-224860
-5164
-182481
-84404
-68292
-107776
-106315
-123759
-62814
-125071
-81524
-101747
-47472
-127503
29695
-193086
44535
-133861
4469
-162576
130997
-173366
101431
-61693
111669
-186266
200925
-87220
135848
-61676
144065
8486
173522
-39741
155823
-26860
166078
38706
57001
88607
82651
63745
87108
190022
53119
108577
108925
136727
-8966
153547
55360
117158
39918
178134
-87741
128295
-78104
77986
-26419
160195
-69881
154505
-206250
106495
-123149
24170
-138450
46955
-76372
-1075
-150111
10863
-109710
68285
-56363
-77069
-63494
-117319
14903
-54606
-100306
-126919
-120167
-185577
-12267
-139773
-45316
-151533
26004
-110859
18125
-152713
37245
-73160
50391
-174586
146643
-47942
60100
-79348
48320
-107520
118511
-43256
170505
-45510
144574
716
193073
6848
159875
-52494
165069
61054
102838
159322
60155
59953
73255
19667
131099
96574
3370
133625
-49355
100981
-2867
137755
-63548
134317
-106030
137536
-45974
70518
-74461
166918
-70757
52845
-112805
76957
-166730
27205
-83423
-9762
-87471
-2427
-78110
-148158
15209
-51540
-63761
-76668
-136600
-95094
-62091
-134145
7010
-141978
-44739
-140656
-43022
-119219
-55422
-129213
73501
-88851
40365
-129327
89884
-66368
58934
20918
62360
-105862
96935
-5418
131011
-17937
131330
18217
60885
-21278
94205
34592
130112
53532
94756
103154
150157
114257
57236
51770
52056
84872
-38755
95995
10196
104711
-47930
211716
10900
85978
-20805
100797
-13716
94293
-126637
41939
-87622
-88655
-55141
54505
-103599
-1963
-26297
37636
-149972
72318
-48420
-124679
-46135
48870
-61081
-44172
-53797
-114367
-28514
-132679
-3973
-57812
-73774
-89522
-36212
-173751
12772
-102698
57015
-57789
-16839
-95021
107911
-204564
65146
-18761
54972
-34686
38614
-9860
47526
-77558
71103
59596
85005
-21798
122761
31124
89739
57037
57889
24489
58851
98530
67276
64318
69085
120541
24340
121261
-14875
96433
38924
165007
-63163
151826
-92889
46195
-36459
86228
-42619
96291
-78967
72761
-77336
22411
-24567
53387
-86636
3095
-148261
91544
-153005
-18099
-103124
-44990
-117575
-28282
-34181
-8735
-41095
-78085
-53616
-59668
10552
-40657
-4668
-22632
-33615
-80475
-27698
-125232
84924
-1447
-27537
-146296
70587
-52401
103089
-1117
-24192
-61560
79199
-71434
44891
1893
129134
-54952
14245
14086
-6930
-36619
81891
24444
163089
8925
