#SpinCore Technologies, Inc.
#SF in MHz
#SW in Hz

[HEADER]
@CLASS=	RADIOPROCESSOR
@FIRMWARE= 3087
@SPINAPI= 20130917_x86_64
@POINTS= 900
@SF= 0.000000
@SW= 30000.000000

[DATA]
8807052
-6753114
11662168
-6235729
12794181
-4173681
13411942
-1760422
13527372
568582
13282492
2935474
12505414
5092852
11407116
7216025
9954515
9055636
8162544
10665054
6133162
11800182
4022101
12732918
1680876
13131302
-633461
13194969
-2896513
12829406
-5085441
12078521
-7048602
10917784
-8846339
9449805
-10303999
7780429
-11449142
5741627
-12111617
3590197
-12579077
1538792
-12561061
-791412
-12055858
-2906626
-11398811
-4941738
-10172625
-6877849
-8798383
-8421257
-7169035
-9882808
-5142954
-10823547
-3231765
-11489550
-1129209
-11768548
888431
-11691879
2992735
-11281497
4869705
-10434590
6585009
-9303287
8055560
-8009071
9309545
-6333696
10130270
-4572469
10703818
-2654615
10912847
-748496
10758266
1145830
10304439
3048340
9561510
4841577
8431880
6329624
7128714
7673385
5648089
8728453
3882683
9450602
2063701
9935581
311515
10042070
-1476585
9850450
-3185482
9350748
-4758502
8515376
-6166853
7438203
-7302228
6209498
-8271523
4709771
-8819647
3125744
-9218013
1546286
-9283565
-192919
-8952720
-1860782
-8431079
-3301416
-7639592
-4727839
-6630434
-6038415
-5361859
-7028233
-3951630
-7741511
-2494144
-8238833
-878761
-8570483
571105
-8465050
2065267
-8228359
3542826
-7571882
4714006
-6731569
5836784
-5777531
6713274
-4557719
7290855
-3330471
7821795
-1958291
7851046
-525905
7747846
865203
7441028
2304287
6817807
3493294
6076048
4542786
5077302
5596447
3908840
6322442
2769729
6784678
1408377
7199048
93886
7291942
-1147949
7094257
-2295190
6738985
-3461114
6110359
-4510299
5351239
-5325795
4427262
-6020069
3375045
-6358244
2221294
-6528193
1036034
-6533431
-115796
-6473325
-1252771
-5956254
-2439515
-5483421
-3387647
-4704964
-4255706
-3786989
-4978436
-2892750
-5495105
-1840943
-5880940
-694067
-6056491
256627
-6054453
1397613
-5753615
2414854
-5401747
3264222
-4746353
4005623
-4149859
4565825
-3314661
5099115
-2473964
5371088
-1475043
5529519
-487780
5410698
471951
5159506
1414991
4869021
2271614
4246379
3138189
3669068
3667293
2907865
4231386
1981514
4710066
1248655
4865361
262381
4974748
-611744
4901253
-1360217
4645320
-2151290
4348038
-2911092
3770696
-3482663
3149722
-3899629
2463075
-4293291
1744983
-4415264
895970
-4459663
118411
-4365940
-663292
-4168592
-1403296
-3859970
-2111069
-3385588
-2672718
-2778647
-3211635
-2145321
-3568306
-1502044
-3787809
-698272
-4011761
-56440
-4037123
720627
-3953760
1431029
-3760252
2004002
-3393929
2467321
-2970642
2940489
-2408898
3245041
-1881159
3523974
-1321705
3651011
-499780
3596338
245
3566528
671343
3245739
1267867
3061528
1745214
2541793
2273390
2095625
2598468
1705306
2950019
1059331
3245538
476527
3245986
-50508
3214218
-672820
3136695
-1103612
2927716
-1629039
2561571
-2069034
2330125
-2400463
1808508
-2557299
1470337
-2830059
958778
-2946888
469677
-2811673
-146815
-2734467
-620557
-2619964
-1050049
-2288931
-1470064
-2027776
-1895751
-1584685
-2196793
-1245502
-2386212
-722076
-2515091
-356446
-2572113
120267
-2616622
585163
-2467449
966282
-2270834
1306414
-2048581
1713339
-1762303
1938867
-1376264
2059179
-1052386
2243649
-702627
2309612
-286403
2244342
126261
2255978
557046
1961311
895362
1797738
1152838
1572251
1436686
1123126
1706869
880851
1764460
531416
1880323
184055
2007341
-179861
1999937
-459046
1865882
-753668
1702625
-1081427
1598651
-1321073
1310704
-1510040
1099517
-1652783
741223
-1680499
397289
-1732579
111742
-1692788
-172624
-1590542
-448217
-1568508
-734483
-1256951
-955712
-1139425
-1220441
-841370
-1311811
-644091
-1491654
-359285
-1505643
-81215
-1576834
183250
-1482677
498165
-1396088
681394
-1312729
828223
-1130630
1074871
-937588
1244457
-736944
1265613
-461293
1293883
-267775
1289906
42521
1310058
213335
1217989
408234
1076759
601263
916058
813420
809901
927151
618119
1057132
451193
1122341
160278
1147350
-10635
1035318
-179045
1127448
-462027
1032654
-532296
861342
-719879
792899
-821716
604172
-952597
461452
-996603
332629
-978429
80934
-1034153
-75370
-943129
-185959
-903092
-407235
-759459
-497619
-674545
-556824
-546512
-728046
-351332
-805643
-187300
-747808
-107992
-895003
136038
-815194
279595
-703327
332039
-664422
450457
-581338
552386
-563872
591292
-456043
649065
-229752
720731
-108986
682136
-13170
642792
124139
662452
253378
590067
375632
440387
408835
379133
509041
324962
540399
116140
596120
45453
545294
-9388
539076
-179027
522310
-186853
452763
-295561
420013
-327690
445816
-418022
210433
-411990
195005
-478660
92076
-415370
-47581
-383320
-56780
-422654
-193934
-335521
-240159
-272510
-277053
-219782
-304497
-192408
-358478
-85072
-329452
10340
-323096
111998
-304655
127975
-214570
209090
-302560
214293
-264275
206759
-201101
289647
-110702
269411
1360
259818
26509
185511
86855
241183
103156
158530
134878
80626
204404
81547
249026
50763
183621
67770
162292
-1935
174683
-84084
181750
-63312
134133
-70036
102860
-182561
142778
-198959
34875
-241830
-11998
-191437
40331
-137096
-106617
-71019
-155878
-65484
-125479
-135054
-129507
47463
-174021
36236
-165261
79591
-153525
125748
-60514
134316
-163324
183097
-50902
110581
-119566
210671
-39533
290872
8055
137398
20984
203090
111021
149453
183430
66603
197792
119369
238852
102218
277931
49126
266727
23693
274171
-70772
293278
-113077
170160
-177261
183577
-241669
73073
-244897
175253
-265895
80073
-227126
-36072
-287530
-72678
-293606
-101721
-335084
-135257
-224071
-244601
-212300
-221905
-157939
-289477
-95681
-356898
-11361
-342563
-7273
-350262
35141
-337755
129283
-278407
275586
-320559
319353
-290502
322561
-149626
351722
-172059
370024
-48408
463666
-55218
433853
122692
376280
131259
350004
256448
297752
256945
185821
360617
192876
360704
146279
379316
41457
417371
-21284
382381
-58396
418635
-208044
395055
-240372
324765
-324608
274872
-359943
255535
-426326
140521
-432284
76122
-456942
26459
-496667
-31124
-454821
-113351
-413195
-164713
-388691
-256296
-359290
-356422
-264184
-422015
-189369
-356980
-109315
-426756
-52574
-430912
86123
-437827
131679
-422145
254947
-450215
321608
-321654
338866
-367235
421284
-201723
398789
-88360
498199
-90586
506224
22838
487788
132453
486404
117282
416374
280315
415759
372350
295653
437518
171546
482384
142974
491682
83054
512971
-21437
527629
-141356
442570
-235080
459457
-225781
435032
-372900
323612
-509344
303440
-490625
250203
-506669
119689
-536516
41077
-474277
-14527
-479124
-81297
-532272
-236878
-418055
-369524
-403052
-413110
-303142
-459110
-168489
-546654
-130814
-510858
-55220
-531156
87942
-573281
158893
-441210
269329
-468158
326726
-444274
475387
-364434
456176
-233664
500528
-207783
601064
-151172
542593
29703
531212
84811
512942
94300
456435
351127
407701
385233
344285
423626
245244
567310
140105
532106
150669
543223
122
581727
-117065
552519
-203442
462493
-314546
495778
-398414
424521
-409856
332384
-559428
267580
-593543
159566
-519863
72864
-518969
-72896
-453133
-71228
-521959
-234216
-405572
-333679
-359703
-326840
-286913
-475084
-221054
-482316
-161819
-575397
-31028
-552979
117221
-578976
168290
-531409
180219
-531632
304082
-435238
412093
-351101
513604
-339021
503219
-204142
449287
-177830
644604
80309
505270
141844
495128
132710
483038
187201
344757
353482
293688
365552
305500
448427
144411
500622
104052
501339
-7084
523304
-189065
567807
-200843
511914
-296554
448121
-326325
514383
-449961
399725
-476042
222901
-383216
180489
-537732
108744
-481075
-19328
-505287
-133492
-543521
-188814
-478937
-306906
-361752
-276412
-323875
-395721
-204215
-501784
-158671
-514348
-16258
-544196
87
-517535
183892
-484791
245865
-424480
263843
-426347
392255
-402971
422902
-347914
393784
-209627
529313
-192230
496217
26755
454611
96004
475303
138251
395986
216009
326327
299145
378432
422880
256125
437483
216898
377413
96978
462610
-8613
477815
-56765
452995
-128921
422354
-269687
408890
-234075
338718
-345461
291113
-407617
309071
-378447
194837
-477239
81019
-454524
-59872
-388535
-105048
-425928
-194358
-346457
-175441
-343812
-299866
-245540
-321388
-189096
-382681
-130423
-408716
-14402
-420521
23429
-424197
66849
-338302
230493
-383424
251668
-348210
270218
-287490
365742
-210903
351301
-126972
380914
-72598
384813
-36063
403594
39319
348316
117910
311923
118142
425114
254062
218464
329399
199839
240643
164267
268617
-1861
394180
13679
461863
-21566
369810
-161493
293198
-145033
266314
-199695
206011
-216626
243111
-308119
156715
-328581
66905
-280864
82650
-371116
-54288
-311657
-110469
-322540
-103999
-268339
-197797
-225566
-243452
-197378
-266459
-89139
-258933
-78862
-299065
-107867
-257735
58288
-300446
89274
-288818
160894
-357674
235269
-226217
158567
-153476
267099
-172775
207922
-39810
291862
-100029
325212
-43815
237803
67325
220718
103467
225217
148380
213716
144062
197184
175003
158719
93173
57588
204583
8339
230061
-17320
213241
-36281
356655
-100203
227801
-82093
184293
-158106
181969
-137531
140515
-166544
51239
-204366
2831
-258936
21311
-214935
-13730
-216799
-48245
-191543
-85779
-139655
-157108
-94346
-123927
-89435
-153480
40883
-186967
-75751
-138685
-27936
-230567
46125
-136752
64578
-137528
94873
-96196
102739
-59595
188521
-87180
156799
-29697
124391
5646
113454
-43778
136114
95077
85527
49642
80261
68297
74140
57411
136662
121311
51158
154275
79976
82776
66789
110729
-10779
147438
-83879
110979
-99620
50627
-32235
100058
-148987
82107
-3048
46984
-74027
27640
-117465
-76089
-51299
-7130
-134782
-46903
28954
-129310
-35683
-5732
30490
-23039
-75141
-63027
20134
-72721
-25130
-71911
37216
-74391
8827
-24756
27191
-74958
42140
-33106
26545
-1402
90792
-53068
60928
42875
-9546
12470
-16054
43306
-9616
50326
14112
66252
28776
8625
10361
190845
-46049
54152
-526
100775
-69428
49271
-85156
18478
-5998
-20606
-108835
58600
-55725
5347
-68960
-36769
-8474
13104
-127270
-61906
26171
-98350
-109768
-68103
-23407
-66864
39225
-22498
59264
-41282
-20364
-105393
-22350
-97350
50069
-49376
101880
-68511
48814
2024
77231
-47867
95538
50516
9936
19408
90883
41324
76620
77277
56099
135540
21691
117208
76911
108934
23070
169912
27489
78328
-113263
72434
29350
108358
-37863
121138
-128805
37870
-43557
27090
-120657
74226
-138470
-10602
-97396
34277
-156237
47300
-133796
22921
-69059
-67698
-146386
-14633
-38442
-110333
-55976
-29893
-148343
-34292
-42028
-199485
66240
-113443
-22521
-94562
2630
-137971
142080
-93009
130307
-134259
134680
-62886
145307
-46420
178597
-8906
122313
-55261
151333
-3441
101613
20764
115662
96720
160975
37717
87231
96183
103230
197195
83894
77770
46585
184479
20048
139311
25087
112231
-31004
112081
-78041
100982
-57869
80718
-141412
79290
-130549
130907
-133463
87615
-151529
-48503
-83853
-23601
-121603
-54305
-108659
-70314
-102354
-22427
-84518
-18751
-87757
-155564
-75359
-173223
-91899
-99621
-57469
-150243
73063
-91720
85904
-161369
76420
-121789
72161
-126964
80940
-120304
126747
-55343
117402
-132917
165737
-61109
134028
11382
182220
-39240
116923
99893
126721
8668
134418
39456
56520
132983
28797
100075
112642
163350
52538
177919
33910
183700
18116
82961
-61049
181535
-153739
80516
46069
92104
-151792
97639
-132917
67917
-139981
90272
-141116
-76297
-193261
13857
-219232
-16269
-168820
-88362
-69466
-77555
-176651
-75534
-69740
-158448
-66136
-111207
-47448
-161647
-108179
-180071
-77862
-157379
111366
-186529
52717
-138534
11446
-155744
132655
-206185
28769
-20556
128107
-59023
56638
-87028
78009
-13617
231236
-48707
159341
57620
113257
6600
123315
39345
154299
118242
67536
89814
76389
176774
83118
168836
47077
83072
43521
164930
50448
141104
-107306
163189
-48156
181641
-94192
154535
-130618
133813
-139704
28295
-160443
100113
-176971
22729
-114885
72034
-280193
-69654
-136441
-87806
-73600
-44634
-135367
-58287
-137187
-102598
-63172
-138703
-42183
-110920
-26769
-159220
7384
-32641
48957
-146180
6713
-168498
93549
-153399
105600
-114117
90145
-97354
105956
-128997
90171
-39701
177017
12811
141260
-17802
128423
60628
154535
64915
158337
68662
87741
118355
123746
22478
90339
115363
49805
172164
5197
9527
74981
154130
-53513
89314
-45203
40805
-18905
160756
-54052
162655
-121060
39898
-51851
19012
-160026
103287
-136030
-33911
-114228
53098
-170373
-3574
-61721
-23943
-190450
-25082
-111284
-83322
-79886
-48364
-117378
-85750
17750
-200089
-25795
-86823
-24988
-103196
43115
-208245
26038
-105267
43974
-36587
73842
-160220
95246
-95027
51592
-66703
73575
-71382
135178
-42613
81653
17636
37326
49451
176014
37246
61381
32843
71606
82214
47372
43998
90534
45439
121476
154260
51080
100979
9957
82849
13795
115113
41748
106228
-26601
106265
-68213
131026
-142711
51460
-71002
82508
-61559
117873
-122952
56948
-149026
11571
-162357
39105
-106417
-22591
-91920
-61723
-77638
-13922
-119477
-38159
-8160
-67220
-50604
-28273
-42771
-40618
-17673
-65246
336
-152226
22314
-163842
20075
-57825
8323
-54688
71924
-143772
57289
-29280
104424
-76696
96050
-76805
71447
-53705
123019
-114
83381
-42595
130322
42535
102659
-10335
147078
82056
73614
30991
12226
66469
143653
25249
-7813
121064
1293
83262
-13870
123920
14629
90466
-9452
36576
-74270
4889
-28643
111059
-60118
51214
-59808
38195
25763
55775
-98384
103633
-81361
-27999
-34294
47402
-39599
31968
-89391
-73966
-20954
-16988
-55154
12216
-118246
-114799
-4369
-80734
-67111
-69933
-29239
-40615
-17520
19162
-61252
-124193
90765
-96820
32651
-53072
72960
-80858
50774
-37365
72733
-104101
121903
30896
9776
8903
140763
-19276
191126
-18918
