#SpinCore Technologies, Inc.
#SF in MHz
#SW in Hz

[HEADER]
@CLASS=	RADIOPROCESSOR
@FIRMWARE= 3087
@SPINAPI= 20130917_x86_64
@POINTS= 900
@SF= 0.000000
@SW= 30000.000000

[DATA]
6662413
-5103901
8862762
-4676484
9694337
-3115199
10144972
-1296455
10326142
484063
10121874
2436435
9463048
4141415
8633767
5711285
7470896
7084751
6086948
8275404
4492140
9201253
2794846
9880444
1077887
10160387
-720434
10124271
-2466860
9829671
-4223074
9175920
-5725023
8246657
-6990349
7107522
-8076262
5624516
-9023538
4178744
-9585303
2488662
-9745394
828733
-9680009
-901867
-9378760
-2529437
-8668221
-4117815
-7772707
-5520342
-6645526
-6822680
-5264442
-7783044
-3729108
-8563850
-2186980
-8973347
-572205
-9178593
1117263
-9131801
2733309
-8651525
4138528
-8048590
5469537
-7118347
6651654
-5948189
7491428
-4670024
8156345
-3208256
8488921
-1737205
8589354
-190200
8410563
1290748
8011493
2778418
7287309
4125442
6311728
5352699
5289968
6390782
4047515
7101328
2600217
7681033
1224549
7922529
-266620
7933030
-1587491
7728279
-3027012
7269497
-4173755
6509424
-5195186
5603962
-6010899
4601980
-6734168
3326471
-7178189
2101492
-7360146
760315
-7287385
-605281
-7035458
-1876482
-6550239
-3121809
-5768424
-4130197
-4832255
-5060510
-3928422
-5847430
-2697246
-6368575
-1505449
-6677191
-262504
-6796203
919287
-6624138
2123518
-6328389
3165538
-5831163
4040425
-5104318
4976626
-4195420
5498995
-3303446
5994229
-2159894
6263022
-1077890
6266105
34508
6093528
1140201
5757944
2233951
5164893
3220662
4444569
4094589
3665360
4742071
2684784
5239692
1669295
5596505
634032
5790486
-366117
5744637
-1409060
5589904
-2393728
5093873
-3150289
4602463
-3926393
3937735
-4497759
3168439
-4913742
2187837
-5213142
1242964
-5334962
374425
-5302197
-596695
-5006770
-1563208
-4538892
-2394408
-4014326
-3184856
-3402194
-3765158
-2630036
-4207890
-1813052
-4613350
-891521
-4789877
-57677
-4790978
734939
-4678507
1585818
-4392119
2299577
-4077610
3003438
-3480587
3472680
-2900072
3951831
-2154312
4246640
-1434642
4336936
-626431
4425734
78003
4271795
954593
3973896
1627372
3565589
2270352
3085717
2849496
2494017
3276832
1843475
3625501
1252519
3905462
495042
3929620
-215978
3959573
-921707
3785563
-1554998
3534452
-2171365
3186323
-2707228
2725537
-3058978
2192551
-3358502
1545559
-3511629
955095
-3594503
257358
-3520807
-325030
-3375287
-963310
-3068247
-1484876
-2795947
-2000407
-2251884
-2517780
-1837019
-2834020
-1320330
-3060637
-703480
-3183396
-205199
-3217187
423108
-3115773
971943
-3106361
1479283
-2820340
1906772
-2503111
2381758
-2017663
2551995
-1586409
2805621
-1035523
2832251
-490302
3002554
-69248
2839020
514060
2650561
911233
2411654
1437835
2092304
1841791
1766851
2144670
1331868
2360252
930755
2547282
363396
2645502
-104628
2648470
-535416
2457415
-960243
2345782
-1187559
2088869
-1638058
1820576
-1861825
1489864
-2114256
1133643
-2209805
713838
-2302269
334836
-2346878
-73967
-2245212
-474793
-2099676
-788982
-1884189
-1195278
-1633494
-1586257
-1301536
-1753851
-1026746
-1895053
-624214
-2051638
-322598
-2050422
14891
-2073461
448175
-1979955
769261
-1863682
1074068
-1688796
1286689
-1391292
1576417
-1122465
1740084
-838372
1770131
-533550
1829929
-217090
1855356
177975
1716140
453460
1612121
802976
1381310
1065429
1153735
1221180
1047470
1426702
675292
1561991
368771
1650605
118583
1663776
-145339
1572267
-424382
1576082
-687471
1372452
-947766
1223639
-1091546
1111618
-1251372
759291
-1348506
522339
-1351936
283130
-1421340
39637
-1340909
-216995
-1339272
-453227
-1175896
-652916
-975131
-822364
-826237
-961126
-700533
-1080155
-498752
-1138598
-227396
-1225936
-51207
-1240546
192299
-1191376
446917
-1165262
600350
-983854
745735
-905310
917750
-740985
1010463
-585123
1169664
-344056
1088182
-133790
1200810
23365
1112588
184695
970714
423822
840574
594765
822708
802115
540560
883942
441587
920510
216587
912818
72235
890624
-72519
948372
-246685
868112
-456428
788102
-580438
686902
-687361
661209
-769184
506498
-808727
353596
-818690
142607
-773188
107572
-833742
-130871
-785222
-277459
-661284
-427644
-575343
-526947
-475239
-570485
-415131
-612852
-225582
-648315
-177846
-740659
1804
-662488
97596
-686602
220529
-622496
241208
-481412
374970
-461739
543138
-435441
603935
-289392
574577
-246310
560667
-126322
599687
95297
566085
164574
511298
196545
412547
208680
384250
322245
314626
382603
171487
363300
111246
427483
-64815
429379
-119904
410272
-154791
421012
-210139
344221
-226903
308858
-262346
301504
-331802
130281
-377505
69966
-389442
-30688
-409012
-67627
-417459
-109243
-420179
-90452
-290906
-230867
-302754
-206549
-230525
-226267
-133401
-304461
-71247
-250658
-29168
-260331
19405
-303692
137797
-235629
97092
-260683
166871
-215510
231188
-172188
219730
-44340
226998
-34432
229765
34594
142091
73268
116170
95691
118019
106250
67278
184267
53687
110842
32770
170117
-4787
152013
-66592
165616
-84494
165541
-149963
166466
-234927
98420
-115242
54788
-177699
42529
-141668
-38244
-142495
-21462
-74022
-111030
-127146
-99802
-111296
-152856
-97345
-183345
-105661
-148536
97437
-114774
12629
-149392
75675
-61253
129591
-56710
151112
-30069
160796
-29596
153449
118988
215750
77234
163157
150285
200307
123426
85208
128294
131855
183638
-17231
230201
-71889
159989
-66802
173717
-33589
146392
-98633
139889
-137191
91346
-185779
76113
-198237
60456
-156140
41617
-176458
32907
-258453
-87435
-229807
-131356
-180071
-135308
-93887
-102592
-128949
-121373
-84788
-185023
-82577
-178529
49967
-193110
6566
-268651
-23176
-230575
62607
-205963
132398
-273534
153199
-252781
215529
-205101
261550
-131767
269809
-27760
305380
-22357
237069
111991
229353
82113
244102
185721
182838
116061
197234
209304
184678
246649
115393
331040
63175
377555
-46455
376324
-76792
307493
-239517
299860
-235595
263520
-238607
235631
-263986
199383
-311228
154338
-265500
119555
-340213
26013
-295290
-21622
-348126
3993
-324249
-149348
-232867
-185442
-263399
-381216
-214427
-342711
-112068
-333431
-54257
-315261
-19785
-404445
7797
-366808
37167
-398021
188060
-310739
202594
-296732
249411
-275941
355056
-209097
274766
-217981
401804
-66946
392020
20110
291476
40364
341223
147573
354089
102380
256892
178370
214198
318762
76918
385691
81554
327719
68370
422338
-7746
444506
-103875
371870
-134930
361135
-213605
369056
-282467
334624
-308233
268554
-335574
153596
-377060
33092
-405026
-18971
-398461
-25284
-441277
-143751
-359820
-174685
-336198
-252418
-335963
-288511
-242572
-365724
-140508
-405066
-92637
-449399
17616
-428776
80597
-448566
105794
-437428
144365
-338114
225166
-353337
304905
-311258
402412
-274339
462044
-126625
437996
-111822
448670
83622
427628
66421
428427
155122
442488
240273
290675
305696
298780
292824
136755
353131
153126
421637
59951
443729
-805
360243
-100517
430647
-131870
373311
-240629
345119
-283419
308460
-343931
246077
-418731
208272
-367975
172348
-479800
141984
-409654
-93451
-442714
-107425
-464588
-211767
-413440
-287296
-332294
-397487
-217079
-370134
-174994
-471354
-58664
-388699
-22449
-405043
128106
-447257
192464
-428100
270388
-381295
323321
-287983
353345
-282554
388694
-211321
345887
-182599
473655
-101168
376684
-38033
381867
9090
403120
157436
408369
178882
300481
239642
340472
353809
187185
402798
110122
425440
56423
388711
-62561
493737
-122591
424131
-189935
361450
-299260
380875
-378269
284106
-367859
272246
-341572
143185
-486744
69295
-410093
84329
-399656
-34904
-405624
-86317
-355437
-63526
-281077
-210123
-262260
-202828
-223141
-298289
-133294
-352028
-53183
-409543
7790
-309907
49578
-331571
53685
-360092
128071
-303721
267447
-370295
239133
-261693
344439
-242378
341298
-125957
425916
-77797
405287
67652
399655
112524
404616
195875
285542
245704
257679
281470
329663
340425
177048
359932
108174
305760
16967
383581
8833
366337
-91409
343804
-109221
325151
-169047
344516
-216876
358353
-226258
319011
-367494
198999
-355750
130866
-377012
67043
-326887
-40630
-360119
-17897
-297617
-128377
-300060
-229158
-239814
-237520
-157955
-248754
-136605
-285322
-21214
-367680
-69091
-382430
-51671
-344086
107007
-280975
139356
-268218
152250
-164166
288697
-193856
270083
-78693
296555
-141536
315504
18939
231336
-16766
274344
63745
217740
63015
218701
138691
250379
151186
241527
231642
141919
311969
86361
327787
42341
278745
-36003
306889
-87707
300341
-171032
271362
-169319
310843
-232465
208894
-159947
134310
-229286
139084
-284176
72000
-292114
70063
-270117
-44383
-278088
-93316
-278881
-156475
-242812
-232100
-126699
-224608
-75748
-203200
-33387
-205526
-65302
-266390
-163
-225589
137772
-218683
30382
-171546
52867
-185352
115358
-138074
124235
-102112
144347
-134670
189280
-85483
229371
-18445
234921
-41997
180690
40085
226897
25231
148137
78063
209915
144181
125966
216370
91164
189907
14214
174982
11738
151863
-43537
196984
-63400
137843
-134233
112800
-173948
78072
-108895
133351
-137921
45022
-192477
-47193
-141586
-10969
-237059
-85304
-210366
-141615
-219513
-86189
-164611
-183445
-137896
-145136
-94378
-133263
-55327
-143190
-88650
-98138
113984
-156937
90393
-101025
68228
-125344
32520
-127825
161933
-91088
64201
-68986
43573
-98902
93967
-78368
116949
-26398
179197
27765
34105
62810
104245
68116
133264
59511
137684
99787
9560
69829
51986
86793
42159
80110
-65223
148522
-52174
114104
-62516
63549
-63424
49821
-109214
3943
-82993
32510
-59790
-2333
-59475
-2107
-67456
77101
-68111
-67551
-48655
-85686
-98971
-65961
667
-81970
-71935
-153796
-3448
-52282
-55784
-75906
-75347
-75428
-20082
-11878
29557
28608
97978
-70631
29164
6209
-38771
-9744
-53723
-16330
75658
19733
51671
-57682
117089
-23925
20481
41923
-9786
20748
72267
35399
30754
30259
33119
10373
-19978
15097
-91206
9552
-41464
52982
15715
26630
-74918
18592
-33953
4388
-17079
-8668
-82222
-19831
-145604
-59747
-33852
-117854
27321
-121420
56834
-117535
45480
-125646
50243
-135698
65011
-34996
33893
-48094
101862
-27250
53267
-34728
57451
-48322
79088
-8337
92632
-38327
93287
36389
92310
-15026
60009
84034
-12649
25430
-20819
85450
-22335
101478
23658
112270
-28539
41287
-35704
67533
-21335
35696
-72366
58427
-62235
-48661
-109515
-7020
-107945
-11437
-16196
16840
-61259
-12495
-119147
-88549
-72081
2121
-76369
-34717
-83879
-82550
-83257
-85828
-85763
-119767
-39805
-111239
21335
-142507
51840
-85176
59549
-97229
13701
-53965
95182
-116145
141983
-34750
98791
-48733
129237
28463
120595
-9793
141845
-49189
108893
-2813
96229
86025
153156
49447
86267
120546
66214
122066
-5733
181812
44440
8010
7169
130722
25328
154486
-3208
129170
-69519
172603
-93105
134736
-109809
165822
-165043
69442
-138219
-14012
-119212
17148
-159038
-20582
-162554
-30052
-175360
-90452
-125208
2584
-110633
-141790
-82771
-110933
-46918
-61302
-40663
-114595
26602
-74252
55506
-80887
17991
-89665
79407
-91353
91855
-42208
114374
-72473
102177
-60257
57088
2873
113101
-62339
147750
-3910
175454
13665
156638
59943
153655
106714
101244
68963
68590
90323
32512
140249
43063
100488
43031
126121
58805
104480
3900
226361
-107221
226782
-118258
105683
-124914
113777
-82258
56809
-149130
24984
-224892
-17511
-107538
9048
-138942
-1158
-163345
-83068
-93730
-87631
-111257
-58251
-43075
-143441
-127937
-40627
-51648
-56309
-65328
-117223
26718
-144779
47483
-130241
29071
-90886
90230
-89301
40733
-150926
74075
-45721
80922
-61097
151870
-101352
127990
-74500
65114
-65994
134608
-48411
104705
-50689
106861
59372
100792
54663
56690
84219
85858
14952
114737
105198
45910
147345
53095
86332
-30041
116218
-59117
119190
-66776
117288
-90524
60223
-94302
116837
-56783
189337
-99898
59626
-180260
87184
-67530
-451
-188282
36334
-79393
-53556
-37550
-54942
-41874
-60355
-9989
-88904
-52195
-35273
-25495
-50507
-47114
-52219
45906
-111237
-39298
-61083
26371
2580
31047
-124725
-16660
-67326
70924
-137712
47995
-65490
49064
-118668
98817
-39973
93917
-62502
133529
-24583
56104
3276
57821
31290
113466
83409
133808
57955
34720
71185
9482
61048
-6173
109241
3015
37231
-67699
119663
-19496
56912
24643
-3337
-101040
12451
4359
-11954
-40463
64424
-50198
76444
-68571
-2016
-47912
17768
-94042
44800
-95093
-5694
-72212
-87281
-83279
16378
-113459
-4404
-78542
-84598
-108905
-139163
-77866
-128049
-31775
-155056
27317
-94721
-8619
-90044
44890
-58878
80505
-39003
104062
-102542
65688
-32422
81745
-65300
-434
-31554
95378
-107150
122327
19393
119227
-29541
96606
21648
119877
36852
46713
-20255
94581
17425
30304
-10717
29925
100955
68139
66054
15897
56707
-27874
96179
-49348
121119
-79559
145824
-63147
77730
-25968
63764
-71594
118689
-15404
66319
-139432
-84942
-79362
32876
-79608
-33985
-35897
8225
-121797
-44583
-77302
-18486
-31051
22475
-60897
-57488
-65577
-127304
-77607
-72467
55156
-38413
-43274
-55487
-73801
-74088
-21124
-102242
29781
-141526
50163
-102855
110645
-119042
120302
-65490
162428
-98327
68467
-18282
146378
5194
93173
32138
127999
44239
48610
-33665
37464
-42070
47947
-42078
34805
-28652
29059
43855
-14792
1401
-38596
22078
921
71121
-14519
36510
-42337
50578
-124794
7063
-48285
60975
-70985
-4479
-83864
23650
-7204
15362
-103170
33139
-50669
37119
-47116
34575
-62539
-55581
-74497
26549
-65803
-44443
-68890
-43632
-98749
-110547
-68152
-76419
-35739
-86813
29924
-77561
85287
6294
81947
-61190
31634
-55713
21633
-42593
78599
24288
38248
-77473
38171
-12093
76933
30577
103796
71920
5200
20028
34297
8654
40680
31839
-15035
24144
48125
-32851
