#SpinCore Technologies, Inc.
#SF in MHz
#SW in Hz

[HEADER]
@CLASS=	RADIOPROCESSOR
@FIRMWARE= 3087
@SPINAPI= 20130917_x86_64
@POINTS= 900
@SF= 0.000000
@SW= 30000.000000

[DATA]
8771127
-6681218
11541092
-6104383
12760156
-4198698
13286165
-1800149
13449226
525454
13234945
2904634
12403423
5170532
11356667
7162844
9900076
9185865
8129846
10668755
6098785
11792648
3985064
12747298
1699121
13124870
-587112
13180619
-2873584
12754183
-5053843
12089848
-7056742
10832337
-8831736
9452467
-10323322
7706865
-11343609
5841853
-12111881
3680545
-12484496
1474863
-12495677
-647190
-12154102
-2815391
-11312311
-4958296
-10199294
-6837616
-8781473
-8372160
-7149183
-9810694
-5256015
-10771867
-3178152
-11447740
-1230823
-11766257
883493
-11740945
2936497
-11245274
4837101
-10445863
6495307
-9414657
8091523
-8077230
9317009
-6442082
10053574
-4616484
10674611
-2780042
10957894
-790590
10812791
1184822
10323242
3013688
9503740
4755188
8503776
6401992
7117216
7672786
5605272
8695628
3971409
9535071
2165979
9985655
369097
10082045
-1393123
9873820
-3188484
9431888
-4775611
8641498
-6117750
7592410
-7338625
6293411
-8151571
4732200
-8799938
3279112
-9284899
1540700
-9307942
-127151
-9000453
-1737169
-8451719
-3292571
-7745217
-4716772
-6563115
-5930212
-5470628
-6926360
-4210355
-7718633
-2553671
-8312646
-1024042
-8479872
528339
-8497685
2023507
-8236221
3457062
-7599328
4669551
-6813316
5643412
-5887312
6643157
-4717964
7303241
-3360607
7769290
-1993631
7908733
-571436
7741158
852172
7449422
2134314
6887822
3368083
6118059
4553957
5159332
5473168
3990829
6262875
2872740
6770805
1501259
7173067
152438
7204201
-1003549
7063409
-2279770
6720966
-3411340
6134457
-4334118
5436944
-5213876
4580540
-5862507
3443780
-6357500
2294206
-6575953
1136437
-6708768
-109016
-6456851
-1262337
-6086835
-2246590
-5563306
-3393261
-4724547
-4168676
-3969209
-4929068
-2906261
-5501113
-1827954
-5829892
-824116
-5996318
206521
-6024721
1336900
-5818436
2296315
-5468026
3170684
-4825805
3926964
-4156933
4567972
-3436900
4980214
-2537397
5412282
-1661291
5501713
-512670
5405974
431355
5190101
1303517
4927874
2270517
4314143
3032942
3661673
3683536
2947359
4177400
2168384
4658124
1223224
4936787
361675
4976235
-493625
4875157
-1330481
4663942
-2163426
4300131
-2795979
3832799
-3428205
3288308
-3884930
2503456
-4223685
1824218
-4407716
1025262
-4496232
224122
-4420960
-545526
-4201945
-1324473
-3858727
-2107355
-3342807
-2620562
-2895547
-3182332
-2208909
-3508086
-1546928
-3869238
-868247
-4018385
-129259
-4061034
582185
-3918417
1254104
-3699770
1856907
-3489322
2445371
-2984952
2759905
-2462554
3229613
-1930407
3531874
-1365881
3574465
-655599
3613586
-80522
3546909
548519
3326318
1231029
3055261
1707564
2628702
2187910
2120764
2611604
1639773
2921672
1115318
3061024
582641
3186317
-55208
3206423
-577396
3094981
-1064329
2940341
-1593784
2740572
-2014602
2309293
-2322688
1882566
-2662569
1513317
-2814194
960898
-2870659
488461
-2908183
-32161
-2749422
-493552
-2647515
-1096725
-2349850
-1430190
-2123188
-1804119
-1763521
-2086110
-1248313
-2347382
-842176
-2498074
-430132
-2517801
64986
-2559974
489016
-2500116
940198
-2267888
1217522
-2077673
1582067
-1934390
1990295
-1515443
2116134
-1067772
2214145
-804428
2335264
-316996
2277480
69240
2141586
531744
1971306
733652
1825249
1174562
1537117
1444406
1276922
1731803
1018823
1793159
649771
1890210
285175
2002722
-158417
1989609
-399325
1900296
-772629
1758306
-1063364
1616025
-1341509
1291297
-1435892
1023265
-1634756
806352
-1718875
502384
-1804508
246723
-1714366
-70548
-1683097
-406332
-1535703
-674475
-1392549
-967511
-1198637
-1183918
-921269
-1332856
-731133
-1385981
-472243
-1454983
-91366
-1504990
148951
-1473665
313023
-1420390
644677
-1397014
832970
-1109742
1036459
-993341
1181618
-769713
1290883
-565115
1369501
-355735
1317337
-115091
1306088
143822
1231893
449615
1148796
506634
961142
760481
742448
912927
604176
1048071
510857
1067294
245662
1202524
15025
1154080
-206075
1112473
-379350
983944
-517436
974045
-677215
885514
-885756
714519
-882468
488486
-916150
267362
-1023934
236382
-1042021
-28682
-941368
-187505
-951345
-332462
-768281
-464800
-693669
-596678
-504477
-657389
-374783
-912818
-313693
-848679
-123764
-851916
-16977
-796689
279955
-816032
332081
-639996
428268
-606023
467422
-576761
606146
-418099
644608
-295191
637246
-162733
705692
-80027
704112
100921
570206
217099
558764
284316
517674
447402
456493
467596
295684
449124
207894
515961
82755
557602
2070
568465
-202281
523466
-190765
430936
-288326
466089
-408825
372881
-458123
304843
-363009
175360
-445128
98643
-458996
-1271
-430042
-69713
-354369
-95049
-287676
-177394
-264609
-312828
-222621
-270141
-174501
-289794
-55826
-315007
22589
-303051
50268
-363662
51154
-304356
222067
-271824
203622
-160744
231903
-164690
233601
-169798
195755
-100745
278737
30023
267915
50730
243585
79251
161284
120642
97169
134372
76682
271190
-9651
210879
69255
212756
-34795
204302
-65680
204244
-132323
164307
-96536
134547
-208313
108085
-211835
15559
-128315
67157
-213757
-55799
-208413
-53086
-123590
-162100
-45462
-53806
-87310
-147686
-70771
-186786
17301
-164444
53853
-150460
64709
-116275
206483
-256935
197418
-120827
258411
-87476
210950
-27221
248100
-35735
177951
88669
139111
82365
161219
113572
184457
190401
81005
174239
28027
269650
21043
170014
5185
257688
-30162
240141
-109910
275373
-190715
200459
-142786
192893
-235361
88908
-229931
107600
-281766
40025
-324307
-83075
-290511
-43319
-303446
-137951
-268163
-190666
-124477
-215101
-141921
-274433
-149427
-312488
-35848
-383867
-54007
-299478
18163
-367581
141550
-394769
273769
-363392
245368
-277715
209044
-219333
334894
-155042
383824
-76363
384733
-36426
371987
21881
341913
77997
324114
132507
300499
219390
306571
344191
243768
360534
84873
402548
11216
487920
9507
421929
-74727
452560
-188198
412342
-247686
364079
-285377
376303
-359103
311647
-363882
254879
-348475
160086
-429340
26053
-427385
-4561
-432710
-126120
-301511
-148375
-408829
-167330
-333061
-384041
-225863
-458896
-174506
-430605
-205406
-415557
-22293
-468460
25843
-391648
83839
-479620
258533
-465586
282768
-315906
305631
-346150
429885
-326219
426049
-170638
494870
-134086
491320
-17109
491904
94566
453358
146163
484681
195353
446987
329213
371466
390180
232872
453043
189242
500495
140112
561000
-39258
523621
-109486
517309
-186788
512742
-206715
523950
-419405
442308
-459064
307266
-384389
267797
-533510
193763
-541023
94459
-491638
-65098
-466943
-137031
-502469
-135648
-471755
-320557
-407571
-396645
-280518
-439969
-223891
-501037
-198209
-494512
-46629
-617999
15828
-531133
82737
-480968
208925
-530638
283315
-418335
400979
-347301
450435
-247491
467219
-293258
541270
-191743
597722
-39567
566040
47836
542731
48876
496127
301809
435341
308279
380352
365871
364571
467694
245843
462592
132527
511440
56691
620557
-127167
574393
-166165
481297
-207749
404039
-351908
467570
-461032
358101
-503162
311971
-489192
208633
-515729
47370
-544076
108494
-603417
-59569
-430958
-216961
-434396
-298358
-486293
-282242
-365543
-436102
-296582
-457391
-233562
-496038
-123388
-522368
-52749
-573833
86523
-555098
179845
-524014
243501
-532082
374080
-397478
364971
-318048
365095
-271267
587578
-218747
624792
-69870
496869
55724
542993
134916
574992
256752
449591
311013
325348
385832
367984
413595
196029
460737
223055
498692
-1135
551139
-46132
531141
-155495
499291
-163598
489376
-343085
450273
-407015
311034
-456595
349234
-436072
256510
-477324
176959
-555039
58341
-600252
-68156
-454913
-92036
-430535
-236487
-439807
-315153
-391393
-413844
-252653
-381024
-267003
-410469
-145615
-482921
-1868
-465599
78276
-521517
181846
-497748
261852
-440155
312727
-370612
387942
-297644
365027
-202160
466250
-208178
505165
-106695
444085
1140
511768
46935
519044
168425
390409
305315
325169
300190
284780
386225
208805
434006
206506
499172
72176
399775
14570
507085
-52528
405083
-166927
466658
-287785
335575
-296311
304984
-342205
181960
-395386
231453
-468448
112554
-431298
43053
-422513
-46906
-379896
-71940
-362479
-258224
-302347
-269970
-338509
-321357
-206812
-363232
-113724
-411019
-82855
-379841
-43338
-362607
19577
-419636
198345
-362664
221435
-298709
251459
-341440
268606
-269499
331825
-204770
440320
-218238
438436
-154514
379297
58415
438777
56531
416685
104813
347125
200538
302822
247601
219233
342919
165708
339316
110586
361815
90958
354598
-81063
397725
-94328
307260
-159295
256183
-279149
277192
-294478
274507
-270228
141654
-324757
100410
-328868
81507
-320947
3281
-318439
-95403
-351627
-88163
-250209
-193921
-208511
-231963
-175949
-193954
-173999
-289370
-38856
-367939
-84165
-199981
-23089
-272228
78685
-346683
81885
-208672
150282
-270918
179024
-226329
162346
-135252
223776
-152521
215321
-54789
321342
-28465
297810
-15936
260440
132040
196978
80938
216472
52660
168284
175800
139463
235763
30824
304146
109871
236371
-20661
274295
-70175
260097
-10740
184659
-86384
240059
-147305
229437
-184040
109459
-234869
116988
-177350
45569
-203860
53716
-189343
-4061
-146230
33473
-196464
-86599
-241724
-127719
-86140
-104822
-119889
-106480
-117643
-206382
416
-154383
-90524
-159673
-2784
-123249
29971
-128730
90571
-113821
69849
-106484
133729
-172990
185399
-21277
81051
14912
192764
-19844
182118
-28237
84878
99475
83715
33265
54905
-445
52877
106097
39140
129757
-32618
61533
4514
91191
-3881
108592
-57690
96838
-44904
96902
-19175
61189
-112047
67785
-104256
51310
-146904
60413
-88326
4781
-55256
-19158
-29326
-107206
-68676
3114
-46323
-60601
-84936
-56259
15822
-79862
-94052
-95093
22103
-77691
-22842
-126327
22015
-100021
55265
-3227
32096
-13940
78897
-25467
60493
19099
66950
19284
78494
28179
34384
-3126
23584
54933
23024
25280
112109
22173
35976
148084
9357
67492
3421
38691
43130
15607
-31522
88655
-92897
13947
-16246
36812
-20683
30211
-126700
-1294
-71997
-32241
-45117
-30601
-52491
-129173
-38427
-22774
-88791
-43903
40341
-41607
-63618
-113446
-30106
-82766
45324
-43951
-31859
-73160
72072
-79448
91984
-24275
79764
-46002
63840
42838
95724
-12930
35620
-8065
153359
3393
111644
86055
42002
59234
98660
41062
43990
126158
-37028
116389
-26272
75303
-14261
78857
-13055
138378
-39608
102930
-38704
106401
-98218
48880
-92762
6151
-82590
32601
-131890
9584
-53311
-22479
-67690
-24050
-128660
-15926
-111923
-102075
-39492
-111861
-53649
-111799
-3786
-119257
7498
-90144
-94696
-79782
64254
-158644
122843
-57049
72694
-51937
52996
-150676
116124
-119434
118913
-21950
146827
92139
82644
-64047
156840
-8960
109429
77371
162626
99619
49675
5940
72084
60202
62504
118068
34474
141649
5071
102879
-23144
214566
-61350
233589
-62518
128994
17368
167072
-118098
176864
-65944
67149
-79641
125725
-176333
55054
-150694
92820
-167736
-51281
-121478
9065
-190335
-67504
-138529
-85200
-50522
-99164
-40502
-168975
-92767
-111884
8763
-192222
-5929
-121045
-11390
-82460
-9066
-130932
91830
-158095
127438
-158674
153905
-91169
84717
-85565
168314
-51806
170875
-70610
218567
9682
182872
-48160
152870
45872
101505
63015
138847
95356
126639
95060
76949
140191
22307
135413
-11989
131165
-19197
170727
-15479
106363
-4313
191908
-98675
188257
-103995
123466
-157697
112213
-63884
89615
-114581
53702
-110323
22485
-130308
52791
-155685
13656
-137737
-24122
-141527
-101613
-72221
-71245
-70343
-139283
-121546
-147441
-60821
-147938
-69327
-181705
30587
-80488
-23436
-146200
84620
-203303
103881
-100831
84678
-84012
137460
-172335
138119
-99225
186047
-17287
119380
-60589
218738
-5182
183458
1538
167304
73234
172191
67027
90964
136001
18110
111088
123666
153637
111150
121682
83580
125015
54338
192573
-58858
163485
-131738
111366
-52426
122389
-83792
68087
-73141
30799
-95104
103954
-119736
66816
-162424
94721
-108742
6837
-189473
-37762
-82553
-57152
-102537
-48737
-134091
-123871
-102056
-40826
-162365
-117713
-26869
-138404
30337
-104126
-54058
-138697
-4156
-85305
45426
-168047
120639
-194494
109718
-120733
91383
-121773
66679
-109579
136385
-24354
117647
7147
195453
712
176609
31021
134221
50731
64417
-21769
155472
22010
73951
126261
96974
18725
54261
174499
18853
101147
62627
110272
78669
110025
17863
176969
-116998
126497
-65221
122824
-86166
57215
-97467
17372
-127110
75191
-118488
40051
-81632
-494
-148166
-45734
-142027
-37288
-130072
-31577
-121643
-134654
-60912
-38582
-44770
-115049
-48486
-10731
-49964
-95618
-33488
-116478
39041
-111289
389
-102551
70650
-116251
65187
-127140
94136
-53827
33257
-24701
135766
-91148
185779
-35435
108826
-16296
140602
-24879
93979
96062
110111
3600
116786
104927
162038
30430
73895
56672
38559
95768
36523
116697
59315
120318
37147
117232
36333
146025
-8613
59324
-76083
52096
-47260
138093
-129028
76108
-89820
95853
-162294
3278
-56465
45694
-86110
-9132
-91609
-34336
-94380
-16041
-80699
-17570
-111889
-74022
-43152
-62114
-55987
-90370
-17283
-58372
72638
-96078
60497
-113778
38575
-125146
-28633
-68245
67153
-106510
63179
-57493
84115
-132439
83493
-23973
77017
-28176
110606
-93465
94291
-22456
29334
76788
-48595
36275
167868
-49703
57494
119228
18839
-38699
84631
24801
77183
82383
29525
112783
8786
42628
40252
63978
-61297
105087
-8480
48403
-80143
157044
-32749
43276
-16718
113065
-125647
108234
-60258
65546
-59585
28227
-148846
-21570
-62190
-31201
-74841
-102585
-76073
-69285
-49476
-60842
4000
-7058
-78763
-92573
-9917
-96401
7797
-40888
-53312
-110588
29823
-51981
21530
-58994
-10333
-107884
88544
-50859
42910
-125991
54786
-33768
63943
-64431
78783
19579
82843
-51753
29237
-22842
