#SpinCore Technologies, Inc.
#SF in MHz
#SW in Hz

[HEADER]
@CLASS=	RADIOPROCESSOR
@FIRMWARE= 3087
@SPINAPI= 20130917_x86_64
@POINTS= 900
@SF= 0.000000
@SW= 30000.000000

[DATA]
8668832
-6597663
11625911
-6155005
12676956
-3980731
13197967
-1596339
13315314
676593
12984066
2947969
12290295
5224802
11217851
7318567
9692276
9143814
7844087
10698225
5884872
11854813
3739002
12704947
1466583
13056236
-852857
13113545
-3213852
12706445
-5368388
11865377
-7184136
10709904
-8945197
9272960
-10470750
7466174
-11523551
5496874
-12231670
3318274
-12454034
1150895
-12498978
-1038315
-12016145
-3217437
-11209384
-5318502
-10006923
-7154798
-8481884
-8684297
-6709814
-9934396
-4886433
-10911920
-2886124
-11539498
-744296
-11741797
1310757
-11688055
3424794
-11142582
5231482
-10245158
6899767
-9100281
8308478
-7662770
9512196
-6042796
10319034
-4211686
10797013
-2270460
10859721
-350930
10634886
1573830
10164680
3435755
9319430
5237009
8207307
6663183
6784872
7975746
5119687
9008355
3381615
9711825
1660142
10071786
-211822
10065530
-1994288
9817508
-3695144
9100667
-5171120
8288770
-6488917
7163443
-7665069
5861718
-8480925
4304077
-9090667
2667395
-9286283
968545
-9277470
-716354
-8841415
-2264728
-8260846
-3791787
-7392593
-5120837
-6248702
-6360407
-4980735
-7322618
-3514907
-7967557
-2047698
-8479819
-460310
-8686265
1111142
-8415997
2558224
-8003881
3926918
-7419940
5152371
-6579880
6156972
-5444943
7092358
-4128820
7579651
-2816398
7868306
-1399297
7886127
35326
7692782
1454094
7274223
2765598
6612801
3881915
5686335
5043159
4628012
5976831
3510421
6611795
2232708
7048303
931218
7331307
-423858
7253118
-1694469
7044452
-2870882
6540503
-3988149
5855355
-4910570
4977931
-5676497
3998763
-6176974
2889225
-6495583
1688600
-6608778
550922
-6569782
-609285
-6381786
-1763873
-5825795
-2854895
-5172032
-3891497
-4433346
-4657865
-3418816
-5322370
-2379068
-5752581
-1285811
-6063147
-244872
-6176854
922723
-6023685
1928594
-5662724
2794605
-5164720
3738482
-4562167
4379910
-3746234
4934053
-2930271
5376605
-1946932
5569832
-896823
5526398
-20156
5311475
1032785
5027542
1885240
4543646
2733075
3988025
3514806
3229323
4084912
2464212
4508994
1621233
4820645
651365
5051970
-155140
5035636
-1041174
4844239
-1966878
4505217
-2660053
3968291
-3310786
3424952
-3812967
2800616
-4166975
2085075
-4411100
1228424
-4545124
477045
-4525886
-359084
-4269123
-1215586
-3941873
-1876085
-3536744
-2531301
-3059489
-3085300
-2357849
-3507367
-1717708
-3870900
-973444
-3983928
-244892
-4093296
489168
-4036430
1083541
-3846476
1789254
-3524539
2300640
-3116884
2751087
-2640352
3223949
-2051222
3515252
-1477875
3682615
-765317
3794854
-65115
3592216
570034
3400322
1088014
3089608
1603339
2796523
2127609
2269773
2590324
1844636
2972172
1239077
3257196
557270
3320544
17045
3236754
-554988
3181276
-1066816
3017951
-1578579
2725691
-2021894
2413507
-2408413
2003563
-2649752
1472403
-2842824
1033208
-2963295
475121
-2994389
35328
-2913364
-562222
-2734510
-1016470
-2383938
-1521890
-2094681
-1801390
-1709277
-2090927
-1321078
-2341622
-944967
-2567855
-407727
-2648033
166889
-2616546
503066
-2542965
952466
-2406429
1369068
-2144753
1734883
-1806892
1965975
-1481667
2149097
-1084585
2256578
-694480
2224013
-292983
2277008
67471
2227619
549650
2053961
874255
1800658
1203381
1549555
1427049
1293671
1670956
982260
1916018
570452
2036795
228093
2043372
-188464
2003207
-555453
1961875
-820337
1750108
-1063368
1566587
-1325936
1349555
-1576985
1066461
-1726489
819577
-1761481
442475
-1824551
147756
-1752294
-245885
-1657554
-475853
-1535788
-702968
-1401953
-1058358
-1190621
-1254675
-923973
-1454862
-575744
-1394548
-206969
-1574577
12489
-1514778
180985
-1460974
408063
-1385319
698605
-1349422
921890
-1193047
1144442
-979148
1318635
-726175
1320454
-497504
1294894
-206143
1392935
5913
1344209
195124
1252928
463731
1145917
665390
986316
925908
775806
999471
561129
1063190
396664
1149157
280218
1142373
14133
1161911
-171561
1186453
-455134
1065578
-652977
943493
-747461
796932
-883350
643417
-906303
522079
-1014879
284849
-1120888
57110
-1033772
-119276
-926959
-331745
-815238
-419979
-711373
-446527
-619164
-663727
-545488
-810503
-258589
-774821
-149324
-825975
-86561
-838809
82938
-828521
346012
-794735
431703
-761078
514461
-552251
598436
-448746
657383
-345451
709092
-335892
767571
-25704
765797
71136
629157
190854
524698
204403
552881
388630
498025
446375
401034
529019
213030
597742
140831
577302
-25106
559305
-49140
519051
-155514
432698
-209796
432771
-261270
389353
-360607
291552
-478720
279956
-519330
98388
-532551
15474
-455652
-38630
-411285
-124504
-386804
-78861
-399426
-240415
-297049
-362252
-152059
-364595
-82862
-380219
31837
-295849
-19586
-362322
58185
-294762
98255
-293539
205610
-298472
275274
-228355
336365
-166886
244559
-103261
268892
-6647
270696
46608
294823
100068
211305
147473
190564
185347
87971
132901
77737
106002
102090
212648
17248
248449
-70296
196153
-122316
117931
-100585
86191
-154152
122880
-131596
109549
-157123
89275
-200683
-16826
-243692
-45049
-86158
-141604
-97535
-210094
-85692
-95629
-53439
-204623
-5828
-184557
15681
-178717
84317
-134743
95253
-132222
145065
-99214
201858
-99488
261560
-102386
256718
-40878
156198
75446
198404
76370
241589
66756
161086
106344
192646
146685
127526
209587
25406
249906
-42621
274897
-59346
258462
-75652
259735
-198942
253404
-226892
195820
-250182
103254
-290272
35968
-261619
100763
-236901
44561
-280049
-77233
-265936
-191314
-228234
-189149
-220272
-267991
-166128
-280574
-182224
-290547
-6168
-312520
17119
-387747
63619
-345797
187109
-319462
192773
-278220
271127
-236668
324697
-240020
416587
-143222
351941
-21503
347778
9998
274188
45106
379456
43609
364424
192428
345281
275512
230790
311462
165169
342446
142882
288524
112784
385142
8346
384868
-63523
450838
-163194
303735
-198033
321295
-366610
306380
-337987
289704
-354740
208321
-456296
51655
-444377
-46968
-383255
-3473
-456103
-76020
-387119
-158891
-380211
-321156
-324690
-375946
-220088
-415666
-109479
-355618
-73474
-422403
-29973
-507998
114032
-525956
141096
-426708
280118
-374276
283051
-302627
338019
-290917
364400
-225304
387729
-184574
535988
-128685
529059
55133
509755
184008
486090
255706
352257
236396
400561
409565
296642
438005
240538
488854
132529
518446
23542
475361
-65099
499911
-120587
492209
-200948
496700
-277398
414915
-395262
305223
-422584
231532
-518475
247976
-557842
195037
-586605
96694
-529601
-62550
-438635
-155190
-420811
-208661
-451861
-336404
-376379
-413711
-276543
-432197
-160453
-548145
-117784
-478193
39708
-557780
126096
-539694
209095
-498613
291530
-414948
351553
-461782
409220
-286037
518815
-224225
519545
-202579
487426
-43195
533971
-30058
444571
80106
529252
237014
472278
239710
356689
347271
394030
367728
304927
498365
187413
599377
143792
561943
-39098
590818
-153636
533919
-232625
443305
-321436
461890
-377133
349672
-436751
320186
-522465
216185
-487865
142121
-545999
23511
-506166
-348
-596732
-193634
-546079
-295242
-488488
-339709
-290677
-367040
-299345
-441637
-189613
-506704
-126218
-541572
12731
-567001
123456
-492143
178973
-481966
329994
-430141
433972
-403392
391406
-362679
500798
-393506
577452
-180876
570050
-65766
523668
-10427
583667
144331
474869
195051
462028
262945
338106
372365
331073
388307
251846
502856
154808
511344
26685
527368
-58714
539126
-51133
485285
-153353
496449
-255946
462352
-322126
398352
-502152
421712
-490952
317725
-570871
97539
-565557
722
-507416
-110188
-474888
-46335
-462937
-137626
-439073
-315194
-355773
-335737
-248203
-401761
-194953
-487877
-108029
-497180
2892
-454605
-7729
-545952
71760
-529251
283899
-498222
335307
-413174
509720
-312832
481160
-219789
451011
-124760
440421
-32400
421978
36263
474011
123712
482965
183978
427962
236634
356457
361582
242051
432569
213497
410263
198683
396724
97352
497047
-2563
464794
-44169
465560
-155152
500846
-329695
390274
-345062
327580
-379049
246044
-375843
191957
-457198
141398
-454722
65951
-512109
-60867
-450432
-123267
-443526
-219607
-389321
-293676
-321955
-317142
-198614
-358398
-82545
-437419
-12782
-436104
-26865
-382733
-9620
-412651
169971
-424018
249930
-428336
292664
-375939
402239
-268201
410440
-102729
380029
-109882
385525
-23433
355515
3833
379391
39026
369544
62759
305863
209341
252912
228886
300986
248935
165082
296308
75066
342990
44862
350788
-43295
367575
-103816
316326
-123202
350697
-198042
287939
-276953
268965
-299935
187830
-302310
104303
-358151
61271
-330211
17699
-301357
8761
-363139
-80777
-304055
-184271
-258176
-284588
-228551
-230273
-159166
-244536
-111237
-300358
-39931
-339494
2580
-353546
79491
-326322
118324
-283413
231601
-213384
162477
-74886
222314
-113768
222756
-176976
308153
-159642
315830
-12237
259957
55137
214150
109721
210763
89417
190429
185316
146142
180009
121427
200054
115144
250797
66392
255010
-51786
270787
-61715
222943
-97282
182513
-122693
220088
-152029
199553
-161871
147831
-191802
120378
-220573
77869
-210637
53663
-246484
16141
-192058
-200307
-156835
-139854
-125942
-94365
-29104
-107428
-118880
-97361
-71422
-209481
-11004
-166934
-25165
-142937
46605
-235337
76491
-140789
80864
-196104
129524
-128345
170193
-89235
126272
-60611
196676
-76637
128284
65729
191328
79054
139396
61376
198352
6166
97266
58676
136561
104737
139144
182467
9577
105050
-9744
140862
13582
12228
-44132
87766
-67021
123261
-101352
131110
-114414
148135
-203496
41987
-92521
4652
-60426
52362
-54524
7525
-76260
36283
-136630
-39458
-63032
-58650
-34111
-63736
-29858
-111907
-22396
-33376
-406
-76944
-31250
-125580
110466
-145719
100227
-6764
97539
22369
-22419
-690
30621
-28435
87907
27331
51732
40725
115185
21984
36520
104468
35658
91161
26815
93642
646
58501
45846
77286
-57759
15525
46701
46937
-63828
71871
-93578
31237
-66793
28111
-54532
-17718
-58036
69183
-108884
-725
-20316
-24943
5972
-51459
-43057
-107945
-27782
-52442
-25032
-33493
-51657
-23993
17410
-105801
79337
3482
51380
-102262
123815
-28560
52466
-80400
-6815
-47676
44766
-6850
52788
-5131
85211
1409
127286
35358
113443
40276
83554
68058
22331
130282
-6117
57731
49204
112977
260
30946
-6234
85006
-137375
122734
-128443
83741
-104980
83531
-69331
72856
-106069
74971
-91949
13593
-76009
-9772
-77424
46447
-132288
35854
-133922
-117251
-64950
-106599
-46766
-128648
-86455
-58755
-15188
-156497
55901
-106267
64701
-118281
102688
-133672
45317
-70600
47172
-35148
89577
-39258
86401
-64250
85374
23504
113432
4533
93829
-96169
121124
3903
83230
70896
106635
78179
131059
84679
74093
166385
-17752
130500
61593
118944
2859
134981
31013
118633
-42428
209818
-89043
169419
-108793
160624
-170130
130209
-97713
70863
-169646
-9709
-162450
15067
-102424
8720
-59674
6218
-98845
-8707
-111012
-53843
-150474
-122017
-77855
-106507
-87861
-195012
-117405
-178827
9357
-213817
50955
-130455
71944
-116202
72546
-154705
261
-152027
101428
-95072
155313
-54922
241923
-29024
164891
-42124
106648
-62922
96635
34844
221375
38606
174252
62795
128575
176270
106041
106463
92551
100754
89730
135894
67414
216633
-38318
160780
-33713
114723
-64355
97391
-51385
122416
-90844
161625
-136820
82621
-76285
126294
-169971
73633
-142446
-91680
-126102
-30915
-191210
-42082
-109872
-77467
-122349
-1593
-148600
-70109
-108679
-164611
-83997
-185152
7996
-144092
21792
-131444
18866
-98530
-20923
-145206
95571
-145798
141035
-154209
51086
-112273
148238
-180856
213560
-24921
153263
-10644
127715
-51445
201877
6498
129650
18854
150849
117065
70922
43627
104312
61854
78530
112442
83138
129038
63683
191744
48912
156168
-83373
196855
-94418
117081
-49294
121775
-137978
79680
-106239
137941
-215774
64069
-121648
9437
-155366
-16363
-84599
-7797
-114441
-51414
-110811
13746
-146792
-48013
-115615
-110946
-41559
-48550
-90141
-75136
-38214
-92980
-20653
-115841
-7668
-131086
23432
-125904
4219
-82478
32311
-68446
41782
-144530
45484
-105806
159535
-78944
157172
-64092
146540
-26570
150937
57292
129822
38387
116833
88244
82491
-1809
117161
70597
163647
130527
109564
133058
-2916
212884
-44918
116628
-99811
72628
-44632
58838
57214
61011
-7155
244006
-41043
47895
-66718
64574
-99500
125414
-151660
66032
-138948
22350
-99111
-24080
-147234
-67932
-79665
-43243
-91570
-23829
-94695
-57667
-124844
-73425
-68966
-136387
-62570
-107449
-20442
-131517
-54846
-112743
6263
-153305
2458
-154345
39561
-171483
125103
-53990
87870
-66993
103713
-58367
108445
-44544
108914
-9161
133873
-71140
164832
12629
160934
37773
158864
48897
104639
-13398
27846
65568
88347
114446
31661
105631
9636
144327
-45532
91671
-21081
99233
-19988
49834
41390
82145
-4851
120527
-74123
126659
-89293
141791
-146892
102999
-139630
16316
-82533
-62410
-27783
-32997
-40380
4508
-78269
-50779
-101665
-57309
-103431
-83447
-114196
-47261
-113519
-146582
7304
-177160
7096
-135848
60219
-105574
-34631
-117793
50196
-128496
97691
-39218
45323
-56415
92428
-52962
90597
-64090
156198
-6196
113635
13241
4939
55758
41598
-10017
59812
22140
115797
-17317
47168
80372
96769
11338
77833
53893
22413
126473
2959
54567
-10270
96398
32649
110032
12237
89350
-19804
50126
-58904
82467
-122162
28299
-78026
30588
-126085
17447
-61892
141214
-76360
21677
-70835
-16054
-40064
-10824
-108612
-1952
-73352
-80489
-44341
-56907
-49759
-85522
4414
-55144
-21638
-6250
-21088
-44688
53157
2632
141
-121269
-30138
49192
-14609
-45875
2810
-22728
19643
-109600
61017
-49858
157203
-72178
88133
-10150
-30749
-15481
51008
47853
46297
25717
34975
31510
62280
-1948
52650
45769
103468
233
