#SpinCore Technologies, Inc.
#SF in MHz
#SW in Hz

[HEADER]
@CLASS=	RADIOPROCESSOR
@FIRMWARE= 3087
@SPINAPI= 20130917_x86_64
@POINTS= 1000
@SF= 0.000000
@SW= 100000.000000

[DATA]
-4812791
-6390964
12178521
-5318949
70384
12330687
-11922290
-4522636
8917620
-9357242
5337470
12061583
-13179022
427530
4691518
-12338106
9640160
8934583
-11914680
5732351
-705910
-13162629
12502860
4450119
-8792501
9851754
-5692395
-11873939
13178683
-881593
-4326962
12673286
-9937547
-8641103
11796897
-5934610
1048271
13371974
-12665177
-4050730
8664733
-10313948
6232560
11808836
-13192322
1221845
3872691
-12667179
10194715
8581339
-11782242
6355020
-1546074
-13155671
12766949
3646874
-8292362
10411742
-6536738
-11604520
13094808
-1724096
-3652457
12724773
-10510875
-7988140
11450024
-6646905
1819140
13295005
-12749884
-3304330
7873397
-10638149
6803452
11133690
-13109776
2021717
2991560
-12779844
10685954
7716571
-11199036
6932307
-2403471
-12987290
12864239
2733258
-7526295
10761107
-7116367
-10894971
12768602
-2525456
-2575173
12743809
-10694291
-7298485
10718125
-7238582
2560879
12682073
-12710170
-2434045
6990407
-10927963
7431274
10448255
-12589155
2865386
2148784
-12891265
10979278
6873427
-10443976
7535048
-3032843
-12577258
12709395
1940017
-6556093
11017025
-7651049
-10180130
12134936
-3204496
-1573606
12614238
-11012830
-6248925
9957911
-7730744
3266214
12188807
-12519496
-1643926
6227456
-10905267
7781433
10003735
-12061121
3533697
1221117
-12446468
10918806
5987556
-9798342
8119633
-3807048
-11896048
12487877
1120264
-5548519
11039676
-8092431
-9474203
11785565
-3720551
-1022147
12329864
-10943933
-5584848
9138605
-8147369
3991816
11702371
-12187586
-783318
5302189
-11009428
8202659
9056055
-11465580
4112423
387612
-12069694
10952945
5034900
-8857710
8157191
-4329871
-11379974
12011748
482074
-4876331
10992208
-8241455
-8665329
11153532
-4385227
-100434
11923528
-10909864
-4616189
8451289
-8383001
4491834
10957890
-11773521
-43565
4474736
-10976966
8500308
8201136
-10770050
4682260
-136489
-11784985
10873781
4304292
-8050519
8314189
-4588766
-10588779
11484490
-277893
-4079499
10843061
-8450276
-7793079
10475680
-4913700
632652
11458452
-10736291
-3855781
7519335
-8484186
4913070
10198146
-11238406
697087
3672524
-10648005
8548838
7628666
-10102900
4937126
-848629
-11324184
10706548
3317767
-7372020
8462323
-5084348
-9958282
10998282
-913411
-3171207
10656694
-8477259
-7157239
9827290
-5259447
1137929
10974473
-10473240
-3276782
6835263
-8442566
5316808
9597995
-10792015
1246876
3075021
-10533272
8574862
6660675
-9416596
5266603
-1294154
-10697846
10426457
2834631
-6497357
8550521
-5310260
-9327889
10583693
-1492760
-2643930
10232984
-8563975
-6369767
9012999
-5371228
1609439
10430446
-10116291
-2624169
6135001
-8482989
5478510
8804794
-10368472
1613968
2282325
-10199557
8473551
6039247
-8689811
5460144
-1847557
-10179067
9880950
2198588
-5835902
8422010
-5394872
-8615881
9953019
-1725693
-2213954
10048305
-8539220
-5742308
8535048
-5499893
2022363
9973954
-9961383
-1935680
5585553
-8293104
5472016
8190902
-9720784
2135940
1931134
-9695511
8475526
5326394
-8197124
5720427
-2154797
-9708801
9854754
1770711
-5193303
8239194
-5653178
-7888240
9399542
-2156900
-1584945
9577460
-8284786
-5135589
7862337
-5766399
2359662
9414096
-9636585
-1443978
4957146
-8214143
5752015
7697846
-9181169
2273657
1340533
-9349241
8059678
4700010
-7411610
5744926
-2567223
-9059117
9206867
1218746
-4469669
8180743
-5804041
-7278764
9053913
-2561188
-978404
9189324
-7978394
-4547165
7200140
-5688534
2637093
8838869
-9161750
-999599
4470324
-8023742
5775061
7049392
-8703091
2605985
961515
-8909719
7996759
4287904
-6937497
5819881
-2701047
-8684137
9015856
656062
-4063300
8091976
-5986398
-6889040
8375451
-2892850
-709490
8812355
-7860029
-4017386
6702377
-5874168
2779410
8319698
-8822153
-556107
3771096
-7917976
5780006
6451040
-8182192
2811756
317134
-8714577
7920064
3746430
-6570420
5800654
-2944738
-7997600
8769224
378442
-3742083
7783074
-6019685
-6188352
7993172
-3149480
-240839
8385184
-7765802
-3514229
6022821
-5737733
3040378
7850046
-8391377
-90104
3225423
-7553836
5762044
6027351
-7795249
3180493
-40086
-8205088
7729628
3273467
-5801244
5838317
-3130344
-7568917
8211687
66375
-3045915
7674554
-5774784
-5762486
7529484
-3323671
168892
8014980
-7450165
-2965688
5528858
-5818811
3236869
7412514
-8051487
128506
2850266
-7552813
5852896
5475388
-7286947
3247852
-311465
-7906942
7504511
2783807
-5317691
5849501
-3274093
-7200450
7681228
-407578
-2733305
7451973
-5857999
-5411106
6933139
-3362291
491645
7718229
-7182935
-2509995
5149509
-5848725
3400239
6930521
-7652168
585267
2416663
-7118375
5800457
4872588
-6774324
3550041
-426104
-7508205
7164873
2295080
-4923874
5731348
-3431137
-6577856
7489886
-857073
-2103898
7059070
-5735733
-4603782
6600509
-3445594
718331
7314799
-7066819
-2021957
4715776
-5821949
3492302
6377944
-7295921
927880
1923650
-7095831
5695214
4469082
-6111334
3565852
-921894
-7244990
7020917
1873653
-4370091
5606850
-3708088
-6188198
7091875
-1099049
-1743962
6919901
-5800867
-4194521
6192959
-3549160
1142124
6908276
-6784541
-1734919
4128372
-5593882
3773902
5981586
-6944638
1170066
1541543
-6823631
5750490
3986082
-5711495
3862112
-1211230
-6735594
6769092
1495434
-3964649
5830017
-3839918
-5719297
6809063
-1261197
-1238158
6843192
-5531274
-3656176
5706835
-3718516
1445681
6586473
-6605031
-1238364
3731810
-5646091
3731421
5348769
-6583694
1376390
1167365
-6428517
5551883
3675961
-5416708
3835447
-1532107
-6346093
6541013
1015778
-3510649
5528172
-3834930
-5228805
6268645
-1598451
-853137
6295478
-5572512
-3252504
5095175
-3781487
1753138
6214650
-6364888
-772292
3141436
-5596370
3844910
4919145
-6060427
1610843
657982
-6151684
5360165
3009932
-4958112
3980665
-1650937
-5891244
6193116
696145
-3039996
5371249
-3924751
-4748976
5825357
-1738020
-472043
6175762
-5324296
-2758914
4537930
-3817724
1824538
5747631
-6117079
-555521
2729057
-5366842
3961291
4740143
-5671278
1809390
312169
-5881606
5313793
2559566
-4408234
3865902
-1930379
-5668175
5904264
349478
-2496100
5248391
-3991718
-4245196
5455975
-1830963
-244081
5736118
-5260820
-2495203
4214089
-3824708
2085384
5358595
-5719220
-102411
2260351
-5165199
3964863
4216341
-5273069
2117055
138288
-5751753
5355190
2174304
-3967379
4034149
-2133495
-5091000
5667841
82500
-2011817
5234722
-4060829
-3872489
5066217
-2201573
118168
5413353
-5070368
-1959887
3959630
-3953006
2175734
5024024
-5364599
155657
1975001
-5027838
3914549
3784208
-4806978
2350013
-250822
-5414821
5074890
1779375
-3520914
3840869
-2325541
-4870589
5248411
-328018
-1690251
4992353
-3914289
-3520007
4696284
-2265416
450330
5237566
-4991796
-1568272
3524337
-3830157
2315070
4557596
-5122144
355343
1463743
-4844848
3937235
3341468
-4556156
2420012
-409809
-5009868
4771190
1493448
-3035181
3971005
-2367107
-4525294
4960795
-634310
-1321917
4752494
-3882209
-3006546
4282462
-2385552
557703
4813280
-4656062
-1338406
3200318
-3850576
2396731
4232197
-4857730
625900
1275471
-4594809
3847358
2799818
-4017109
2426371
-796223
-4700226
4685225
1032408
-2617469
3958779
-2430545
-4087028
4727295
-816747
-984070
4498836
-3880703
-2577045
3827278
-2625903
916304
4421088
-4629302
-880907
2583287
-3646830
2508729
3771980
-4627247
950817
894030
-4479747
3829214
2581687
-3784287
2591121
-898955
-4469889
4434261
662939
-2450908
3735290
-2455669
-3592045
4287729
-1075056
-614573
4464485
-3689853
-2354726
3524450
-2664727
1110936
4297500
-4278685
-647861
2256132
-3713175
2633351
3601634
-4277822
1060649
384262
-4349958
3700720
2022412
-3255338
2644435
-1064257
-4018090
4223301
634254
-2008820
3542335
-2649188
-3201185
4040329
-1321626
-414188
4257695
-3504842
-1983674
2975522
-2563363
1225091
3878919
-4082784
-506696
1886890
-3601715
2750671
3303191
-3885831
1252645
305068
-4024524
3552445
1812580
-3090633
2608227
-1325255
-3913775
4020045
162800
-1773822
3594242
-2683693
-3026149
3829328
-1284226
-200640
4038425
-3398345
-1664117
2797874
-2771011
1372040
3663452
-3645550
-109392
1612694
-3546139
2802304
2803888
-3521133
1453503
35528
-3681511
3408330
1447542
-2735111
2580250
-1372707
-3448120
3809192
56250
-1417063
3657522
-2692472
-2650488
3313341
-1425794
52795
3609563
-3499442
-1309600
2581854
-2635177
1334790
3380234
-3645544
74392
1341545
-3340186
2668778
2350972
-3357440
1554415
-100266
-3314620
3239894
1234922
-2403649
2680698
-1594237
-3193949
3571260
-232402
-1106503
3390724
-2650822
-2268280
3195496
-1498877
201633
3359843
-3288370
-987382
2226570
-2641482
1453252
3145144
-3357701
212651
1096795
-3209662
2551634
2245573
-2883674
1670792
-433613
-3372916
3110224
996506
-2044748
2596436
-1661072
-2933711
3174622
-260178
-661381
3155494
-2551342
-1979566
2866955
-1744660
490418
3305499
-3122018
-748407
2045900
-2493422
1653617
2749247
-2950878
542711
818030
-3155768
2493989
1904869
-2641443
1640388
-495209
-3085254
3087587
717960
-1778632
2575294
-1570932
-2626733
3053615
-541416
-771759
3096260
-2611514
-1788241
2575400
-1807330
726572
2957869
-3010622
-699841
1544836
-2503109
1791846
2408667
-2891524
648079
590196
-2903874
2535459
1654892
-2480963
1666302
-507476
-2837494
2922444
506117
-1458350
2592341
-1787989
-2419381
2817941
-707677
-346126
2723314
-2433037
-1533025
2264497
-1628364
828781
2881004
-2781956
-311805
1401060
-2361573
1757566
2267088
-2660481
819451
389026
-2866204
2424753
1279284
-2123395
1862148
-856217
-2795978
2722474
216897
-1202966
2476577
-1652406
-2029197
2523393
-844934
-129537
2629942
-2406890
-1235433
2019335
-1741217
997723
2565376
-2630798
-119321
1124480
-2476817
1742020
1949401
-2438597
731613
149546
-2708347
2442366
1117924
-1891404
1779849
-794550
-2435848
2593463
157156
-1047742
2397838
-1841387
-1791446
2312247
-972016
-13836
2439163
-2113973
-1004662
1894928
-1794186
860099
2303586
-2530265
69573
910795
-2238271
1760513
1616225
-2330159
1039260
61582
-2408183
2341413
836030
-1560037
1743578
-1003655
-2273413
2431627
-135645
-890978
2218028
-1873573
-1775653
2135631
-1021123
121764
2290335
-2064007
-866954
1634247
-1728961
998736
2148882
-2257014
251519
737008
-2323166
1700021
1463312
-2087518
1005969
-197405
-2201889
2110235
708374
-1455068
1746761
-1096849
-1889378
2353509
-148999
-596481
2049210
-1797546
-1543225
1944712
-1094217
244469
2139164
-2127830
-534110
1318877
-1778645
1051471
1915737
-2090819
208756
630265
-2114528
1636234
1215916
-1940728
1097372
-268980
-2071732
1990229
489549
-1178514
1849488
-1072525
-1803345
2084451
-307589
-471240
2000495
-1697500
-1095437
1689885
-1042875
339855
2064400
-2156884
-371710
1335672
-1734535
1141783
1745161
-1982738
368998
380064
-1902177
1734009
1109433
-1731108
1187644
-398065
-1895364
2126684
340870
-1108094
1810492
-1095924
-1575680
1981920
-314087
-193947
1823649
-1595533
-1031902
1492751
-1189123
478837
1981664
-1746995
-267653
983702
-1704835
1012232
1471682
-1840847
452008
268503
-2007776
1403441
885497
-1494682
1170416
-467770
-1733908
1826420
186124
-1014378
1572417
-1208389
-1387818
1828640
-493787
-197206
1905382
-1536339
-885227
1344135
-1107501
471883
1862464
-1790016
-251117
856935
-1615774
1045342
1348407
-1525066
459011
37229
-1792612
1715607
812256
-1416706
1159961
-383935
-1652029
1548573
178324
-818793
1479393
-1109620
-1332672
1680750
-578734
-11183
1794254
-1551475
-578573
1228047
-1185509
514969
1540264
-1652043
-177081
741628
-1576886
1103809
1237607
-1481866
546431
94959
-1599904
1409588
613806
-1120146
1198923
-507389
-1459059
1609227
23516
-495517
1529922
-1134107
-1089829
1445791
-664164
-48204
1533900
-1487106
-530527
1119310
-1054640
579682
1484712
-1480339
-12334
565202
-1406069
998764
1172535
-1146858
612967
62407
-1474716
1553135
604461
-1005772
1141895
-576787
-1278410
1358079
80757
-467991
1428833
-1077320
-903702
1266638
-754722
162042
1478533
-1401167
-571094
862007
-1043236
604945
1302225
-1431897
148148
483245
-1201879
1074791
917551
-1311211
699970
-172384
-1307101
1318340
448286
-951261
1082226
-626539
-1197263
1342343
-220871
-421384
1271391
-1163873
-731676
1258501
-637252
282184
1442030
-1401885
-320201
786964
-1064521
674765
1052360
-1365222
215584
468857
-1323330
936677
782770
-1084736
666052
-272117
-1238198
1237928
351581
-747590
1014985
-648306
-1236874
1160848
-146527
-280572
1228639
-998456
-686007
1061973
-592756
304373
1329378
-1191472
-192853
566813
-1038572
593364
1040285
-1042660
351005
217636
-1206869
963633
759784
-903475
627814
-390710
-1249675
1132337
66222
-508455
869088
-639674
-918646
1198536
-287117
-296056
1231828
-1019115
-599410
923428
-485525
322415
1320793
-1219891
8335
596921
-943895
752386
883085
-990797
330809
253405
-1065732
867246
608069
-990803
617682
-360006
-1096118
1126498
201748
-570338
780337
-752532
-828870
1007218
-290257
-153022
1144290
-865593
-544696
824552
-591276
273384
928075
-997479
-82279
400369
-931482
618144
744646
-1038767
267458
185850
-986659
933783
450927
-775237
522755
-240529
-829100
1000115
74916
-400001
856185
-562445
-802173
941101
-343973
-188069
1014852
-775459
-409297
694737
-671978
238727
899953
-960985
-193645
512972
-820843
459760
672874
-851279
282030
55781
-987540
908430
589325
-673068
587507
-142981
-893192
869531
6281
-338126
822407
-696828
-616535
852637
-268959
-49
839887
-724293
-474788
593453
-596974
380372
781008
-852459
-913
327857
-935076
506679
517104
-875675
452260
70962
-795520
825691
324950
-572836
561326
-212312
-657062
964434
-10245
-154021
780466
-552242
-697890
648840
-327044
15016
701433
-797576
-213609
498026
-534832
268253
633673
-724054
-101141
345888
-797744
562514
580947
-578781
282217
105865
-774585
726525
219839
-479735
489788
-341230
-588997
804762
-6629
-278072
648532
-493672
-510223
869672
-198212
-113578
747799
-703500
-219188
454975
-458092
290492
525956
-631119
-33570
312296
-516871
422176
560902
-468972
332952
-50940
-694862
659860
265139
-472896
450525
-412822
-445689
739133
-197233
-220732
486319
-639629
-324226
552271
-246351
33142
649127
-629109
-132765
425495
-626816
321233
528630
-431163
141750
287268
-487113
410197
552985
-378315
203039
-180791
-798495
662633
175267
-247274
491832
-296239
-565506
579898
113363
-165642
470814
-448256
-326989
590953
-308780
148857
578107
-493468
-100562
306103
-416218
223264
389609
-425196
26328
29989
-392571
297174
364083
-438373
277472
-51164
-667414
460073
130617
-378878
465879
-177734
-265203
541831
-95793
-91455
465207
-296524
-429516
542650
-202092
74595
610017
-509191
-156352
431355
-476424
160522
550394
-567998
11795
54987
-396468
378390
313729
-411270
141785
-115616
-467026
424153
133332
-334080
399021
-295471
-284895
338759
56481
-253694
332371
-251849
-475443
404751
-78905
-39442
477197
-483780
-330040
274540
-270067
120809
393437
-369076
21172
175955
-399303
278595
368595
-279586
187102
-61802
-325108
300177
24332
-334095
267670
-51716
-245093
325289
23180
-160369
305162
-302759
-254953
351778
-49380
-72572
301181
-209872
7493
198232
-232251
15170
129226
-372173
-74193
14687
-195793
238371
268514
-352465
71225
-80105
-364486
307329
108990
-213372
276556
26827
-383790
400463
-15727
-253381
176278
-157441
-216534
369954
-18579
55510
360876
-207449
-209251
198547
-201788
41818
251458
-189275
-36113
131656
-301627
342878
330929
-345761
148765
31530
-254696
213801
68819
-210614
58914
7442
-319523
219227
-41650
-102297
341272
-71700
-174774
232191
98051
-97906
215451
-179178
-215033
143003
-64693
2533
199083
-224705
7204
104600
-248097
144029
200055
-200557
142907
27053
-266707
147784
193384
-169986
213939
-24155
-224074
214329
13774
-211772
227922
-157626
-124081
137613
-114627
-55022
206413
-111853
-76070
210074
-43779
34917
232214
-235078
-70228
282675
-215434
39482
164732
-249513
111164
162224
-95458
114976
192493
-309206
73814
-97310
-296689
85478
221431
-109842
180295
17030
-188371
239729
29780
-55994
200708
-158127
-122769
267580
-111790
129635
259411
-245228
-15603
38623
-63288
61329
161588
-229725
40284
101254
-209375
166065
228755
-284603
-72743
8745
-52637
87288
7173
-183124
232247
57793
-49366
243370
172674
-179329
225796
-79102
-102998
83069
43872
-38532
81320
-141797
-166279
330860
-68208
144688
220639
-162394
-142366
199138
-296578
76193
125244
-229685
329
78707
-111285
-52523
105405
-281147
13572
13376
-338320
351196
-36922
-143520
160184
-109263
-14950
206966
46869
-80163
184425
-112504
-318333
370514
4349
31402
314692
-168038
-98181
116879
-137979
-92665
300408
-19637
-64005
