#SpinCore Technologies, Inc.
#SF in MHz
#SW in Hz

[HEADER]
@CLASS=	RADIOPROCESSOR
@FIRMWARE= 3087
@SPINAPI= 20130917_x86_64
@POINTS= 1000
@SF= 0.000000
@SW= 100000.000000

[DATA]
-4270630
-5642343
10750992
-4794282
119425
10851853
-10494596
-4110888
7896014
-8396020
4746320
10441246
-11748593
458128
3955421
-11155279
8688515
7816341
-10526347
5058873
-580997
-11744720
11027283
3969610
-7934131
8712008
-5039919
-10634420
11851383
-679257
-3779980
11245249
-8917632
-7691547
10444732
-5328086
883052
11721392
-11282580
-3761487
7591911
-9029107
5570006
10321672
-11786903
1142790
3387852
-11386777
9199690
7456945
-10196013
5762633
-1247611
-11708875
11344280
3125390
-7395149
9302997
-5642747
-10092748
11491788
-1641475
-3009620
11397564
-9338969
-7119861
10089095
-5989106
1738940
11467999
-11386596
-2889603
6930977
-9510867
6095084
9864814
-11473059
1940684
2537807
-11324774
9647507
6663173
-9813754
6407229
-2095830
-11468268
11304886
2427588
-6444856
9608186
-6383746
-9712819
11275408
-2273013
-2128645
11365047
-9530802
-6229287
9423937
-6601817
2423885
11173325
-11397495
-1942776
6133388
-9541454
6680974
9418600
-11093311
2541463
1786464
-11256342
9808870
5953075
-9195499
6737240
-2676698
-11074024
11332775
1618971
-5763373
9770517
-6637471
-9007066
10912571
-2872808
-1381781
11239951
-9841782
-5480670
8795958
-6990929
3132631
10887999
-11133993
-1295971
5496911
-9703642
7083208
8712105
-10699920
3228923
1100289
-10957427
9796689
5209219
-8512314
7164227
-3499246
-10467904
11068826
898636
-5071249
9921817
-7206092
-8382992
10287387
-3610138
-551018
11026521
-9799582
-4732665
8073390
-7358554
3789765
10226868
-10977257
-524275
4651832
-9900574
7316035
7921517
-10181641
3926162
459593
-10751431
9813348
4447536
-7826049
7407867
-3772654
-9844565
10707589
64539
-4127377
9755106
-7478973
-7634754
9971919
-4014481
-321
10629138
-9778850
-3917670
7260184
-7348498
4128405
9611873
-10464929
119031
3754503
-9943009
7553425
7371831
-9700693
4279951
-149583
-10498974
9784120
3578280
-7096450
7603603
-4225177
-9428411
10281278
-618712
-3518029
9665254
-7555556
-6825702
9138782
-4420365
465454
10164085
-9596466
-3402352
6762522
-7701595
4457575
9011430
-9951506
779888
3116472
-9540327
7627874
6474200
-9038484
4575623
-831570
-10016618
9552379
2990344
-6312670
7734131
-4530474
-8773484
9797139
-1007270
-2853845
9527291
-7631773
-6104839
8627850
-4702250
1025400
9635234
-9390031
-2761484
6121021
-7651036
4713186
8432532
-9470610
1348928
2412438
-9227467
7672210
5799746
-8282775
4996731
-1366433
-9432357
9271951
2384784
-5589321
7601346
-4808450
-8030186
9398980
-1550051
-2266809
9107672
-7600764
-5484257
8022723
-4977733
1478960
9302688
-9109907
-1901686
5488913
-7548281
4920125
7801952
-9127591
1565128
1963254
-8963909
7684076
5285297
-7713089
5078787
-1651496
-9009568
9067606
1919617
-5072129
7559946
-5091866
-7536301
8947590
-1752361
-1735762
9014521
-7596794
-4912157
7420010
-5117721
1949430
8732926
-8751772
-1479868
4738387
-7546902
5233530
7320874
-8686992
2031387
1379410
-8783645
7565622
4644815
-7109709
5139599
-2074480
-8568310
8741511
1302199
-4497999
7487507
-5164976
-6831172
8202153
-2254589
-1343509
8595535
-7524164
-4436210
6922303
-5251959
2260432
8229675
-8470800
-1063610
4106583
-7299869
5338295
6764523
-8246725
2422102
1040140
-8308422
7362665
3974845
-6533495
5107272
-2289242
-7957531
8232335
1003423
-3972729
7369598
-5215128
-6424264
7841406
-2579321
-734985
8178738
-7442030
-3810084
6251181
-5279405
2626661
7896942
-8051944
-676261
3691661
-7250327
5271052
6187146
-7572661
2525202
463764
-8058889
7199710
3486797
-6059508
5405883
-2672979
-7585277
8030948
405949
-3255268
7255350
-5209705
-5849590
7554288
-2693870
-382041
7926902
-7121862
-3403510
5762912
-5203598
2751004
7444823
-7834302
-337179
3386002
-7175498
5392414
5715626
-7176542
2895302
194846
-7814026
7069204
2968366
-5477476
5290945
-2612383
-7163428
7773019
73196
-3141074
7097303
-5368604
-5500381
6996819
-3057800
-74823
7542686
-6889098
-2749396
5302090
-5421059
2941777
6909348
-7459884
126403
2704253
-6936027
5348012
5111784
-6770819
2990720
-198612
-7325979
6819304
2601024
-5130217
5325435
-2966268
-6675168
7225438
-196795
-2547125
6785497
-5395020
-4945540
6494349
-3084432
443587
7220186
-6831149
-2478370
4916804
-5297905
3113433
6402103
-7069003
418986
2352588
-6662161
5287351
4722441
-6484632
3099227
-511697
-7080414
6799688
2240808
-4556882
5499803
-3241525
-6253643
7065492
-508950
-2111364
6692467
-5406330
-4328789
6003694
-3230765
763506
6882568
-6457028
-1989105
4290905
-5396257
3240544
6032533
-6841539
724631
1802333
-6593858
5285470
4047288
-5766681
3238263
-972518
-6656355
6511773
1817852
-4116803
5236423
-3203238
-5790195
6544544
-842813
-1741472
6480970
-5282659
-4019272
5856827
-3349817
959477
6532296
-6219974
-1464510
3933659
-5229352
3412528
5720672
-6465949
939863
1563564
-6214412
5312505
3785767
-5506607
3387352
-1078598
-6383837
6270886
1396277
-3628306
5206470
-3350530
-5410738
6395662
-1038693
-1416497
6213447
-5358015
-3560796
5210516
-3371239
1366544
6175647
-6108412
-1328241
3556068
-5213378
3467174
5049386
-6252851
1215275
1112220
-6120395
5272179
3311226
-5128332
3574958
-1349922
-5888492
5928057
1176220
-3121132
5166324
-3632194
-4989381
5799143
-1567619
-1062564
6061157
-5122953
-3132992
4717505
-3579067
1582796
5978701
-6007761
-773047
3052956
-5011150
3580621
4705456
-5729763
1508869
764839
-5880401
5051414
2956366
-4687153
3586125
-1489305
-5537296
5796273
718903
-2792733
5046660
-3472004
-4510198
5624026
-1437155
-569424
5685428
-4935536
-2727599
4353697
-3728885
1594084
5285273
-5718856
-512124
2613300
-5017645
3593730
4366448
-5399246
1744422
523379
-5677420
5103320
2489799
-4370900
3524734
-1813221
-5232542
5486284
368922
-2500835
5017213
-3658842
-4099885
5069492
-1774741
-308944
5414374
-4819364
-2494668
4038387
-3544548
1791766
4988326
-5336720
-186313
2332588
-4950886
3684213
3910661
-4879163
1806630
109945
-5173307
4795117
2023733
-3825792
3646335
-1981354
-4953829
5328204
68943
-2012096
4742739
-3639100
-3702241
4810885
-1976212
128543
5154949
-4580230
-1939185
3542343
-3683109
2070068
4770648
-5154356
165668
1899679
-4743344
3702939
3356349
-4659994
2141415
4707
-5004669
4596880
1826211
-3404881
3667322
-2074732
-4615046
4992778
-306863
-1585215
4759472
-3641889
-3407662
4646494
-2086495
415428
4881545
-4540819
-1685816
3137018
-3635340
2180628
4409998
-4774855
432447
1467160
-4573312
3830257
3100422
-4197602
2296249
-358567
-4719860
4650785
1522243
-3081277
3634126
-2299856
-4179711
4637273
-432573
-1344609
4477476
-3709444
-3026328
4155862
-2295407
471334
4547862
-4372759
-1214898
2906209
-3447887
2244608
3919290
-4437676
541277
1204239
-4456091
3436626
2639978
-3900353
2351098
-526446
-4474835
4398446
1030111
-2686510
3518163
-2304470
-3917654
4354896
-691006
-1053376
4308002
-3562451
-2606359
3683490
-2346807
623118
4310507
-4215281
-874825
2556602
-3626063
2324359
3552640
-4182216
675730
831660
-4042978
3562695
2501305
-3548058
2219237
-830639
-4097676
3988817
746254
-2330512
3522810
-2406741
-3377098
4070495
-929696
-801861
4115523
-3487579
-2298280
3277028
-2343294
958114
3967057
-3936478
-654628
2138669
-3399347
2394015
3301130
-3862413
920982
688863
-3852289
3457136
2002443
-3222192
2386259
-1069233
-3789571
3965393
669388
-2009639
3485584
-2452950
-3117905
3792522
-983447
-465268
4012748
-3511123
-1752217
2958104
-2305543
1075141
3715672
-3789390
-273490
1829788
-3436527
2424984
2850805
-3709067
1101397
393904
-3801536
3328771
1792291
-2786670
2402159
-1193526
-3558493
3635048
240562
-1688322
3270535
-2521909
-2724300
3435918
-1307538
-80088
3483729
-3196228
-1475315
2675354
-2421487
1306947
3342158
-3736516
-209324
1548400
-3360847
2558570
2631687
-3479782
1311400
56469
-3406105
3314064
1549087
-2588848
2509641
-1315274
-3267817
3561972
28161
-1327204
3265483
-2602240
-2415234
3182093
-1288540
7534
3468549
-3234231
-1419265
2427611
-2525467
1442219
3249936
-3540426
20855
1224077
-3147504
2438735
2384424
-3145763
1276838
52029
-3427166
3175898
1033099
-2292724
2512763
-1537132
-3079312
3391041
-171262
-1183374
3264597
-2398167
-2306259
3015284
-1497655
315154
3328476
-3232303
-946038
2004232
-2575795
1525893
2861376
-3098581
310514
1052636
-2920545
2539167
2088670
-2818650
1584146
-362039
-3225509
3081989
857101
-1958069
2420847
-1449361
-2701200
3092477
-362023
-839621
2944685
-2225443
-2042075
2582625
-1563624
393302
3106273
-3112805
-890336
1940240
-2434041
1436408
2600407
-2878705
419585
710438
-2824738
2419933
1865744
-2636839
1661275
-479552
-2867618
2840080
796839
-1690166
2354253
-1688723
-2536972
2965856
-553282
-543747
2846388
-2460775
-1740890
2438395
-1562080
487301
2907362
-2752296
-555094
1535886
-2151089
1679991
2379362
-2744705
647575
555921
-2790231
2395705
1575041
-2381671
1758382
-554371
-2603443
2803211
332465
-1462555
2371175
-1654644
-2316139
2933483
-639737
-420658
2801315
-2422038
-1315308
2021177
-1682583
692370
2568461
-2628463
-360565
1337381
-2237169
1783364
2168748
-2459540
709496
236053
-2689098
2406281
1317977
-1915137
1552108
-788109
-2512397
2603559
308218
-1189545
2440127
-1642361
-2056882
2522528
-849794
-224725
2602825
-2176081
-1217614
1817054
-1651490
759331
2435324
-2549738
-212712
930117
-2385361
1722185
1916229
-2389586
932193
137887
-2582963
2306095
1063482
-1838679
1655501
-740762
-2320347
2505434
49766
-877832
2357161
-1713616
-1588713
2170574
-926467
16592
2387924
-2213625
-851768
1783616
-1580720
1098429
2239452
-2406885
89450
706274
-2146301
1628237
1609891
-2081090
830737
28559
-2279765
2136221
888956
-1508351
1664908
-1022582
-2088725
2280778
-89952
-799495
2094831
-1637550
-1542885
2015615
-885437
-13091
2229461
-2117448
-755262
1518754
-1873791
997020
2172098
-2096531
249927
711864
-2057030
1653849
1529534
-1945983
1002306
-271695
-2109329
1921577
691881
-1367175
1696719
-982622
-1958413
2047275
-114296
-691941
2024385
-1678691
-1194529
1795721
-951879
224782
2160064
-2092081
-676154
1253313
-1648003
1107278
1746403
-2035023
463452
463007
-2011070
1628361
1385636
-1705543
1038056
-411052
-1990823
1993407
490842
-1056749
1643294
-991429
-1768248
1931083
-312990
-297080
1886615
-1505201
-1133551
1649386
-1112475
457291
1968557
-1946469
-450158
1212791
-1665629
1154922
1524142
-1795464
263272
230785
-1735923
1573717
1115626
-1673899
1105651
-497473
-1776515
1939033
408753
-1135884
1512182
-1157005
-1602508
1947504
-550620
-343117
1741595
-1525072
-776747
1416369
-1128301
338337
1733039
-2035372
-403211
1047607
-1543802
1182180
1569992
-1662156
543588
290814
-1800286
1526176
900760
-1397670
1033232
-382343
-1709232
1697564
137138
-825874
1495476
-1133656
-1468005
1712810
-594880
-134792
1910598
-1558849
-814087
1353963
-973701
450490
1606271
-1763282
-86541
713284
-1548355
1115644
1217367
-1723882
590777
20980
-1794997
1519926
902522
-1191345
1165262
-546909
-1519294
1560490
121225
-685165
1605321
-1135344
-1092830
1569753
-667753
-9497
1641742
-1493243
-643493
1143298
-1139902
530089
1490081
-1604140
-19698
581047
-1371946
1304132
1099350
-1505873
682953
-38976
-1418540
1505693
657715
-1054990
1038440
-629100
-1447062
1636120
-91903
-675225
1469917
-1198218
-1151807
1429339
-632696
174713
1507524
-1166113
-616763
924737
-1124513
716378
1328750
-1402283
72910
407881
-1309649
925728
860216
-1114147
647275
-8931
-1432875
1278498
424915
-1015986
1085921
-612842
-1204638
1403591
-155360
-199502
1334547
-1104817
-877936
1202113
-576123
284895
1391316
-1369729
-456017
820298
-1115704
623336
968891
-1291636
238960
455368
-1396633
1111884
746717
-1036976
789458
-115927
-1247840
1268241
291642
-758170
1092653
-618293
-1158123
1278583
-227699
-269287
1337031
-1122913
-754215
1035333
-580370
120017
1283673
-1263647
-386172
851243
-970632
652578
1187404
-1192769
131756
294837
-1118934
1020584
815841
-1205458
597690
-260256
-1201465
1195081
283716
-704438
1125379
-733773
-1077518
1262286
-194050
-163438
1170080
-966829
-622535
805299
-579447
463211
1205165
-1157677
-294197
655412
-970672
618374
929775
-1229546
399914
175647
-1195662
934851
606216
-865236
739426
-217714
-1095701
1047988
159526
-503418
991754
-672074
-921411
1108197
-291958
-34529
1238250
-1068395
-499734
812988
-672921
322358
969577
-1108346
-151473
512290
-978864
702954
947668
-1175669
253851
241827
-1063337
1111940
240519
-861377
605319
-228409
-854023
1081105
251892
-523504
914193
-735869
-789487
940447
-276995
-55238
965096
-914657
-468826
694172
-596785
378751
992794
-1008536
-150667
548458
-825677
730644
645454
-975428
458160
141133
-1073735
908783
443724
-636593
652997
-340543
-807058
995266
101032
-461944
785493
-740122
-622421
873990
-357234
-65516
965479
-858908
-357602
627612
-725404
306114
905636
-901779
94649
463995
-752812
707487
668258
-917485
289581
-138941
-815866
772622
470000
-592654
607043
-227468
-832973
934652
-105731
-420596
896317
-610251
-527021
851682
-469116
-5282
838910
-703730
-322365
497620
-624218
344171
796002
-879913
44271
199225
-762552
649525
633390
-933357
277990
-162271
-853713
820121
285196
-520219
560452
-333947
-755299
962840
118525
-215500
785253
-599935
-525499
633991
-431736
103990
865384
-767876
-368250
579848
-592939
399719
809472
-721071
-39621
250025
-676209
456752
472989
-630669
357599
23609
-678511
711497
260729
-621635
430633
-427669
-615802
709291
-185498
-119377
776951
-487763
-307937
671248
-304759
157494
802034
-791589
-95919
322150
-475695
352244
585156
-724009
148719
146825
-646447
545781
423873
-611304
406428
-29666
-611632
685760
95270
-367145
671533
-226556
-453806
519767
-205403
-328967
668071
-560260
-355483
416622
-222323
33258
553696
-562880
-235139
225518
-443611
377081
659046
-720665
2078
38759
-528499
580842
313037
-610981
370761
7971
-617332
651220
-5320
-288948
445665
-273362
-350313
578847
-131876
18116
551794
-436226
-343981
351812
-403627
125496
505869
-582013
-208663
262223
-511276
348697
428903
-452548
-16482
66388
-510181
493333
265186
-428279
268963
-142059
-430725
574147
120035
-106992
442751
-309357
-367921
702121
-132879
-194593
480683
-387998
-205551
482039
-226104
153772
513078
-502005
-127116
260946
-373649
252414
352476
-484530
52298
75948
-368881
318696
323931
-360812
242638
-248838
-340601
486292
25048
-189375
269930
-265505
-392243
592001
32249
-253453
499097
-349696
-229166
371304
-391111
-6733
360478
-334185
-127729
281994
-216708
216938
446075
-397979
174766
-25228
-480614
271218
148092
-380919
264635
-136297
-383316
383591
121043
-186245
220382
-170698
-216744
356006
7956
33361
358787
-221212
-300300
289573
-200280
67495
383338
-296844
9878
184829
-256251
269391
315925
-314791
63621
294887
-379146
281554
346451
-174684
198213
-99193
-265176
420053
-77293
-167751
394007
-273994
-313379
294796
-18632
-88681
164787
-205140
-208239
202879
-118396
217128
315044
-388174
-112033
-14988
-177727
149017
257089
-235546
6731
56150
-257083
230735
243913
-189592
209470
-77257
-280535
264493
127817
-50047
246287
-179924
-250459
262455
-74303
-15574
255115
-343523
-305056
319990
-216308
85092
201816
-294198
-53169
35949
-188713
62289
160833
-316954
-59743
128153
-404420
291858
173939
-55729
124161
42196
-311224
311364
17106
-234689
129996
-81716
-306029
272859
-58485
-140233
328770
-42456
-35363
-373
-152182
80421
123825
-132802
-106775
212192
-117100
95333
213698
-267199
13774
-28727
-261418
52309
184600
-206742
191324
119960
-126233
217904
190460
-60639
263168
-148603
-296206
310134
167786
26602
66159
-4918
-166088
145772
-44145
-123381
233401
-40914
-83254
136919
6831
-35388
92895
-315088
58585
-11282
-149338
51354
77376
-385186
-179030
83881
-151993
181060
51389
-196082
198750
-22513
-249794
134369
54256
-205187
86973
-81979
-103083
196873
-103103
-116533
183935
-112218
28976
157028
-102848
71462
158677
-276279
-67546
213446
-152559
91845
137617
-35853
-83876
49711
-232957
86121
109934
-249597
43351
24973
-120183
176454
-36909
-77314
81241
-66138
-241593
91243
-43438
-97983
145569
-168078
-11636
83575
-145336
-37575
135126
-123816
-92404
182164
-133154
124636
263011
-160650
-20804
254180
-153846
-2612
273973
-274719
7611
122010
-94988
165257
169559
-301997
140092
12495
-255911
295143
197460
-83258
336473
-96416
-265282
234668
113292
-19555
221420
-180807
-179940
221224
-45489
62366
162309
-271247
-101156
-9772
-155185
167154
290450
-184103
134923
