#SpinCore Technologies, Inc.
#SF in MHz
#SW in Hz

[HEADER]
@CLASS=	RADIOPROCESSOR
@FIRMWARE= 3087
@SPINAPI= 20130917_x86_64
@POINTS= 900
@SF= 0.000000
@SW= 30000.000000

[DATA]
8761424
-6719438
11579413
-6254560
12681121
-4116592
13346125
-1868036
13521897
544937
13174430
2842443
12449836
5069644
11465767
7158099
9943081
9062850
8144864
10573200
6200499
11734792
4034630
12736147
1780634
13120141
-571638
13166411
-2815501
12760046
-4945132
12079956
-7009204
10937732
-8792812
9500645
-10172118
7794954
-11308596
5845670
-12116803
3756103
-12547844
1707707
-12584195
-582395
-12155058
-2749325
-11374161
-4737056
-10316860
-6694619
-8925292
-8282742
-7280794
-9777700
-5417355
-10702459
-3425015
-11363718
-1372346
-11777360
729186
-11643880
2769057
-11304133
4610168
-10573179
6409302
-9487052
7839546
-8136395
9144961
-6569325
10107163
-4845818
10702661
-2947369
10909923
-980308
10777474
912731
10382732
2851782
9687202
4498374
8582131
6146563
7239411
7436750
5801254
8519674
4228644
9397830
2330675
9832417
577147
10012526
-1198091
9892927
-2981255
9504744
-4517137
8673783
-5892657
7680738
-7086508
6517498
-8130696
4952368
-8762762
3436315
-9110835
1876255
-9283051
147275
-9026655
-1528741
-8546865
-3079352
-7784363
-4433052
-6799638
-5778457
-5632687
-6740610
-4302723
-7592438
-2844768
-8259144
-1296382
-8466800
202723
-8465873
1778298
-8293653
3204069
-7766771
4473322
-6937770
5562569
-5986341
6519347
-4920776
7234483
-3635855
7629958
-2244632
7851918
-889494
7786493
620664
7467744
1920282
6993798
3140016
6307697
4343343
5281081
5303580
4290512
6175513
3099944
6794104
1725047
7117734
445799
7229087
-830590
7148530
-2056701
6837599
-3108994
6300539
-4161957
5625165
-5052302
4701799
-5799660
3632141
-6262752
2580005
-6513392
1430050
-6594322
271388
-6501491
-895041
-6175757
-2097894
-5597084
-3080605
-4960436
-4015129
-4040209
-4726916
-3154907
-5343219
-2199293
-5720778
-1148816
-6034022
42896
-6025150
1042225
-5852400
1967782
-5564555
2913307
-5090807
3799970
-4361376
4438404
-3562554
4957444
-2736781
5253681
-1800644
5377127
-803642
5432115
49701
5323809
1164484
4900995
2049730
4432307
2770180
3981237
3496128
3107110
4200815
2321882
4643077
1483508
4835049
550138
5037359
-296176
4889616
-1048333
4731814
-1941022
4434370
-2652711
3994377
-3256374
3390924
-3746331
2707248
-4146108
1996313
-4378954
1258311
-4518489
469555
-4456277
-382250
-4271794
-1101189
-3900436
-1808119
-3511811
-2460541
-3012289
-2991913
-2409843
-3476276
-1749381
-3779116
-1006715
-3944146
-252123
-3999724
392472
-3889241
1062695
-3827663
1754972
-3495571
2200788
-3128241
2752593
-2651758
3155609
-2124367
3411185
-1454857
3512410
-929009
3593765
-239974
3574090
331003
3443289
982515
3105275
1624004
2751757
2136934
2284070
2556994
1844230
2834063
1310946
3062927
707987
3292371
235020
3166927
-347373
3231983
-941527
3027242
-1419155
2777649
-1867700
2439513
-2279476
2028531
-2503965
1592051
-2744081
1132062
-2856085
588597
-2886753
132797
-2832796
-395071
-2680715
-904236
-2409847
-1300169
-2177504
-1715382
-1784056
-2084080
-1328553
-2283897
-1055668
-2448636
-572740
-2489054
-78141
-2589301
404154
-2453820
721929
-2432811
1228486
-2118930
1501626
-1909752
1729260
-1544818
2036349
-1238138
2171868
-788060
2183827
-432081
2225274
-43385
2220836
336968
2076799
655356
1919850
1071600
1644177
1339252
1363383
1557896
1109895
1816204
684253
1860759
357005
1983016
39011
2023506
-301168
1852388
-667144
1830442
-907091
1693365
-1245240
1367315
-1328954
1156998
-1658325
873447
-1662946
539079
-1768018
254582
-1715111
-23089
-1710137
-400975
-1522214
-614224
-1406549
-844444
-1242516
-1071419
-967321
-1289788
-761119
-1349266
-499325
-1529696
-233917
-1561725
113977
-1510793
374518
-1464090
500925
-1427137
801635
-1211198
957806
-1081600
1119893
-808773
1239602
-603198
1297060
-368080
1356914
-197688
1360020
96383
1222181
309764
1169245
523983
1000238
720298
896267
843834
749815
1025637
442850
1007861
289413
1080375
180897
1136449
-162218
1123819
-386779
1088801
-398520
927031
-672133
860207
-773817
682954
-891849
579981
-921150
446316
-1023799
207708
-953070
22673
-987551
-167016
-861087
-291478
-758056
-472994
-690498
-507426
-625485
-708566
-383507
-715614
-295756
-721290
-212460
-919441
71943
-831145
170303
-786627
345363
-738324
414389
-650399
494122
-485901
560252
-444478
604033
-303268
679103
-168211
674879
-165799
634192
51566
631608
137806
606476
306338
432435
215524
497623
416227
297474
521067
223901
470586
126720
534400
66882
574553
-52584
497961
-127316
493767
-247748
436981
-324551
317744
-273236
371197
-423014
215007
-420279
87430
-508961
11740
-356743
-78516
-449562
-21517
-353232
-141779
-326443
-210444
-266632
-289237
-217856
-346298
-125606
-387268
-3935
-285692
-84353
-301858
153959
-390389
161920
-276954
154229
-274772
213608
-190507
247276
-161096
243526
-86850
257436
34807
290146
69935
224959
105368
127535
100505
248839
186421
123539
150714
55906
193400
34024
179793
11199
273591
-62517
171849
-147861
96191
-113866
77347
-150860
84699
-153981
66645
-107348
-21287
-125192
39514
-193038
-53631
-106897
-109417
-89047
-121830
-134754
-184599
-82292
-201306
54960
-228992
44376
-99914
67970
-177769
170664
-242650
105914
-70321
200094
-115085
202412
-130930
220038
96445
155680
12017
251410
13003
213317
164685
137237
74654
138095
259119
96723
229764
88986
252208
2007
196418
-62177
285496
-160558
204548
-112665
175814
-234847
259515
-220972
143757
-241317
85240
-301135
26496
-405789
7243
-279672
-32720
-279278
-118798
-196032
-139882
-324336
-188528
-184553
-278826
-134596
-329472
-48536
-336592
-14997
-323552
-36349
-334452
146881
-406595
171514
-248399
196556
-333946
310442
-286215
408498
-165378
379831
-90950
302836
-125585
455324
11585
363493
66043
365920
110515
400818
158214
288213
341207
255544
285277
217971
402549
73864
428629
26128
487432
-39885
395593
-59944
357268
-240624
389100
-309918
354870
-280549
274607
-365609
203314
-393418
163504
-391147
130204
-527561
-2277
-436470
-112042
-423314
-128747
-389839
-222035
-379438
-310339
-252893
-304473
-270357
-454930
-127247
-550082
-56311
-451076
-48311
-465398
101869
-537777
165608
-401913
239076
-396417
359747
-329729
393918
-353849
367421
-272679
541412
-144671
535762
-48044
485882
48182
538027
112632
458618
215735
413348
268679
402817
395166
337286
400997
204344
471930
171692
488829
7357
477275
-27507
479597
-80565
489192
-203543
523623
-360891
443354
-321480
430378
-426696
299171
-399532
176796
-546643
140325
-546147
39687
-547661
-89297
-492393
-186650
-381033
-260071
-407033
-339715
-383786
-336881
-303497
-430343
-257618
-584250
-49595
-559287
-83632
-476953
10933
-553474
118740
-513250
304894
-436534
354908
-378114
402459
-372651
511711
-333721
490720
-133362
535471
-118290
617290
9106
559853
99271
551533
214508
460654
211986
454663
350969
421834
382881
259535
551109
151479
493073
84873
566354
-9391
516911
-112620
543862
-203695
468487
-265063
469092
-395537
369117
-417799
405920
-468373
255739
-525927
106967
-581861
56625
-587040
44227
-586661
-178581
-542500
-193983
-452859
-331887
-345825
-396597
-344355
-401758
-263224
-564846
-162413
-522690
-27361
-578766
-5406
-549615
185487
-499157
225182
-547490
262808
-465061
412894
-447362
445976
-270777
443391
-242374
581775
-167348
557908
-13403
531628
93895
520285
130856
440233
242612
404888
292422
415936
398018
309512
458902
217986
458748
169950
489961
-25589
577464
-89618
520008
-134155
481414
-289633
518801
-303788
459116
-434810
362115
-477336
209984
-466316
209731
-541689
180401
-590188
-89221
-480751
-40663
-578530
-201495
-462653
-290908
-440603
-296721
-375735
-349188
-248493
-403177
-118624
-419665
-85845
-494140
33646
-535777
108845
-544306
169099
-482411
399561
-443492
353402
-382926
430400
-255208
443277
-279675
476918
-185425
489688
-49587
492071
89610
416621
156268
456700
157859
397974
281491
365370
359370
239227
446275
185383
471082
109984
449319
84216
484990
-37041
527057
-105274
408970
-247303
452609
-244524
326959
-270835
327660
-448440
299898
-427700
182817
-420711
46587
-401369
23696
-423544
-7802
-430557
-108871
-439504
-136383
-345828
-246946
-341970
-296847
-236808
-378943
-185187
-294836
-22056
-399888
27093
-373149
103519
-432711
159074
-427751
200329
-357096
189680
-306606
348344
-308886
303972
-159605
358088
-90479
489599
-24883
330540
16524
385455
96887
387718
194492
306451
219645
275388
253873
217575
351769
132459
338009
70257
257188
61373
352486
-44952
385391
-108900
426549
-156604
313510
-277614
239657
-191829
234247
-288232
168810
-401274
97603
-316422
72536
-327998
10230
-353943
16314
-299615
-120626
-220682
-200324
-258998
-179146
-204015
-242652
-112707
-295795
-103458
-221503
-38581
-245176
-26598
-299336
41877
-256809
59986
-300675
95953
-270872
215424
-230097
277906
-159485
183530
-91672
251761
-36196
186898
-36185
202120
124629
237582
66381
307484
165359
177743
197602
133076
139422
149212
231254
59679
235127
50165
269766
29700
249208
-42072
245365
-52885
192301
-100442
176077
-172796
156557
-173790
124805
-210433
121069
-158147
108185
-226767
-4717
-211497
-7248
-194294
-87025
-225975
-72574
-139075
-108685
-132473
-53507
-59428
-119815
-73533
-188361
-77506
-189292
12001
-198275
36536
-141355
19417
-113111
116277
-124168
60844
-135432
29613
-87796
174612
-24098
101897
-116021
162059
-58801
199656
25512
79395
-44224
121320
-4426
148750
106649
37679
113340
31934
30569
18135
113744
8450
153432
20130
71416
-23238
151703
-85299
115983
-52406
25968
-54131
110423
-32144
43552
-58249
-6288
-57020
47538
-105677
13227
-61645
-10140
-141748
-38376
-76562
-26318
-18101
-7319
-60456
-73232
-29014
-83101
-28140
-69399
36990
-59128
21419
-71871
71351
-76307
52669
-27594
66372
3209
-13180
-63871
70066
-32534
60183
32192
47097
956
60043
-14088
67607
5873
72477
136822
-23505
62565
-7637
-822
20488
50908
-54652
111118
-134707
12960
-56505
-18113
-31687
89124
-162370
-19717
-55277
-93143
-84169
-49904
-79817
-85088
-15257
-109092
-45616
-47906
-15939
-130766
35125
-134918
-3313
18186
36594
-91731
22607
-42013
25860
-70952
15547
-77273
98489
-4978
111845
15976
63310
-26004
168044
15729
97793
17450
68286
4942
89326
46384
83794
134258
46843
72563
51032
26181
72690
197098
-93995
157889
8645
72947
-98470
81535
-76964
84861
-23054
133259
-127470
-3612
-33716
8236
-121803
62028
-178019
-152
-184694
-53004
-91034
-55798
-134664
-70925
-153635
-64016
-82576
-124360
-58938
-65734
-69054
-57913
8672
-105038
-19015
-118117
37472
-131011
54142
-137967
23469
-123802
30088
-74365
64670
-95001
194864
-81902
109379
-62027
102693
-53737
115674
38937
63752
19894
168597
57503
106696
39904
79964
133451
41594
98141
45026
180169
-16294
126269
11060
195633
-30880
159965
-11046
208676
-98870
126052
-32826
50603
-126235
105497
-139549
31183
-83907
69421
-148835
82350
-184089
5108
-163029
-25809
-110688
-4881
-211354
-108083
-108273
-98013
-47327
-106154
-135285
-135811
-107639
-131235
-67279
-100455
46252
-109336
14089
-136299
21721
-170385
118683
-135720
107271
-109562
87912
-115956
135817
-93289
185994
-51980
180309
-2492
160432
-31192
140904
21963
165597
183346
74018
77961
108319
123819
90306
116966
101523
145725
17580
191929
3703
75457
91332
215540
-49005
186596
-119953
139164
-31877
158339
-150449
215064
-174023
32569
-172647
118111
-154559
-33592
-214594
11134
-83820
7417
-125372
19494
-135689
-133377
-162995
-81012
-73140
-100886
-70411
-129506
-84130
-127345
-10072
-157075
23558
-167856
-11635
-167005
80190
-130898
133882
-134252
35413
-89450
72181
-186964
158452
-130495
169669
-70510
119965
49592
105210
-85871
137566
-36318
149195
19124
150972
14214
159065
49152
126833
188148
34856
113643
80056
153640
66103
195184
29258
132636
-34123
161654
3142
164376
-65766
155764
-150309
105429
-141563
144709
-143659
139922
-154234
49886
-198497
-246
-115343
-23099
-105224
2892
-129363
-13587
-165740
-91534
-129942
-103644
-54647
-102969
-142176
-85629
-91322
-100835
-36257
-125368
9861
-139622
-75431
-168862
107187
-150513
46088
-18303
35043
-158111
62020
-175802
158487
-50440
94210
-99243
100169
-11850
128247
12857
128113
15308
126235
-5537
149427
104837
101567
82920
117774
102973
37102
79760
55247
79195
28058
148791
-7141
127354
-38015
65001
-26792
90164
-66751
109126
-139497
118331
-52825
54882
-99506
84129
-104384
55086
-206455
-13507
-129178
83898
-147404
43448
-181592
-18122
-131290
-24825
-130237
-10210
-143028
-90381
-76384
-104192
-54590
-84696
740
-58277
32638
-150744
-26104
-149428
70576
-117823
48485
-112739
4935
-80770
91680
-100258
86540
-96394
93935
-68423
89631
-29479
123733
-26540
131710
1745
76555
11194
195907
-19524
112798
92751
471
80444
136981
52436
74461
100373
22672
64101
-37911
77781
-25109
150690
9400
11778
3116
56550
451
120958
-111655
145121
-45637
69862
-75407
81517
-139590
27338
-47874
1442
-75962
17801
-141722
45147
-79623
-124830
40377
-31045
-112940
-10670
-100585
-93914
34276
-101187
-4517
-29935
5231
-79500
5119
-162745
49254
-122335
2931
-127699
96826
-38677
101715
-55715
62479
-122320
120988
-83213
107439
-14261
28200
-54801
112401
-23233
74360
66447
92413
17410
138956
7586
95295
108430
37052
105037
84633
37374
71201
96700
41888
71972
37314
10764
51006
116479
-17328
108574
-48929
66171
-82192
42003
-17191
98872
-126626
109118
29218
71062
-3351
77542
-114876
28951
-39658
1448
-43764
-9523
-94984
-10023
-96724
-16242
17555
-11464
-78259
10352
-36100
-48954
45073
-42830
-21545
-73892
2933
-111572
21369
-12700
2647
-36171
42004
-73178
80588
-35569
-30899
-94802
62429
-67735
22550
-8503
90710
43648
70635
-1573
