#SpinCore Technologies, Inc.
#SF in MHz
#SW in Hz

[HEADER]
@CLASS=	RADIOPROCESSOR
@FIRMWARE= 3087
@SPINAPI= 20130917_x86_64
@POINTS= 900
@SF= 0.000000
@SW= 30000.000000

[DATA]
8669052
-6713471
11617827
-6291490
12719423
-4087824
13348941
-1804725
13449439
492985
13281356
2852938
12491496
5136374
11411742
7171236
9895669
9054072
8085926
10672522
6213314
11820015
4083225
12740480
1697176
13150059
-584242
13167175
-2902803
12802557
-5055337
12029071
-7092339
10971093
-8842326
9473520
-10275313
7767446
-11398091
5830516
-12151946
3715064
-12502788
1510620
-12465350
-699705
-12087054
-2872386
-11324619
-4883318
-10237727
-6750754
-8833442
-8461337
-7129687
-9774746
-5319913
-10748768
-3334221
-11455308
-1205518
-11854398
953023
-11681878
2866555
-11259290
4760717
-10508149
6532983
-9377134
8005729
-8014410
9203343
-6525346
10182674
-4678087
10634785
-2730093
10952986
-849476
10797584
1140271
10333935
2918003
9529577
4731980
8465689
6284843
7205712
7651172
5667988
8723774
3913793
9413162
2192728
9944983
433467
10060694
-1427950
9917391
-3133620
9357922
-4729069
8571715
-6090541
7520836
-7391419
6276983
-8261875
4771095
-8840888
3254021
-9240123
1598878
-9208790
-121207
-8949490
-1611321
-8515774
-3382800
-7675380
-4720656
-6590955
-5921116
-5407870
-6944662
-4073367
-7788940
-2593369
-8292942
-1037648
-8476539
434382
-8564613
2011094
-8248259
3381912
-7626403
4643327
-6854249
5768801
-5826295
6677717
-4701726
7289302
-3348596
7741761
-1993671
7744989
-607229
7809401
809316
7461500
2176232
6874296
3376595
6116581
4535853
5139564
5514276
3986435
6256632
2839808
6820081
1515035
7162499
243734
7227446
-991372
7116862
-2283238
6728807
-3390130
6122265
-4348760
5430790
-5187610
4431940
-5883162
3439187
-6306845
2332820
-6589124
1150870
-6661843
-22009
-6368852
-1228752
-6087562
-2284353
-5481797
-3281276
-4781447
-4176915
-3940290
-4910537
-2947543
-5408607
-1946493
-5883213
-797247
-6097365
318745
-6058370
1355430
-5812508
2301352
-5475502
3147898
-4885885
3866976
-4172088
4511666
-3332443
4961755
-2465118
5418453
-1506155
5474618
-570451
5445608
345608
5237074
1400199
4800369
2227123
4303377
2977231
3689518
3767590
2927410
4192122
2160967
4669003
1290339
4865647
399080
5001194
-544110
4915848
-1372364
4682713
-2159801
4348223
-2780760
3882735
-3387169
3189815
-3850570
2609786
-4319419
1765536
-4409031
1009472
-4468384
254480
-4361009
-615696
-4179485
-1356618
-3799745
-2027779
-3370665
-2698507
-2820324
-3096840
-2138259
-3572095
-1437116
-3897517
-798327
-4013347
-85371
-4033498
555605
-3910375
1279707
-3686832
1871381
-3439527
2481307
-2995793
2943810
-2408186
3237255
-1961950
3504552
-1252235
3646267
-679304
3608373
-14239
3436028
599758
3404829
1221425
3045752
1816667
2609706
2241484
2147663
2608379
1641300
2963599
1088968
3124372
540958
3265754
-54368
3292452
-589857
3108782
-1055302
2929475
-1577821
2707241
-2067044
2316038
-2377469
1873010
-2624307
1434170
-2805831
982506
-2917108
429140
-2835047
-70463
-2776711
-649041
-2601192
-1064214
-2356820
-1404095
-2030300
-1796544
-1620804
-2146275
-1195727
-2369174
-830120
-2532852
-423392
-2577780
141871
-2554985
528412
-2482678
941721
-2287509
1268915
-2077080
1637492
-1793197
1924037
-1412590
2169500
-1108160
2281994
-636313
2226800
-211184
2274448
173713
2142466
421776
2023508
809921
1895402
1233825
1527930
1440689
1342536
1658622
939355
1860918
515207
1911868
204902
1962199
-194040
2025498
-529249
1827748
-833465
1728859
-1084539
1503128
-1279328
1346434
-1472110
1069778
-1662248
795879
-1752123
447722
-1703536
99679
-1779341
-204379
-1640131
-489590
-1472890
-701405
-1339076
-985838
-1114058
-1196711
-889979
-1330360
-574347
-1515241
-331613
-1537850
-78433
-1495641
171756
-1539108
411926
-1395015
699371
-1259633
876872
-1120658
1010576
-1026475
1233685
-717910
1282535
-514312
1319921
-307827
1286154
23303
1294953
192103
1215705
412335
1129724
633163
923668
799977
771433
976190
588922
1068169
457990
1192461
218836
1150701
27571
1121980
-278729
1051562
-404412
960859
-528385
902460
-776516
802612
-789328
643350
-918365
490671
-1027398
304443
-1019660
153398
-909351
-68227
-911221
-217203
-854178
-432953
-764025
-464428
-672505
-674624
-584554
-716574
-379223
-797886
-195820
-852005
-85452
-854446
57367
-815934
241234
-801401
319324
-745266
506145
-603319
521716
-460211
635138
-362390
624795
-256243
703979
-165127
721571
28526
651908
186866
623135
203294
553935
345250
451796
471624
406877
449567
222578
534871
224916
521294
76083
583789
-76840
575521
-152229
496725
-214143
437970
-255837
418593
-306505
275467
-380463
265286
-475147
176891
-480023
109456
-439030
-36889
-370239
-39351
-422422
-119348
-255990
-232395
-322784
-180389
-273701
-330986
-161311
-360632
-64532
-371501
5985
-335032
47684
-288660
106095
-337162
148657
-176021
228848
-150278
238451
-203836
307662
-68245
146396
-2751
274160
-11713
305018
64594
149903
77650
219474
200153
97479
185041
106181
202695
85231
173341
-77469
187072
-72916
141801
-60819
155753
-165164
179349
-160055
135761
-154342
43224
-212235
76760
-205249
-44395
-144616
-96292
-177602
-42457
-177214
-208308
-53168
-192321
-45900
-206028
43119
-121628
31983
-216769
66099
-173526
81180
-174856
105374
-112627
149201
-128166
116591
-51402
166743
959
209957
30797
210364
-6777
189598
72578
141256
166249
129070
187925
104759
238045
107905
293983
51938
262315
-12494
249982
-157382
269062
-129642
194271
-189891
228477
-279895
119645
-219124
123669
-375427
102110
-334489
-43218
-159995
-56810
-299594
-84051
-286203
-153453
-229775
-249311
-204155
-276890
-110179
-203562
-155242
-322073
-51563
-422218
49398
-270568
73990
-355830
134491
-303248
197198
-318512
296730
-259365
246821
-143018
330396
-235831
346280
19724
305234
87420
423272
49822
341834
131432
373402
247560
309604
223098
303051
306316
147290
406256
146091
380479
79374
404850
-93549
386370
-45853
384386
-143150
361611
-261716
330504
-274842
242561
-326609
269195
-347779
140235
-372815
164461
-456626
4803
-469801
-18132
-416610
-206077
-424999
-174886
-349859
-271143
-232305
-334833
-228011
-355754
-228526
-404832
-107234
-476876
19973
-446878
66612
-459229
93381
-437705
252721
-414709
285045
-318473
370361
-279386
429709
-241437
478839
-165562
526310
-38575
453277
4873
463349
104948
488405
226543
387140
232620
390167
342982
343689
410419
198990
450924
129054
521680
37381
550960
-38087
513668
-129084
558136
-252158
459768
-213513
391373
-372987
335494
-411407
329664
-461650
240171
-553330
107226
-528134
14747
-520375
14731
-537741
-167322
-510776
-176418
-448187
-354052
-361489
-405363
-312785
-463965
-230416
-526650
-89189
-473789
-13698
-494867
63179
-477356
176943
-507640
247332
-429862
348800
-383561
438115
-388535
477986
-303811
446472
-133507
576909
-73169
577866
47212
617624
42671
514342
228338
414915
369199
435542
314241
324890
376749
265556
452004
184036
559688
80795
528647
6199
576424
-117832
548556
-136007
510552
-249829
508796
-324242
402447
-448593
335548
-523866
237515
-532232
215313
-559666
129720
-520862
-67475
-524974
-139762
-572550
-206807
-471495
-302513
-377829
-370853
-398421
-435077
-236581
-522177
-133958
-595053
-80646
-603047
99516
-540522
150436
-537654
275716
-459799
298379
-461446
349089
-378309
486939
-327755
486678
-230838
587717
-197855
501001
-55618
572681
95992
621646
160111
549714
314529
424990
331816
317523
399848
293600
420198
248903
523355
66590
545960
13554
480532
-47222
501102
-163010
505702
-235056
414852
-337334
409266
-428087
400778
-504729
282008
-497999
135650
-492856
66822
-583052
-61293
-462474
-109681
-532166
-113523
-511574
-268748
-366004
-352303
-267058
-385684
-270522
-448103
-158499
-543364
-82358
-499252
-44797
-547886
144843
-546145
226065
-432890
223429
-420739
346345
-418690
468634
-283228
465795
-188771
496726
-96089
513577
-57121
484172
43638
473683
210004
409675
219799
391137
278244
389006
304129
277793
399908
172285
371882
67824
498684
-89741
531331
-80672
436240
-122510
534394
-236937
450722
-233882
435296
-339146
266794
-376219
300389
-409468
139058
-465667
166050
-461102
22573
-453131
-111719
-386980
-161435
-446417
-189478
-343217
-334735
-241249
-307176
-218204
-368029
-103335
-432663
-95796
-429221
13983
-481692
98821
-443941
113624
-317730
199964
-403048
369646
-283375
306106
-173381
330304
-160403
422091
-121979
419601
-93493
498619
-36142
376393
192208
379165
225058
287057
195952
310328
303561
268182
309018
138794
404895
99849
342482
88144
318270
-43199
401476
-143247
342090
-202470
306686
-185649
220629
-253076
197447
-261570
209552
-330108
142047
-327588
110041
-242350
-32367
-356660
-17362
-280825
-108130
-279980
-208652
-201502
-156601
-233222
-264011
-149747
-277887
-57050
-252088
46565
-300213
56793
-259662
76305
-214411
109338
-334305
186628
-245412
204566
-200307
316166
-105038
296284
-104178
261183
-21351
278662
-79417
292477
137447
315027
110351
203937
154999
171560
116391
189169
257767
116888
215388
124215
171508
5259
299640
-77721
280835
-24399
248491
-101016
194846
-118110
148480
-111371
209166
-193135
126727
-248940
-27614
-198122
69731
-138230
29635
-208069
-95463
-154349
-119855
-161271
-79228
-103522
-80999
-65600
-94935
-48698
-166442
-36816
-173101
86924
-209161
75362
-183293
41839
-145005
64001
-111358
63111
-208596
115510
-181590
120840
-81887
194411
-48807
167665
-26159
117970
49434
111471
-16833
134695
79382
120139
110806
157329
50189
72538
87969
74260
84468
28575
76216
23523
109696
6527
62092
-39344
77918
-37871
95763
-48285
139493
-124123
18532
-39469
56309
-69873
9129
-83002
-78953
-107234
51012
-89521
-45400
-120286
-10719
-3660
-101686
-14645
-10138
17919
-58270
20349
-67269
15058
-82984
121623
-63909
-60927
-70212
105896
-44481
42696
12148
55094
-55793
110917
-16758
65956
31184
48277
-7459
51413
30533
853
37310
5065
96101
-57211
23751
9464
42564
66492
88265
-30127
73148
27859
54061
-34314
87525
-106880
17418
-65001
-1506
-39625
74469
-92116
-26200
867
-66660
-3594
-27969
-156779
-2820
-81903
-110635
-36697
-82418
-7498
-55969
-12540
-104674
50832
-60204
-19477
-46760
89093
-30636
-28556
-32139
55626
-62163
49757
-70963
149879
-8188
77806
-11484
185424
59471
12233
27164
78557
64976
2320
76649
11249
103350
71857
87146
50617
51080
25549
33601
16145
112769
-76463
136485
-70876
46660
-29484
61966
-136810
82713
-75835
59663
-121365
63763
-71377
-6821
-72685
-58001
-85138
-51270
-103141
-41333
-101505
-167539
-74319
-32665
-30557
-55150
-28231
-127275
25572
-189911
29768
-91874
58455
-137921
40503
-189775
88934
-109228
134151
-65186
123571
-12590
142247
-131514
124133
-12596
139495
22867
101976
8833
143589
92171
168979
31353
144470
75827
50132
156827
-5349
154433
35138
122568
-13580
93326
28942
94465
-115948
206093
-89171
120295
-182870
105030
-121049
90320
-118611
28652
-44481
53587
-123093
69264
-150950
-34909
-188922
35
-154980
-72571
-115754
-111702
-213180
-176912
-50643
-108471
-11023
-40974
-32947
-144226
-74467
-163592
58267
-240802
46499
-57561
7156
-185056
88587
-101260
93726
-149801
82037
-112870
144849
-104839
139948
-35362
119667
-4676
106407
9860
153734
-32794
189408
69868
127234
72469
116045
76542
118291
125577
146656
106130
59257
139608
23619
153999
-64393
144074
37673
87689
-32915
147199
-79230
179159
-138313
78394
-64119
109792
-185893
148300
-170441
2068
-105765
65871
-155465
-83198
-152653
-50783
-110954
-42487
-94110
-56328
-198709
-91775
-58298
-154624
-82404
-123302
-14954
-167480
68743
-186450
-20779
-71784
29543
-125980
135027
-77991
52631
-111780
152698
-134745
126036
-123925
171138
-21815
146308
-96105
144204
413
166248
-20820
115757
62191
143862
-10223
195857
89816
106646
132741
150917
89453
123189
98443
56755
128502
29166
151225
25674
131396
-41659
126573
-43466
136108
-62390
168133
-31306
151227
-97225
6275
-162234
70961
-206617
-6691
-202758
30477
-177346
-60505
-106604
-16747
-104103
-103445
-103007
-86218
-123781
-96388
-136484
-30659
-40366
-164367
-32942
-149438
-7329
-105170
46892
-81283
24819
-159348
116588
-70597
25376
-121627
34443
-44798
143395
-113920
115322
-35312
133639
24434
143890
9614
110515
53396
144987
28438
84718
66995
81506
115393
88157
125950
126125
66568
81530
189303
40931
122748
13061
103371
18804
129387
-27885
116514
-145182
66488
-76172
128618
-114295
46956
-66854
123843
-76869
7372
-55044
28116
-155544
23094
-63402
64813
-129129
-11883
-80780
-100683
-2874
-39694
-144173
-71059
-57984
-92737
-83766
-59988
-113043
-93046
-1908
-192885
9469
-97488
9335
-126064
51611
-130851
72675
-44020
-6388
-61749
119602
-139199
146106
-64321
69999
5216
1960
18101
103821
-122572
116189
31991
77738
64124
96674
53406
60926
55464
105416
37645
19406
83588
2223
120635
55402
36864
87001
131490
-10480
137452
-47939
84528
-89367
191261
-142532
138412
-116569
35538
-150886
68508
-29841
9911
-124578
-46208
-76146
68117
-115480
26460
-100341
-49423
-92886
-59247
-69609
-78408
-63195
-100867
-55090
-50064
-47035
-106180
7845
6975
-16253
-54429
6765
-76654
41009
-155279
82020
-77656
-47169
-104082
113769
-125899
84563
-23071
18768
-28915
143397
-51209
90941
49370
399
-4696
114219
62698
84959
98534
23147
-20707
110796
123638
-43458
47552
38954
93631
11640
38106
53256
98605
-16079
131759
-19785
49357
-5866
1073
-91667
60632
-15313
59150
-91897
13312
-55443
25404
-40795
76196
-59792
-28131
-91524
25295
-98703
35024
-71435
-43288
-68345
9120
-84977
-50281
-21332
-29325
-89271
-57605
-76904
-59504
-30864
-28545
-36350
-101256
40958
-140886
106672
-73801
486
-41899
68606
-61602
13976
-20814
-7071
-105982
159939
-14696
46279
-2963
67762
-104424
43378
17152
68961
-38181
