#SpinCore Technologies, Inc.
#SF in MHz
#SW in Hz

[HEADER]
@CLASS=	RADIOPROCESSOR
@FIRMWARE= 3087
@SPINAPI= 20130917_x86_64
@POINTS= 900
@SF= 0.000000
@SW= 30000.000000

[DATA]
8628064
-6616705
11545734
-6063225
12586660
-3985818
13187050
-1693033
13195706
753480
12936616
3005854
12309137
5210450
11143995
7253799
9663287
9167513
7926340
10634653
5890840
11828715
3639021
12628176
1467840
13060654
-894502
13030870
-3146123
12679424
-5313038
11838551
-7318964
10630241
-8963507
9170958
-10374705
7488937
-11496867
5498637
-12246097
3351539
-12477957
1136669
-12387568
-1036168
-11955721
-3240525
-11119085
-5300160
-9910203
-7143429
-8482716
-8696977
-6740539
-9941060
-4889215
-10840272
-2846505
-11525221
-840446
-11744004
1304527
-11657942
3358163
-11159227
5230096
-10278521
6924342
-9047378
8335853
-7618894
9448004
-6005309
10345814
-4165975
10776772
-2238685
10926457
-320765
10713492
1713408
10174908
3444935
9279014
5216156
8085049
6683789
6730668
7978947
5187600
8994281
3432063
9715695
1651066
10045479
-192561
10038906
-2002941
9810569
-3626357
9133144
-5208148
8248951
-6465770
7225489
-7670590
5837364
-8507993
4280266
-8974383
2656986
-9265401
1074939
-9207624
-622952
-8851679
-2267737
-8206875
-3805488
-7340558
-5170479
-6267490
-6335982
-4970125
-7316628
-3531131
-8009250
-2013881
-8521896
-384565
-8555804
1112091
-8474071
2596549
-8002058
3948683
-7418162
5105984
-6507604
6191382
-5422218
6960314
-4184059
7571197
-2792959
7888127
-1337576
7900873
-33740
7699126
1433288
7274089
2731835
6555346
3917544
5725886
5022807
4644225
5945195
3462702
6655496
2160418
7102294
860625
7279638
-392575
7257941
-1621828
6949239
-2885159
6477282
-3960038
5831075
-4851186
4980051
-5633375
3982494
-6084821
2865306
-6497343
1737025
-6632369
514604
-6628143
-665045
-6230183
-1856637
-5882655
-2839217
-5213424
-3853309
-4303325
-4706558
-3383090
-5316557
-2406231
-5727769
-1270049
-6023338
-200193
-6088419
884709
-5995653
1935825
-5636145
2852613
-5133095
3696879
-4492110
4341102
-3744127
4914104
-2848077
5283598
-2026723
5494967
-984715
5491907
-10297
5360597
1045760
5032525
1912952
4548643
2784357
3902637
3528017
3237623
4129734
2417585
4593570
1609078
4855574
658918
5021318
-232306
4982587
-1080368
4825326
-1935199
4518752
-2670992
4113909
-3305342
3560112
-3817075
2764439
-4209439
2082552
-4531037
1222950
-4458721
331892
-4515507
-374883
-4241975
-1109416
-3997772
-1848034
-3552836
-2527460
-2959461
-3125291
-2377443
-3523176
-1740362
-3883003
-916606
-4138554
-185536
-4045704
379215
-4000844
1175910
-3809717
1724935
-3580590
2385556
-3147142
2905466
-2692519
3230166
-2061897
3491515
-1432335
3687678
-783762
3766938
-111093
3629188
553271
3470892
1137375
3148406
1801674
2742670
2194705
2297911
2612883
1748230
2938348
1199925
3134933
606591
3248566
52628
3293712
-549106
3228313
-1088468
3051139
-1659517
2753998
-2015071
2315700
-2367005
1983932
-2585000
1451476
-2829088
1011257
-2927884
568381
-2892086
-65736
-2823776
-631575
-2622516
-1029554
-2356475
-1448692
-1990180
-1818685
-1682243
-2146154
-1288707
-2404526
-840328
-2499866
-494348
-2613775
77771
-2588060
569083
-2538322
979613
-2359652
1345489
-2100789
1767935
-1808037
1968529
-1430389
2203155
-1068293
2253025
-692314
2324824
-265385
2270840
109147
2212616
529821
1983321
920936
1767431
1195104
1518676
1478538
1303952
1785471
874390
1985952
579938
2060741
123342
2009147
-200393
1964235
-503174
1916112
-818124
1772667
-1167317
1646438
-1370226
1308005
-1574257
1002114
-1647334
745709
-1698356
448137
-1797150
142224
-1709071
-168434
-1685993
-446351
-1572821
-685908
-1370234
-1047595
-1103169
-1243874
-821411
-1401192
-601019
-1480207
-310129
-1513137
-44194
-1613195
210771
-1516769
590373
-1459552
738952
-1262229
926898
-1107332
1119069
-961710
1179271
-759363
1328125
-425335
1376745
-158688
1366884
-14990
1365926
320964
1257351
520011
1132515
744493
886674
862270
791662
951356
531212
1100451
368720
1175169
129312
1187082
-59364
1210424
-236281
1081452
-372364
1081307
-605990
1012861
-745728
834122
-930860
655398
-1015138
445183
-978291
289633
-1005360
65251
-995506
-66411
-892059
-260552
-897611
-352370
-726335
-649040
-657286
-662299
-504820
-839735
-260871
-858753
-95645
-832839
-23627
-855792
142855
-868868
296972
-825268
361206
-658749
556098
-587344
634629
-514006
687816
-373688
710628
-231749
783767
-163096
747566
21713
665543
169868
596961
186392
562990
349218
490362
576946
384155
522235
159905
515340
95817
591874
26173
561616
-19120
546822
-99526
533062
-254678
538642
-331021
495512
-496389
289441
-490779
154986
-447111
97967
-387135
95795
-458262
-63167
-378045
-93183
-408648
-203685
-343367
-252711
-262327
-334702
-246289
-371355
-89380
-315517
-12171
-322091
78380
-404913
69924
-348185
122647
-314104
208328
-303158
246784
-208927
316038
-77000
228177
-60241
287077
55680
193593
110309
209435
86585
214483
114836
158734
37271
146084
178371
172209
154661
18004
225321
-45926
232316
-26718
243524
-94728
158968
-175775
126377
-172867
144233
-181261
97489
-204163
-9520
-191427
-11780
-175040
-30549
-180572
-138594
-99322
-130648
-85425
-195269
-14289
-191282
325
-129248
-48126
-164453
6553
-128988
138587
-142189
74573
-112382
214778
-70071
134570
-122528
214785
-55317
166173
1975
96155
73445
119046
182047
154001
164676
56047
145781
80387
168720
64141
168615
29779
168167
-9288
275520
-122053
278836
-255532
193735
-234884
151715
-201607
107981
-259547
82517
-253514
23114
-210927
-44947
-208397
-1883
-293086
-74352
-213318
-223713
-187772
-231513
-196856
-207169
-162725
-377656
-129166
-401139
71846
-348909
59870
-321162
155132
-334808
148409
-326818
275442
-257390
300880
-202149
334072
-175996
353945
-82239
350320
-30829
349296
67046
309911
98502
391705
165882
372527
281839
292546
263973
148529
370484
90208
298286
74968
428105
-28531
390617
-104928
445351
-183343
357361
-233578
374171
-279967
199174
-330413
225505
-265300
203070
-383204
130369
-473185
47379
-495618
-167195
-457056
-134256
-435380
-208549
-371677
-313973
-318001
-302163
-276050
-313625
-217918
-468145
-43146
-453226
12976
-486739
62993
-485027
229874
-376979
197533
-317581
251221
-481777
326127
-342899
425382
-262842
530169
-150822
438935
-10041
469584
1001
513883
127606
434134
204373
454474
276836
416578
378476
340736
459303
204990
516091
52842
545583
-56553
509745
-40310
432242
-132813
441515
-176417
445154
-271677
460021
-454450
315204
-425137
222385
-461009
103693
-405947
156193
-482748
64765
-554967
-42032
-508769
-233887
-468098
-286145
-376723
-378496
-376617
-361267
-297081
-456254
-172047
-540460
-104231
-517181
5207
-520280
67402
-498448
142858
-525207
251043
-454219
333060
-349608
393152
-466225
397648
-288539
507302
-198531
516190
-90508
552569
15439
612441
104138
566807
265441
472243
316574
365080
367487
304893
447101
235958
431022
192847
459549
76217
500108
76450
506919
-116987
592431
-244582
559255
-316361
457490
-427039
358020
-432497
290485
-533470
204699
-553674
142730
-555796
88051
-602644
-57596
-555260
-150231
-528312
-247636
-373820
-343130
-389469
-422422
-275223
-439095
-173682
-467123
-53360
-513984
-3846
-579910
87685
-508842
65383
-518024
238352
-521170
378244
-433614
433228
-366297
517936
-276524
535803
-134192
567053
-114240
565598
31974
549513
78157
514330
209196
434141
275896
463888
345539
334865
410091
266844
454017
154157
541515
61859
533066
-103294
573185
-194774
487454
-239579
444113
-238133
438885
-338869
407385
-518938
293452
-534333
274562
-554787
153126
-570699
11110
-554449
-129485
-477094
-204916
-413623
-181646
-493705
-235680
-403089
-339594
-305973
-418340
-242747
-501236
-106325
-493779
31786
-501845
68557
-427255
153395
-495132
263500
-474654
300608
-448800
401042
-290724
422717
-212982
584344
-174507
516577
-29430
527171
-1721
504185
186454
479528
197984
400543
223163
370878
330796
397025
401663
242478
449555
145943
500443
27595
519567
-39692
453774
-65775
508128
-153919
466547
-240533
388863
-362034
331882
-320765
283245
-398390
175207
-429268
42154
-462437
35982
-401435
-22529
-450688
-161326
-417650
-216058
-227504
-255360
-310735
-307624
-184026
-347439
-188412
-353970
-100119
-534108
-8198
-423496
102048
-468350
112351
-421908
197119
-403548
286345
-336353
357359
-275565
374150
-176563
358792
-170238
416095
-57573
378977
3441
419326
12617
411460
177516
314943
233854
199901
288263
167615
367861
194401
243332
104041
394464
-32102
400287
-50781
378960
-107541
328159
-153109
346560
-147489
232953
-234867
329985
-323821
184608
-310697
192971
-345039
71132
-339074
-29978
-325793
-14213
-301879
-127464
-223972
-93884
-256696
-231501
-246507
-193925
-178521
-332825
-32989
-283928
-127575
-300958
43119
-406772
86218
-287394
81186
-261683
126603
-205500
196250
-195912
265672
-206086
349929
-136039
338313
-112234
298959
26294
262099
34379
277791
80312
226331
108412
180436
170410
187486
216234
54142
285392
75467
248881
62393
188464
-38158
163820
59888
255051
-28654
253809
-128885
203285
-160744
217584
-292920
118872
-293618
22536
-168795
23671
-190256
-6154
-178607
-45047
-203733
-112678
-193932
-135527
-71169
-141293
-68093
-88806
-74882
-171642
-60341
-157958
-49740
-185009
5186
-216434
23746
-151944
95239
-214452
98665
-154027
111774
-112489
170828
-110816
139876
-33459
145690
-20443
121687
-73872
159391
4046
170319
31734
108936
126031
38759
115841
60646
110964
38962
91007
80220
92045
33297
92135
-57764
52320
15372
117030
-65362
98079
-157040
28218
-77203
10501
-65651
16266
-93324
-23655
-52765
-74822
-121027
-39199
-49404
-4095
-159295
-61767
-125717
-49306
-54913
-179033
-20123
-96756
3745
-11355
-45770
-24428
57826
-111311
4910
244
16560
-53573
39960
-75016
62870
-112504
135937
-17700
93320
52161
14681
61777
65650
81610
8615
47657
125221
30620
31816
15296
-32036
69378
43910
143921
-8993
123223
-59344
8589
-58872
34247
-57278
23127
-95587
-33140
-19467
-41008
-46517
-41213
-50945
12086
-83696
3379
-49742
-50273
-107201
-89400
-35157
-82015
-71017
-92720
35254
-59745
7509
-104867
32693
-72400
101222
-96640
67907
22521
95469
10080
7062
-14750
58201
-248
103785
-69996
144049
-36461
138704
89221
72162
51813
81677
126047
-14562
103533
-55428
83919
-66477
-29259
31120
31357
40612
63402
-12410
54514
23830
88502
-75128
60167
-103644
46215
-83734
157176
-118174
-10955
-98951
-31306
-103079
25129
-159839
2076
-74691
-61584
-106804
-28840
-88246
-71266
-14515
-89970
-8778
-53033
14325
-73054
65591
-114392
40575
-138546
84690
-90928
51362
-68608
65686
-70806
90189
-27172
81053
-87173
183331
1603
127536
50447
71328
15998
118190
11016
155782
84185
115393
146820
127596
93438
13631
167554
-63846
170989
-36529
88962
-79424
108627
-116849
96685
-118320
80334
-90778
135184
-115250
74243
-49857
116887
-167020
49229
-107418
-5439
-106174
-43629
-119989
-13632
-137196
5772
-87998
-25143
-140532
-137399
-111064
-96167
-38052
-139666
-19619
-158572
-52372
-163953
40870
-136581
107425
-135905
32620
-125571
105026
-54686
96747
-104791
129891
-81146
132672
-66883
166620
-34316
130253
34479
48091
7270
168369
1505
119376
88348
94962
129218
103488
161734
132653
99536
74361
134720
28028
182250
16082
109065
16906
152868
49892
137909
-50273
135192
-114546
97836
-99601
148157
-103563
66833
-182842
-4931
-91378
-1236
-142554
32211
-196621
-481
-256390
-79504
-149748
-169096
-107654
-162095
-26160
-187561
-4362
-151490
16985
-86180
34150
-87604
17862
-189993
27019
-180664
91265
-107522
138462
-92454
135607
-111373
184197
-143653
198416
-80642
121379
-5235
151259
-43361
219040
22742
169301
29511
134044
133586
137607
132327
46873
115071
87318
136201
134621
140110
137324
172877
47847
179977
-62596
170651
-64422
126446
-100028
203865
-55130
101642
-137175
85196
-174955
34192
-68117
9689
-107810
133214
-123537
100185
-148585
-7387
-78376
-60114
-107133
-93416
6013
-60786
-152285
-74856
-120830
-183591
-44989
-137648
274
-175414
-5502
-207713
39933
-127897
48787
-138746
49875
-98704
39915
-77222
104765
-84226
153555
-113017
134538
-50174
104195
-72998
177798
-47238
100947
11864
48582
38433
55255
68240
128830
21771
107833
133468
88714
93514
153166
143750
1531
87198
38649
118542
7581
70289
-42714
111746
-46122
122432
-14807
135981
-82452
61197
-135763
180848
-83575
72197
-169732
74685
-71215
46062
-137607
-20306
-98619
-59243
-103534
-6116
-138295
-66639
-127097
-88893
-89221
-66026
-79174
-114657
-44565
-48764
-80141
-140047
-6592
-113910
29741
-183440
113187
-129519
86972
-111019
58814
-20886
114912
-68401
81881
-42426
144748
-22784
97601
57692
16926
-30712
104526
77929
87626
-26628
132003
80915
81232
68448
43618
65187
64570
87442
63138
91819
-3666
140957
-34381
114039
-26395
114081
-69605
148167
-93372
74737
-88904
33121
-54864
99595
-65581
42686
-75469
71552
-104902
9392
-125863
43825
-152300
3507
-78937
-75193
-37006
-64136
-30368
-123505
-61755
-64182
28725
-62406
-18843
-142247
-67899
-54025
-54786
-98484
70864
-55745
106143
-85893
104499
-12231
73440
-62630
59991
-31587
38225
2233
45202
10557
82480
-92458
101668
-10995
10773
47031
87262
-543
60773
-86
56391
-1590
85102
69562
56917
66315
24328
99718
-70025
98321
-32221
11387
-18209
9951
30425
77909
-32083
32806
-28591
19621
-17577
57320
-150033
88974
-35952
14656
-80008
47852
-16545
14535
-57408
33435
-74976
-38076
-95382
-44158
18236
-51161
-95338
-46831
-59689
-74719
29000
-58657
-18682
-65461
-42289
-48131
-28906
-55392
-17992
-76848
26510
-89153
28528
9687
89336
-37886
55754
-76582
75073
-18188
138270
-13148
107959
-43344
124300
-34259
124524
-2313
120274
-13669
70139
93959
-45785
34049
33254
24832
31695
14690
