#SpinCore Technologies, Inc.
#SF in MHz
#SW in Hz

[HEADER]
@CLASS=	RADIOPROCESSOR
@FIRMWARE= 3087
@SPINAPI= 20130917_x86_64
@POINTS= 1000
@SF= 0.000000
@SW= 100000.000000

[DATA]
-4830643
-6312082
12002210
-5364891
139444
12218286
-11773210
-4526768
8753190
-9400757
5441712
11833122
-13099343
450387
4422301
-12306989
9740248
8797278
-11903139
5651995
-666716
-13104819
12244144
4404071
-8871727
9903502
-5718757
-11916714
13197127
-802498
-4210434
12688808
-9904161
-8662507
11854699
-5985737
991720
13355411
-12627354
-4108071
8598026
-10120696
5955942
11604204
-13083539
1384896
3811211
-12664654
10213742
8429399
-11680076
6363334
-1509462
-13167864
12698202
3667597
-8134873
10363699
-6384482
-11398788
13068413
-1643626
-3421841
12649127
-10422417
-7887884
11437359
-6621461
1875348
13014434
-12685685
-3188426
7762929
-10542747
6845295
11204012
-13117619
2087723
3014896
-12679901
10626880
7590883
-11034134
6977842
-2310162
-12810144
12717054
2879078
-7328447
10829618
-7136735
-10882174
12611784
-2496092
-2615589
12706906
-10680400
-7241031
10739551
-7247629
2773404
12676553
-12626473
-2302299
6852894
-10743273
7415997
10671677
-12552471
3038164
2207590
-12709769
11004264
6598671
-10257436
7532429
-3099680
-12320579
12556034
1977328
-6463036
10947633
-7474964
-10119556
12246054
-3136787
-1650317
12563407
-10934733
-6291112
9915043
-7838813
3344008
12138237
-12409551
-1525227
6120428
-10920811
7838723
9820710
-11868724
3561388
1038113
-12465456
10963725
5715123
-9528472
8000147
-3605388
-11746161
12409443
1128168
-5721609
11127062
-7992286
-9331641
11748771
-3788021
-778458
12342041
-10954689
-5344994
9139885
-8057884
3900548
11461773
-12074452
-708036
5290120
-11081912
8115255
8834381
-11274352
4176586
502582
-12077665
10909763
4968945
-8668589
8319055
-4368616
-11186386
11920504
377590
-4875290
10927679
-8372124
-8566306
10858296
-4328256
-149218
11842936
-10847467
-4565306
8242587
-8325686
4439713
11015854
-11785462
-68982
4434126
-10842537
8297755
8020653
-10684566
4657810
-111008
-11596782
10778505
4233682
-7948177
8396230
-4731270
-10549958
11464070
-427529
-3913186
10822904
-8388300
-7707836
10204917
-4792358
509261
11253244
-10717313
-3782909
7573640
-8344865
4713343
10171215
-11250916
552189
3569640
-10689296
8424522
7316708
-10112665
4932500
-981981
-11114998
10563185
3429149
-7210607
8596554
-5029016
-9777331
11112008
-1116735
-3202820
10673236
-8533529
-6897799
9575726
-5106010
1025171
10972293
-10447473
-3154258
6915555
-8333055
5168125
9464185
-10733484
1240351
2874070
-10324693
8388806
6569003
-9254527
5363737
-1426392
-10558683
10407869
2775207
-6619105
8535654
-5451276
-9205881
10447775
-1580645
-2576458
10218057
-8403579
-6144810
9132524
-5395655
1540676
10346348
-10324429
-2516545
6243796
-8447572
5421311
8706060
-10275179
1635009
2395662
-10076810
8418282
5998749
-8587844
5458057
-1653859
-10260353
10023771
2138717
-5815087
8360191
-5498846
-8449860
9974101
-2084536
-2090242
9857715
-8446163
-5616184
8476631
-5527327
1985254
9915174
-9819263
-1951247
5508337
-8312512
5634101
8149165
-9701044
2084906
1810695
-9638147
8354840
5376249
-8021840
5634467
-2188104
-9508894
9665029
1630597
-5150453
8189419
-5594663
-7918261
9470240
-2197324
-1528921
9524304
-8218033
-4981970
7761370
-5742637
2308120
9276882
-9476418
-1415183
4740725
-8268018
5770949
7642792
-9212042
2324063
1095323
-9270386
8140175
4627515
-7466065
5817648
-2563992
-9000410
9375604
1160370
-4515972
8052222
-5709657
-7150393
8795030
-2605341
-968775
9178658
-8038049
-4282913
7177623
-5761031
2388171
8758666
-9011895
-992926
4217383
-7970243
5713995
7009897
-8559676
2780409
790473
-8957104
7950577
4242407
-6744784
5769069
-2808004
-8395892
8947668
759898
-4005069
7948689
-5874967
-6622389
8432193
-2673833
-631504
8833162
-7819455
-3928299
6389977
-6011428
2818795
8257941
-8678248
-508516
3798509
-7804965
5874919
6397770
-8078026
2940332
430472
-8640755
7819678
3634201
-6336045
5780059
-3067376
-8062412
8546519
295525
-3476595
7790562
-5747144
-6156609
7854622
-3066205
-175897
8348046
-7649697
-3373273
6011867
-5795375
3123982
7755615
-8392827
72178
3168936
-7625724
5768376
5841751
-7729812
3048199
123550
-7999407
7664150
3176246
-5799700
5751575
-3204000
-7418414
8192572
-74993
-3109521
7638198
-5704007
-5645054
7348741
-3199393
161522
8137940
-7617210
-2858273
5566240
-5954220
3343021
7242889
-8020103
292438
2803424
-7422676
5719305
5399982
-7193630
3485445
-497653
-7828009
7448577
2585163
-5139039
5856314
-3280098
-6947021
7710165
-510471
-2456242
7391860
-5919098
-5027338
6769746
-3453446
515007
7567852
-7266921
-2475172
4881833
-5794850
3553158
6695784
-7487383
794756
2210243
-7248773
5782438
4812874
-6657786
3684225
-614636
-7499580
7165891
2109413
-4710693
5825808
-3484927
-6430035
7181011
-701690
-2166964
6980559
-5838795
-4589857
6369682
-3573572
866263
7278895
-6979160
-2017347
4362043
-5596912
3638171
6333496
-7175005
832420
1967586
-6975764
5866316
4432000
-6085346
3721696
-1038224
-7160326
6870995
1792840
-4292162
5845441
-3720958
-6161588
6985167
-1096925
-1704792
6780752
-5698258
-4229070
6068202
-3716963
1252710
6836520
-6878371
-1502841
3974672
-5782733
3849606
5789454
-6676659
1234065
1463003
-6709032
5627151
3900302
-5845633
3708929
-1385642
-6773867
6669867
1291901
-3761719
5741675
-3738558
-5473732
6661619
-1436775
-1236795
6713420
-5570383
-3692037
5568831
-3915052
1502363
6478683
-6431829
-1178246
3455313
-5515342
3727750
5448580
-6458025
1422068
1035145
-6595273
5647811
3271930
-5189119
3913802
-1572318
-6385153
6382307
960743
-3190045
5453440
-3940095
-5153930
6129045
-1588413
-851560
6281172
-5628050
-3227747
5144698
-3930508
1750293
6238990
-6166989
-812184
3082451
-5456280
3839021
4901494
-6036391
1775373
747376
-6191189
5421661
2782367
-4780995
3895179
-1769861
-5949610
6262679
584902
-2892599
5556440
-3882558
-4653509
5827343
-1805664
-525394
6019183
-5469770
-2762772
4630291
-3928157
1841448
5598066
-5981575
-381491
2578626
-5415728
3936810
4473689
-5640583
1871692
331738
-5911073
5367635
2530743
-4574553
3963265
-2110945
-5584682
5790357
271751
-2389423
5354910
-3964330
-4298999
5281820
-1933018
-138501
5752221
-5377640
-2389403
4032227
-3909168
1932139
5238011
-5788161
-98960
2174940
-5159445
3923468
3932974
-5156806
1945636
98806
-5640812
5093539
2147157
-3827290
3932357
-2121146
-5169709
5450623
-109646
-2171110
5066470
-3874890
-3877279
4885169
-2091868
85638
5439598
-5166539
-2099756
3752925
-4034575
2230787
5151825
-5494964
219824
1926919
-5065965
3874507
3668204
-4974563
2245830
-261792
-5226275
4973845
1680648
-3409576
3932195
-2364381
-4664556
5334212
-354990
-1759258
4851558
-3940802
-3312767
4593972
-2291396
495951
5033979
-5020804
-1438206
3253968
-3843941
2312864
4482663
-5168320
468875
1447387
-4884900
3988713
3216646
-4532329
2450229
-545479
-5042555
4897817
1274441
-2961872
3793565
-2362301
-4351241
4894907
-585233
-1316173
4721742
-3860141
-3043415
4268280
-2314914
763715
4745906
-4759177
-1210181
2852525
-3808334
2267642
4258884
-4717792
661241
1161555
-4487515
3819985
2838003
-4058016
2404945
-714610
-4514865
4483494
1069288
-2661959
3892999
-2541176
-3691632
4551718
-825297
-977539
4654254
-3765225
-2618709
3810711
-2586093
1008456
4527683
-4292649
-802969
2549323
-3695708
2582849
3626821
-4502463
907421
818672
-4449715
3828839
2342907
-3597048
2560084
-921564
-4455582
4296984
731160
-2359578
3987489
-2556081
-3619119
4309113
-1036720
-703490
4309608
-3604852
-2242597
3495831
-2661251
1056350
4162717
-4316241
-516275
2285556
-3776202
2569236
3523088
-3901225
1110622
510461
-4195492
3665834
2011971
-3272158
2616301
-1169998
-3995951
4160443
415319
-1966609
3633314
-2663951
-3101625
3867529
-1203629
-398553
4154421
-3458388
-1856740
3267185
-2536784
1230288
3916244
-3972660
-414448
1967680
-3588596
2724388
3038175
-3641182
1260161
146704
-4089011
3608027
1611749
-3014131
2652710
-1296757
-3692577
3857424
201929
-1679962
3419351
-2735968
-2915607
3498055
-1335928
-69649
3915070
-3550030
-1603884
2798010
-2656789
1492292
3606162
-3806156
23963
1363315
-3536551
2783220
2732696
-3517584
1325645
67520
-3805564
3523514
1449119
-2599431
2641025
-1490474
-3435402
3688624
-132666
-1361242
3510702
-2575774
-2561443
3527750
-1510183
159943
3586530
-3352344
-1404683
2507328
-2779541
1569127
3248329
-3556644
132340
1188781
-3226977
2652724
2501473
-3079475
1548161
-371292
-3545050
3169529
1253362
-2417222
2648248
-1587929
-3018140
3551709
-151845
-1074450
3307886
-2719387
-2389496
3090247
-1490109
304270
3406856
-3337038
-863781
2262913
-2787490
1748457
3031756
-3271537
301064
962016
-3174310
2547426
2037307
-2845382
1728191
-385607
-3279413
3319663
798020
-1895896
2756326
-1703321
-2777748
3185098
-508668
-843499
3126335
-2572674
-1942798
2725374
-1737379
595704
3187313
-3136976
-750538
1909016
-2555298
1718275
2707802
-3089486
542047
697036
-3068386
2515638
1790386
-2774656
1627176
-517281
-3141469
3160411
605281
-1674049
2600079
-1763131
-2524964
2935955
-704844
-613513
3066057
-2535351
-1736795
2599587
-1760778
648838
2829040
-2917444
-537162
1677949
-2548316
1737346
2514143
-2818253
708972
292190
-2921779
2573264
1680999
-2417756
1936576
-795895
-2833206
2954078
270751
-1478529
2480304
-1801719
-2279297
2880552
-725983
-269296
2966778
-2557174
-1467420
2250657
-1818714
842865
2703851
-2716653
-331077
1386244
-2388007
1760689
2009356
-2750597
855669
318621
-2745448
2385278
1160140
-2134694
1710767
-730888
-2503989
2648619
271303
-1307930
2535542
-1787645
-2036829
2581904
-833787
-84775
2675867
-2278166
-1168556
1885021
-1830529
968505
2437054
-2707241
-49794
1148794
-2385866
1881895
1940896
-2423601
1073995
-7555
-2657653
2372650
1000356
-1857795
1800055
-790598
-2223081
2511216
48572
-998710
2405196
-1830060
-1689664
2289437
-912870
76570
2526404
-2274430
-938156
1743345
-1781111
1063367
2302990
-2522826
-115103
936285
-2292611
1896254
1761676
-2248306
1022252
-67193
-2409646
2353875
816002
-1746232
1728492
-977176
-2189541
2335825
-136644
-830285
2197890
-1761771
-1688617
2148548
-1099421
224267
2265077
-2251905
-809029
1451010
-1815084
1087835
2278445
-2248778
288829
685511
-2099832
1713756
1493065
-2021376
1231568
-163870
-2321220
2223639
604818
-1480579
1718599
-902711
-1874634
2233767
-257150
-705666
2060780
-1707816
-1282468
1834224
-1157179
320713
2154399
-2164528
-465196
1361647
-1647855
974548
1798549
-2218935
275942
559715
-2181203
1759575
1101348
-1772812
1071484
-464600
-2118497
2031463
540196
-1280709
1637552
-987876
-1668093
2106665
-367949
-464582
1853956
-1801892
-1178792
1726082
-1145381
251831
2233783
-2013161
-403664
1163049
-1445277
1109606
1630239
-1952077
443352
259501
-2108802
1810949
1041946
-1658766
1006447
-473556
-2093535
2086219
379012
-1025387
1790113
-1249145
-1496038
1883930
-325149
-268728
1926994
-1641355
-1067683
1429094
-1159381
515429
1781888
-1931540
-250883
868350
-1695790
1229710
1498135
-1854791
501863
301469
-1844714
1651922
946098
-1491523
1186548
-438564
-1834992
1814052
232756
-948226
1615426
-1141267
-1598861
1740423
-529129
-40857
1770238
-1577423
-791763
1315532
-1165880
627113
1790585
-1899001
-172561
664880
-1617043
1268696
1415050
-1534723
445087
53575
-1542911
1504185
703988
-1325169
1190338
-558354
-1691051
1676418
-34769
-715731
1608150
-1261609
-1190516
1556151
-751430
-126379
1718860
-1499774
-627687
1238820
-1159929
581624
1545481
-1549549
45965
773354
-1525256
1063037
1211353
-1456116
698690
-70758
-1595159
1490304
581857
-1080991
1168786
-571428
-1431633
1594784
-88828
-630300
1512191
-1106574
-1228248
1486288
-634795
142518
1686460
-1391697
-492648
1174581
-1204608
645101
1369778
-1388428
106486
569765
-1395718
1057183
962268
-1294333
510677
-110487
-1600001
1464075
431946
-893200
1073402
-651784
-1347826
1404411
-96488
-314042
1377125
-1055181
-978721
1321899
-637599
197472
1546144
-1529248
-504768
965344
-1123737
697179
1300826
-1382235
61455
329042
-1412304
1137561
965244
-1211303
649889
-174879
-1554348
1421567
334750
-730490
1088973
-715499
-1130812
1360425
-272444
-304380
1222200
-913117
-850942
1244450
-713006
227277
1375059
-1255185
-402225
808439
-1250662
769612
1068484
-1321595
193557
275746
-1138448
1116679
752265
-926401
608284
-83463
-1238935
1218398
363144
-696647
1222045
-788592
-997678
1115462
-311659
-290449
1203558
-946854
-645724
1173703
-602621
269962
1274011
-1290102
-202458
588490
-1060964
696508
976037
-1164302
271878
257441
-1248901
1000084
651544
-970487
550789
-245791
-1128966
1225009
188364
-636383
953637
-678416
-940179
1185273
-167639
-184166
1129471
-988041
-538317
926361
-624420
255228
1092071
-1160853
-152302
597292
-1012484
787137
864996
-1030571
182867
241420
-1090762
918142
521298
-825140
711390
-341377
-976997
1193106
240975
-451966
904785
-633553
-826775
1052990
-418405
-224198
1045795
-925448
-411586
754020
-565582
259611
900426
-1178940
-101234
488008
-791911
570186
844972
-845113
324262
171583
-1038919
879255
523148
-629304
683838
-192438
-765951
898862
105138
-525048
883887
-714149
-759809
1042490
-315830
105219
856870
-865428
-448309
777836
-580468
265268
973410
-1029895
2217
280710
-773148
547786
506744
-832125
295886
126098
-806605
872857
316976
-740601
519383
-289053
-810853
946077
-101904
-489179
872250
-567890
-631684
812778
-404860
109326
815565
-796444
-356682
621963
-586108
417814
689085
-744861
57447
299380
-740947
562995
639965
-846023
231235
85803
-754197
851307
230878
-559884
604177
-289539
-803961
651520
-90142
-329777
736949
-491166
-463961
718768
-246912
-16692
810293
-654724
-234209
527025
-542775
188230
740094
-702520
110596
227558
-636017
558683
464526
-707679
255228
50736
-662544
599351
102341
-552475
607467
-400177
-720757
744359
-110937
-282929
706531
-461892
-565139
598413
-175241
5611
660947
-568753
-81556
496039
-609851
253866
643328
-634074
87923
211845
-693412
513741
300146
-604977
397741
-28828
-749709
625730
267077
-315515
560147
-345460
-554796
713154
-3576
-351125
657965
-474736
-473635
551468
-270581
39466
630778
-520263
-203506
516133
-454657
323120
645666
-638376
180936
273162
-603737
422634
441552
-520975
337248
-43843
-667238
536302
78659
-309593
518734
-287644
-529081
603626
-167297
-157361
380993
-405288
-396362
538243
-239264
118969
487811
-494690
-212437
494852
-479780
514674
587795
-511863
67803
84955
-497319
379232
207747
-524176
166082
41152
-383393
470207
119845
-201614
449548
-241372
-399144
394929
-123667
-183843
257432
-409862
-330433
337268
-151507
-21263
447006
-393523
-170052
230470
-396458
221600
373225
-435176
149307
157957
-430488
497372
196210
-517976
339963
-38899
-432554
450835
184697
-248187
372604
-222784
-392510
462149
-61567
-146465
414404
-277256
-162571
332184
-116623
-7274
416276
-338788
-88341
383999
-303895
88359
337134
-407931
88825
139314
-173537
462128
266767
-411574
250867
-65514
-363822
388945
92727
-215485
252581
-117997
-359281
301679
-43328
-139538
443940
-223962
-343470
356189
-56807
-28671
452911
-240956
-98349
211389
-192284
116509
332929
-437650
138354
179450
-336641
345473
226592
-413804
199811
-60300
-280767
369885
171324
-254634
345369
-212791
-254549
367774
-79627
-46259
300270
-204665
-187570
225661
-87656
19939
192632
-262742
-69659
260679
-65623
205549
277061
-281196
102664
132866
-210638
268184
373269
-302162
230750
20410
-346398
264709
45948
-178868
287522
-45774
-186935
232659
198727
-142806
176641
-103147
-317723
330329
-66072
-32619
327198
-281376
-130023
214865
-202806
19765
325421
-213773
-125865
73731
-275890
108607
176723
-187604
148738
-931
-117341
170468
241207
-319208
155230
-173234
-293663
246147
93488
-65990
179503
1276
-151085
310942
75820
-191471
376482
-131176
-27655
179846
-104875
28292
167314
-254396
-58781
156970
-372581
38851
194155
-297038
125023
18649
-212033
95140
201898
-181635
83616
-41935
-293337
223847
33600
-230116
175236
-48470
-211892
162478
55356
-102084
117447
-340792
-80255
244973
-19559
-29851
171193
-233717
-17556
192270
-139805
111376
207783
-310325
-6024
272327
-100371
-23317
174291
-238426
16087
-9080
-204161
183244
209313
-188646
-19207
-112767
-136314
162433
66410
-137509
197449
-287023
-157953
207307
-2400
-8942
131780
-123129
-225458
125101
4564
10940
260972
-250843
-163614
112044
-213039
131257
140782
-202723
-35272
87635
-286712
185723
138984
-311008
152554
-52399
-189571
162732
81555
-148471
179261
-121152
-153582
163312
-48989
-96261
67146
-199140
-216063
242538
-34367
49648
196701
-170856
5215
232705
-146393
-9485
220791
-325749
5639
