#SpinCore Technologies, Inc.
#SF in MHz
#SW in Hz

[HEADER]
@CLASS=	RADIOPROCESSOR
@FIRMWARE= 3087
@SPINAPI= 20130917_x86_64
@POINTS= 900
@SF= 0.000000
@SW= 30000.000000

[DATA]
8093528
-6191078
10728011
-5759668
11791800
-3701073
12391750
-1573916
12547711
668241
12200205
2846463
11554547
4984175
10497572
6970697
9035980
8722099
7379051
10145296
5483024
11176369
3399247
11966481
1244418
12253390
-934424
12274785
-2966025
11848072
-5059146
11103915
-6874093
10001129
-8478804
8598503
-9773996
6950574
-10858470
5092590
-11514074
3124241
-11862285
1004888
-11762143
-1078823
-11277311
-3134397
-10496191
-5064763
-9411347
-6788965
-7965123
-8272857
-6349327
-9573705
-4552303
-10392903
-2582071
-10925249
-597656
-11116773
1330433
-11013314
3284608
-10552370
5060343
-9731928
6636769
-8600432
7951476
-7220500
9092933
-5618667
9892799
-3952240
10238582
-2022446
10338872
-95028
10148885
1740078
9604489
3412112
8798023
4977206
7651711
6500137
6380937
7671461
4756994
8668004
3159484
9226830
1372055
9509067
-303645
9580441
-2039616
9242783
-3592277
8602263
-5063670
7758584
-6382952
6758912
-7391896
5359422
-8157496
3935282
-8661008
2348965
-8846732
771414
-8757112
-810041
-8446925
-2398987
-7781124
-3764292
-6954886
-5074315
-5779064
-6100623
-4634984
-6995738
-3270860
-7684499
-1805267
-8073056
-321661
-8210962
1156402
-8043251
2564644
-7634289
3894001
-6934433
5105211
-6078725
6082355
-5051666
6736560
-3886951
7262511
-2522213
7540917
-1244128
7584505
122720
7363053
1494082
6877828
2740747
6146445
3892565
5377128
4920380
4299392
5760528
3261889
6328315
2010240
6804321
753164
6928545
-538490
6933143
-1744315
6614530
-2868143
6180494
-3937390
5458671
-4724702
4677337
-5497305
3683854
-6006674
2588251
-6290477
1496946
-6364675
351878
-6284457
-764564
-5941821
-1813393
-5519757
-2878377
-4858474
-3784863
-4121164
-4558138
-3187118
-5140465
-2160012
-5529913
-1121214
-5702712
-39284
-5806776
952767
-5691166
1947197
-5317407
2819361
-4884690
3700837
-4244656
4284940
-3467064
4829246
-2618930
5133920
-1709409
5285506
-717149
5280888
245505
5109323
1062281
4753986
1964172
4294075
2782511
3708763
3471550
2960074
4025908
2191382
4392804
1329029
4690743
437127
4813763
-379504
4708188
-1181838
4618609
-1957224
4260691
-2654226
3764084
-3237460
3234930
-3682166
2542475
-4021581
1824986
-4266272
1009641
-4427474
220318
-4304354
-462781
-4058250
-1224533
-3747609
-1902532
-3279576
-2585423
-2795534
-3005082
-2168268
-3445912
-1533315
-3722342
-797104
-3884044
-62376
-3902871
498450
-3797272
1179329
-3683684
1749096
-3324180
2258694
-2869740
2843816
-2481052
3120237
-1898341
3418407
-1263752
3524894
-599602
3564690
-12633
3438135
610709
3261148
1152207
2904148
1684768
2580830
2142796
2142256
2565898
1564393
2867142
1064355
3090845
456551
3125699
-80415
3182490
-620223
3114650
-1141017
2845127
-1615301
2622341
-2046494
2250603
-2341314
1870435
-2570270
1312650
-2751080
842449
-2879501
376905
-2784451
-147912
-2695341
-637670
-2480218
-988994
-2285480
-1398797
-1941888
-1833808
-1609657
-2149435
-1171121
-2365001
-759404
-2497726
-265991
-2510422
148713
-2460777
589120
-2407058
1095121
-2216574
1383903
-1933752
1671924
-1638930
1876754
-1370007
2064597
-909650
2144871
-576779
2185881
-223100
2148839
232422
2095643
598014
1943600
861667
1766579
1189927
1467287
1482723
1285903
1708665
851965
1917663
466115
1945520
130981
1941566
-200761
1985677
-519021
1732803
-852632
1678002
-1150951
1409737
-1363093
1215315
-1544521
962642
-1676011
709268
-1720280
380112
-1685774
11539
-1685527
-253805
-1567768
-519492
-1453208
-745182
-1258981
-1037700
-1054354
-1179880
-805297
-1316813
-559251
-1504596
-333642
-1511002
-9573
-1573193
185283
-1473691
511423
-1406152
695523
-1272089
931929
-1132791
1023381
-865226
1235288
-591488
1265447
-399416
1315836
-164474
1305320
97848
1271478
257520
1066911
490737
1066518
677640
883147
816327
675894
1009695
447130
1191433
242991
1145915
-992
1120786
-113437
1114191
-334425
972757
-484835
1016596
-614519
847867
-746599
745625
-876601
654098
-969089
426476
-1016812
245311
-967123
102414
-990971
-143125
-902207
-295082
-793821
-400226
-742575
-574516
-584554
-604736
-430420
-692740
-287992
-779139
-113118
-866127
-30648
-826489
192246
-756622
251463
-696065
383509
-652973
514807
-563137
653137
-397665
596524
-263306
699717
-134827
645940
-59051
634159
142935
582221
149347
593084
298049
497463
396495
383001
376528
324779
389063
226231
513397
30591
550130
18526
462364
12643
512403
-83832
531150
-268459
564998
-410852
389614
-365359
313639
-495351
249162
-421095
80057
-457107
85425
-387272
-7266
-422083
-132254
-385479
-170190
-303219
-246844
-231554
-358878
-193598
-351620
-87368
-401456
4438
-386141
75340
-389984
130926
-319466
191366
-238996
167244
-205200
185782
-125312
183591
-138837
244724
-57713
245384
6937
271531
27322
215026
79897
156593
122837
186685
126513
80199
161263
41128
296423
-28853
188735
-42280
254214
-100312
129308
-70310
191158
-121314
108078
-111474
130353
-196038
56035
-193858
-13792
-155750
534
-187437
-87438
-155224
-90176
-121066
-91567
-36929
-149174
-38381
-134105
-29493
-179931
19669
-209850
88114
-247598
97648
-153764
93118
-107619
156540
-65205
169375
-30470
138813
-3376
201435
-33767
246423
59416
174886
118338
120487
144049
66963
144743
59072
190686
82404
201537
-41698
221178
-119627
226231
-164511
261389
-231175
181460
-276779
148541
-268904
101732
-313357
93863
-250751
-47562
-295731
-100866
-215761
-4892
-238715
-92037
-303996
-159523
-223420
-186515
-174193
-279684
-91756
-264688
-12813
-353818
-5679
-298829
29340
-353741
166924
-284560
182796
-233296
218029
-228923
273188
-150346
393790
-175354
330794
-90900
325031
-96484
366162
25135
339395
148666
344166
168483
280657
262161
256933
314660
176951
232283
81664
311898
115449
364438
24081
340420
-88106
351296
-134620
357212
-195135
367219
-220075
230191
-321201
255662
-408139
251281
-398424
137612
-481976
83145
-482724
-104286
-402482
-99352
-425664
-221049
-294635
-268193
-275075
-282679
-251732
-315389
-153565
-433006
-139456
-423114
53599
-431659
93239
-438870
166203
-430478
227014
-390362
283466
-318861
343929
-271800
386688
-215343
473623
-136262
430905
-61708
471421
48789
518282
114191
433780
227855
344709
227967
279373
255203
277675
414689
207809
478555
166848
563606
26636
536096
-37238
505875
-123880
549310
-205051
475983
-293945
448088
-378226
377576
-373112
226675
-433583
106330
-467094
86553
-488947
-26539
-441102
-92970
-503279
-160424
-388901
-291111
-369367
-350955
-353561
-352433
-291405
-507317
-184878
-465469
-123716
-483661
-43827
-525274
138058
-529343
210467
-484106
306258
-438299
323560
-391941
452380
-291367
493047
-215865
513336
-109962
559487
-117787
547712
86817
527011
104053
491642
283595
434211
314686
408622
399267
328812
507634
264992
478846
101800
550003
10310
606628
-30875
542032
-158267
542163
-254900
497241
-357469
446678
-410955
367533
-495768
261520
-571360
174753
-560386
92590
-577424
-12674
-581237
-60643
-544566
-135565
-503326
-264516
-469091
-306378
-312884
-396786
-214474
-474167
-224701
-560802
-84452
-548889
44835
-605497
78765
-582433
222753
-520622
274714
-410936
318552
-462405
434994
-357744
510348
-291925
554269
-135789
507438
13097
528453
82468
521686
182879
487611
236519
468864
338310
362998
434854
309460
527269
177569
547416
106612
526700
76670
533160
-82985
506691
-212479
485772
-273992
421742
-325274
378722
-410756
301817
-429676
234591
-548349
152343
-557519
86822
-567902
35462
-518871
-19565
-451110
-142498
-450896
-212982
-430696
-255218
-388836
-427805
-263562
-468183
-130817
-470823
-103486
-461237
70043
-483443
134751
-437551
213426
-376506
220035
-336450
263715
-338965
337635
-286544
399872
-225634
334342
-112090
407636
-62157
478058
14627
438065
58639
382572
159598
367402
234439
409881
335537
236889
367136
240322
394592
132497
469519
30644
410730
-98285
474066
-128197
441460
-233551
414597
-314446
360887
-334430
340575
-327497
203291
-483331
184811
-465068
117069
-450961
-35927
-428116
-95885
-434627
-183255
-359856
-205279
-344217
-235273
-302986
-337957
-260785
-346622
-129516
-407692
-49330
-370811
54546
-472809
135617
-401054
158679
-386358
277672
-345493
326546
-252890
368365
-262580
370619
-127464
340249
-73148
285903
-1021
367791
25241
319015
81463
300445
200039
292470
198070
164806
323263
161366
218846
92314
308142
64938
352308
56963
308009
-38335
275400
-62665
343753
-99199
306201
-164769
238522
-219536
228022
-336414
188115
-327146
90496
-303381
109490
-344508
-21601
-232018
-77065
-308163
-83360
-188571
-146830
-201490
-183632
-224073
-274220
-154614
-286751
-43624
-323109
10091
-324455
23669
-362082
34735
-290253
182644
-217104
243807
-240002
281285
-208454
208389
-151909
357702
-129477
296496
-1611
333981
39677
281363
139778
272119
126580
181263
150602
126843
197593
142620
244323
79789
224470
-16393
235222
11255
265101
-794
244642
-107100
168525
-56488
245429
-103283
111761
-112826
74814
-171443
96376
-179545
117300
-199397
-12922
-266283
22805
-231717
-90874
-208343
-28120
-180181
-123968
-171723
-97151
-111329
-138660
-25666
-135185
-27539
-227086
-42085
-232007
-9632
-184820
33438
-235280
84743
-187328
68112
-146484
200134
-77898
202513
-108939
170943
-91097
159821
15749
226186
29576
209792
23007
156510
150113
108159
110955
116265
118298
65203
152053
-9640
141023
-10067
116132
-32159
179394
-6153
168230
-128213
160477
-50539
73924
-68042
70030
-136521
5811
-87268
2166
-86472
-40160
-14291
6058
-68693
-35645
68607
-27136
-32111
-45608
-41827
-45156
51932
-39447
-30174
-22247
-37974
-15056
-30308
-76598
36803
-48350
-44057
11484
71992
-64308
26550
38624
-5936
25727
93494
13409
-17217
-10465
115661
77907
26709
-47
48544
62699
-45427
64732
14615
90338
-41244
15837
-8091
15251
-9058
14528
-33745
49977
-31640
9163
-31650
-11768
-103938
-2037
18664
-37338
-12546
30180
-75778
23913
-45586
-18260
-55428
-49289
-4403
-99387
-25484
-24467
-13258
-86601
69596
-97117
-40182
-10873
28447
9878
12176
12787
89574
-79064
25595
-17624
-2618
-18933
27744
58860
59118
-43851
59447
-13683
29399
76774
169712
59817
99837
6372
90000
51879
79973
145582
48562
69107
-37869
88528
7850
137397
9537
52976
-55503
84248
-132551
91962
-106448
49253
-107903
-9647
-89363
-76329
-46133
20974
-107017
-23874
-136120
-81652
-88671
-30020
-141455
-13766
-134923
-43509
-122702
-127745
-59270
-107726
-51206
-161862
-44891
-177316
11948
-133547
67854
-154355
90197
-57506
55603
-21983
128296
-29113
153211
3950
97927
-15898
131053
33608
132846
95291
94782
98183
97310
37873
15976
63067
91270
45461
29016
134323
52918
106618
38031
129390
16505
164467
-68336
146055
-74970
103777
-40970
79575
-37853
56823
-114958
77375
-82907
104853
-113227
21634
-105261
2179
-129963
374
-33974
-56195
-105445
-41701
-112184
-112978
-71289
-54208
-134864
-81355
-58725
-79415
-110527
-155279
-1
-248206
-14826
-144465
29444
-159413
94921
-171676
138295
-121902
203436
-59321
113881
2449
171249
-44156
184546
56661
206358
64688
171113
18858
149956
132768
156490
75619
57874
114876
27766
173717
33203
123880
-67301
132392
-73223
139647
-45418
102404
-52035
146296
-28877
152119
-65570
198220
-101586
94055
-115656
90455
-146582
104413
-90210
34102
-192558
47729
-161094
-23657
-144151
-87310
-160081
-118795
-191694
-131087
-95057
-123318
-81174
-166065
-103679
-148524
-12333
-142293
36098
-197888
96306
-59237
77132
-16605
69365
-68366
131914
-42722
76849
-25659
154398
-52974
136678
-3107
179062
20065
187318
15748
215464
-7098
132582
45381
160329
31564
129207
129869
105220
88693
101746
140485
134342
157429
71004
150819
-21990
178844
-56580
153259
-67539
132059
-72841
61757
-40189
159638
-59815
117740
-95841
47812
-124170
65724
-193854
96828
-124008
-17133
-100354
-32101
-153717
-130040
-153396
-61267
-135287
-50865
-16715
-78185
-50991
-83618
-78855
-129403
-38211
-152332
88578
-93122
133039
-121476
99223
-131953
121424
-152976
176819
-39141
115967
-24847
146297
17363
114182
13098
104209
27605
73554
76114
110393
-678
36086
95378
96684
20319
61798
123564
36330
98205
95582
66193
67296
63366
71097
111984
66656
187802
-48882
181072
14380
137288
-60604
122806
-122977
91368
-120970
17660
-170255
40587
-147149
-16442
-96029
15657
-114425
-21489
-87830
-108479
-81875
-22171
-105860
-143363
-48047
-109226
8064
-135447
-63940
-96128
21309
-156793
6191
-59347
1294
-169079
-53405
-73508
57440
5287
67360
-99381
42116
-92464
74973
-88877
93930
-95869
78174
-60004
117906
-51145
186618
-28192
164241
18725
28081
54994
61559
6110
48738
59033
50436
131210
54392
64100
4285
132846
-19535
132588
-32360
133631
-67078
83287
-53553
119399
-3907
53993
-140681
-2967
-85101
38890
-99990
54810
-126664
-11341
-113781
-22225
-143206
-18559
-84784
-52008
15033
24006
-80373
-82725
-55935
-77355
-4509
-156239
15692
-53882
101439
-118532
46316
-142115
-17127
-145206
45317
-58052
32764
-119003
78440
-125683
105059
16152
50043
-90727
125889
-58221
97695
-31550
79672
-23626
55734
10340
120058
-32604
34375
29095
93697
56607
44958
797
77203
67566
74481
104948
11338
88186
29458
48639
-12075
89946
-14013
54611
-40308
123505
-65977
56138
-108818
90878
-72100
18206
-101818
8885
-49858
-7024
-133188
78931
-94414
2564
-104415
35947
-83909
-37913
-53623
-2422
-76711
-14046
-41434
-11820
10632
-45150
-30207
-73368
55177
-127894
-35475
-140035
5650
-94967
-4718
-46600
2924
-130828
-45062
-2947
73280
-40621
102372
-115224
70405
-24314
46710
-24989
106056
-25725
-9162
32016
108862
65326
12383
49143
30712
48055
27730
62250
94275
35359
9838
62402
