#SpinCore Technologies, Inc.
#SF in MHz
#SW in Hz

[HEADER]
@CLASS=	RADIOPROCESSOR
@FIRMWARE= 3087
@SPINAPI= 20130917_x86_64
@POINTS= 900
@SF= 0.000000
@SW= 30000.000000

[DATA]
8692378
-6593296
11573366
-6075376
12615774
-3998116
13254393
-1713725
13385022
630528
13089990
2983893
12333055
5263133
11161843
7359579
9743433
9199977
7996325
10729709
5915471
11958651
3698975
12743305
1419071
13109752
-869961
13070092
-3169769
12709592
-5410958
11926620
-7300049
10701125
-8980279
9221990
-10443884
7452828
-11542745
5521333
-12190902
3306206
-12519572
1111849
-12496729
-1089933
-11998543
-3214831
-11174347
-5267907
-9888810
-7141190
-8486761
-8641567
-6834490
-10040401
-4871701
-10972983
-2812186
-11526305
-654122
-11841667
1382057
-11670365
3316981
-11119904
5263277
-10287910
6915716
-9075353
8290797
-7599689
9500602
-6032910
10350134
-4139538
10869553
-2192802
10932368
-224262
10670757
1674298
10203181
3476100
9302234
5230098
8118772
6761368
6730527
8037758
5108779
8981259
3459541
9690771
1675851
10018827
-195701
10088771
-2029592
9775830
-3673389
9176215
-5172746
8224790
-6597593
7217963
-7671494
5811973
-8471857
4254137
-8978003
2608148
-9242525
1000544
-9246239
-745206
-8891009
-2365805
-8297430
-3851608
-7326350
-5191480
-6221285
-6387850
-4915941
-7369012
-3460905
-8095625
-1897896
-8479403
-438536
-8585848
1173656
-8405251
2611747
-8042824
3975250
-7343008
5221682
-6434964
6317599
-5397695
6940741
-4108187
7586690
-2764975
7845910
-1369491
7863079
52802
7692416
1440993
7230114
2807663
6587346
4068022
5623396
5123773
4651655
5985025
3444830
6650150
2185685
7068679
832489
7279970
-468333
7193445
-1751419
6976806
-2914735
6479145
-4000703
5803322
-4925109
4972368
-5667553
3950801
-6245690
2798161
-6562416
1693670
-6705495
433328
-6586806
-799590
-6248344
-1886333
-5799043
-2982258
-5102105
-3859334
-4311455
-4705776
-3406397
-5311014
-2265172
-5864316
-1171555
-6082613
-78423
-6126107
1001016
-5960160
1974641
-5574427
2926638
-5107326
3798931
-4499192
4530496
-3716589
5013155
-2809910
5296362
-1870002
5607390
-875415
5568712
138122
5382487
1044504
4991291
2019096
4525867
2834789
3909552
3592581
3196771
4135301
2363486
4594663
1446067
4946982
663518
5017739
-344082
5007835
-1113599
4775936
-1995610
4477732
-2766713
3985003
-3360740
3395789
-3907047
2721612
-4190637
2020252
-4431252
1130895
-4564768
415785
-4580769
-508840
-4306773
-1257154
-3872333
-1937168
-3484715
-2581877
-2991737
-3034535
-2352112
-3550907
-1632734
-3944542
-857290
-4017958
-191572
-4074155
568231
-4025124
1236341
-3821055
1883707
-3461386
2456554
-3059467
2880540
-2559816
3209431
-1967167
3559358
-1376846
3634864
-684054
3609821
-5020
3599305
593228
3420470
1189419
3053547
1812225
2685118
2306419
2151727
2615490
1692598
2939490
1085621
3202197
574155
3306901
11908
3337385
-592183
3164379
-1181060
2984607
-1648074
2696642
-2020853
2310977
-2330744
1964715
-2660066
1515772
-2927419
949148
-2952339
420288
-2886379
-76861
-2803442
-565245
-2616909
-1052917
-2405192
-1520525
-2064233
-1907911
-1599180
-2161705
-1182370
-2370638
-796625
-2545180
-375113
-2603352
129629
-2606883
704380
-2545557
1063304
-2329412
1375865
-2083773
1654462
-1733193
1978610
-1397452
2178357
-1034822
2268510
-670241
2332359
-222138
2233633
203292
2134495
583808
2042887
906226
1773506
1251413
1470494
1525423
1253943
1741846
847745
1932641
522617
2011069
96664
2050766
-242558
2013138
-544716
1897004
-865663
1762647
-1165034
1532912
-1399525
1244948
-1598956
1074042
-1749879
722208
-1750495
338528
-1761096
35631
-1715317
-205025
-1661635
-575130
-1516400
-808376
-1306295
-1062195
-1080799
-1299877
-782108
-1382941
-582018
-1541708
-213600
-1501499
-41925
-1469054
211288
-1547901
577307
-1398060
776204
-1172025
946039
-1117100
1101069
-839005
1186082
-683117
1403830
-368773
1293350
-202966
1320906
45253
1326114
157053
1290493
508142
1103647
664319
896950
821628
721920
933696
527986
1129191
315414
1234794
136227
1251873
-97282
1201414
-326514
1163001
-471176
1024216
-635743
875418
-857359
748320
-908775
549625
-971068
386536
-1027197
296448
-1061730
-14270
-944675
-186492
-912343
-282866
-863505
-401624
-721701
-619566
-584729
-711689
-479813
-847756
-277697
-894705
-167470
-872643
-12526
-848122
146709
-871220
324038
-824424
391855
-630608
539515
-565996
550379
-432571
683040
-327528
689681
-223238
754973
-125668
695311
62902
741687
155173
614784
317790
477466
435239
485464
452401
271156
530348
220738
533720
162769
582276
36029
594755
-126392
591501
-256713
537638
-275280
411432
-361551
413194
-391315
322820
-427846
275718
-549626
164203
-520664
-17697
-411371
4259
-419565
-56768
-404062
-171822
-288561
-355302
-224107
-300549
-129977
-284007
-103100
-280630
-19556
-277146
-33656
-389366
90061
-346137
145988
-247652
170380
-253575
292417
-220525
285801
-161087
301208
-77540
269896
29923
239274
48444
169051
93984
281080
73587
221921
171829
94190
246559
68873
189984
-54791
156649
22100
172863
-34312
214023
-185015
153835
-147678
125242
-136171
52009
-143657
110521
-200140
68549
-149908
-13395
-188911
-63736
-151431
-183416
-134131
-131664
-82915
-178051
22060
-191290
-7241
-155102
58452
-203873
37015
-223021
83475
-206706
147491
-102411
254196
-79444
229529
-929
197730
7156
220727
53891
243524
70396
233957
154583
137456
180232
172911
233392
44582
200570
-10239
135049
49022
274405
-131347
187848
-145905
183027
-199652
218093
-209594
180480
-233683
113005
-262634
36158
-295713
-6692
-305621
-76932
-275078
-126108
-226575
-226339
-244824
-134685
-201683
-235206
-75999
-279588
-50298
-254837
-9135
-328487
31634
-386160
133160
-347298
139056
-230446
236172
-265372
218609
-229183
307400
-186657
370142
-153309
351673
-65998
355294
-15451
341967
54918
434818
148840
354127
198547
284370
310543
206581
326862
173687
334464
118204
390625
21031
376287
-323
336516
-113437
383518
-239538
434951
-293242
308482
-350776
286572
-350052
191344
-361546
114441
-500922
185198
-450600
68080
-372400
-69057
-451939
-37854
-445509
-214145
-366701
-308751
-258777
-332673
-176744
-332917
-174257
-418551
-49295
-570960
3421
-460022
64952
-387253
148576
-452951
264833
-456362
342813
-361125
352854
-224344
359922
-221456
488021
-157600
444058
-28788
506532
31912
510930
164480
433544
226403
395223
294543
403789
348955
288884
396105
251837
474366
216189
483472
15116
550475
-116106
488290
-172474
450379
-232925
421571
-349266
360980
-456243
417257
-441818
246642
-428954
163381
-456103
141208
-554490
-18498
-521872
-140433
-479534
-187917
-505753
-245742
-369389
-290123
-308909
-474385
-255306
-515840
-99528
-566890
-73261
-500480
-39583
-500856
82498
-583015
277421
-536405
297135
-412601
352808
-415518
439639
-404755
566979
-258915
543923
-123557
500563
-44901
555017
92362
527863
155255
506922
187027
469400
319332
314531
431860
315052
474317
219953
509168
132406
542070
33645
522912
-81436
478977
-198744
541250
-285541
534384
-292922
428431
-407730
348858
-488562
230017
-497155
199856
-549531
76499
-574348
65251
-556715
-158975
-478872
-232839
-492041
-308523
-406767
-309505
-387951
-488558
-263620
-472801
-227865
-527860
-75957
-554579
26709
-537737
103345
-592881
264019
-526175
313249
-376575
314114
-378437
406149
-347425
482417
-376177
559442
-118133
590617
-37072
516941
60969
573406
108561
470911
219616
473901
328485
408481
357241
332501
491954
121583
509415
113115
483320
84547
519618
-31725
596449
-121267
516124
-269767
546446
-369717
362408
-358168
347044
-422020
286488
-424810
214887
-472423
63128
-581292
24158
-516030
-51371
-475811
-162340
-392929
-248329
-418950
-336130
-387220
-452727
-274703
-494211
-214377
-476547
-183745
-544256
-57443
-531657
115765
-561804
279538
-471900
252387
-410267
356621
-323263
407806
-350579
516845
-173009
436834
-86199
443588
-2324
480119
30999
414843
86476
440717
186140
425196
285625
329639
434371
302501
402996
200399
470774
76784
441166
67515
517410
-86572
463387
-113874
438543
-150758
370285
-302380
409201
-347452
322062
-382947
225064
-369006
142101
-435204
80182
-513467
-5108
-456882
-131277
-417048
-127670
-313575
-180438
-291001
-309586
-322717
-352325
-181685
-347238
-123853
-344984
-38780
-405959
39510
-476482
48266
-405483
177882
-320260
188610
-353450
261707
-384127
401778
-216916
280333
-141109
321100
-54607
403867
-59843
458514
80539
419301
70186
370711
228025
288854
240705
251415
207911
257777
283737
162419
380218
8672
362415
-73679
342339
-44594
332065
-55452
360945
-216799
300015
-286510
283912
-275901
192659
-284378
147580
-381266
128399
-435792
76514
-334703
-13880
-328837
-106039
-244110
-133944
-277497
-110477
-205599
-230992
-158161
-367813
-141127
-317981
-69526
-360800
11786
-328980
16931
-259921
94090
-328359
161126
-318327
161686
-208566
219245
-163855
242265
-195174
323924
-128194
307688
18852
293322
31053
187702
37429
273048
86078
190991
137614
222521
249423
140443
231984
48440
245180
112729
306455
39099
289759
-19198
270573
-84415
247240
-120763
180998
-172120
175449
-165670
211925
-269700
178043
-222762
87614
-185739
-23909
-229035
66413
-159682
-14884
-210124
-14989
-215921
-143103
-103657
-198681
-79062
-107845
-102621
-177028
2251
-176299
-68088
-181535
45954
-211827
33561
-115756
117924
-77941
65521
-112731
147511
-51936
134657
-72390
150910
-63947
158025
15137
137688
249
157142
23837
98731
27685
119272
95119
52910
86543
15972
61304
79621
47879
67448
176921
35612
117295
-109034
74002
-37604
65591
-18654
88498
-51641
110783
-67288
126385
-164232
45375
-91125
-22911
-56881
-32802
-46225
-48878
-102463
-53198
-49632
-28814
-160631
-93974
-39204
-82117
-37057
-22103
-5852
8339
-25341
-60112
-30427
-82583
15647
-22659
81748
-49210
12095
-35944
42104
-33015
33221
-159
92906
69521
89806
63514
29016
94548
24785
90795
29535
72119
66260
1038
22302
53320
14817
58515
-48427
47283
-76981
62680
-14996
5923
-38112
11272
-65442
46821
-90008
-18086
-18538
-80663
24045
-52030
-69448
-61551
-47945
-33775
-102260
-86924
-17565
-64065
-28806
-32586
40948
-45039
33505
-81112
9592
-43621
109984
-103898
163635
-38070
49844
-15879
90075
-29151
121941
35899
27393
70212
46213
14992
135651
96964
67565
34742
39324
122324
-26364
86530
28037
77310
-1796
55062
16260
88576
2073
62091
-48113
98205
-45438
36420
-185087
64065
-58116
22087
-179598
10426
-165386
-4440
-66326
-25133
-47130
-38807
-92898
-11938
-120247
-2120
-3840
-187051
22118
-121017
-6886
-45903
-7368
-188126
52210
-180243
56130
-104618
-25632
-90522
-20361
-67955
92670
-166169
133694
-127238
122570
26838
126961
8072
97715
25960
132444
-4942
103766
-533
197978
26958
79065
81514
98620
71808
57525
108211
18947
151001
-6363
136325
-29832
125582
-43314
142463
-49375
124128
-64897
94357
-120755
118081
-135043
47049
-84308
63956
-70486
19727
-140941
69479
-187910
15188
-155752
-34243
-73472
-71852
-69993
-100849
-163583
-122681
-50931
-206918
15560
-130071
42009
-183983
11554
-94903
-60780
-155054
59798
-183827
120332
-166788
127666
-91919
108078
-106471
126401
-82277
149897
-83886
172479
-13980
102185
-4896
62449
65844
125124
39477
170356
29106
130323
103023
7839
40081
178916
193544
93151
172437
14581
163550
-23176
136050
-86656
87000
-24249
152037
-117858
207700
-179207
26372
-100852
119837
-170120
46163
-142198
20971
-189447
12535
-151246
-2890
-160279
-97585
-92185
-98180
-176287
-21189
-143510
-150113
-128166
-84912
-33467
-113419
-68199
-146687
17562
-196129
92520
-126840
10216
-83199
127354
-134569
132347
-112602
195896
-85160
163527
-9346
103659
-39743
192252
68437
89728
2834
161058
4455
218750
36388
101746
128754
60049
75723
129428
94357
84216
194676
63377
112802
-29906
151043
49152
129184
54963
112502
-36935
118639
-70305
94385
-47758
109565
-88094
133658
-143760
150155
-179881
55561
-123170
41033
-122599
-6481
-148378
8478
-157807
-39815
-122423
-131317
-58761
-151626
-84016
-60040
-10117
-44026
-114295
-190748
-52741
-74285
56493
-92524
39247
-122810
57198
-75437
49054
-136738
5294
-48901
117743
-88481
222551
-79108
117771
-14843
27610
-58168
116393
-31897
174090
75126
156441
32214
32188
90767
100557
89929
82432
65741
62513
118672
69734
93134
7975
107402
-64754
165712
-68112
101115
-16831
117983
-43178
127170
-167559
52757
-111389
55619
-85475
49025
-134168
104706
-171365
22227
-26334
-47165
-89864
-21302
-160931
-25739
-104381
-16403
-88136
-89578
-92027
-82275
-17525
-90803
-73113
-109135
-35506
-150834
73547
-129814
30009
-94489
32816
-91048
9467
-144312
59046
-136521
162452
-79861
114186
-26295
15557
-89657
85584
14484
98169
-37508
115109
25218
117411
81974
115304
64153
48551
124438
86060
60895
112153
75198
16293
150974
32036
119301
50099
65650
-35556
99239
-15429
130953
-16196
41700
-115567
119540
-40311
16661
-36684
152088
-108374
17879
-78106
-7361
-151915
28305
-131620
-13357
-103607
-80478
-98891
-2938
-31609
-41445
-91865
-66758
-87036
-119920
-26721
-128338
-71501
-98055
50890
-150285
41469
-41384
2020
-66211
38649
-134541
82221
-125245
77666
-48285
45607
-58878
135219
-65382
201933
-23721
155605
23675
113224
-46145
128257
38278
125555
101906
95753
24156
48861
61940
80149
-21315
104841
67253
89379
65449
-1847
93983
-24837
74890
-31226
93458
33493
52838
-14751
-27776
-47694
142205
-50758
24467
-66896
58332
-30363
48313
-34777
15797
6683
-337
-96018
57162
-75369
-9301
-85574
-64240
11242
-61939
-40270
-29013
-47377
-57919
-9682
-115594
-10314
-147953
34944
-103495
-14267
-13793
41735
-140608
66621
-66746
75877
-97184
117981
9997
27481
-14959
14195
-72932
72165
-32312
142527
4495
111162
1787
81271
8961
124321
31078
-15218
43766
126712
66513
55385
89625
40427
63105
