#SpinCore Technologies, Inc.
#SF in MHz
#SW in Hz

[HEADER]
@CLASS=	RADIOPROCESSOR
@FIRMWARE= 3087
@SPINAPI= 20130917_x86_64
@POINTS= 900
@SF= 0.000000
@SW= 30000.000000

[DATA]
8562710
-6502434
11320191
-5997112
12457214
-3962241
13097878
-1683210
13210192
613514
12940231
3060284
12165648
5191230
11056607
7305667
9565834
9025932
7804737
10635054
5837296
11715725
3703419
12512422
1500289
12949606
-848421
12983246
-3119378
12588671
-5269453
11780957
-7218609
10604885
-9016861
9081751
-10422673
7333764
-11401939
5347123
-12134260
3274804
-12377608
1009028
-12306948
-1126878
-11837756
-3220531
-10998075
-5197899
-9855979
-6960119
-8487576
-8542616
-6723829
-9896105
-4923986
-10861945
-2832217
-11480161
-847862
-11704804
1271024
-11550140
3327848
-11062544
5140637
-10206874
6796202
-9141058
8319069
-7662293
9460600
-6068279
10280473
-4186058
10670496
-2246528
10886491
-321282
10650304
1561429
10115402
3493081
9224086
5145792
8042237
6658487
6714312
7960634
5134484
8878363
3434336
9514106
1630405
9956946
-179282
10024291
-1948542
9706124
-3577778
9089583
-5076511
8269107
-6406136
7161726
-7629754
5856299
-8417879
4374916
-9040561
2781476
-9247778
1041598
-9192864
-589956
-8858716
-2181678
-8262268
-3785194
-7334208
-5171344
-6200272
-6349149
-4922499
-7260078
-3577150
-7981554
-1984585
-8357814
-455386
-8508832
1028024
-8447393
2502949
-8043616
3831468
-7382208
5163429
-6511142
6194397
-5416764
6966044
-4153036
7479108
-2816606
7716007
-1420824
7975336
-129070
7687353
1378837
7302337
2670797
6588569
3931057
5749989
4975757
4745774
5894341
3547879
6578659
2307985
6964977
934112
7247335
-404500
7234874
-1665796
6981218
-2806556
6449022
-3839897
5803807
-4763932
5013612
-5573244
4068426
-6160299
2953630
-6602360
1744356
-6738376
559855
-6633425
-748877
-6328697
-1767522
-5704087
-2789848
-5170518
-3775735
-4311598
-4601588
-3361543
-5273339
-2403782
-5769883
-1296750
-5973103
-219145
-6077921
902343
-5916536
1892645
-5651470
2901345
-5229625
3642220
-4550364
4343609
-3756713
4805285
-2908402
5175053
-1985328
5461038
-1070235
5525079
-90567
5397128
890662
5160341
1805905
4625690
2762516
4051034
3455047
3234315
4066117
2411816
4597506
1516416
4829057
678360
5052832
-236537
4940330
-997561
4827814
-1930051
4527081
-2613216
4047554
-3237172
3507767
-3750871
2759456
-4085615
2059171
-4356240
1274913
-4493947
426123
-4432015
-324326
-4219067
-1101761
-3952168
-1800159
-3576712
-2494920
-3014906
-3066622
-2439044
-3505374
-1723678
-3759084
-1090852
-3972557
-295315
-4102652
455349
-4065950
1180628
-3798041
1796597
-3602593
2366628
-3145158
2826642
-2579037
3183990
-1976314
3450164
-1434882
3578686
-832541
3685432
-179445
3562399
466780
3386170
1095982
3189036
1592373
2785799
2157573
2336686
2536427
1781333
2864677
1231312
3140948
663844
3239307
114983
3260466
-537645
3232620
-1013986
3056887
-1547610
2759528
-1993276
2376244
-2359434
1971119
-2704460
1554435
-2849808
993495
-2929909
496304
-2907226
-111556
-2791288
-515386
-2638486
-964814
-2463357
-1421549
-2092128
-1793677
-1724551
-2071022
-1391355
-2348419
-855674
-2557122
-448028
-2624862
68787
-2557777
493160
-2509661
910728
-2333033
1267039
-2019981
1575572
-1875527
1857693
-1471857
2138175
-1148264
2314416
-766869
2300451
-276736
2273769
97280
2215747
527494
2021367
867846
1833871
1217212
1525207
1428740
1225921
1699935
999474
1860616
630620
1925376
299174
2040969
-125118
2026261
-483958
1912564
-787978
1782607
-1147187
1510793
-1356375
1255764
-1459077
994436
-1590632
730481
-1690595
527772
-1797324
141738
-1775209
-136938
-1710875
-514160
-1560257
-844722
-1357808
-1026850
-1094703
-1192974
-846503
-1375007
-635724
-1465821
-376132
-1547264
-17500
-1552787
163616
-1528621
464088
-1337350
677034
-1298480
931268
-1106263
1079913
-930096
1214528
-724700
1264326
-504028
1344141
-300152
1346918
-66258
1323434
146777
1319573
434317
1248170
737794
1035060
875634
729947
1078820
587394
1042810
365730
1160657
139902
1196688
-74909
1121634
-219303
1099010
-435164
1028381
-581396
864077
-775607
779342
-881121
643501
-930340
470446
-970222
315094
-1035735
80321
-1017685
-98209
-1018804
-261857
-882620
-439094
-697950
-597682
-645484
-719843
-493377
-755853
-366789
-793854
-165742
-810782
-82736
-823125
121543
-828056
261827
-763000
437844
-730389
491437
-599426
661720
-502431
665476
-370927
665560
-296357
742287
-132475
694398
-21998
712906
208389
613986
258069
601358
337979
470358
398277
411111
451777
204664
527463
164645
488668
-6592
534941
-107978
575317
-161980
513442
-253211
492756
-233989
438633
-371771
358826
-405353
301637
-463664
181497
-440673
21669
-438042
-65904
-482687
-153839
-408341
-182720
-308538
-258802
-223302
-316890
-145559
-274115
-151679
-387308
-54829
-321226
30889
-335958
112810
-363518
125108
-313671
123470
-259923
208340
-211911
294961
-185603
307109
-126982
288014
-6759
276599
2676
299422
87557
232160
203528
228509
133686
123648
242745
29138
265495
1858
186388
-33720
202482
-85250
199297
-101448
183519
-83883
123501
-185172
136766
-162670
98814
-187832
7424
-201674
-70441
-171942
-120229
-135546
-70140
-101209
-79660
-77729
-92900
-4252
-135947
-56364
-189301
87753
-169304
64386
-214264
118422
-189379
125938
-126262
162726
-100791
202317
63121
195298
91667
180989
55404
127462
68636
125211
122182
56796
167399
74513
130161
91310
191679
33984
141069
23395
252866
-42772
239218
-110207
313776
-164128
237620
-158821
187977
-243951
195380
-216177
60459
-262927
40105
-270564
-16673
-289903
-80389
-268471
-151344
-185445
-247624
-183918
-253304
-146328
-182820
-140957
-249222
-49403
-285879
-3008
-305753
142264
-235918
86577
-293932
138490
-287902
254696
-221841
249602
-185252
318249
-218878
364714
-136668
425050
-75197
425883
182
473671
119157
335416
191577
236756
301552
236363
337399
150608
336550
84345
328516
90426
346875
29322
435715
-80587
423183
-117985
359046
-266239
344804
-291613
313811
-265366
246793
-363193
200918
-418490
221392
-530229
83793
-419599
9256
-553125
-179379
-394839
-232328
-352930
-284993
-288797
-323830
-262107
-325893
-192963
-456389
-98777
-378610
-38570
-535846
120114
-455417
151830
-494717
193661
-431199
403712
-342152
360201
-321335
422535
-165784
453712
-204658
439173
-172061
433500
-12831
468103
43587
449134
205478
339940
325711
319882
374932
355781
426070
250727
433583
155029
516606
89270
494157
64414
502521
-66289
595328
-213780
504755
-331088
470595
-352810
389321
-410500
299754
-516130
178019
-500311
122265
-556525
41115
-539974
-55419
-502283
-121977
-486911
-285686
-423790
-384304
-373122
-364604
-325450
-498253
-154148
-497835
-119082
-507351
-630
-555286
159413
-552516
211755
-522990
246051
-498282
386505
-433476
406180
-345995
465608
-365965
567052
-209569
579966
-133352
531030
-40419
536374
112707
598038
175724
464802
274966
399839
351985
401090
436691
266822
482379
219255
530565
59355
558966
-43248
507013
-106045
530136
-181836
520290
-337917
452854
-374190
359932
-493856
350968
-521497
152037
-592952
123907
-532343
23725
-550050
-88308
-542984
-164123
-509092
-232764
-404729
-320646
-311429
-407448
-339602
-448091
-230307
-474010
-209118
-511437
-66065
-561251
55204
-535672
90266
-560486
258399
-540313
312382
-375938
394072
-409719
550799
-264294
588992
-128656
538790
-113984
614448
-39319
543044
135020
478385
151686
411165
320032
415349
349382
337648
455643
235729
479795
159633
486660
94531
538000
23384
502512
-87111
453869
-182641
515485
-284639
406760
-376744
392922
-420389
278391
-469046
208205
-446513
158942
-462479
14631
-512787
-76359
-487090
-62773
-485242
-182969
-475009
-294776
-365094
-386739
-299830
-390363
-199216
-396586
-198483
-479456
-82063
-511316
84988
-546700
237789
-524824
277831
-467964
340536
-288554
330436
-339163
446129
-269474
427076
-191069
472330
-70696
536647
33966
482469
103328
501779
192144
426297
164275
372895
292057
305182
333329
330088
438008
151855
523429
24061
469110
-33989
448607
-58737
463016
-160694
454603
-188148
364439
-311933
299175
-329345
300392
-442219
244779
-448680
45296
-412031
134525
-482703
-50204
-496727
-106091
-416696
-206885
-474199
-302984
-331618
-335418
-244987
-350315
-123393
-384184
-122030
-430246
-40297
-432521
462
-370440
140508
-451884
208557
-370755
274378
-264479
258019
-325931
318032
-325242
329344
-138409
414025
-37593
449046
105312
397673
67993
423898
109948
363780
236649
331099
296023
266499
340236
203468
306906
121179
391071
31086
370835
-28519
357866
-185832
329120
-114150
394879
-202207
359782
-213072
257376
-293145
232012
-353904
121680
-379720
92255
-309921
-48429
-270322
-148882
-312380
-94641
-237846
-130441
-311861
-170731
-246407
-244758
-187326
-268563
-129344
-250381
-62201
-315387
19107
-334150
96119
-331012
59036
-248077
272931
-194219
214105
-202778
222666
-180536
247615
-61470
253994
-110707
244009
-22089
229642
38182
282270
87055
275776
106034
278376
114951
212858
228293
194617
244096
87967
277483
31967
208154
36184
317214
-71320
259161
-92888
216517
-180387
178910
-150409
227790
-235877
223572
-243593
91378
-185734
31079
-188307
-19753
-190576
-66718
-107585
-32190
-179538
-101253
-159481
-83473
-125236
-167577
-82324
-107471
-65449
-151054
-74233
-105162
-46371
-167479
-40152
-155363
-5403
-208845
121142
-228287
122042
-100597
92815
-88338
148204
-35310
169242
-17383
101233
12434
120471
58835
181073
-28930
222890
43716
119394
101852
146750
72072
92588
131328
12071
118685
58720
102256
36401
119507
-39516
188018
-143653
114511
-107235
31773
-98379
45471
-92960
-19892
-98802
9908
-41030
-41841
-11501
23406
-60002
-23581
-115366
-91008
-36832
-94527
-58392
-78296
-20260
-96666
-40413
-113504
4610
-124969
77755
-86392
72671
-92764
76555
-61470
81735
42293
63969
44197
143231
32598
60798
33362
36790
23989
-18613
36847
46498
36657
31360
-15676
37275
-10819
85979
24015
27850
37247
-34412
109720
-35045
21723
-57171
69470
-37084
34278
-56257
-3114
-60548
39995
-32176
-26014
-13334
52532
-111144
-15046
-58494
-52698
-56216
-149110
-30957
-69244
-12498
-26010
-59573
-87539
-64244
-22485
-6706
-29916
6982
-84115
67054
-56663
38175
-26227
121851
9747
126464
-23461
135460
40423
85393
65726
73237
59760
113353
30028
103486
73723
131452
125514
130554
69112
36314
158261
22338
96171
-33059
99306
-15908
71114
-97809
46782
-50426
-21021
4751
26473
-138987
27844
-41125
78217
-101609
44805
-108078
1064
-132239
-31293
-127469
-18269
-108341
-37870
-32083
-45218
-83270
-37309
-127185
-96165
8625
-141611
63421
-130074
69353
-168246
42269
-83491
116656
-124587
198156
-116337
156915
-77677
106250
-58606
179877
31095
124997
-17810
192410
22775
132712
20817
92512
89317
46999
75164
53479
83442
23828
108925
-21968
71321
-29420
114493
-60522
98570
-41869
96874
51979
99792
-102553
104345
-99095
122501
-133056
126354
-176975
73061
-192571
55838
-138151
-81210
-102476
-25500
-149762
-7936
-109685
-109909
-111082
-117672
-91602
-160837
-93834
-87434
-48819
-107247
-3078
-126909
35250
-80830
31982
-109600
31093
-88457
105571
-97702
111202
-146180
105994
-157163
154598
-21055
137853
-81136
229985
-66048
244346
-47801
232286
67232
192435
129817
68001
118621
52130
93228
125847
130808
70850
193479
48674
289535
-42982
183565
-39155
194943
-117703
143062
-127154
90783
-143872
20158
-72182
100484
-146043
-2160
-90970
63639
-166644
59260
-168820
-50202
-171678
-4202
-185291
-88539
-98304
-102104
-113889
-154950
-118752
-105940
-108911
-142345
-56950
-107363
-37571
-149075
-19164
-187990
59702
-195683
23308
-124753
108359
-183932
92859
-86968
84691
-90335
62062
-30915
117213
-59470
51231
18688
113970
-60237
212609
21960
89001
8215
91303
64216
121336
85151
139153
63983
120723
142240
100606
234426
-10166
199058
-87645
167425
-29557
168673
-101777
91784
-60081
126654
-56058
124432
-61279
55023
-177062
137720
-55338
56966
-113049
114814
-96505
36772
-173750
4524
-100741
-80267
-148677
-100314
-163676
-105472
-97781
-119399
-82002
-118110
-38085
-117794
4170
-113408
16493
-122659
33039
-130338
123362
-170673
73358
-63743
84408
-159013
141721
-85508
176663
-28246
95876
7009
72012
-41284
159759
-27597
144560
-14863
113492
-9263
94096
48999
123328
78225
122229
112873
129416
138533
55624
132249
-30545
199215
-20131
174086
-86755
132927
-86312
153932
-136758
118652
-41464
29041
-29190
51469
-20965
67664
-74663
60782
-112166
60140
-78630
100251
-120282
47840
-178341
-9822
-137077
-104262
-134324
-112939
-92184
-106204
-98947
-81554
50327
-83331
14350
-41144
29623
-77253
36474
-87821
25305
-58513
51887
-82983
63026
-60030
50497
-118522
156996
-36628
84464
53822
140024
-33046
189103
4115
92097
103744
56095
25549
42412
63861
41510
48714
17506
93591
-12945
115872
13350
98593
70702
115966
21396
34954
-18055
104503
-45917
121914
-57477
101463
-61060
62581
-14184
163162
-119621
138441
-109288
81436
-145352
7132
-183079
47354
-144729
-72260
-158745
-56247
-46055
-101874
-93609
-95993
-9553
-69967
-73342
-124944
-50884
-97331
-56053
-123114
16246
-89898
-39497
-128926
52962
-101440
17924
-89540
10855
-48864
42486
-83123
108069
-71503
133022
26578
116488
-18292
117175
-10323
85254
43349
65169
107310
29145
45066
-28787
43779
2445
8518
96601
49772
45465
70854
5827
73900
28694
85393
-75147
33820
-30517
-23959
-33377
36730
-10914
61213
-55287
-2805
-108691
29668
-94903
42786
-27070
33357
-108536
40312
-105289
-14837
-115804
30960
-118674
-28141
3592
-77275
-54680
-68815
-17976
-81886
-32113
-65672
-22244
-59704
29609
-70684
23197
-84163
57420
-113577
77067
-56456
25400
-16795
24647
-63723
52219
-59069
55433
-22753
76867
-48588
110612
-51018
130263
-12800
123355
-70029
36946
-7524
98058
-26565
138296
64737
68947
103918
7522
52124
