#SpinCore Technologies, Inc.
#SF in MHz
#SW in Hz

[HEADER]
@CLASS=	RADIOPROCESSOR
@FIRMWARE= 3087
@SPINAPI= 20130917_x86_64
@POINTS= 1000
@SF= 0.000000
@SW= 100000.000000

[DATA]
-2561062
-3423723
6414785
-2930632
34659
6417214
-6293900
-2308044
4739986
-5011418
2908102
6334655
-6955743
210913
2290973
-6607629
5149048
4698003
-6327981
2948765
-445003
-6942682
6690923
2221477
-4667809
5313163
-3015232
-6311682
7078518
-392039
-2063569
6583243
-5368775
-4586012
6214458
-3197980
672124
6997229
-6658350
-1978502
4608494
-5415061
3361330
6160242
-7010643
706196
1759550
-6830189
5560884
4396543
-6198170
3527418
-866826
-6882852
6673453
1800369
-4202213
5709530
-3578901
-6065794
7018533
-889612
-1734832
6831592
-5580527
-4222884
5918176
-3572286
1075465
6851368
-6891442
-1641072
4027724
-5774565
3815846
5858773
-6981436
1271765
1336909
-6796033
5647832
3773159
-5972326
3846506
-1501181
-6803547
6980255
1482404
-3752099
5831330
-3835988
-5727218
6769612
-1500858
-1166496
6764587
-5828816
-3649789
5706370
-3973229
1493703
6790346
-6777938
-1144368
3674919
-5881716
3920878
5622748
-6562564
1686272
909991
-6791969
5850642
3500442
-5368167
4080322
-1677335
-6622528
6847305
811551
-3403172
5939236
-4215722
-5343724
6496667
-1738734
-729891
6715254
-6057171
-3282349
5224924
-4326729
2078199
6438824
-6645091
-660086
3140305
-6017792
4278531
5081709
-6381677
2049436
338860
-6672034
5933985
3040899
-5062638
4276091
-2136810
-6265157
6628988
301828
-2997332
6020485
-4484911
-4871159
6197762
-2287585
-297958
6463318
-5996538
-2829609
4775831
-4459531
2149519
6199078
-6482481
-189339
2548799
-5860405
4613677
4609838
-6065641
2400901
-53563
-6369743
5895583
2439687
-4461718
4539737
-2554258
-5940547
6345358
15770
-2358223
5795488
-4548063
-4474793
5970352
-2461372
4055
6347854
-5936299
-2343556
4363356
-4587019
2428537
5718821
-6405481
215003
2197243
-5851200
4534109
4284330
-5579931
2607094
-283640
-6203943
5841204
2141384
-4148087
4564386
-2712973
-5557571
6223256
-369493
-2008348
5819343
-4739146
-3841700
5469959
-2730403
593760
6056957
-5802952
-1951597
3920449
-4671484
2820300
5506423
-6086065
586637
1655865
-5790881
4563235
3731189
-5232755
2845998
-748539
-5973977
5714006
1700911
-3683432
4818140
-2871440
-5184119
5969859
-687602
-1519944
5661333
-4859206
-3577449
4974183
-3027507
883556
5827465
-5691271
-1452453
3502276
-4864569
3028219
4912535
-5773238
867549
1283746
-5677927
4652093
3383167
-4783527
3077653
-998944
-5718815
5726857
1187333
-3212247
4653970
-3032774
-4719960
5562608
-935655
-1200511
5552677
-4689967
-3194034
4695473
-3203801
1070372
5604461
-5649255
-987120
3066861
-4553438
3224863
4704688
-5439207
1062446
989975
-5476756
4571761
2896905
-4453234
3161595
-1287655
-5365771
5407020
982186
-2908242
4626668
-3199709
-4454518
5357971
-1266278
-729385
5293511
-4569983
-2632067
4470431
-3338499
1287415
5216409
-5173947
-705200
2652529
-4612450
3055671
4322404
-5160306
1499470
794449
-5402875
4640990
2605680
-4149130
3194284
-1299648
-5150851
5200363
677107
-2419310
4565496
-3320477
-3996376
4966624
-1435067
-598251
5128112
-4500819
-2486502
4020624
-3212190
1428349
5037779
-5215996
-361626
2307885
-4589797
3148312
3920734
-4804176
1573973
373878
-5062033
4436862
2184641
-3843618
3303524
-1512408
-4714289
4936844
354695
-2229410
4435891
-3262756
-3720247
4770095
-1617382
-127794
4994989
-4461082
-2068452
3729005
-3126976
1588548
4593064
-4866685
-239415
2205237
-4457368
3310951
3562907
-4532905
1681746
247812
-4756693
4442051
1969345
-3468028
3336242
-1829575
-4427699
4862984
-53655
-1826852
4262461
-3264511
-3421627
4480215
-1830856
-63192
4773252
-4479905
-1894829
3339226
-3326446
1666852
4296758
-4540829
-64897
1875646
-4398589
3366366
3301052
-4228888
1898480
-137911
-4586472
4240100
1610924
-3170837
3281248
-1897980
-4318934
4592673
3769
-1523251
4302010
-3241006
-3132399
4018858
-1846997
140544
4544403
-4289684
-1561660
3098835
-3376336
1948112
4033669
-4649366
312068
1421380
-4143360
3326738
3017559
-4044721
1846082
-407100
-4442794
4074659
1381902
-2726229
3316057
-1997769
-3955588
4360991
-392760
-1338574
4031666
-3304655
-2752930
3913834
-2017444
438478
4342178
-4196043
-1227321
2719942
-3313630
2078801
3802706
-4299315
396471
1253344
-4078859
3375091
2714198
-3898625
2017690
-447446
-4111124
4131346
1077139
-2538174
3348186
-1987962
-3629801
4179626
-530799
-1118691
4077980
-3242486
-2516939
3481368
-2082691
591981
4024806
-3912427
-1084273
2403936
-3196842
2230611
3646804
-4143448
658459
956473
-3931341
3264213
2303903
-3377140
2097223
-563385
-3959838
3952578
856577
-2258965
3244393
-2090064
-3321480
3999225
-748023
-700260
3891338
-3361719
-2381047
3259178
-2173662
768505
3850924
-3887417
-830355
2182517
-3150071
2256666
3296263
-3849702
853122
840641
-3827287
3315639
2120664
-3234895
2281976
-941046
-3774728
3907672
626641
-2169557
3212065
-2164851
-3166109
3689562
-961035
-566648
3740136
-3305757
-2099816
3045832
-2246641
939602
3644692
-3808894
-473064
1912643
-3208223
2346809
2956488
-3503765
990059
503664
-3684739
3256124
1870974
-2930569
2181875
-1083154
-3482336
3617813
385701
-1719359
3108479
-2372619
-2874570
3469354
-956653
-428102
3647900
-3178926
-1695980
2853538
-2371952
1211230
3327058
-3710876
-485835
1693161
-3222082
2318290
2624976
-3254654
1126825
327700
-3577492
3095699
1595212
-2657381
2330876
-1125905
-3372087
3455386
220965
-1520399
3257278
-2362376
-2542708
3238403
-1091211
-258071
3456815
-3033081
-1246652
2584131
-2343645
1206162
3125643
-3462448
-107807
1332070
-3044962
2259763
2487520
-3267517
1225083
107950
-3350688
3162456
1367508
-2408109
2277493
-1238067
-2945390
3244079
149793
-1375780
3120614
-2500696
-2335358
3106151
-1208722
34342
3309128
-3004245
-1337236
2368197
-2208383
1296911
3081354
-3300322
19897
1139691
-3058034
2231423
2320629
-2812010
1227360
-103532
-3112399
2957102
1107256
-2179981
2355356
-1385035
-3005400
3132005
-183982
-956293
2879558
-2296910
-2169380
2798509
-1326296
263006
3184822
-2936477
-986403
1950674
-2283017
1394322
2689850
-2933029
232946
953562
-2911978
2498168
1995970
-2641318
1463980
-250368
-3082537
2773375
982795
-1990859
2307706
-1446603
-2570371
2874130
-298544
-809825
2784542
-2309334
-1859187
2620488
-1430940
339666
2888289
-2749591
-742163
1875276
-2324275
1455708
2581803
-2816955
473604
731483
-2758310
2274121
1657810
-2440272
1466793
-347410
-2777461
2685166
631005
-1784147
2326736
-1476376
-2418131
2766963
-258082
-654726
2743160
-2277968
-1685750
2235930
-1389254
471606
2783277
-2615573
-511410
1513100
-2311540
1446086
2416904
-2624035
432524
517109
-2646702
2485513
1558119
-2188061
1548385
-546724
-2566825
2652179
433903
-1456045
2181802
-1564965
-2279338
2654837
-474788
-334311
2560191
-2103725
-1365655
2231750
-1559183
581320
2612970
-2613325
-418999
1245709
-2238505
1549441
1890835
-2556725
633306
385164
-2642268
2345551
1199264
-1934628
1586142
-688135
-2468076
2542237
376336
-1253682
2204255
-1592599
-2046375
2472110
-554426
-331865
2568613
-2111063
-1262934
2034340
-1725308
847696
2408440
-2576695
-200754
1160543
-2192622
1591908
1843952
-2265371
803722
241926
-2502970
2131753
1061837
-1788555
1582944
-681218
-2247089
2435372
204847
-894274
2301836
-1494379
-1770124
2216199
-871964
-35055
2174266
-2111252
-963808
1706281
-1749531
813885
2198132
-2405754
17382
888192
-2153856
1599244
1730597
-2179472
805442
-3097
-2336438
2159151
767708
-1601960
1622331
-807483
-2032748
2224534
-65583
-838799
2014107
-1711799
-1595280
2034882
-886522
151122
2162666
-2033383
-811063
1677091
-1503362
843419
2016421
-2330055
145116
742928
-2162070
1706829
1519683
-1901739
988259
-168536
-2045845
2076497
814532
-1475387
1674296
-1034951
-2022425
2085139
-83779
-804895
2062540
-1624925
-1265844
1930367
-999118
92541
2139929
-1982231
-707638
1264269
-1587135
1034032
1927215
-1990180
209677
625775
-1909817
1499296
1400713
-1780123
1057020
-214289
-2029007
1863568
299137
-1257659
1432790
-997703
-1819342
2011015
-247359
-535056
1983277
-1564646
-1100558
1778007
-975156
243187
2016973
-1924176
-439452
1028114
-1474570
893002
1738837
-1842750
411640
524426
-1907577
1411437
1088265
-1538633
934569
-331898
-1823577
1836269
453568
-1139849
1546569
-1089406
-1577311
1931620
-286506
-399116
1771912
-1456165
-871494
1598458
-1073628
527460
1827613
-1917267
-414930
979015
-1560039
1096617
1492530
-1864341
408723
468653
-1778548
1552102
959557
-1521598
1164364
-481383
-1656679
1708591
246039
-1004131
1374373
-1091804
-1458864
1812403
-419409
-172083
1629672
-1484047
-828964
1285793
-1048983
510407
1620296
-1686234
-175691
842802
-1474296
973486
1377932
-1736721
399430
155873
-1739414
1531715
895297
-1383309
909605
-449723
-1490570
1742163
110228
-730722
1540816
-1234932
-1159739
1685082
-502361
-67348
1607397
-1500960
-692574
1272977
-1084611
574027
1481668
-1697864
-38433
796523
-1437220
1019668
1162983
-1460280
618014
154735
-1639561
1505494
592002
-1203327
1095090
-589568
-1564119
1512767
-65408
-629186
1407384
-906779
-992013
1368950
-540297
-61447
1590426
-1546637
-600173
1081854
-1136623
741307
1427212
-1544935
11135
496662
-1464275
1043207
1018056
-1329331
507704
-90457
-1535365
1421444
461212
-1009047
1160649
-583999
-1330085
1482198
54086
-554366
1329558
-1182815
-959058
1287241
-777417
237001
1467586
-1126004
-443632
1046261
-1042067
692561
1403835
-1569686
147812
272174
-1324830
1044390
956586
-1334058
723828
-93870
-1431120
1382885
414568
-1030737
1177812
-627778
-1197512
1404991
-332623
-357478
1369946
-1084162
-762359
1162415
-647387
282275
1266469
-1288903
-349210
819350
-1138922
752965
1201189
-1226393
151563
283647
-1359455
1040931
787136
-990961
712828
-282687
-1260277
1395116
167664
-794984
1049620
-676929
-1105705
1192935
-242085
-372950
1376384
-1074440
-636742
1172062
-770817
270988
1226892
-1261838
-281155
685334
-1000471
864464
1038841
-1205372
183677
170178
-1076135
1051819
591191
-1019529
669512
-251197
-1238022
1185019
126597
-604557
1040783
-715003
-1096946
1167797
-278753
-124673
1238642
-1091332
-579927
819403
-720412
377321
1013381
-1109894
-60035
509286
-1090021
691557
959525
-1171850
342321
94012
-1254484
954246
500225
-742077
691718
-460555
-1109029
1116662
118081
-523761
1058652
-759649
-733104
1206578
-477268
-67927
1042881
-853102
-450661
803373
-709855
382526
1175904
-1132822
33435
542379
-1097299
722540
816892
-925560
274875
136455
-1089705
1027731
471317
-657051
842507
-446114
-998512
1063683
85537
-432026
850559
-741768
-860894
1008082
-427156
7859
1084326
-1134502
-453616
765450
-640405
439215
1070056
-1138644
-80045
256254
-982807
838693
658363
-934814
517480
-94204
-912008
882011
408929
-701739
593296
-418138
-1070310
1051108
-86262
-226019
877402
-652907
-621680
901502
-385800
40785
1087085
-991944
-342376
570426
-727106
520377
765004
-953523
55515
367423
-878173
620331
669856
-821468
419430
-56297
-984329
759940
225559
-497303
765306
-418349
-799880
968572
-116818
-210943
871505
-865459
-505286
789070
-396931
154310
836971
-847845
-244175
555750
-651615
542004
809657
-894737
102217
254121
-755295
817592
441225
-769852
475956
-221539
-868540
918819
212979
-574765
672756
-356935
-849712
709979
-148290
-69686
777201
-687978
-471394
587290
-510324
43761
856759
-804274
32850
523175
-689765
459444
813407
-711422
220685
216901
-726575
670732
511663
-747516
501171
-215237
-800247
811954
125731
-391319
727230
-600833
-765556
745370
-226700
-37713
949180
-658403
-331807
510706
-333330
136417
886087
-917439
-261434
386312
-768121
575368
564093
-832722
302084
68025
-694442
574014
410521
-628880
304528
-274133
-840888
805038
57200
-448809
610295
-434373
-615780
712019
-196366
-57859
785805
-631094
-327189
638165
-431589
295497
815704
-788349
-93229
262307
-688319
551636
457191
-699774
263750
18452
-694804
591113
404918
-405525
527212
8845
-681876
673399
131577
-338313
732102
-391937
-568938
717480
-331079
37047
840017
-601362
-242387
396274
-446979
309340
602120
-588282
-198123
253376
-545274
387859
596289
-573380
187699
-80481
-694373
577418
260492
-435241
455149
-229539
-564271
760600
-65547
-304719
608917
-445023
-427608
760399
-302460
-32901
599981
-583726
-258801
422496
-425289
379417
429057
-787843
-29471
186884
-594246
428222
452941
-555917
289433
33443
-648140
674124
185690
-418925
423102
-411558
-524665
657866
25710
-28274
595433
-375181
-393278
533572
-234169
103110
637878
-668525
-261460
566409
-515944
279508
651543
-648294
103065
249518
-632422
554727
255772
-507430
384283
-160707
-379931
615665
203247
-289075
484861
-382763
-490756
785842
-25539
-229074
549711
-461815
-126529
464172
-293520
15840
606901
-480039
-212141
357628
-433723
413401
314449
-436001
-64417
191416
-471413
436489
324658
-392552
290329
12422
-567938
512891
41016
-354235
501049
-194666
-398677
469712
-33460
-54304
502512
-405740
-306907
294058
-354468
146648
438208
-483631
-186481
267274
-389695
347193
408082
-428057
4635
13534
-396602
458585
251288
-242977
285002
135495
-470712
455913
38816
-264817
550212
-268352
-493990
439906
-56210
-119427
392723
-345297
-241262
324176
-218871
94566
410338
-450826
-13309
194306
-353582
100755
408836
-520245
91244
25349
-314060
432038
137462
-238114
377494
-21308
-369185
428855
245180
-208404
359107
-165513
-249974
614600
-112541
-18356
334786
-465885
-166111
193875
-222172
217636
200700
-389728
-142594
237934
-410539
277219
192154
-322859
148162
29456
-308298
341529
140249
-260667
266681
-40290
-367985
415986
150937
-146111
367430
-226172
-182109
433930
-194050
-118712
338792
-388222
-243471
223267
-406356
203777
299131
-304626
95076
112106
-294369
115384
316677
-261539
234032
-8289
-290154
406164
329080
-239884
204288
-199077
-391909
309402
6915
-84919
350854
-172849
-84395
312161
-149863
-88662
275300
-339743
-168334
296828
-193107
133484
359909
-148659
116281
213227
-246002
290933
264560
-356703
69036
52712
-327378
191813
95374
-175209
203203
-52644
-212935
211182
70744
13176
333389
-142845
-251367
249903
-88591
-26223
249371
-420393
-210518
177123
-248637
131089
202684
-295454
52880
185820
-214537
140963
165278
-352223
-66202
-4556
-136579
179936
229050
-269676
115717
-32578
-321039
198672
30655
-90038
242447
-221410
-175924
280525
-20186
9714
218596
-36882
-253064
48785
-58698
-100367
285738
-279103
41802
55535
-293677
25841
157908
-292396
39168
147989
-148162
263883
160012
-257363
268419
-178012
-161595
210206
104881
-117727
203636
-91189
-291075
236826
-144850
123697
231823
-207798
-130571
185262
-112069
60451
211254
-172760
-91415
109278
-193910
80275
182696
-142192
17852
37641
-138978
224589
1368
-71016
87648
798
-191868
129251
61740
-116740
241982
-95563
-252042
106308
-64958
-56021
146864
-234627
-137090
34132
-136330
5953
121398
-253839
-132365
-13059
-238503
13691
28914
-339490
39841
90440
-134693
168674
106615
-173679
75330
-88369
-169961
99339
-30971
-48344
61236
64895
-171184
222236
-65335
5743
130539
-188241
-58623
158240
-94632
41270
159345
-67297
-105151
94691
5411
28769
234629
-59711
59152
84196
-153519
101881
136290
42427
-20191
-146616
-183779
172718
192158
-31165
32515
4448
-113841
180381
-105923
-49839
153469
-67717
-29266
148125
-86781
-138122
170961
-30570
60340
169988
73455
120568
245637
-196925
3046
101761
-64887
60755
97123
-99011
64357
-30951
-162400
59706
240550
-77360
102165
-29722
-126927
9375
15280
-18224
54576
-90833
-100053
114006
-70043
13008
327526
-19847
-108116
-7975
4226
-56191
134641
-110121
5123
11168
-20168
94853
3941
-163733
67380
-20606
-54760
75935
72379
-121640
-21912
-9240
-174670
93050
187563
58986
81943
-9260
-55138
10120
109379
-17911
135539
-129653
-214738
96327
-93570
-28506
-87607
-94311
-108144
142684
-93025
172840
67797
-168802
-44135
-21048
-208429
55992
-94924
69283
54936
-47172
-54327
117176
58661
-122380
71784
73310
-33145
123321
2898
-24946
83034
-209904
-76903
-49236
-95497
-51100
44141
55540
-74051
75390
-57172
52295
137680
-251207
138428
45675
-34793
40650
230082
-46107
15454
