#SpinCore Technologies, Inc.
#SF in MHz
#SW in Hz

[HEADER]
@CLASS=	RADIOPROCESSOR
@FIRMWARE= 3087
@SPINAPI= 20130917_x86_64
@POINTS= 900
@SF= 0.000000
@SW= 30000.000000

[DATA]
7545264
-5865116
10107869
-5415947
11021287
-3487987
11630581
-1495895
11680911
587184
11429323
2708343
10814456
4683255
9834674
6489371
8492593
8157044
6938090
9513157
5137414
10496439
3236744
11170409
1165390
11653582
-831773
11591350
-2857687
11190409
-4782335
10534451
-6537724
9516264
-8042849
8140433
-9312091
6535471
-10282465
4769702
-10816302
2877035
-11115568
920926
-11113425
-1051859
-10652750
-2958127
-9852494
-4795191
-8890228
-6520473
-7568565
-7897237
-5937153
-8992435
-4250256
-9877324
-2424257
-10364954
-595020
-10537219
1279154
-10419352
3140945
-9914097
4763546
-9105823
6319777
-8040209
7608974
-6872512
8624231
-5299243
9242060
-3682479
9659910
-1929464
9842167
-136114
9590731
1614431
9059651
3271899
8283720
4827455
7298368
6148655
5917612
7323455
4437383
8130513
2900269
8684921
1383265
9088845
-303666
9086697
-1861991
8787755
-3389679
8246861
-4778540
7382279
-5974832
6372800
-6873416
5198229
-7764491
3726338
-8174172
2180527
-8465616
756184
-8311310
-762739
-7959849
-2248438
-7485954
-3603320
-6492359
-4799546
-5533944
-5789986
-4295116
-6706189
-3073129
-7290411
-1694783
-7717755
-257318
-7782700
1133938
-7673294
2416176
-7265222
3695235
-6564793
4769075
-5720086
5677221
-4722937
6315763
-3579150
6791951
-2409761
7031820
-1082767
7048325
104171
6842195
1403531
6496881
2603549
5786076
3712473
5072905
4672458
4056794
5408122
3074042
6018751
1885268
6399795
711128
6583347
-487491
6507851
-1624459
6236056
-2706322
5768290
-3684931
5100055
-4511124
4362763
-5162088
3470561
-5636431
2452096
-5894076
1379490
-6036522
376440
-5899730
-675204
-5651267
-1769177
-5189304
-2787267
-4521321
-3599121
-3752969
-4280086
-2913761
-4834839
-1936026
-5244966
-1007827
-5431286
-24867
-5534088
979510
-5377254
1837703
-5078614
2661700
-4599657
3459021
-3962510
3952007
-3291850
4578595
-2494775
4723260
-1607184
4913200
-675935
4900432
217204
4814173
1010888
4480057
1838198
4092611
2627561
3518062
3281431
2786101
3707962
2052554
4174737
1248480
4405952
417306
4520026
-405741
4479215
-1124231
4233224
-1894284
3952910
-2562732
3560436
-3075109
3038045
-3567985
2463650
-3882293
1650005
-4041121
982492
-4060752
206131
-3981272
-535896
-3836797
-1185386
-3563818
-1812198
-3079409
-2333350
-2566050
-2867317
-1908349
-3207231
-1433961
-3590828
-745449
-3665957
-114006
-3676460
579484
-3553252
1193395
-3431288
1663494
-3087402
2180131
-2735931
2644100
-2237048
2948300
-1735233
3219886
-1132239
3334898
-562564
3319700
-26651
3244219
689894
3016492
1211883
2725869
1766268
2360428
2105249
1900120
2485176
1396153
2659278
920167
2828226
396723
2956931
-127731
2906849
-619310
2755519
-1048647
2611628
-1515623
2357782
-1941923
2051119
-2232251
1644377
-2518198
1231298
-2543146
786718
-2565446
325027
-2575544
-182058
-2492955
-625859
-2390149
-1035957
-2139006
-1399955
-1841561
-1766843
-1393332
-1951844
-1017750
-2186422
-590280
-2282823
-179216
-2317818
204054
-2344269
604585
-2211916
972668
-1998453
1337592
-1796833
1551070
-1537654
1893399
-1224318
1939510
-870829
2059073
-477708
2018425
-213947
1976692
198441
1888688
615347
1772862
833820
1568097
1182406
1319744
1511217
1018882
1578040
680832
1755923
381184
1813012
58412
1875151
-307953
1756303
-573455
1639491
-777541
1553603
-1062488
1337958
-1243608
1152303
-1453906
825782
-1554093
576808
-1597112
272429
-1669825
-14647
-1672223
-353664
-1504598
-600065
-1303008
-827066
-1121929
-1025307
-920991
-1179394
-664908
-1266513
-475027
-1279976
-140169
-1446935
96090
-1374753
279065
-1348041
590472
-1231311
789850
-1106225
934723
-840548
1056128
-654551
1144541
-541828
1264593
-276844
1266686
-110785
1167724
165624
1151104
280363
1104688
460483
990829
658836
788397
841772
497687
924517
416017
913212
278742
1034485
94036
1047097
-165649
987122
-331799
984133
-480910
864519
-713590
738519
-729735
577815
-788572
468449
-926580
282968
-887051
118639
-871602
-31904
-909745
-145275
-741895
-316043
-654135
-357414
-592107
-539493
-460303
-601563
-394815
-713779
-244943
-740795
-112282
-788370
-3738
-735408
229394
-678250
407418
-681006
438405
-576441
529881
-434637
557307
-350295
558553
-226772
611483
-45906
611057
-53203
608477
81365
584367
140513
536892
195811
479340
293668
343372
378219
243894
498264
77522
526299
52396
497171
-77716
452290
-73852
445563
-168205
497457
-291834
364103
-304827
262583
-358980
230711
-398354
130406
-410160
58440
-376215
-53424
-360003
-127382
-320043
-83442
-277594
-258734
-219479
-258406
-187193
-229406
-104882
-281823
-116298
-414852
-10923
-322042
89668
-275395
87575
-284806
115517
-242958
202274
-178705
164585
-114195
208389
-129842
208380
-98099
237903
-9806
210355
-25973
224579
129697
175769
158752
173322
214320
86569
243757
67667
162830
21687
287673
-34158
214560
-31731
181884
-148921
126382
-229426
58762
-206909
43836
-135352
-32124
-210772
-63212
-199197
-50634
-147049
-71966
-79819
-92973
-103858
-62758
-40382
-187380
5606
-157058
-5625
-180800
40024
-167359
83202
-99756
148424
-70046
161896
-76290
195962
-68986
153940
-106413
207655
33293
207481
36578
66894
73495
150500
160182
4320
159765
83896
166851
45777
111153
38692
151655
-5072
208901
-124906
198919
-175625
223430
-247011
137742
-228084
174321
-265065
63684
-199360
35840
-238184
8128
-284776
-116090
-255082
-120761
-267862
-159322
-125835
-210149
-72341
-259408
-64998
-295345
-34641
-278345
14493
-245459
57710
-293685
102211
-208893
133962
-220945
195513
-165861
172684
-180660
234304
-214459
274083
-73390
334897
-22336
306033
-43300
323069
58223
284496
56207
267506
182964
176712
225634
115557
253142
116826
300192
86411
358842
-16358
266321
-38280
348910
-46666
347524
-182006
260629
-237177
304405
-317796
310766
-363685
203685
-387238
202728
-386860
21902
-417318
-54186
-357417
-121636
-299328
-160553
-299970
-222315
-203044
-262240
-233757
-301729
-94101
-312122
-31831
-374729
21405
-332961
61090
-357506
66960
-383632
152596
-333875
311404
-350854
325673
-186178
388270
-178777
398941
-144601
416684
-23027
425427
49476
415477
122959
410337
125398
375757
167037
380468
195723
360361
325930
212748
413023
175319
392231
75361
448642
-47819
460564
-151369
395901
-165515
424207
-315244
389981
-312765
321453
-317488
233397
-396627
144360
-394222
68441
-496136
48857
-399256
-44287
-403289
-110615
-429936
-129339
-385906
-239669
-255740
-358952
-245959
-425645
-213640
-415771
-126497
-367825
-48583
-414405
78142
-458118
148900
-364697
207538
-337378
315263
-351091
335928
-291653
389208
-245577
463836
-177064
452805
-88786
447756
84404
521303
130737
371789
140641
441496
244098
377802
355394
199809
353607
174651
477302
92801
386658
82517
468079
-93401
475562
-151898
516370
-222973
392752
-327060
396961
-342844
334458
-410891
270230
-438937
203680
-467340
137055
-439550
71049
-527823
-52308
-482682
-110218
-433332
-218394
-287958
-268747
-356714
-372785
-242949
-387076
-149058
-438079
-125059
-459920
35485
-473817
103780
-485626
180352
-371964
209835
-406762
313483
-336698
337215
-386400
436690
-239024
507031
-118147
390449
-79726
407206
-45384
481420
89384
472448
207461
413741
255001
307004
308290
258919
422047
112517
383116
97309
485422
24614
465813
-85785
463277
-153771
411948
-264640
452039
-244114
393660
-325343
315453
-416461
247911
-375300
151500
-457075
7142
-441350
-2816
-449182
-48560
-433173
-188720
-402118
-235490
-282027
-289659
-241683
-374327
-172886
-349278
-130533
-394754
-114493
-414207
-107753
-375352
71619
-495060
138831
-421073
195696
-414537
256930
-351001
355622
-287051
373001
-159267
421416
-82665
382737
-30390
439539
16539
359370
75955
351855
124262
352908
240161
244462
305652
259050
357157
135310
319536
132510
402596
84745
405393
26004
416892
-66735
419988
-145692
331994
-312230
388165
-297653
271693
-320632
147626
-374386
111512
-366886
110416
-357347
-39574
-327034
-69923
-304736
-155050
-313776
-161656
-312563
-216821
-234763
-275614
-171680
-303217
-192818
-356113
-24109
-362672
-2151
-384245
44293
-381059
97115
-303179
148625
-256292
264470
-218890
245573
-207011
328220
-263236
355076
-108733
321418
111776
372261
139364
344687
111485
344870
199799
242126
247287
225189
203367
214886
249504
84681
290712
62514
263826
-33038
369677
-112897
233019
-131845
224663
-120758
206833
-157110
128468
-170158
128435
-259179
142554
-265449
125516
-304220
18411
-345364
24642
-353893
21862
-346049
-66524
-295033
-126230
-168656
-142732
-98847
-285735
-117983
-265042
-85582
-255020
-67510
-261470
43335
-290691
97174
-247069
111778
-241588
216437
-189434
134410
-210551
174575
-135926
161239
-213854
229854
-45617
160187
-43651
253571
9074
192892
69347
131784
162863
131002
101849
109544
100989
103625
170605
68451
230235
74177
221797
66190
221361
82960
237325
7838
199495
-72477
151884
-76283
134349
-141026
160088
-123781
113200
-173503
111682
-88421
-18327
-213125
33813
-129896
-41117
-142728
30865
-155543
-85735
-88536
-144585
-128065
-153236
-56703
-121892
-92895
-185136
86724
-129684
101707
-160763
86369
-166313
119807
-66215
158064
-154011
94143
-141831
62059
-113989
172205
-51221
136921
-81601
119218
3939
176634
63770
69946
119584
75576
-4042
60046
59652
558
67418
-15660
78259
29266
105688
69673
43072
-21217
98870
-6255
54053
-117027
76765
-89293
21113
-90547
41567
-135928
-60861
-144637
-24149
-92387
-137069
-97860
-118383
-83527
-83625
-15801
-32530
6655
-114753
-72954
-64931
-32891
9288
27050
-62631
28582
-110224
72703
-118946
12653
-86024
117823
-21660
49226
-110085
2573
42069
83878
2209
4250
116864
64663
1083
38864
7073
-44932
14160
59304
7503
105894
-5463
93802
72859
67092
44462
47232
145522
5557
-18836
-97603
49788
-86686
65762
-73472
2714
-75942
-27669
-63089
-72598
-33063
-22822
-71420
-40866
-23810
-6889
-5306
-40017
-59671
-8308
3515
-51987
-35394
-35023
-26213
-111846
5689
-27230
74845
-43001
70288
-25896
83128
-36477
71939
-33746
37912
-59929
25647
-40077
43990
-46525
61719
70411
33021
-8632
32036
112979
-44595
11012
67766
146431
-77346
112537
-13424
85956
-69130
96892
-72953
95211
-71727
6383
-43481
-31222
-91505
-26823
-140049
-80038
-55690
-2099
-5324
-66580
8127
-72707
-107528
7794
-24325
-126892
-33018
-67810
9279
-70714
-17380
-104511
54585
-72871
41722
-70259
22145
-39577
73506
-72586
52109
-34657
6523
-67
20888
12059
47014
-38106
103175
63097
120625
-609
151744
39434
181321
46887
90877
165027
63486
200281
52375
93133
48634
154456
52470
155490
-10456
157341
-28302
98604
-20766
111889
-130098
150706
-114255
98394
-185984
37390
-113504
42514
-98958
36761
-152257
-7759
-94701
51957
-118869
25469
-92945
-81137
-162097
-10725
-117108
-60525
-75916
-51445
-40869
-108702
16244
-105827
-71247
-143353
-92350
-144116
58489
-169349
48011
-45961
108279
-69091
90674
-15655
87447
51056
70141
21595
49499
-36025
46025
48794
77345
78670
102675
69303
64943
141282
63001
92509
71677
134899
59716
172142
55515
103579
59564
179287
16192
113865
-46386
107163
-60826
54626
-51150
46809
-91961
65072
-95900
5080
-88313
-11570
-63947
29896
-156890
-31885
-144038
-14723
-141064
-97916
-45300
-56516
-72383
-67975
-76602
-89976
-78960
-123873
-33778
-94589
-71941
-124067
-71784
-84530
8590
-157468
19019
-154348
81767
-162216
62878
-108613
49319
-34508
87678
-32295
33061
-40079
70839
49888
56093
83861
110462
9786
85008
25583
59383
43024
69455
61348
53101
102994
60831
126693
7416
129668
-3645
156529
-48505
179933
8407
61077
-61514
106197
-53776
58185
-24044
93919
-37494
104519
20147
41718
-82242
-30916
-36920
39873
-29249
10960
-52334
-93806
-96971
-13740
-50334
-42218
-82131
-29689
-54621
-75574
15068
-89423
-39551
-30096
-67384
-119839
-19091
-133443
50245
-116571
59681
-111248
72828
-175224
80328
-45895
59755
-85924
108558
-72770
152873
-38218
59591
19032
31781
80924
89370
38182
108079
118560
69455
74535
56111
40925
56272
55468
73111
24280
100125
50372
13700
95676
-37737
129832
-61167
78938
-36914
144456
-68980
114052
-33546
32935
-12229
16626
-20513
120792
-15671
106748
-98502
-11417
-80925
-13517
-108236
-63946
-60011
-16603
-88340
-28403
-62641
-30651
1978
-19956
-57313
-37481
-69008
-64974
53224
-82209
5298
-87587
2330
-69047
-26459
-150110
-59567
-117813
9916
-57665
28538
-49901
25993
-13144
67576
-37024
121903
-32020
72923
-11965
42907
27611
82582
60572
9722
51212
51321
106546
35510
112020
121494
51218
85838
34948
75629
76826
-37520
53389
-5487
108631
2632
47727
-60761
70923
-20408
174474
-62708
81381
-54158
39918
27995
52383
7681
-3283
-26834
66291
-60247
21814
330
-33123
3596
-61108
-23855
-33237
15630
-56063
45111
-73906
-10454
-79775
-13270
-86407
100767
-51749
31919
3749
-3668
-63072
-5947
34922
59089
54341
20021
-5983
50167
-96638
47518
-45771
-30287
-22919
24848
27080
-12946
66154
36640
74281
95362
132869
-13323
58984
45666
114190
18716
112927
68567
142617
-12304
-31275
35068
59291
-3937
72505
-17501
69943
-62714
83252
1796
31997
-42244
69644
-44525
-31273
-19707
-63599
-47502
-52252
-46289
29192
-62746
26506
-45605
51966
1503
36537
-28124
-45264
-118489
10700
-68199
-66959
-61799
-101280
-74365
-3092
-105936
-22057
6161
-55041
-17483
-50094
30353
-57424
79974
-147574
121923
-70102
38968
-29294
106019
-17602
112766
47179
71276
18427
95710
49157
12487
72261
17353
7577
96491
27801
96185
-23347
33052
25835
10633
41119
30184
81967
2903
62846
