#SpinCore Technologies, Inc.
#SF in MHz
#SW in Hz

[HEADER]
@CLASS=	RADIOPROCESSOR
@FIRMWARE= 3087
@SPINAPI= 20130917_x86_64
@POINTS= 600
@SF= 0.000000
@SW= 30000.000000

[DATA]
203156
101965
-183195
-160831
170208
148917
-114233
-228544
209093
159218
-130823
-193677
140844
210783
-84868
-215406
100928
251396
-43898
-165797
40427
241076
-37435
-230533
62090
252532
-6985
-300952
-14570
218929
1727
-287213
-6453
268682
100564
-236142
-14490
238232
113644
-280376
-106021
247887
121626
-237481
-158825
260584
183586
-175301
-128162
235354
218131
-214994
-217202
138255
188212
-164114
-219952
144943
216896
-153148
-240175
110362
259578
-89267
-245175
105085
225409
-71052
-263185
-31564
255145
-72168
-266928
-28217
309878
-23621
-237176
-20933
332409
-46076
-314600
15824
288793
121536
-300167
-101185
268572
90785
-277267
-113845
287753
146024
-296031
-117134
198335
234346
-275565
-263151
168820
245838
-209356
-247106
222668
209106
-213397
-252551
184706
293777
-117548
-336227
120371
292516
-139501
-350901
120055
358773
-24538
-357518
75916
326694
-67419
-362366
23377
414711
39286
-375651
-57454
341142
120395
-300011
-91625
385234
135872
-305667
-130025
302333
161092
-342942
-189520
309714
177372
-304363
-206142
251876
263920
-284703
-276929
245749
302835
-234841
-343443
243720
319468
-149289
-296611
216903
308209
-136364
-344388
118485
374607
-88265
-405885
127135
392825
-2869
-383631
6421
414581
90349
-341114
-115024
422305
112297
-347478
-68591
389851
145111
-397983
-180007
334872
173675
-372222
-228755
340228
221132
-393595
-272396
355323
270848
-279961
-313305
209675
371470
-273563
-311365
203400
368203
-224446
-346958
154366
376471
-155077
-431594
111871
447942
-92351
-413078
81607
434954
-47125
-407447
27667
521750
91279
-481083
7039
483050
42108
-508410
-167330
443383
195027
-478527
-197991
472806
268656
-358156
-218213
415377
275396
-379466
-296286
431188
326154
-346486
-363610
326194
433130
-332289
-368247
329640
459325
-242920
-466802
188876
424224
-198006
-466545
210727
456279
-163511
-490729
115819
543913
-12958
-528584
107758
537169
60070
-554116
-52232
578776
82440
-516484
-74949
567426
200490
-468013
-212603
570073
262877
-476485
-224954
509784
332328
-458248
-364786
441854
276897
-376831
-361418
392497
393333
-383216
-453575
325256
488705
-292982
-532057
251762
547906
-224259
-580596
160876
613739
-142036
-616381
162375
675640
-48559
-602013
-18168
590036
51015
-666604
-31050
660711
104700
-605229
-140781
654358
178767
-598091
-231841
592126
264233
-625239
-349052
617506
356799
-577693
-397006
571735
486575
-489371
-506148
492945
461931
-446533
-576484
418509
521548
-380271
-618408
294115
643624
-321725
-693304
267106
696935
-190747
-746630
97194
809856
-211466
-725598
97282
719051
5296
-690486
-11448
718391
88037
-698575
-70266
741366
227012
-696833
-209734
695957
282980
-748383
-418024
678987
352366
-638294
-441182
564825
516717
-574272
-554602
574896
586593
-506312
-579078
507846
634781
-450754
-711270
379937
762278
-389062
-733772
268475
744179
-189613
-799887
181932
880385
-143840
-897822
61696
895339
18425
-895765
-51821
892838
123738
-889993
-139162
909100
274107
-900470
-293842
866065
460526
-874415
-436590
861703
526774
-835560
-552365
760553
558709
-721222
-650516
688444
758000
-656156
-729460
576675
820291
-575583
-881599
501192
861139
-450680
-911547
439331
993443
-274437
-959827
186051
1004297
-188914
-999141
140832
1068429
-8608
-1043977
-39637
1043265
70495
-1066366
-199894
1063706
258720
-1081672
-293158
984381
448282
-922779
-471520
954886
590037
-935325
-605192
887368
735855
-895507
-748724
822731
809853
-740556
-932134
714991
948327
-643564
-971974
552034
1064137
-503066
-1043935
402379
1165412
-338531
-1218532
281747
1239289
-184376
-1237397
70650
1247057
28678
-1324808
-22549
1243432
182132
-1250233
-270374
1281044
393353
-1318723
-451132
1249248
554394
-1238456
-642022
1204621
744856
-1204895
-848250
1095926
867693
-1083565
-1040937
975392
989469
-902634
-1180540
885480
1238170
-779539
-1223662
665591
1372384
-650435
-1402340
602461
1397007
-463198
-1494798
309545
1492423
-335308
-1576469
84613
1534404
-7576
-1604327
-61732
1659880
185701
-1628832
-345133
1619698
458686
-1647119
-565210
1575122
685452
-1522472
-771830
1534526
891551
-1448769
-1051053
1451496
1170327
-1285358
-1240238
1233633
1366011
-1175099
-1408594
1133926
1542611
-967791
-1669956
828331
1691811
-768749
-1799411
682365
1827390
-567449
-1909377
398373
1966611
-203257
-2016779
87028
2033263
56949
-2025423
-183796
2022914
297408
-2059193
-447203
2022236
702348
-1977448
-711154
2002555
898660
-1930467
-1020288
1828963
1158645
-1809900
-1244104
1709272
1422488
-1676566
-1451578
1571596
1634809
-1388845
-1651382
1304056
1753878
-1180649
-1902188
1085427
1926020
-962800
-1881338
769527
2000703
-716740
-2007484
519019
2025689
-348088
-2086956
206444
2059591
-108236
-2050436
-15194
1984624
169311
-1926651
-245448
1930679
419127
-1812656
-594861
1751420
709714
-1735470
-782048
1721815
885988
-1582380
-1002698
1454811
1065164
-1355766
-1191649
1265200
1268992
-1141628
-1324247
1091198
1388745
-954494
-1478443
797997
1492055
-638337
-1505623
615501
1584731
-440360
-1532904
341721
1555986
-217024
-1567562
107140
1551255
-26417
-1686091
-86245
1577128
204822
-1549721
-322177
1572159
334733
-1470137
-541991
1421873
557188
-1372378
-674625
1289674
743251
-1207472
-772076
1193435
935672
-1074143
-976363
1013847
1045019
-984070
-1101068
817056
1103096
-798407
-1202247
694304
1193481
-560554
-1202791
551242
1263383
-368561
-1244364
357176
1213308
-233273
-1232641
142922
1295655
-52377
-1235965
-40631
1238460
176815
-1201573
-241814
1174330
246828
-1185338
-393732
1141853
526616
-1043186
-537534
1043705
605856
-995623
-603314
912118
736813
-795426
-763687
791709
863420
-729190
-867434
658188
871858
-569013
-1055418
556420
982565
-413451
-1041747
383648
1017485
-264267
-987583
258997
1076215
-132612
-1084914
73300
1036326
50872
-1078942
-92288
1026326
124053
-1053910
-278134
1030319
283250
-945610
-405487
913901
320446
-928704
-435593
917899
487108
-837005
-560091
804023
612991
-759168
-712909
731601
686857
-629315
-772901
656119
809077
-527017
-785176
437939
777342
-410264
-841816
426004
841978
-295594
-842707
218258
839935
-159480
-880632
131987
890488
-8157
-865296
-58031
869223
115651
-891086
-120908
808779
171357
-820800
-251067
785732
296313
-811032
-310954
670771
398018
-646623
-473330
617497
485238
-639444
-499398
549719
559385
-513921
-656830
447256
543031
-412932
-642223
367082
709433
-361304
-728033
237298
729344
-205004
-757638
161115
739074
-40839
-733980
85459
774494
-44989
-752763
5126
735622
52504
-731883
-181812
727772
243988
-659714
-168409
652952
262157
-616273
-365144
606403
300526
-561882
-377901
498726
442749
-547467
-426010
594251
467459
-479099
-533212
423000
545850
-385335
-482239
405613
582998
-320527
-565423
297870
663930
-198872
-596760
167432
607177
-81013
-601093
157060
601005
-46846
-581686
-91519
635678
-19166
-523450
-103564
593011
127586
-576316
-225753
601611
227002
-542377
-207851
560080
288292
-554852
-299989
441852
349846
-461883
-343952
410975
356684
-401304
-507188
340696
449757
-299261
-480264
253419
505149
-269824
-501194
97315
590768
-149098
-490880
99153
501739
-84636
-499925
50940
580928
-73860
-529229
4476
533976
736
-504513
-149010
506592
102447
-572866
-187907
428593
183798
-438579
-178590
472917
215779
-463566
-291849
437861
245157
-421142
-335440
356507
358900
-324829
-375914
340841
330847
-230094
-396088
271009
375759
-240661
-441480
209748
405301
-171650
-434920
132581
462376
-68136
-432066
110699
454404
-95558
-415761
-33851
429056
3078
-434571
-60043
439186
84648
-395680
-67970
410015
119844
-406918
-182973
419341
220584
-408427
-182027
365818
201789
-322042
-260673
298887
252610
-247159
-298029
275910
330161
-239852
-313901
248701
326477
-147158
-359340
217351
317415
-159599
-359337
120112
399956
-84365
-377434
72146
403235
5841
-354796
-3957
364144
88054
-411258
-43583
390533
107364
-343135
-85920
394849
143110
-391918
-145104
340186
190018
-378064
-199883
310692
245608
-376273
-251516
318235
222391
-268529
-285435
318112
294750
-237555
-305460
210237
311011
-164049
-330750
183714
331486
-156842
-362948
96222
364362
-66814
-404012
80741
297430
-13006
-294558
6660
369986
-18283
-328762
-45245
314337
68740
-332141
-71932
370241
130083
-280803
-139766
284226
151127
-297451
-146409
351019
212078
-225162
-126594
262095
241646
-184570
-285482
183260
218701
-195503
-253978
152998
205529
-192318
-279605
116976
307892
-157681
-241044
99935
331662
-94391
-309020
48037
285218
-50725
-285474
20930
289552
62469
-274551
7330
311185
-12725
-244570
-86430
274043
80082
-288695
-103048
209749
83412
-259765
-174515
266729
197085
-254989
-150238
233550
226162
-157593
-159632
198234
262783
-212052
-280566
170142
260187
-127901
-212851
138408
212193
-148668
-243771
131994
260301
-75924
-269807
93219
264728
-70551
-281699
69281
251825
-61147
-222319
19715
241221
63840
-220131
-34454
254039
33803
-299709
-79393
253047
50575
-317980
-124559
188239
114769
-208654
-133706
152615
139881
-232980
-178308
186995
194466
-53845
-190939
125732
160093
-153103
-184515
118113
208552
-160319
-200579
121653
178620
