#SpinCore Technologies, Inc.
#SF in MHz
#SW in Hz

[HEADER]
@CLASS=	RADIOPROCESSOR
@FIRMWARE= 3087
@SPINAPI= 20130917_x86_64
@POINTS= 600
@SF= 0.000000
@SW= 30000.000000

[DATA]
132195
218508
-128250
-142154
117853
154575
-137058
-246637
97146
194842
-123635
-174735
113903
216786
-69206
-228874
-218
214187
-114350
-214094
77132
121734
-24986
-254595
17208
252941
4288
-279917
-79830
254990
39481
-219303
-7220
191171
107241
-218247
-64073
256287
37979
-231626
-58300
255003
136525
-224692
-125869
270108
170559
-278583
-203085
217337
197088
-215376
-203819
180029
201623
-151197
-234048
110492
221957
-122841
-272068
127120
315351
-40345
-212999
81399
193904
-77255
-256542
78455
292515
-24780
-247799
34397
260998
32422
-289511
-79519
294372
96439
-231898
-31719
269414
44372
-246003
-156415
241752
185150
-245614
-124053
244480
206041
-263420
-175274
214268
236275
-239029
-234727
200879
227946
-201725
-221750
181030
234504
-150026
-303519
200528
273482
-127085
-312945
78427
282560
-126416
-267581
29957
342360
-38333
-321860
-9562
322733
74214
-308225
-38594
396592
82793
-258733
-36397
277870
165247
-306711
-154264
331763
72624
-336000
-184076
308390
194223
-246737
-199818
320522
119026
-267256
-243174
249228
269117
-250388
-313982
272625
320053
-244776
-313080
191523
321758
-174275
-404887
115568
364020
-110107
-319094
145153
374438
-73967
-306363
47537
406644
-35162
-419704
-9113
390697
31175
-341290
-58441
362006
55763
-331376
-44413
416555
110305
-364065
-142167
350829
183258
-318847
-179037
334766
207773
-319629
-218124
281129
321690
-324950
-305468
205001
347542
-226691
-306422
208096
332337
-169487
-355083
88279
386036
-146519
-391479
103721
421214
-33571
-409151
105811
392556
-6954
-445230
-9939
426932
72855
-421226
-47860
433869
66817
-435838
-82125
421674
168134
-453258
-156341
436427
173742
-431514
-251337
367772
258860
-326449
-287427
373009
372261
-332473
-340434
268581
397744
-346876
-316779
300482
435965
-217972
-456649
189533
450906
-149938
-455822
96590
466111
-93978
-564938
80833
567911
-68046
-523011
17537
549813
39845
-523746
-12643
487935
90835
-529675
-158493
537498
96509
-461053
-150953
507287
202566
-487491
-230715
411248
315931
-401129
-352430
415983
364958
-396615
-401556
414878
406123
-347652
-400513
279128
438515
-286446
-488085
304562
548573
-224629
-523973
200656
563028
-131740
-582390
117777
538564
-119878
-549080
28153
578211
36139
-580982
-57574
588846
131430
-551129
-167033
553132
175828
-542517
-280996
532781
321394
-573588
-205627
521130
336622
-524561
-337170
468389
493973
-473969
-422677
473428
497352
-425544
-483719
412017
629548
-396504
-588101
359048
626057
-306380
-655275
303330
655858
-220494
-642431
151498
661349
-25294
-703124
30893
695383
-19668
-719377
30033
712204
67525
-723538
-123559
715164
191007
-663554
-222081
687180
286191
-646534
-329808
625662
469275
-622507
-379917
662474
416927
-509688
-469041
567672
547378
-490148
-542326
420887
578604
-413432
-661213
370924
685191
-280787
-712919
348382
794089
-268081
-774294
206024
788340
-113335
-796013
68144
843410
-43052
-737461
-62959
816123
94886
-792667
-194590
815707
161418
-798276
-293008
785620
250338
-768634
-414205
748067
506614
-758769
-436023
737164
526022
-667752
-564198
680916
677515
-627260
-708084
571802
775885
-549786
-733938
528362
854074
-443140
-850183
412282
920317
-311038
-969617
276511
940673
-175851
-982726
145714
997114
-66823
-949817
5336
979747
118968
-938091
-139757
943160
192727
-993163
-308031
958118
383796
-940656
-431719
926917
500408
-882809
-525025
784833
662686
-855519
-757551
768700
767653
-715762
-823603
660269
894977
-607696
-915145
499111
972208
-447380
-973792
396902
969322
-324671
-1028845
286209
1084245
-163763
-1109974
105783
1192167
-46487
-1169492
-78495
1160637
186143
-1197338
-202357
1219129
284632
-1188778
-365618
1116970
479429
-1139184
-575122
1112295
604237
-1048154
-752175
1027515
796580
-1032752
-832738
905098
960196
-850097
-1041666
837181
1011595
-722002
-1131330
701727
1159405
-568982
-1263260
527519
1244543
-453360
-1343970
388114
1375079
-287726
-1411808
234684
1383858
-69167
-1345452
18387
1430929
23029
-1350263
-277382
1309730
354251
-1407728
-416566
1398178
532041
-1330642
-599561
1260447
668380
-1253828
-796260
1203857
921821
-1136601
-933799
1041371
976740
-1039460
-1149423
940322
1206535
-866334
-1296591
811104
1318476
-680026
-1354748
618662
1445979
-441497
-1557263
367800
1513144
-241661
-1547739
155974
1612289
-43604
-1587764
-67969
1575873
181240
-1601085
-223766
1559136
388141
-1558996
-507295
1528337
629941
-1496050
-746970
1478201
823030
-1426299
-904523
1388818
886991
-1360736
-1089749
1210171
1158715
-1180133
-1294515
1075331
1307283
-997667
-1381494
921041
1404442
-754079
-1389367
668834
1544240
-567507
-1565767
474976
1617568
-368097
-1565165
292310
1549368
-158592
-1609789
45070
1561132
98660
-1526284
-176587
1540739
242552
-1492916
-425769
1420992
457144
-1417286
-674536
1347750
639710
-1307577
-786730
1223834
866359
-1143973
-892437
1053755
1059212
-983397
-1029191
910109
1096661
-806547
-1174163
782620
1268732
-670404
-1261444
590734
1295648
-489940
-1359373
378626
1368541
-262653
-1343029
122526
1333424
-87133
-1431099
-18962
1390686
34754
-1367946
-208631
1351992
299232
-1328568
-364400
1239819
415880
-1227634
-505831
1188541
578696
-1142863
-716972
1038398
743492
-1045656
-794121
899435
870846
-876142
-922005
769676
974079
-721099
-950275
704778
1017184
-535001
-1031782
532479
1082736
-446038
-1130146
344840
1142295
-222270
-1100701
229461
1163830
-150290
-1127244
92283
1155577
32841
-1157356
-113478
1113439
123597
-1105359
-288439
1056645
357090
-978684
-413062
980430
462870
-887233
-510509
898693
626940
-823082
-664483
778333
723105
-779163
-673457
589885
797605
-623854
-812631
538433
895540
-497790
-900044
397818
903370
-333601
-903940
236383
906345
-228996
-1026631
125227
967066
-42186
-953330
69338
916615
58421
-897121
-120197
899176
173104
-940018
-298186
922353
298171
-856125
-328229
840568
459021
-853526
-474516
795112
520991
-696752
-602176
703213
561972
-658414
-642328
592765
724667
-552146
-739215
430829
717697
-474516
-700402
310825
822577
-350749
-798255
263261
782496
-177673
-836180
189319
832893
-115564
-823934
114023
780195
33336
-780787
-113874
815474
119603
-734908
-208087
735844
220581
-726596
-280473
687822
340705
-619545
-403325
603052
375030
-623991
-429779
573850
530108
-544782
-560092
452184
516094
-415542
-595516
438184
629643
-351909
-662747
347550
638061
-247484
-765619
229898
590170
-152597
-619949
90830
667964
-131652
-713023
57268
637596
21270
-682017
-32861
619572
98405
-665858
-99890
695463
261359
-665733
-246683
572441
299496
-515138
-271325
571730
414623
-536614
-346562
522803
416620
-455334
-456607
485345
516396
-425038
-484179
380270
536543
-325460
-533470
291471
555577
-282650
-519827
208958
621250
-179348
-631004
137955
577636
-139257
-553997
41058
565610
-1115
-602043
-85987
573428
49035
-575248
-110265
552900
155479
-561118
-169749
511314
219782
-470968
-230998
485907
260621
-463359
-339287
464655
341008
-371485
-356757
448243
432942
-372216
-411367
276207
442625
-244908
-467779
272320
450663
-246094
-430359
163998
501561
-186972
-521278
93780
554906
-91731
-504098
44744
505260
-39380
-486964
-47975
463402
94540
-527602
-78058
488394
118434
-457469
-150976
469760
172529
-423347
-246288
365374
266374
-408858
-270943
421201
272758
-371470
-302529
350465
344085
-290203
-313941
350863
373518
-306181
-422739
231817
411009
-219867
-430090
180103
410168
-180434
-433458
97778
445464
-95713
-432430
48435
394844
-58286
-366271
98043
490249
14648
-389945
-52505
363807
122261
-346684
-61376
440843
129247
-363090
-190518
423061
130619
-375598
-245332
336717
247433
-302030
-233152
305017
310216
-266808
-313888
277464
282538
-254207
-336697
139023
393771
-173475
-293568
192590
372098
-81243
-312197
65723
286814
-22382
-340210
43675
342262
74270
-345873
-4754
393085
40904
-322765
10859
413014
38564
-373828
-89661
372057
158307
-398787
-148832
293111
162057
-359074
-186638
290771
152546
-264283
-183147
314480
201282
-244065
-268356
179749
318571
-215098
-269520
206867
298081
-183828
-308183
132104
254789
-141768
-306473
128473
240577
-130965
-296484
27890
302225
-81437
-355635
30800
333811
53713
-292881
-28456
381118
47469
-264715
-92340
366694
114980
-335058
-103902
324865
113676
-242335
-179563
263841
143796
-116245
-159215
215665
242704
-201116
-219745
246944
236418
-161849
-179752
180969
231515
-181751
-185923
170132
217446
-94718
-278142
132976
216794
-35629
-245436
58558
276959
-26324
-272276
5555
270733
-18531
-245370
44002
300972
10553
-253872
33583
285988
72352
-286630
-46786
268669
9146
-254825
-103835
240730
121159
-196639
-110791
254014
149791
-167456
-170538
204939
205507
-203552
-208484
156756
159199
-110965
-210002
219623
213568
-81113
-238293
124370
215553
-136314
-173694
92100
278817
-82145
-247389
42567
242701
-40892
-263258
18943
264945
-61
-173750
-27041
255405
47175
-193666
-36891
193434
23389
-210637
-66768
235437
80545
-167028
-70883
249245
71604
-172822
-102872
237075
121371
-195796
-159097
153931
146782
-62013
-203874
101450
152849
