#SpinCore Technologies, Inc.
#SF in MHz
#SW in Hz

[HEADER]
@CLASS=	RADIOPROCESSOR
@FIRMWARE= 3087
@SPINAPI= 20130917_x86_64
@POINTS= 600
@SF= 0.000000
@SW= 30000.000000

[DATA]
141654
179546
-139244
-153318
105364
149593
-110532
-171856
107108
201328
4133
-246572
75160
206827
-30652
-202776
75347
274055
-41485
-243435
77990
200794
-43269
-191674
5106
241959
56459
-289047
-875
245779
36241
-230366
-94125
236648
115522
-166350
-78789
184946
124380
-247955
-166673
206110
114797
-238647
-128086
244728
211483
-142971
-173890
168200
213720
-98700
-192815
168335
239749
-145478
-208044
124677
285122
-79680
-247859
77698
272041
-15713
-249136
81685
286124
-41485
-232811
-11567
327468
40590
-270901
-44017
333431
-62639
-293598
-75001
280805
82374
-247245
-100726
317515
140527
-282284
-116658
274049
116792
-243637
-100398
182114
203074
-205435
-226467
147935
260171
-212267
-174554
179105
238925
-210247
-314916
193262
283630
-115592
-289574
160429
303775
-93165
-268367
100917
322285
-40726
-323216
36005
306834
18376
-345401
60250
243960
22464
-277442
-78507
356486
48529
-365888
-62855
335059
127119
-297872
-200714
276641
145022
-264298
-135796
237206
271918
-269220
-242254
218473
209857
-232154
-249308
253529
227231
-183299
-303442
177025
296694
-136661
-310307
140044
373390
-121461
-420102
117930
357936
-111069
-385468
62653
319621
-57650
-352336
48684
435267
-28749
-374865
-9894
376218
112547
-392424
-43884
410898
132614
-345935
-86640
350515
184221
-348885
-226848
397141
195992
-316667
-225999
324253
243794
-332594
-217436
299651
263254
-193643
-259541
261589
365983
-228651
-366950
138918
437013
-171271
-350803
91596
350295
-119864
-392060
80870
379738
-25319
-465222
3634
443866
20057
-396565
-43553
402629
65253
-450613
-78310
425469
147306
-398111
-202316
399659
192260
-425263
-278552
397553
269176
-342520
-264809
426021
266349
-366877
-326111
352853
387506
-382431
-371706
344148
402720
-283810
-415445
212105
394055
-184332
-457798
178984
502757
-184404
-441953
107654
412047
10396
-513957
77954
519277
-4170
-527105
-46151
482094
31111
-445500
-67308
470066
92401
-507630
-91260
468224
223165
-562347
-206168
437173
214816
-476767
-251897
390564
361085
-386813
-338769
387058
450904
-375147
-386106
383921
460051
-257455
-437966
275773
493683
-217420
-465528
236806
527367
-137473
-483022
141412
547181
-143867
-506497
33379
577698
-45577
-595440
22997
636167
48905
-609703
-52155
593337
143202
-505277
-185369
579012
159696
-543172
-248096
496659
315948
-588989
-330732
539139
376114
-518571
-414001
458833
485059
-423961
-532077
391739
520446
-378732
-536429
352722
508227
-350162
-558650
304899
599431
-185145
-551544
154998
620769
-149013
-682904
142757
637868
-24228
-613671
1989
692899
33297
-651848
-52588
632297
55094
-647784
-187258
622751
220806
-599538
-246629
644635
285079
-634198
-326292
599048
417232
-548270
-435807
581693
468905
-494806
-514189
489446
597289
-454021
-576231
412516
649913
-363581
-712687
346701
719690
-290025
-719326
242939
697841
-208987
-798168
110028
819922
-71356
-764058
48990
827606
47983
-809390
-107318
754863
175108
-797614
-276057
760859
305706
-798190
-339851
750788
343641
-769463
-422920
687696
480278
-625558
-537761
730165
593585
-618538
-631710
629533
663730
-551722
-703323
513094
795215
-467264
-751173
376841
852309
-416927
-861086
271200
868762
-279740
-931819
108713
907240
-143025
-929998
34742
931834
-1836
-910370
-92181
942531
116070
-913593
-234334
927747
271454
-861449
-296936
868499
362055
-881834
-469861
827524
521747
-781393
-574076
777989
647714
-770963
-653660
760811
757484
-646898
-856021
618520
876978
-515134
-905417
496376
940614
-382649
-1004798
305649
964673
-294767
-1018205
180315
1032081
-59169
-1062012
55704
1092131
-24795
-1172027
-123479
1063304
177395
-1070203
-320233
1093470
336402
-1119627
-330580
1099958
499235
-1061654
-653190
1036952
615459
-1038504
-726096
926601
824584
-897875
-847324
808155
908795
-816809
-976668
724731
978754
-636270
-1063075
605159
1104406
-514089
-1168578
401982
1210292
-370718
-1270473
265077
1248064
-187813
-1290565
113127
1284812
-20510
-1246746
-69349
1250838
126784
-1293836
-217558
1303215
305020
-1213983
-428879
1212433
496639
-1233371
-576257
1157486
748873
-1085540
-771334
1037737
785872
-990967
-904871
936451
984740
-937231
-1058243
811016
1092022
-735346
-1188535
641531
1236234
-501998
-1343816
458828
1330545
-445786
-1356917
327617
1431489
-201897
-1440098
94564
1398545
-17382
-1434075
-88173
1458361
210682
-1449661
-293380
1396775
381335
-1339310
-451711
1364194
628313
-1365956
-659718
1290714
739961
-1280259
-885317
1200692
996804
-1147270
-1032792
1012272
1139342
-965395
-1166604
934463
1201863
-852432
-1252493
774632
1312926
-616565
-1394996
542851
1355339
-502194
-1369648
364391
1416240
-271395
-1436183
139478
1438488
-22521
-1490016
-53145
1453714
166197
-1401656
-166111
1386566
336657
-1340051
-422903
1322626
528859
-1298403
-583418
1185709
632682
-1111608
-733334
1159964
821143
-982194
-854124
982471
943873
-841909
-1041589
764462
1069494
-783091
-1059450
674292
1193367
-569172
-1223933
551083
1199579
-371000
-1233149
352272
1238369
-206490
-1282425
100288
1271734
-41556
-1243369
-90307
1217519
122654
-1215589
-217193
1188172
323711
-1204921
-400151
1172116
489957
-1130757
-437756
1102197
620470
-1060370
-661427
993869
726915
-899729
-827485
864144
877617
-798558
-839990
758076
978206
-720682
-964652
639707
1049475
-556078
-1051159
455574
1008467
-433069
-1042120
301859
1063781
-190469
-1122734
148329
1083092
-101448
-1117743
-15977
1044096
91668
-1057545
-111585
1037931
194983
-976346
-303464
1002053
364091
-975048
-387888
922709
485939
-885894
-523230
836594
570064
-844612
-689067
715138
680623
-637071
-715353
692534
799676
-539736
-838030
511093
809442
-421325
-901594
343459
893885
-246453
-922097
244237
947410
-213221
-932754
85456
957846
-82245
-894538
2248
1005097
106328
-999099
-146960
955504
232924
-883011
-292854
818558
349548
-826890
-315931
798718
414374
-720611
-437937
684693
523940
-680928
-512617
628909
615140
-573570
-658097
536412
639675
-497180
-663785
443972
704240
-431729
-748393
359989
723981
-310946
-814524
227166
778189
-189701
-767761
130837
776675
-107520
-780505
70985
746792
89300
-774265
-59914
733958
96074
-760264
-159095
790343
199957
-723203
-293979
666608
292475
-664563
-307238
590197
399986
-639400
-473361
538068
501341
-505568
-497885
502480
553729
-439830
-536582
428797
621663
-314772
-634866
272485
651085
-290650
-645422
197682
634963
-185287
-689227
130300
670172
-125132
-672911
12830
682386
5842
-648941
-87895
580856
122583
-660397
-133045
647075
203600
-602573
-278531
563037
317382
-536798
-345388
581234
365855
-569885
-380538
491442
414340
-424283
-474490
422447
435037
-400412
-468607
342231
518911
-281715
-545567
266208
579216
-292017
-637476
233061
568947
-179236
-593570
149993
635462
-85314
-600093
82517
527838
3614
-562685
34020
546238
37541
-545448
-110710
520043
132717
-489273
-190563
500750
203486
-501295
-212954
510379
232621
-334496
-277702
431547
389752
-482929
-353949
267820
406789
-341031
-390081
251129
494479
-201304
-442564
228535
436226
-216468
-447112
175159
476506
-131424
-531663
115915
501706
-20191
-524151
71763
497642
-25509
-453222
-3356
460021
115337
-443803
-90363
503454
96156
-417414
-212635
415837
229196
-470028
-161452
404518
201514
-398374
-248356
355007
302533
-408701
-288045
325080
353528
-371601
-387655
232618
357522
-270947
-393850
252170
465686
-195113
-409322
185737
423032
-176881
-427181
151983
470499
-90144
-408515
23846
369142
-25173
-430029
13339
450977
44852
-426691
-52568
475886
106585
-431067
-96806
426870
117593
-384482
-188499
417944
156319
-387198
-155616
336551
196350
-332817
-280256
273152
274436
-271824
-288993
317876
319664
-248512
-308111
190972
339711
-156722
-332724
123093
358358
-94868
-331830
105838
348369
-114657
-396521
62562
342955
20526
-323909
34946
289994
55635
-391988
-84798
377343
33147
-395572
-84434
298109
62998
-327001
-183761
285001
154675
-267297
-239091
304741
192068
-304079
-197919
309539
219909
-241843
-242512
228715
263959
-108210
-221537
235406
288050
-176845
-350888
198965
270576
-111825
-259553
68998
335904
-63182
-240082
71637
359647
-54501
-328192
34355
320122
20459
-299565
18336
305248
53509
-317921
-45339
336987
58893
-249760
-71375
241258
118105
-264894
-86729
267105
159468
-252096
-164438
253387
202819
-268918
-162676
250798
183495
-236899
-203340
94981
231341
-193977
-173546
119059
233054
-132706
-221256
101131
293964
-76104
-249584
70836
277732
-50435
-279481
30601
273063
-7994
-266606
-40017
232628
19017
-281076
-74811
256818
47745
-244973
-63434
236811
43026
-227947
-118251
205256
120911
-200727
-94248
205925
130856
-161559
-131163
200153
185332
-145615
-183359
206800
170210
-195560
-155332
90824
192735
-111033
-189346
143657
214468
-86115
-239375
56716
298991
6117
-190798
22493
195006
-34799
-221283
34102
225629
26045
-214588
19824
245184
14632
-207437
-31269
269597
10582
-194603
-97064
281451
43571
-222315
-91441
192992
63389
-209564
-149070
183096
187721
-158366
-114766
135640
144799
-109567
-175984
149551
164586
