#SpinCore Technologies, Inc.
#SF in MHz
#SW in Hz

[HEADER]
@CLASS=	RADIOPROCESSOR
@FIRMWARE= 3087
@SPINAPI= 20130917_x86_64
@POINTS= 600
@SF= 0.000000
@SW= 30000.000000

[DATA]
-275348
-578477
-95303
809690
148263
-715538
-221280
770375
225401
-721226
-309265
669010
308559
-662935
-428772
548440
521601
-484550
-516263
442353
549923
-387063
-534543
355061
592228
-300799
-549246
253441
531194
-171313
-559461
174967
624168
-165205
-540423
66463
512636
13158
-504881
-38132
503634
59935
-489541
-79411
442674
159288
-403124
-164215
418615
159366
-447704
-253617
350055
216922
-380760
-228664
357305
207447
-263498
-250479
291623
350391
-272283
-250109
267307
302716
-179297
-384571
150193
336697
-146804
-334571
142150
380390
-41195
-342589
26948
348888
-1069
-361949
41423
337695
14019
-376081
-3324
364046
50430
-390222
-80858
356043
76139
-311246
-145661
347767
122546
-265403
-159693
308478
188314
-296133
-232794
275430
351087
-253841
-264075
272292
277780
-224338
-271276
179570
362465
-205714
-318831
82018
293310
-175837
-358071
61870
378539
-33877
-340266
42386
361617
19462
-304742
-12561
355760
125938
-374635
-46890
312060
94231
-382124
-139398
308919
149232
-330487
-248091
325791
176681
-326363
-185309
238642
219908
-230908
-297462
145466
275575
-157666
-332833
148511
325676
-144455
-327212
188175
361757
-114540
-366022
26074
382067
-59238
-365134
25347
346515
48144
-372369
-60618
347339
51049
-343709
-102495
346175
105007
-300135
-126496
356332
163534
-286837
-290830
350886
212229
-327117
-285042
329419
276187
-294754
-262730
221279
286166
-274698
-272972
155275
394783
-169937
-414732
156362
344189
-35184
-396789
90415
431195
-77230
-372039
-7565
425046
-12758
-384483
1140
414776
92720
-429765
-98962
409445
104356
-410275
-124482
405328
183585
-392829
-214040
333902
266724
-294251
-298540
295374
308279
-259894
-289994
248835
317945
-213504
-452965
275149
430721
-132995
-381161
194050
439994
-79923
-428231
46632
507288
-54830
-495674
-81386
442370
22213
-467988
-30922
512654
151733
-465058
-149292
446281
182762
-445063
-164511
421313
215101
-436477
-185287
436406
347471
-424582
-317847
372482
367451
-348423
-346895
339594
394055
-327197
-495661
281898
445097
-224496
-414078
246900
501345
-179699
-535371
66957
535233
-32871
-488770
37359
548390
-30054
-540536
-40106
524624
127876
-567463
-93077
550721
134796
-516584
-186774
419475
188513
-494336
-294419
489825
343245
-496096
-429420
453908
378438
-410712
-448378
368207
469866
-309838
-555575
296124
551915
-337117
-564169
274685
569053
-157845
-619453
175841
626467
-62870
-638451
46915
613630
-1421
-655069
-1598
713457
94944
-691889
-108346
673928
159703
-668708
-235322
710641
333269
-626304
-352788
629267
399611
-630029
-449334
551059
500511
-545610
-561490
500925
636544
-477592
-610073
394762
682821
-362245
-716220
343836
723413
-229921
-737241
171569
825334
-121390
-779931
91820
830704
-48055
-813288
-31013
836884
70748
-829155
-179441
856364
274302
-818495
-271953
775654
332706
-751835
-475327
781973
513546
-706721
-536228
731772
622610
-691795
-649927
605662
782231
-563011
-767639
540425
817787
-445818
-915542
343459
867683
-288102
-937530
239433
975599
-184981
-1007922
80527
1003921
2621
-1058660
-57538
1030669
169668
-996663
-182738
1051599
343103
-1068139
-391620
1076206
443137
-1023352
-542591
989990
670706
-975694
-705629
892729
797300
-899408
-907015
853019
931997
-781934
-1029197
719626
1097368
-594522
-1108828
532889
1232504
-485433
-1223900
347566
1290714
-182523
-1346049
173402
1326739
-115656
-1348909
-31032
1318506
101390
-1372084
-164819
1346498
312022
-1302786
-409432
1323680
536337
-1322177
-643183
1311286
854483
-1202786
-869899
1169564
934273
-1128352
-1071533
1027946
1161477
-1008084
-1258858
904827
1287540
-814119
-1378544
693912
1428665
-554969
-1579313
512393
1655835
-362872
-1645753
254968
1776825
-133062
-1717951
-63508
1799504
201706
-1725792
-297420
1840397
401567
-1782445
-579298
1729234
713827
-1747684
-925268
1691613
977238
-1685086
-1160661
1595869
1294424
-1524050
-1396627
1465900
1481348
-1333951
-1634637
1309392
1778849
-1150372
-1843781
1044270
1992529
-926200
-2027178
760303
2115696
-636142
-2209180
459220
2341833
-311640
-2327995
109150
2432353
67969
-2432214
-243690
2442053
358096
-2372338
-613415
2414398
815032
-2397696
-964910
2308777
1192555
-2224958
-1357023
2168805
1640484
-2046773
-1726070
1940135
1979835
-1814684
-2094000
1637733
2306939
-1479537
-2449073
1316467
2573930
-1076906
-2724246
906432
2808804
-683631
-2905630
395926
2973321
-217205
-3016804
2125
3063799
263243
-3077989
-474417
3112339
757890
-3066379
-1007770
2952317
1277771
-2940495
-1502447
2816316
1666676
-2715942
-1946031
2605462
2134363
-2481233
-2309324
2190496
2497915
-2025572
-2626346
1891943
2796393
-1660812
-2851910
1398359
2968965
-1186786
-3041464
906228
3097756
-654115
-3107916
465922
3115094
-188422
-3065006
-112827
3053810
323148
-2974039
-540990
2829867
801668
-2798239
-968300
2647914
1195326
-2515345
-1440362
2489900
1581220
-2301710
-1743451
2073174
1868235
-1902759
-2024102
1718242
2139387
-1512523
-2234919
1369574
2293822
-1190280
-2389281
970547
2381718
-758334
-2441805
540893
2465388
-360774
-2452481
198494
2387754
-40865
-2390139
-203519
2329451
400869
-2314664
-493204
2227269
697433
-2169226
-820479
2085783
1020942
-1994045
-1072323
1877671
1245230
-1730236
-1287427
1698942
1430671
-1465952
-1530594
1337455
1529850
-1229318
-1586522
1083534
1679988
-981743
-1749514
889942
1774140
-660314
-1822180
606970
1838671
-394821
-1830580
276580
1826951
-181635
-1752933
70634
1784029
125549
-1733633
-261795
1670347
386973
-1624356
-493884
1556742
579038
-1484178
-726849
1346283
773072
-1287601
-915857
1256941
1000763
-1112389
-1060896
1098740
1176059
-899895
-1208480
850425
1215702
-775816
-1234773
619501
1351281
-621458
-1380753
416291
1373294
-326968
-1339077
234269
1416884
-131786
-1325383
47631
1321076
91244
-1322064
-163026
1310298
276702
-1238385
-384472
1206010
449623
-1139122
-556375
1141127
620891
-1090508
-672255
1081104
708341
-944999
-797860
892821
871636
-806143
-926237
771184
953580
-631751
-962470
586225
1047260
-484674
-1028631
364231
1021033
-331177
-1042581
209852
994852
-140744
-1068129
130359
1064700
87092
-1073518
-88191
1000573
146565
-975483
-201942
947358
295317
-930102
-354480
901009
394254
-856504
-441576
770308
500573
-806673
-554239
687558
606002
-612752
-636914
564639
680206
-471855
-736290
413155
714268
-388424
-752978
315935
784946
-236078
-771587
217571
813967
-77975
-867040
3083
884773
-63356
-801168
-60144
862892
193691
-781067
-236941
724572
222929
-715059
-278539
711825
334064
-670355
-416716
541444
425798
-598955
-486327
501662
455171
-572867
-528945
528495
582977
-490449
-531199
380971
584638
-294489
-615794
235414
622919
-251644
-676141
197826
675146
-71996
-606279
41367
709005
-27966
-626509
32943
606317
93381
-622251
-136363
634927
145559
-562383
-195326
578856
233536
-565394
-326136
474181
339256
-445911
-368183
442052
365526
-426801
-462038
453205
446521
-268987
-475961
276731
437475
-263876
-446300
229705
564480
-196116
-511944
155277
549557
-120087
-421270
33282
575678
-7459
-573173
13681
550567
65002
-543713
-111094
494694
110418
-520111
-176061
441161
219772
-465096
-226703
372729
182238
-432304
-309413
389053
336323
-292945
-356205
347080
366272
-320495
-447812
258450
364497
-309298
-456356
169617
426520
-206642
-456815
137188
425732
-120025
-471188
102616
436361
-73446
-484993
66080
447632
12180
-489257
-69336
397310
97208
-403998
-94405
410525
154910
-341783
-221427
373129
287927
-352134
-334239
340584
249932
-254634
-210514
282410
332585
-215990
-304100
223098
335125
-231321
-383506
155509
392649
-106819
-341166
121634
367209
-107128
-399682
65216
354185
50938
-481899
-37141
334889
15277
-420320
-17000
344615
113501
-320257
-113842
310008
164880
-304669
-197919
309934
205732
-280691
-173912
314481
257567
-265090
-257433
199029
283777
-299330
-322970
208330
328656
-233142
-361333
144512
352351
-123729
-328246
129385
367298
-57884
-318505
1741
331540
5902
-347178
-25892
383020
52127
-330916
-23998
371294
37676
-262076
-97041
265308
124389
-205377
-75044
321256
192890
-340243
-180741
285339
218499
-221776
-182839
181052
264957
-181867
-240616
102537
272064
-143192
-335730
102825
289427
-102958
-299430
120943
327059
-42806
-284373
-4595
346992
6523
-268473
-44683
363803
88378
-333198
-16370
353601
77189
-271796
-125552
280095
184212
-262915
-193446
297958
191609
-219058
-221540
182901
244908
-221580
-162615
200976
290176
-173518
-294234
153614
221272
-76468
-362436
82558
277302
-96911
-319313
-48238
302790
-13099
-296686
32647
266056
33043
-297872
-42862
386432
83136
-335110
-85757
286791
140982
-287024
-162902
249342
180452
-199799
-160173
202291
217001
-201420
-223551
237737
227061
-219520
-253126
160491
327988
-157215
-248870
116296
317001
-63814
-344024
69416
285343
-52476
-304516
53745
295753
51308
-341764
-18681
312519
123649
-363418
-49106
306548
140120
-287430
-90856
368127
217069
-265652
-188187
237390
241749
-270485
-272661
304410
223287
-316718
-316610
219193
243068
-166621
-316550
183201
311450
-186410
-335686
214640
319464
-87057
-330269
85757
343552
-71278
-349495
17267
328383
-19849
-372590
-63254
348014
106978
-325066
-153693
370302
80894
-270670
-211505
