#SpinCore Technologies, Inc.
#SF in MHz
#SW in Hz

[HEADER]
@CLASS=	RADIOPROCESSOR
@FIRMWARE= 3087
@SPINAPI= 20130917_x86_64
@POINTS= 600
@SF= 0.000000
@SW= 30000.000000

[DATA]
72188
-103974
-49909
122100
108257
-81452
-86532
64146
100593
-63076
-99593
31053
112238
-52689
-63670
61956
144603
3858
-155895
51774
156431
28033
-148581
-56418
167476
7586
-118508
-57650
91898
63848
-109006
-40425
121448
25938
-84089
-46478
82235
67789
-143750
-63390
127632
127682
-153151
-60898
112535
110571
-107147
-130538
46661
155393
-137862
-149065
118376
161353
-76295
-117748
-5554
187017
30972
-166006
51882
212848
29583
-64794
784
143832
1676
-199685
-23876
206734
68052
-171146
-129023
166985
47332
-166535
-129353
199979
66838
-144757
-32752
133185
139247
-117996
-122283
93250
158798
-112682
-150103
199714
164338
-106781
-134478
44918
135340
-36157
-222755
30775
229467
-55187
-181953
-2943
200144
-25652
-175075
53884
167933
-18531
-179662
42906
166429
66005
-217150
-81761
198745
22050
-196004
-5894
188718
70400
-173987
-91370
184508
149548
-171455
-140797
120698
136060
-121916
-171983
125699
198872
-96115
-177526
168961
142780
-147673
-193207
103278
168039
-64971
-167844
23373
200771
-31513
-238650
20538
165643
-8796
-182251
-6771
228731
-30625
-163471
-49717
155445
72809
-195885
-77295
190421
113690
-142986
-84198
186143
152429
-147073
-152368
162568
138123
-188216
-167521
135867
141725
-233206
-199198
184744
220278
-152240
-203688
151634
201389
-126851
-249988
92712
241442
-59239
-180021
88610
286037
27552
-269730
1326
239946
-24888
-271804
-31161
265736
7067
-209005
-75214
312865
71682
-281954
-122529
268497
95599
-237233
-152752
213201
118578
-204576
-157629
192492
191113
-191147
-183876
222459
219782
-215086
-161550
148078
208044
-149793
-252144
195028
201211
-156866
-297417
40889
320319
-69910
-265895
79344
278937
6575
-313846
9785
296191
39869
-269092
-52148
330765
55477
-300832
-61876
323726
117080
-284163
-147935
274137
128609
-306322
-179789
271844
213828
-318379
-154027
232417
227344
-279125
-232298
192240
213442
-188093
-298333
229539
269856
-186021
-298745
179411
326451
-72834
-324229
131094
321184
-68856
-307295
62535
359047
6749
-290662
16203
309913
-8957
-331419
-90850
353770
74670
-331921
-134635
319568
99748
-337505
-174550
324212
163877
-304218
-193307
258022
240946
-306984
-235952
315980
270963
-280353
-299187
261535
318488
-186442
-324409
224949
378124
-142325
-378558
140471
421357
-45091
-404362
33333
400329
17870
-475764
59574
448317
-64143
-441971
-45850
482731
144804
-403990
-70642
441616
145748
-392351
-193879
414052
219158
-363736
-207087
378095
280478
-360543
-297308
337794
314059
-341696
-320927
320991
397664
-269715
-456455
224819
408754
-228925
-439676
284757
440927
-160310
-515378
156033
490130
-104084
-568068
101337
535611
-2743
-560309
-60426
579830
-21
-518170
-111718
558736
146513
-541325
-183034
489648
247076
-476218
-271246
432002
269150
-497056
-372655
427308
398651
-408495
-452009
417653
458099
-398724
-490245
349237
494407
-317726
-529828
240910
633466
-226653
-650558
110634
655267
-133840
-620666
80069
713391
-48638
-682660
-29881
717879
58258
-697198
-129217
700674
177935
-734893
-253412
708385
265039
-696054
-286464
650350
361300
-567831
-364749
631712
512167
-602395
-562570
594446
561267
-540919
-626850
501114
673048
-453852
-736395
401167
715872
-322137
-810276
299970
834789
-219090
-849526
198545
819539
-137435
-866860
7912
827366
-56845
-868072
-88703
934110
126671
-895070
-174214
798432
264262
-826556
-348875
810534
408041
-789208
-450416
804088
544453
-748842
-600060
725270
691101
-699505
-705302
573182
851457
-617476
-754711
576350
898631
-467222
-890896
360872
951527
-289209
-1034945
222608
1015047
-189902
-1125049
83094
1061116
15024
-1122945
-1383
1082057
95541
-1071556
-193609
1183105
300539
-1106051
-394575
1079302
466474
-1055393
-587319
1124187
659887
-988988
-724455
979796
845518
-922904
-872775
851566
970821
-792695
-1066057
746752
1076518
-686190
-1167970
551863
1189472
-491705
-1253732
442688
1330238
-321064
-1342978
260015
1405928
-157067
-1357350
54494
1390993
63787
-1485598
-132080
1387233
285017
-1362635
-394309
1310958
487493
-1284203
-540999
1262086
697774
-1181740
-854423
1178123
877848
-1068882
-991349
1108801
1139059
-1021632
-1214241
837688
1304225
-797956
-1313003
696866
1396944
-597141
-1434350
465409
1541936
-336558
-1518865
244107
1520113
-168308
-1586821
-18009
1545077
98059
-1558909
-267734
1614329
411398
-1526130
-500252
1537684
625929
-1472336
-791453
1361965
853188
-1453555
-1039128
1292814
1056803
-1284410
-1185744
1171197
1180749
-1056208
-1317726
979271
1364470
-849904
-1508145
781768
1515048
-670714
-1513872
518725
1618549
-372215
-1608846
255464
1598972
-178424
-1571044
46092
1565821
69122
-1580812
-243201
1511354
308445
-1514792
-444818
1483771
542626
-1387561
-695097
1351085
797411
-1232758
-894101
1158870
943059
-1075810
-1036879
950592
1035776
-919500
-1185813
806541
1213994
-779837
-1309192
560157
1265727
-508556
-1362954
364500
1377660
-347679
-1424180
191516
1442519
-94599
-1362588
11717
1344326
112165
-1362435
-150356
1334114
322635
-1265862
-390946
1315370
493455
-1232222
-519080
1234325
712518
-1125292
-714777
1054460
757810
-1014958
-862177
962403
918252
-825315
-974479
773624
1075556
-692663
-989554
569030
1111094
-517587
-1120559
483383
1153132
-351439
-1096746
237727
1078604
-165359
-1082311
118136
1141643
-11426
-1085631
-75938
1090049
113953
-1080086
-190277
1031816
301733
-1007464
-374546
966492
459488
-855906
-490523
784000
557643
-817616
-613935
735957
665942
-610757
-691628
579111
786642
-510921
-772704
465977
805521
-377653
-843808
326016
874515
-259084
-921267
252617
996287
-131476
-845183
99930
882110
-24411
-860521
-41903
820756
91459
-852582
-163764
876332
202718
-830725
-355852
777161
382566
-748185
-391895
741456
454868
-682874
-467737
588365
473398
-609309
-516459
587681
548427
-501717
-604250
452618
583769
-427935
-639500
402978
643846
-247579
-714615
217037
666227
-129288
-685496
134285
678680
-71632
-624898
-47133
633776
60180
-688257
-50853
621174
109674
-658640
-136866
603852
122372
-594937
-306325
565360
304234
-551146
-314583
486862
306175
-461481
-392208
435673
402775
-466715
-520141
340136
478893
-372255
-509778
294585
504180
-197804
-485399
241852
538029
-97102
-570521
83092
581822
-34071
-506348
17629
511346
-20930
-584728
-36786
589226
179831
-513176
-143893
492063
154521
-478565
-192573
543084
244159
-437941
-243927
418773
302881
-426301
-324511
352777
338640
-376350
-414444
280570
371345
-281810
-374451
278491
341498
-162552
-411917
148725
355847
-131384
-366436
136936
368924
-111916
-481570
81024
451500
-45974
-441210
-41914
519671
79849
-395048
-5022
359935
138995
-374996
-154920
333638
156625
-321144
-185532
388261
221593
-330547
-190155
375988
281087
-311473
-294224
258697
278286
-234705
-361540
223258
300993
-197519
-280639
145528
338271
-99148
-369044
130293
309416
-40289
-394836
55035
389824
8107
-331027
9698
316960
45888
-284741
-70640
318244
90743
-326330
-74470
297549
30497
-323431
-139895
334504
214782
-343398
-179741
243442
186067
-313386
-192285
261795
206059
-238640
-241606
207474
238112
-174835
-262675
167156
250415
-116881
-211480
152405
275737
-147986
-308042
93739
255205
-99178
-319277
55438
298080
-46989
-311295
3121
297145
-45146
-325238
-3080
319953
48164
-308098
-35516
238876
48521
-252498
-195118
202086
190718
-164801
-140492
245311
153266
-217216
-221689
210500
133714
-159275
-184462
162738
202994
-184780
-188861
185575
203343
-90482
-225617
99029
222615
-23549
-294322
21418
262521
4320
-187894
55662
210998
-16853
-200578
-29814
212546
63190
-235112
-135539
189356
77363
-260621
-75855
239562
73882
-172865
-81147
177960
133977
-254132
-137678
182617
147539
-158014
-121656
180917
246192
-123454
-143455
106802
161217
-159357
-178860
97355
268371
-79858
-143819
42234
215029
-53324
-223772
62437
211493
-15573
-172385
-10254
188681
24677
-251974
7305
214151
30357
-175797
-39007
180711
23042
-158619
-53031
135161
96869
-214496
-113176
202221
109073
-150234
-172800
94677
153048
-119803
-135382
106535
121889
-132826
-245459
110800
149734
-115021
-168380
90773
137130
-65095
-174875
100410
160743
-38648
-180688
41584
169396
-27318
-158895
46133
154037
-76941
-126216
-97124
202466
98116
-173898
-59020
148161
54485
-163716
-149978
145815
81354
-201967
-40268
144688
138544
-90256
-114686
117389
148323
-142675
-99465
93867
185549
-96607
-162779
49256
118107
-102224
-132372
56261
161570
-56803
-220974
42652
176719
-19424
-184371
16132
110212
43343
-181694
16422
168714
85817
-173124
-81997
165969
137148
-133117
-107795
149911
98071
-196542
-65163
108121
79443
-138375
-99338
157322
147367
-111060
-47882
79444
69404
-128445
-132083
36310
63466
-88573
-107359
78425
93405
-20366
-153559
46140
137085
-62015
-143022
28936
149405
-103286
-146302
-23417
169083
3575
-137067
-9709
103250
37196
-152944
-25831
109610
78160
-183235
-81718
107489
85671
-109853
-93820
146252
116355
-152566
-91467
140644
77011
-80106
-57095
64728
