#SpinCore Technologies, Inc.
#SF in MHz
#SW in Hz

[HEADER]
@CLASS=	RADIOPROCESSOR
@FIRMWARE= 3087
@SPINAPI= 20130917_x86_64
@POINTS= 600
@SF= 0.000000
@SW= 30000.000000

[DATA]
63704
-117845
-59477
162628
19828
-61377
-99540
146135
109899
-32867
-90724
65055
100649
-64789
-75446
108472
145501
-93619
-112955
16025
115457
-36430
-109123
9555
139419
-31769
-192590
21182
159086
-9179
-142692
-4669
120123
47475
-132917
48539
115825
105585
-146769
-81724
122192
109578
-147745
-86270
100203
113453
-166903
-71792
174070
106482
-100133
-154176
109111
71162
-177826
-156926
77407
160847
-103129
-94587
82119
166687
-38014
-91479
45973
133085
-85634
-120072
62400
168675
-1251
-132887
5096
164449
80548
-164906
-47916
117453
26076
-148617
-78611
122421
52133
-153124
-113764
129742
64196
-121289
-93625
131099
55040
-142539
-128729
49359
193264
-114558
-162623
134706
184548
-91804
-185302
164497
165985
-65160
-139407
56479
195886
-67024
-207035
15594
210474
28924
-187606
65799
190295
-40371
-167382
4176
186980
74266
-225761
-46763
193903
53387
-200376
-30780
156991
85825
-241233
-139667
225505
121138
-209091
-108789
124335
120323
-172673
-104104
155981
189971
-122153
-106320
139552
238306
-133055
-186483
65184
157404
-65104
-243392
54174
204865
-10843
-167828
24559
220689
48991
-244895
13698
179011
27987
-233252
-63784
216762
98728
-215664
-139215
244897
91236
-209849
-202513
180890
113961
-137406
-172645
195916
142080
-171211
-248368
149684
159042
-160461
-194752
212851
230246
-22189
-183870
77846
260883
-28082
-285377
60733
251390
-57411
-257945
35338
295924
9675
-262544
4220
286015
-27303
-231913
3607
289105
20767
-241594
-69121
225367
125779
-227449
-169611
197240
150577
-205378
-209469
160248
141804
-211507
-164196
144849
205612
-197557
-175029
228631
247363
-138075
-247194
127952
277902
-58366
-209385
50822
287246
-69139
-275566
-7983
265377
-49701
-325934
8580
267129
49078
-276798
-71320
283773
48980
-308536
-117171
325580
84528
-222064
-153345
312754
158164
-254253
-158110
226677
129405
-186394
-195358
188463
168714
-161801
-224913
199898
301369
-209701
-314348
243202
238200
-151325
-297799
189996
381679
-166498
-408383
90397
328514
-88875
-333396
50204
409991
-5843
-351509
7665
409540
23849
-353969
-23307
340692
118836
-355577
-140433
342053
180742
-336283
-227599
322272
171652
-339012
-238460
294922
278369
-264537
-298036
322654
273053
-252086
-284406
268129
381910
-233658
-398922
195079
386710
-97972
-449956
123389
419841
-172303
-374929
110161
369225
-29567
-421275
32134
461401
16599
-484017
-53205
475557
60060
-470284
-151456
462907
197003
-442441
-134902
443477
203179
-454186
-314123
402469
337860
-431042
-366980
400838
362593
-248678
-389540
404251
441838
-312146
-432148
203960
462085
-264881
-480518
220845
523623
-220850
-531642
182096
564845
-119520
-536247
12274
540476
69471
-576591
-67385
594084
101748
-568633
-204120
573448
172867
-553313
-268155
570914
305772
-556684
-308592
535960
296909
-517576
-414965
502362
410138
-403913
-456771
374751
554580
-369512
-492045
301027
618703
-258737
-657463
241620
681039
-190184
-709423
58082
687971
-61714
-732771
133634
758686
16148
-730758
-78075
792690
94579
-774214
-149186
672024
215177
-765934
-245203
739655
349181
-689618
-392494
713916
510150
-645816
-559475
661326
607704
-679659
-582391
621096
748656
-508778
-729736
492309
780264
-468002
-767416
425646
888584
-309429
-881831
238045
861682
-275488
-905294
141802
975678
-86064
-916311
-36809
966976
81132
-994606
-211889
988794
210105
-1000836
-258699
927527
307835
-918078
-428979
946047
539878
-848954
-620754
807362
644840
-841761
-759116
740543
821579
-709127
-895391
638524
917793
-524330
-971250
488830
1059224
-463975
-1112357
408911
1170665
-283972
-1199593
172959
1213963
-15422
-1270212
-8001
1263290
122604
-1261686
-190621
1308903
316117
-1323553
-402896
1243248
562243
-1282478
-606729
1211488
714864
-1149571
-766854
1152073
886852
-1072475
-996576
1111191
1053816
-1005602
-1225082
963108
1277364
-920772
-1320880
780473
1473170
-681510
-1481600
564833
1540365
-488046
-1537360
335269
1630958
-293807
-1622127
97559
1658088
-17008
-1762119
-164842
1707686
326804
-1758955
-349986
1741871
501498
-1713738
-638038
1633455
822140
-1568671
-950757
1587750
1143196
-1466674
-1234199
1402051
1340249
-1303405
-1470665
1214387
1571439
-1070697
-1752445
975391
1818944
-825207
-1875363
684042
1932138
-590629
-2004333
377137
2121282
-184668
-2157792
44092
2180507
174152
-2121831
-264944
2189360
458361
-2198404
-636744
2145890
848833
-2012778
-997079
2040301
1128197
-1930417
-1290477
1830133
1442917
-1747095
-1543453
1641248
1712015
-1458949
-1829399
1383556
1871941
-1227594
-1999394
1002512
2129117
-845277
-2086485
715765
2108936
-552879
-2206177
357837
2173137
-220149
-2151060
31287
2153569
159442
-2124537
-296023
2098435
449068
-1986095
-638532
1936600
769475
-1845872
-922989
1709175
1089463
-1593663
-1173527
1591701
1216518
-1381732
-1387290
1226050
1426376
-1181303
-1492001
1047329
1593687
-906662
-1689052
738084
1665660
-529065
-1707059
487011
1703418
-299959
-1745364
185813
1746892
-15493
-1685695
-53465
1663545
198249
-1628209
-315555
1583892
368320
-1534563
-524394
1474117
614466
-1453018
-694052
1359275
846715
-1346375
-879980
1178100
932148
-1103194
-1024553
977397
1161644
-879837
-1135289
862485
1167997
-723921
-1209180
648125
1243953
-477984
-1263295
410136
1288358
-364987
-1234818
231964
1228238
-137803
-1326318
9746
1254146
21236
-1240002
-146402
1191493
189438
-1129006
-291887
1094444
360191
-1040284
-472384
1005544
557298
-943463
-676387
971989
705713
-887914
-729223
776963
781817
-688369
-822414
648331
833978
-603767
-801588
420669
991358
-454097
-956930
328392
978301
-237121
-1019043
217616
963911
-80279
-988056
41667
1011768
60208
-947130
-119661
906776
253426
-886626
-209807
900729
331457
-905001
-317957
785515
469380
-765036
-461754
769562
521583
-674144
-591545
695513
642822
-603818
-633338
506396
650622
-482064
-650211
431070
707464
-314846
-717166
335156
752962
-256503
-712442
187591
688373
-157838
-769188
76909
804841
-55045
-746513
-22817
681648
27803
-675166
-94864
646280
178713
-678870
-320011
661313
280359
-642673
-330554
556991
339706
-445052
-386913
495655
435504
-451274
-499476
426162
437432
-342146
-521619
359304
582684
-294363
-539858
233054
598774
-144760
-510992
201810
599074
-186245
-556279
107944
596450
-28671
-653090
-30770
582341
130216
-558856
-82887
578529
153461
-571511
-227348
503691
228781
-499028
-274197
439166
254718
-447703
-304667
455682
326573
-424410
-377544
372948
380664
-299554
-406768
230011
430710
-281690
-406763
234907
430972
-169671
-410728
185749
433002
-127250
-454630
93412
466365
22474
-454621
-18121
521394
-22535
-477226
-40698
465291
67941
-404722
-34840
450711
170543
-386522
-239691
388376
155164
-365522
-293958
382535
233146
-293325
-253155
299349
270752
-229735
-339600
291531
312320
-247895
-373417
205066
422570
-118735
-405880
119004
342568
-64614
-352951
93662
312325
-37039
-428372
38866
332771
39376
-334818
-103058
315083
98521
-397280
-124708
327993
73106
-372399
-137944
358134
187054
-261573
-189983
286477
194163
-298271
-239068
206603
257542
-259262
-191408
266655
261762
-142571
-279169
201443
287905
-180422
-316580
125168
301566
-133081
-287922
97431
322979
-52415
-297467
82750
297799
9335
-321039
43283
267348
71130
-283365
-14238
314663
96686
-281405
-56897
273099
129376
-274515
-112171
170255
100395
-270727
-179346
230809
181011
-230447
-279756
231596
186892
-164103
-194946
160556
200917
-164418
-202916
127633
233633
-116403
-276336
43367
196056
-33996
-226865
43874
235120
-48908
-253301
18662
250570
-25944
-238117
-86375
252097
56355
-239746
-39979
199402
89063
-180185
-68852
169780
123006
-206969
-149359
194852
95003
-152769
-154391
151693
171912
-168207
-172289
135242
216860
-147953
-280952
120642
154404
-110959
-176881
93453
208507
-102711
-132566
44180
257021
-54221
-250193
27858
205052
-45340
-243750
61526
196658
-20322
-195119
20111
230750
60669
-185449
-88632
203309
49821
-110499
-90904
168547
128336
-176538
-97494
189960
146309
-145253
-105667
162351
159317
-118451
-117455
133338
144001
-57069
-177409
96183
152450
-129577
-159310
68205
200483
-19036
-216053
24216
156178
-26661
-188062
58191
114469
28135
-115307
-40315
217855
44446
-242617
-68511
165330
38676
-165519
-151047
137043
137584
-154608
-74838
162531
102914
-164562
-134341
107225
110800
-150982
-153047
144854
178422
-111235
-100893
86766
175617
-62680
-149022
108623
175993
-48142
-113433
24978
186960
-13544
-166095
-30979
174293
39386
-169605
42842
160056
46208
-111733
-40435
126444
53596
-183831
-30570
130100
26195
-163731
-76820
69747
86543
-150580
-44783
111368
100775
-114211
-69592
52809
105116
-100798
-161552
62840
134573
-57293
-112167
15908
145857
-20146
-142108
45868
112666
-5519
-114126
9220
150444
-6268
-153053
-19609
150845
2795
-133195
-39774
188818
45349
-113365
-45149
159232
22292
-161830
-51285
73879
84876
-128098
-43405
118088
80581
-93274
-103678
89644
83634
-79012
-108580
88282
80325
-24444
-93707
134750
158793
-49478
-159451
54498
