#SpinCore Technologies, Inc.
#SF in MHz
#SW in Hz

[HEADER]
@CLASS=	RADIOPROCESSOR
@FIRMWARE= 3087
@SPINAPI= 20130917_x86_64
@POINTS= 600
@SF= 0.000000
@SW= 30000.000000

[DATA]
52774
-78950
-103150
88170
165126
-5870
-148653
-547
66897
-52102
-102636
3940
138611
33651
-105381
13886
96415
22586
-93020
-24493
149589
-26535
-85655
-69772
24614
38203
-129852
-91561
136395
76798
-93066
-100526
110203
94760
-73923
-88613
35026
152199
-924
-120039
66310
89445
-37133
-75734
64621
126682
-110327
-86146
-5662
146428
28388
-138607
2797
93143
15432
-113362
15498
129253
49282
-185925
-150615
183170
53701
-174210
-75604
150150
85148
-119813
-117534
143034
118473
-125963
-48091
159707
48331
-136811
-157604
107080
159641
-62107
-153783
86621
123758
-80291
-134760
92223
144935
12899
-139028
27587
216971
-71441
-112950
6870
181774
-48928
-104731
-5233
181916
-18415
-141618
21689
186344
71806
-201410
-60315
103990
54268
-175170
-68996
134258
109454
-128434
-57556
74834
93300
-169593
-150342
128359
76676
-117774
-153184
90923
191681
-82945
-181124
64457
171781
-55247
-80225
105007
216994
-27563
-133182
97654
142820
-51731
-182337
10144
180465
10234
-186854
2602
200228
53878
-179786
-47013
148642
67386
-169877
-104922
209855
114028
-125427
-96177
159821
124084
-237871
-129406
132963
126274
-137125
-153848
95041
192214
-152006
-195455
155605
197657
-94313
-160501
108095
176812
-63762
-214265
48390
183343
-79556
-226957
83037
249715
-51191
-176244
-55740
173335
44984
-217597
-60888
218712
17214
-124217
-15445
222602
33266
-222415
-91705
220475
160605
-163009
-146038
214344
152288
-134330
-123778
180932
146259
-172867
-114448
140633
207902
-141470
-190079
111268
191277
-127446
-175585
117599
166908
-46242
-169172
67240
205687
-64394
-202351
31033
228185
-17528
-178922
-33000
265566
12612
-174101
-19998
193370
52456
-261723
-27662
237177
78869
-250867
-98003
253209
137247
-214659
-125056
220778
188899
-202289
-110876
148489
152285
-214376
-175898
102323
229566
-176746
-195450
188354
222380
-152300
-253006
70745
222566
-71050
-262000
85411
308549
2537
-256700
42377
344128
-9761
-262458
-22220
307988
22140
-252468
-66890
220244
93436
-245309
-83996
225111
64986
-268371
-80300
264755
135959
-202063
-149321
137510
182656
-190414
-183356
154919
238497
-195365
-254715
152206
229501
-153912
-259739
135953
158332
-125125
-302665
116711
305259
-73543
-282498
85363
284995
-49473
-331264
-29314
312121
-27756
-257778
-59904
354742
69826
-289135
-90734
274657
47221
-320071
-73431
267462
121776
-304265
-127289
285048
217204
-285880
-181558
228788
168996
-189702
-281754
203395
214428
-224376
-229997
167021
299574
-205954
-360399
128481
329214
-162437
-317793
213001
332661
-102851
-338240
11754
383790
-37372
-374504
83697
327125
-30790
-349480
-35885
437118
87733
-380478
-108136
391406
38179
-313101
-140893
313493
142266
-318212
-216464
254321
196107
-340538
-223395
268806
181941
-260023
-271808
275176
270022
-211979
-283033
228179
346541
-203492
-336086
202028
323639
-170971
-377744
92556
358814
-55810
-403667
54657
462297
-6038
-385401
-37635
410932
12388
-388604
-111979
396756
83020
-377065
-181905
389534
168844
-382443
-145339
365081
240574
-391330
-235702
337869
299966
-283048
-277557
317774
291500
-278688
-324688
240770
365545
-258051
-424329
245941
331167
-153376
-359790
154635
402319
-83187
-387184
162877
450240
-65373
-463606
52108
428101
-10321
-454165
-35651
442350
83500
-460701
-106084
424413
103151
-399272
-187015
430679
226687
-406619
-202255
382086
194425
-278338
-228598
356041
301578
-340751
-284923
314498
385274
-262260
-339223
230562
395344
-186101
-407010
229877
412997
-221093
-434824
164179
460695
-104389
-455364
108454
434853
-81010
-434044
-5789
493430
470
-494344
-61927
462648
107019
-479825
-156656
395272
192126
-385885
-227179
472254
247070
-402958
-284233
381396
306155
-339874
-319621
362990
366475
-327587
-389771
307454
403775
-334801
-402565
243269
496131
-242896
-478764
147569
481861
-207758
-447597
138001
496886
-101004
-513106
17220
493504
19109
-491504
-11805
530148
12088
-471116
-62524
503252
128366
-450664
-146066
458461
128905
-453373
-192404
433739
254530
-421156
-283942
426344
307764
-438007
-308225
341387
318035
-293390
-350796
319439
407660
-240965
-464565
236085
467637
-199863
-452388
126907
425522
-185783
-470285
84698
536701
-14826
-581502
-33387
500887
33919
-548770
-52605
567430
87379
-558549
-92604
552145
203614
-493432
-192390
479101
314399
-415132
-257135
460887
319762
-416562
-358737
367623
334838
-372230
-438421
373984
415660
-308397
-471343
285281
436995
-230239
-463318
249005
451987
-187590
-530773
153989
484688
-139376
-557738
86665
535201
-7420
-537595
-14653
522967
40505
-457842
-88502
504512
161521
-508949
-187420
445536
188320
-416759
-175213
444112
269695
-482785
-262570
352567
333781
-387290
-341371
390257
326524
-342990
-413227
267814
426023
-209286
-393622
248461
440626
-276032
-384018
96789
477094
-133936
-480348
83401
475773
-95142
-469823
23661
501989
13709
-464907
-83604
490847
112353
-460480
-145208
437610
181216
-410723
-153052
465069
260363
-423882
-272528
424327
275944
-401180
-335788
330054
327951
-319676
-393149
354749
413006
-304652
-375971
207853
419301
-155574
-437601
187312
424955
-210456
-499968
151388
502799
-125375
-449472
67742
481438
21107
-484469
-18503
439940
88735
-449527
-77494
458173
62235
-459583
-120606
404478
142694
-396518
-174587
385307
252877
-356693
-254344
316485
288481
-309763
-296241
232602
295886
-256394
-302901
251522
343972
-217065
-347054
225896
390793
-144948
-435669
130965
459935
-65743
-388940
93590
437774
-56438
-392980
-1619
432061
-8517
-453523
-117264
432173
91486
-429626
-101047
379464
164188
-375762
-151484
394458
228733
-348969
-209590
335516
226190
-343889
-280105
359775
234025
-271494
-324018
228448
282483
-240750
-339853
189076
325716
-171387
-326270
156401
390192
-120011
-416248
91148
392670
-94914
-389890
50244
378904
26452
-380776
-15611
413558
20109
-371861
-94670
388325
61622
-335277
-144787
374765
188385
-311541
-164939
242352
189036
-302854
-245166
319441
250558
-288965
-235043
266678
233838
-235921
-285264
259626
289656
-171399
-269783
157513
290873
-137920
-325704
134132
360975
-44050
-285145
61188
343187
-44724
-378514
-5408
326587
-6525
-332808
-62266
342722
55364
-306897
-81041
324730
35596
-367272
-140606
291564
158108
-255572
-138778
282512
205924
-247700
-240963
241625
163655
-256344
-251708
249862
272386
-159836
-275123
168660
272032
-190011
-284185
161706
251052
-117793
-277899
89883
321084
-145431
-285593
62739
266708
-1687
-262422
-32887
314300
26221
-255165
-21023
235848
10904
-261458
-16831
246968
99292
-246827
-139956
256886
163266
-287986
-112154
238746
156276
-235628
-144158
211691
167156
-184682
-258684
185863
151490
-197366
-257762
157883
232588
-55388
-204041
121980
239908
-111092
-232212
125299
256878
-52265
-217734
-6724
267130
-33866
-213433
-37377
270319
63144
-307190
3473
269877
38116
-243880
-84861
263408
53648
-236332
-96229
257493
83829
-260661
-92374
171895
167354
-217932
-123389
160943
238194
-137425
-172804
160945
183612
-107527
-173728
125375
187387
-88788
-217396
65850
264699
-86408
-212525
84171
242846
-122211
-210673
66880
220196
-39614
-265148
44288
251464
-14000
-223638
-42296
196228
99196
-202624
-82484
184056
64822
-183934
-118000
179108
118324
-147605
-97952
155047
45023
-147817
-107460
188616
227447
-124196
-178348
195696
134278
-99713
-177658
120019
120507
-56836
-187992
71400
189624
-45122
-199327
30637
206813
1343
-200872
22946
203759
-18988
-183788
-16178
214747
54997
-225613
-22253
147290
56907
-135740
-62455
164470
59401
-163675
-104804
105958
140483
-163670
-114897
160584
79196
-151338
-125293
122526
123792
-120669
-117206
118479
166579
-75746
-124910
141748
133738
-81998
-176657
55937
150230
1411
-212404
-57076
211369
31092
-246741
43339
192220
-75575
-187158
-37397
185393
6104
-162381
-19678
112237
51754
-166601
-103952
181375
33669
-200351
-73151
158774
91354
-105010
-112300
160818
116940
-83608
-128575
102649
145065
-114250
-176803
134162
142632
-102417
-165508
100884
141855
-51474
-106214
22947
135570
50848
-157649
10331
209111
-46346
-62512
-27891
154532
42800
-234427
-56186
205733
575
-125929
-50398
84713
32409
-165235
-77453
125343
41204
-152734
-76679
142696
45041
-106050
-109686
113474
65339
-43252
-109871
146280
189772
-129570
-98001
81053
144225
-48727
-61398
23593
115718
-46570
-160640
35830
146715
-119109
-110058
8098
179878
-249
-134367
-16008
104436
78885
-138466
-40894
153700
47208
-173269
-72181
110621
67507
-182804
-13919
98478
104406
-103436
-89083
77303
109160
-120736
-96551
120631
140979
-42120
-96318
122365
116279
-56064
-66892
12391
117784
-64465
-105245
25621
102163
-64652
-179241
36456
149693
44098
-127092
2249
132964
16914
-100350
-59081
133585
29973
-93426
-34792
106802
61864
-81762
-45569
73924
