#SpinCore Technologies, Inc.
#SF in MHz
#SW in Hz

[HEADER]
@CLASS=	RADIOPROCESSOR
@FIRMWARE= 3087
@SPINAPI= 20130917_x86_64
@POINTS= 600
@SF= 0.000000
@SW= 30000.000000

[DATA]
134797
-83609
-120487
68377
64504
-43791
-182082
33752
176775
-63518
-158696
81370
149920
23647
-111287
19475
121652
30479
-141333
29956
149535
-34780
-100224
14098
95976
53566
-184827
-75060
77567
62757
-84768
-109835
135311
43537
-47854
-104056
73050
105366
-83075
-107604
126564
127341
-87796
-106723
99246
96488
-23008
-113338
57229
152113
-26297
-121535
9546
151045
-30801
-88027
51057
136000
-8124
-125744
21832
182669
51855
-144554
53452
170236
32681
-204308
-55436
144073
101438
-146968
-69329
149743
154270
-175879
-67517
124775
95653
-125812
-98496
163786
155726
-86205
-116383
86776
108539
-130403
-110424
109274
161773
-86029
-169604
71748
137038
-39913
-193641
22917
157881
-17586
-169258
40195
218687
-5944
-190130
-17221
175644
10198
-169512
-36489
166495
103029
-216741
-24349
174452
97693
-194690
-83715
186517
59157
-166878
-138308
133400
122515
-168990
-150416
60034
144543
-141973
-124533
154193
142245
-100960
-191829
121356
132937
-151542
-93924
-16233
240216
-25618
-159966
14968
239132
24094
-216119
12343
196361
83723
-253685
-20138
229253
81434
-179871
-28907
196751
129102
-264046
-63496
162813
93342
-137010
-96899
189975
153541
-163037
-147852
156035
183359
-170278
-147043
188969
183284
-141847
-202084
174280
215531
-110739
-200583
97978
277252
-119784
-233966
36462
227503
-79871
-218374
19379
251342
20964
-260210
-19084
280424
-46286
-179634
-58143
262472
20179
-238009
-51715
241480
125830
-192568
-50771
173673
47615
-202923
-152999
193015
164559
-191521
-154593
212980
208319
-189338
-243610
131121
173311
-148305
-230228
107823
179182
-74994
-298226
95376
203030
-77161
-251411
37431
276277
30555
-283519
36386
266692
31857
-214182
-42564
247176
20570
-315098
-42549
243984
116282
-219063
-89278
287381
110175
-260312
-141294
309910
122385
-308197
-132149
270789
183480
-280676
-175448
231390
220990
-248327
-266152
233471
229371
-236852
-317058
219558
308567
-104462
-271709
108402
317839
-159789
-342886
27482
367735
-74450
-328896
37545
361782
1762
-257341
-46398
359208
27
-298021
-54956
385856
143919
-316439
-113379
373530
159571
-311798
-187968
298870
182162
-322380
-220350
339044
313000
-277920
-307542
285627
321398
-255372
-316702
191107
409175
-153622
-320245
131561
399283
-155081
-317069
249023
416453
-66484
-425787
75399
385495
12651
-427002
29923
442868
28674
-412467
-75879
356160
65944
-454964
-75363
391848
183054
-429004
-192570
429484
231582
-381925
-202650
372529
306467
-377304
-284433
336450
344069
-353783
-324204
332585
390406
-208901
-354018
250451
426458
-241900
-446002
195667
456253
-200006
-503885
113917
414150
-77326
-561704
128094
502320
47794
-493881
58335
515353
30362
-534263
-101933
563887
112676
-556754
-207418
469510
201227
-513335
-292315
474653
237775
-435278
-337287
526733
364477
-383464
-399827
419516
430813
-419016
-451406
339678
487399
-208326
-506457
224563
590723
-202635
-544050
207285
581639
-111832
-662333
112252
629977
-33264
-625734
-3916
638469
50728
-669722
-77766
692492
191684
-639119
-181079
720524
235635
-650372
-354337
643895
344723
-586807
-423099
568559
428214
-564884
-495844
496408
488182
-476603
-569290
512993
659460
-402844
-664727
389936
677574
-375656
-651179
315881
696540
-239039
-781396
223280
834210
-66124
-799287
78587
792568
42721
-813372
-56531
814164
167665
-828361
-196648
836757
212368
-794332
-296842
845572
344991
-795450
-426032
676824
507960
-735906
-540025
609405
556019
-590083
-626997
593141
667802
-538107
-779102
521896
805335
-430460
-849628
380800
859482
-290440
-918685
279711
908823
-127394
-948191
120584
1003084
-4500
-928565
-44658
955354
141307
-916988
-192641
971602
291602
-910767
-382635
992687
427192
-924014
-494925
909463
548651
-897302
-579703
801849
692657
-797155
-749055
749178
806209
-688531
-874733
625325
961613
-597686
-1023329
505701
1042279
-417305
-1017228
331147
1094255
-251887
-1121915
245372
1129592
-85728
-1123550
19020
1168672
32387
-1182032
-67108
1135730
203730
-1059767
-257971
1071396
428686
-1125074
-457361
1099111
507144
-1001699
-636651
983897
709660
-909077
-827869
822668
924032
-800868
-912529
699735
988594
-607176
-1046846
579240
1132194
-486646
-1195836
344639
1244035
-295571
-1173982
212469
1171834
-66135
-1252133
27633
1288182
47579
-1272092
-239402
1223780
175306
-1245388
-396007
1163119
434006
-1160838
-580954
1180204
652553
-1116621
-757601
1091484
744605
-1003632
-832335
967430
951448
-874110
-953216
781727
1029160
-751051
-1074908
668460
1277769
-591201
-1152619
459605
1132035
-388492
-1191962
280326
1226816
-293148
-1272823
63636
1198887
-37541
-1264488
-149547
1217139
133594
-1241692
-333936
1142731
388181
-1139951
-442525
1133523
571008
-981202
-568342
1006680
684487
-1001448
-772013
810243
820197
-785666
-892501
737984
952331
-591342
-945720
610673
1053766
-507555
-1001073
412671
1080221
-266347
-1080446
240558
1082100
-141893
-1123937
115796
1112050
9952
-1162390
-92832
1106242
131644
-1083236
-232477
1102671
347144
-1042618
-400438
1062908
431538
-1010049
-494038
985801
633713
-879948
-668559
875377
745989
-772686
-747968
657488
781229
-664437
-823230
586979
856939
-470317
-869622
393836
1017185
-316868
-1017693
279013
1028204
-278051
-950004
238260
1004110
-94032
-882755
14730
965109
82191
-973583
-138257
934576
190054
-892499
-292070
848580
311947
-792800
-394103
805200
478269
-698818
-486794
698186
583946
-672600
-565774
528590
591841
-564645
-645148
497849
726961
-379712
-770708
295756
795258
-321111
-734047
268169
817364
-160098
-780695
107784
852544
-63362
-835941
22831
786933
66988
-792815
-69046
779210
143112
-720581
-149432
774071
195661
-780497
-306758
630563
343387
-642941
-383603
669966
397839
-588724
-446203
511144
465080
-431471
-574953
458535
553173
-385706
-601523
328926
606499
-307339
-630259
275073
593824
-191414
-581149
227389
665715
-82505
-655833
53606
664202
-11687
-625935
16935
598361
-5211
-527710
-84701
601344
197954
-596091
-167287
592892
196616
-491961
-296196
471727
304456
-466513
-346797
440990
315654
-403862
-357150
363345
420686
-317146
-492396
281952
426888
-215820
-472513
230676
444084
-258078
-468348
106323
477004
-143307
-526545
59742
540474
-51951
-477494
7222
523538
45844
-495900
-65288
440544
75749
-460236
-114546
460552
189965
-469723
-223164
446352
216042
-365881
-247604
367188
286206
-377971
-289754
294773
320637
-348427
-345166
244912
431733
-267004
-368336
226845
380852
-153179
-426354
186916
384553
-153708
-374695
122624
394851
-128289
-372687
14245
394025
-76978
-380866
-19077
386456
55359
-353387
-154031
414113
79999
-387967
-208634
342648
151016
-347747
-202888
304510
177390
-253824
-169585
316913
261794
-295877
-241125
240439
327887
-186195
-304558
276936
248691
-171018
-301575
122750
255326
-103949
-346088
100258
309262
-145590
-344063
22052
350184
-25486
-369049
-5041
334379
56799
-296358
-41908
338879
104360
-307084
-60022
338549
116277
-324279
-136571
235507
122615
-277925
-217776
206240
200613
-276405
-230246
167169
114777
-224076
-206469
131718
262429
-187691
-286701
180928
273314
-113466
-213363
80118
241107
-117197
-311618
108627
290349
-65367
-306680
18468
226993
-32600
-262916
32493
269150
42352
-271707
-35363
270395
95325
-318038
-71476
219691
162203
-200336
-66956
232921
132837
-209026
-77934
183618
117399
-231494
-167478
222331
180434
-168981
-203584
174861
180010
-175592
-175507
89675
235745
-148510
-192556
119997
157564
-129769
-217260
60709
222044
-49547
-272431
76763
238260
-4301
-256889
-29964
280075
72528
-212927
-39663
192182
55545
-202037
-68109
183195
41710
-244440
-132201
190979
124580
-145756
-61433
74600
74105
-65066
-177505
127150
153465
-147689
-170487
141339
139607
-44507
-190112
68978
234152
-103553
-132748
-6362
208480
-57664
-225540
58869
140016
19470
-202826
8890
168883
77757
-150537
-72544
202901
-18793
-186124
-44520
215159
78913
-177163
-83684
225009
85275
-154490
-88832
149857
64698
-153206
-93537
145208
139523
-134991
-148958
105532
131651
-112544
-118870
83488
175113
-103543
-127093
33118
157123
-77726
-122643
101831
131084
-12594
-196762
35996
184775
48385
-158660
-29492
156392
-21043
-201361
988
110511
-1476
-107361
-35117
196622
12176
-200456
-67819
190182
93080
-153974
-110440
93441
94543
-147313
-27445
105719
85528
-117492
-142744
91392
146765
-121838
-167504
75811
160558
-113008
-109937
96071
99726
-114293
-85602
71689
150955
-16294
-70129
32085
106290
-43274
-115590
30350
165958
34678
-211837
-69298
107186
55418
-152658
-67691
175662
47605
-103282
-33968
189034
105666
-126683
-126657
137823
134879
-114400
-75212
43826
134604
-1171
-105344
122889
131005
-60843
-121019
52457
133474
-59408
-151306
42665
144546
-15700
-115689
-17343
91849
-11086
-173709
-34734
180558
34446
-122736
-31317
85224
-21020
-132425
-42502
165308
22083
-109077
-39591
110880
33990
-176860
8826
95361
100506
-100237
-112092
142597
