#SpinCore Technologies, Inc.
#SF in MHz
#SW in Hz

[HEADER]
@CLASS=	RADIOPROCESSOR
@FIRMWARE= 3087
@SPINAPI= 20130917_x86_64
@POINTS= 600
@SF= 0.000000
@SW= 30000.000000

[DATA]
41798
-100993
-144832
62981
109621
7689
-106914
49163
127692
-63866
-149322
60330
136805
-57268
-135039
40234
99740
8142
-153860
-25485
118237
-65552
-112215
-16065
171350
32068
-162468
14481
109430
85116
-181771
-49881
131853
68682
-129924
1553
123578
88943
-109196
-103067
120690
106769
-121347
-124050
102089
51252
-81210
-48715
107718
87643
-38044
-132857
73293
134397
-24725
-158130
85428
185286
-6465
-147795
18036
210048
-24696
-150931
-14736
197927
123418
-188275
-12509
167081
72752
-127243
4905
168750
103945
-175680
-4429
115051
48245
-135572
-115679
188624
59583
-126278
-118253
79157
129176
-107535
-178566
168013
176818
-123705
-177795
111125
133826
-118142
-164768
60321
149469
-31706
-177460
41267
170409
-23744
-111418
828
180693
-4759
-202695
15920
155320
-9307
-229417
-109451
183931
29396
-192384
-78339
126184
148919
-155486
-90105
173218
160433
-110582
-120821
160279
165178
-122454
-185191
141204
132103
-116393
-189277
104188
213900
-108499
-180250
88935
181695
-95054
-225027
76188
166481
-33113
-130275
57932
195318
-8605
-237319
10440
218707
25032
-173831
13614
190034
55795
-185609
-39729
220523
30005
-282362
-129076
155779
151242
-203780
-142698
188035
124698
-161079
-166601
140059
214538
-154822
-187672
117391
130355
-64134
-208588
123197
191981
-106714
-188294
57294
210907
-66993
-219371
74553
296574
-30088
-257121
42728
190328
-33767
-237899
-42856
249276
-7134
-252047
5839
232829
37791
-263584
-102157
259742
132223
-249288
-99227
236864
101984
-226147
-135018
222291
222971
-137504
-153199
207908
151941
-227421
-192630
226487
147444
-137175
-230478
139825
186067
-57803
-227470
99587
303221
-74093
-226916
116366
278796
-85237
-309739
47849
313651
24401
-285168
24072
287809
85851
-263770
-15673
268935
75445
-327503
-33520
221964
162726
-277099
-186951
316323
124588
-263518
-167222
239789
202016
-263030
-263615
227963
293302
-209923
-238089
218727
332638
-149271
-345193
190994
298008
-145315
-292466
100572
287713
-100913
-342604
186496
323532
-57069
-368241
50698
405001
-1255
-382480
-104411
379135
99207
-299942
-39109
313325
166474
-342629
-186091
405058
166562
-281318
-180463
305177
243245
-311624
-200125
275297
274455
-264269
-251509
235999
308032
-294591
-344102
137112
310479
-236467
-365155
105158
416162
-136335
-405433
144529
429005
-112426
-484168
20212
461019
-20745
-453433
3805
423560
51039
-450050
-105032
464548
148448
-493004
-192466
457715
234286
-334855
-243553
439610
281618
-381915
-268983
437983
344229
-368380
-405837
347542
394942
-336563
-424858
278416
449172
-287572
-449493
303816
419177
-182224
-522811
159728
540806
-148431
-571372
128343
528067
-47582
-531463
41033
587340
44053
-582641
-95022
545228
151626
-532802
-121004
597761
181803
-533806
-237263
578242
253067
-513273
-370872
496275
392827
-468908
-400277
426502
364825
-379054
-495731
277784
533148
-370373
-575988
326564
611447
-227091
-561614
246791
665326
-178362
-619219
109054
623218
-107324
-695337
3747
712169
36785
-713142
-55777
709499
91348
-702009
-238363
752364
306501
-774722
-349539
731831
350933
-745324
-373497
653569
507761
-620227
-480397
584260
554031
-530036
-560779
551505
649661
-541818
-648280
372491
794122
-411997
-814876
309020
770989
-272782
-856606
229953
905836
-159403
-849791
124574
887886
-42226
-888005
-15931
986573
69114
-963425
-182147
899607
212874
-885129
-292898
957600
398668
-866882
-439033
916629
501405
-802157
-621147
807164
707337
-691592
-734694
674183
796418
-612655
-845937
615585
908960
-518534
-939959
486969
999084
-411446
-1063313
270753
1092962
-217332
-1105625
132110
1129976
-16805
-1194983
-28322
1180432
111801
-1206256
-177385
1197018
323734
-1199546
-428814
1220925
454779
-1162583
-565735
1087236
623460
-1094153
-749426
1063019
807340
-1006533
-900955
972818
960192
-902075
-1137204
774457
1146169
-758248
-1205826
746293
1264976
-579824
-1310878
453343
1332451
-437491
-1410445
271852
1467667
-206495
-1547671
73140
1487971
-2646
-1537661
-157901
1535836
246696
-1546191
-373189
1453148
478539
-1486474
-597567
1447892
766162
-1454583
-822249
1362703
961224
-1241366
-1073139
1157289
1129761
-1092594
-1254508
962365
1351057
-910312
-1460470
859482
1486591
-760185
-1574803
572443
1594240
-472282
-1682017
350438
1712567
-137724
-1780986
43284
1736016
128494
-1772478
-199169
1802450
392505
-1775890
-442452
1747430
675917
-1726818
-792144
1601396
858044
-1589779
-1028924
1469187
1140344
-1436569
-1240703
1278095
1360537
-1173008
-1466512
1055837
1461237
-1015570
-1597028
862395
1625658
-764978
-1645044
625379
1806552
-525226
-1743172
331134
1790952
-178459
-1728428
82204
1770061
74498
-1778211
-218124
1737686
318849
-1647797
-493913
1644698
580295
-1608987
-693093
1486774
794135
-1411868
-918571
1281318
1065353
-1277414
-1154845
1160797
1174414
-954677
-1229302
930096
1316496
-883489
-1377886
692885
1410085
-497261
-1469387
444452
1486935
-316203
-1533857
186483
1520504
-174894
-1499084
15317
1440483
145898
-1466104
-186527
1428401
371288
-1450432
-379669
1327153
503924
-1294112
-627725
1258939
733314
-1185843
-714053
1104228
850762
-1005183
-906823
974852
984658
-886504
-990877
788538
1039188
-640328
-1081785
661406
1084977
-564425
-1094328
424640
1167638
-407577
-1096499
271267
1189270
-195628
-1223186
92863
1229716
36989
-1197579
-98689
1150275
162900
-1075286
-197268
1046278
370569
-1063473
-414928
990435
442965
-904862
-486629
938926
646884
-782783
-610931
774853
688660
-749665
-776046
673122
762746
-515304
-796116
406109
824624
-418536
-923177
321217
934614
-331063
-914740
208340
907273
-157404
-943903
55582
924363
-78412
-862941
-67979
884830
167459
-857956
-178535
861336
274480
-807855
-298758
818719
367598
-776150
-459193
710752
441804
-678136
-537103
630811
511017
-592962
-570997
585217
607816
-483793
-576872
495872
701315
-410543
-653229
311772
672197
-300770
-627244
197096
684080
-175308
-701235
93401
741851
-97899
-741793
-28886
679805
67799
-688619
-33959
655537
90710
-636292
-177650
647528
261055
-547849
-198578
575965
312621
-484355
-335417
542129
384422
-475125
-378883
415092
487562
-392130
-486804
406744
526741
-293823
-516108
321140
523803
-186509
-480972
247707
573999
-177609
-555472
118368
524686
-28449
-602968
3117
571191
42648
-534847
-72907
569078
74410
-529938
-163210
523360
163657
-553496
-255468
463447
283249
-466393
-325089
447841
235322
-366102
-326817
367532
409829
-356129
-381456
303054
375866
-293836
-403422
246467
448542
-248760
-451705
226527
458288
-156025
-463493
177741
453886
-36623
-452796
72686
401426
-815
-389358
-2431
511963
47229
-433485
-97387
381450
110641
-476105
-128549
370045
208563
-323366
-219298
388290
224294
-303266
-226169
300318
215781
-328564
-279061
318384
292092
-255547
-329303
153849
317181
-151515
-330535
133013
304721
-173042
-376530
114428
351016
-95718
-356619
100124
355425
-33722
-290256
12225
329562
33032
-374192
4729
398679
48249
-321426
-105341
377872
138306
-320126
-93423
332471
143513
-280150
-183409
300363
185223
-221807
-211090
249054
266898
-191682
-253034
153131
250046
-258938
-237286
133024
270311
-158955
-280941
183738
272325
-77842
-272067
128802
263300
2160
-381181
14489
273413
17204
-275740
-8951
318365
-3632
-239420
-102251
276840
64967
-276276
-73343
245964
137586
-259416
-84181
222847
101394
-204381
-185309
240388
191370
-202995
-123245
182072
172491
-195097
-153772
169128
138290
-117832
-228588
207889
250081
-135691
-246579
141881
239692
-128349
-190194
32508
207003
-12477
-256179
25599
289909
3674
-300301
-7178
246981
62918
-246219
-57072
247206
8022
-187800
-48850
259771
95110
-216699
-95379
231884
190784
-202682
-140212
116707
166564
-175725
-170912
148557
140182
-79921
-196192
93620
170330
-115866
-178459
109508
249178
-98181
-176870
16038
183566
-51650
-175878
-587
228558
-11785
-166307
16172
172915
-5332
-141940
-41873
185963
20504
-183161
-124460
178947
24890
-125855
-74385
195110
116181
-181537
-71516
125096
123589
-174558
-86264
133514
159372
-140045
-121022
102817
102152
-87384
-118314
159599
221750
-84406
-183813
116972
185563
-13324
-138839
116066
238771
-60050
-207784
88956
146716
-36953
-215493
-65240
179971
14605
-147045
-11258
113722
146866
-141167
-91745
191044
53491
-183563
-81635
125809
135489
-93113
-54582
209525
95155
-96137
-118859
93128
128989
-49594
-227325
78532
153121
-95636
-118575
38056
207652
-45846
-104323
71321
157019
-42618
-102237
-11101
167069
-694
-138250
-78358
132988
6334
-140249
-35431
159029
72310
-179807
20368
133118
100487
-127255
-93266
121781
86831
-120213
-100271
150373
45518
-95086
-139318
183317
137348
-130252
-150395
132889
46506
-134598
-95618
61272
166612
-5550
-126659
74838
149147
-49461
-129488
46643
144153
-73588
-124571
-7162
129579
-3438
-211004
27965
175500
58024
-159996
-64472
101972
32416
-121720
-44212
144116
72720
-119836
-94681
105275
57777
-90025
-78482
91501
111623
-113047
-59050
119029
112644
-69315
-136322
119275
