#SpinCore Technologies, Inc.
#SF in MHz
#SW in Hz

[HEADER]
@CLASS=	RADIOPROCESSOR
@FIRMWARE= 3087
@SPINAPI= 20130917_x86_64
@POINTS= 600
@SF= 0.000000
@SW= 30000.000000

[DATA]
31450
-76575
-80941
104842
139340
-46495
-67113
29315
90458
-3329
-53804
6725
209318
-58623
-161231
49461
88626
-10760
-103766
23836
48770
26116
-129081
-26679
163535
-7395
-185832
-28934
92323
-15101
-102129
-36505
168606
125999
-179238
-51987
87049
111270
-128766
-123294
95136
81776
-95419
-90313
59842
171194
-93288
-108311
89172
165161
-10551
-153156
24329
135464
17378
-132133
29448
164033
-53742
-179449
30744
194838
77240
-115898
-10492
167653
31113
-184152
-48907
101118
43518
-108307
-70589
122475
94720
-123582
-76098
162913
115234
-130488
-64330
119808
91315
-65556
-123714
88868
168189
-147649
-145979
73155
103074
-58087
-137093
66825
137449
-35901
-163155
72763
205786
-20913
-241447
16483
174024
-21966
-143120
4684
199815
-21492
-199801
18546
185736
59136
-177814
-30198
227506
52715
-149354
-52596
210254
81809
-147506
-82202
152536
120679
-173691
-150775
132242
80023
-122340
-176693
146885
138530
-145155
-159539
88654
189622
-137730
-129038
74744
190530
1274
-139184
20165
171472
-37829
-205780
24097
155785
6749
-197163
4080
208278
-16081
-210185
-17089
240650
17793
-235123
-67186
180272
100808
-153742
-91704
115266
121298
-201984
-127550
181317
191002
-101724
-117009
169804
127606
-139762
-177842
123703
172671
-143515
-206827
85294
224829
-108667
-238457
44598
131696
-118418
-242184
27231
231146
-119042
-252671
57980
281673
-28012
-297240
-66064
285676
48782
-217142
-108924
238334
75357
-230540
-47005
212119
92777
-193285
-124511
279582
170165
-207139
-144849
176538
177594
-179517
-167828
245309
271930
-186718
-227553
152630
144600
-145140
-213330
88680
298159
-88922
-254755
68031
341667
-96091
-234254
56002
276207
-111
-330926
-78814
324063
30087
-260635
-67700
239621
39207
-284571
-75403
298969
111663
-264414
-171755
263912
175026
-169907
-163181
182813
141636
-281234
-255272
285590
215105
-236714
-218536
224242
296830
-230718
-235740
177609
299222
-147238
-301121
112997
258768
-139979
-289674
106327
336630
-95308
-321936
39424
387946
-46642
-358842
-80919
316273
9322
-305574
-129388
363805
126992
-336466
-105085
329786
146161
-316624
-134039
329168
145015
-357878
-283659
300518
237389
-222540
-232737
304999
283603
-223421
-310536
224405
301396
-184967
-344868
198383
317009
-191124
-374759
101065
423650
-22722
-401241
98410
440181
12547
-394047
-54471
414240
59393
-410166
-15755
421741
28898
-386180
-128105
421433
136178
-399626
-229243
414793
248988
-439833
-225594
352010
337196
-386257
-328455
423969
326438
-339268
-390169
306563
410791
-217476
-399690
216989
456034
-171184
-448122
173447
443836
-187048
-513569
115464
499716
-73242
-523311
53057
561763
-34518
-511654
-75140
534972
137378
-594907
-91895
565041
212419
-541201
-199029
494384
239571
-449314
-216451
504513
332879
-509727
-344679
457854
398224
-440715
-420778
448886
455168
-341240
-462989
352846
547162
-306544
-548194
309146
569821
-263776
-626653
195593
584603
-142526
-637693
132302
711341
-36113
-628046
12969
678939
20588
-675915
-118099
653350
180007
-697533
-155983
609153
234561
-650094
-293352
663996
393060
-614443
-384427
589514
482327
-563081
-553938
560098
553276
-462992
-602408
457194
589755
-475534
-625341
362695
742317
-309959
-764248
333723
821943
-222431
-719361
240788
768286
-127666
-862804
107153
870995
48387
-833604
-87011
831049
141102
-835225
-99853
878178
261602
-809211
-306319
842962
435220
-780164
-471717
743597
471273
-760260
-624567
744988
640374
-640506
-729696
618123
757053
-545658
-732764
461499
815120
-455801
-875933
401293
896244
-301610
-1000796
262562
1008117
-157562
-1057301
91571
1027981
-91761
-1065840
-40558
1076786
177378
-1021882
-248038
1142425
346065
-1112995
-334806
1086382
414759
-999026
-503263
1008842
557882
-980273
-705727
936994
775177
-849065
-782640
763832
859101
-722128
-926458
695493
1007872
-640857
-1068679
540002
1114321
-455265
-1124078
336394
1245833
-323916
-1244257
224409
1175163
-86817
-1282240
25086
1293588
101714
-1293355
-175211
1317922
200869
-1209732
-313851
1183416
423808
-1225176
-506954
1192523
600841
-1108037
-702011
1071837
808793
-970617
-900875
882559
1032753
-901561
-1035264
817132
1135084
-706606
-1199997
606569
1223963
-535067
-1279491
389623
1349268
-362010
-1387171
274512
1416467
-150263
-1338063
43196
1420979
45894
-1407479
-196855
1389110
301527
-1391803
-381189
1375399
560692
-1389330
-657067
1284431
669950
-1243257
-831827
1200733
946837
-1123678
-1003716
1087314
1079400
-1009335
-1121364
927684
1224873
-767734
-1321065
714116
1298979
-585630
-1343761
524099
1408350
-340218
-1428822
273234
1375811
-161628
-1446525
109232
1399069
10496
-1300427
-120024
1336758
249027
-1356491
-338919
1292421
409863
-1279184
-526533
1152333
642104
-1163947
-686556
1073694
789124
-1028001
-853129
1029209
950128
-913062
-1027621
799391
1109960
-701991
-1128306
678875
1215837
-588762
-1214322
428292
1233549
-347047
-1174687
237432
1286909
-95214
-1289404
36967
1179544
-21211
-1284533
-98892
1266574
207158
-1192737
-318839
1192105
382826
-1190284
-495476
1082752
584077
-1023252
-656048
1018512
706886
-954750
-696883
887151
781950
-732445
-880194
764195
850962
-663115
-866437
562613
956175
-526724
-971032
458151
1013810
-294605
-1027373
294702
1084157
-193575
-1036307
162403
1079205
-94339
-1049565
-4834
1059260
139028
-997775
-149237
1006984
274495
-911835
-333328
908370
406742
-830930
-462539
798541
464633
-683032
-509914
706226
625106
-657837
-629216
582103
716741
-542889
-720689
506916
710721
-440831
-769149
341484
791193
-298767
-819647
248048
857384
-181748
-829020
173104
878929
-72000
-838921
2549
778848
507
-810893
-81946
802123
160043
-786351
-251851
745668
309738
-675515
-300558
702415
382861
-709237
-411958
610680
479246
-552849
-515361
569822
613004
-522553
-569190
418042
611384
-355847
-622935
346762
652252
-344815
-612310
302820
621461
-197067
-662746
161278
637174
-112811
-645783
46258
694210
1392
-639743
-83385
642940
66344
-605858
-161337
634728
146780
-546143
-155247
585981
318109
-556379
-289718
501987
400258
-543543
-349894
478587
377771
-404502
-365399
336370
424216
-339551
-520244
272126
537807
-289574
-452326
227043
506650
-187966
-433987
156895
537617
-90156
-530525
26787
474555
14604
-527060
21212
487100
-6554
-519550
-60285
438297
75679
-500081
-186357
442063
218273
-494437
-238492
409506
279240
-456930
-262662
389643
367793
-374196
-316063
366462
310947
-380551
-328130
230188
338600
-239344
-376648
208818
305928
-166526
-373131
206939
415848
-88674
-401065
141887
414412
-39588
-396755
74985
325985
40940
-458094
-7187
349289
36145
-422729
-73403
371467
115960
-385134
-126445
303442
208972
-382387
-124176
310735
221805
-245044
-174108
275199
243155
-313558
-281869
188539
242679
-207531
-283185
129345
283257
-68782
-379909
117823
265809
-89846
-330394
118010
326882
-34655
-296986
488
355620
-22345
-378337
-51330
365499
44292
-385805
-136811
357553
134370
-327150
-109005
340620
130445
-270992
-138174
270475
110978
-240486
-137576
246126
171936
-256174
-226871
225867
165615
-206494
-256390
128086
275258
-151964
-233163
189834
264721
-93083
-234263
45574
302436
-100026
-306552
115091
260960
-63545
-289001
46837
231993
57444
-315810
-25331
307660
9845
-325939
-114829
288371
57931
-238577
-67507
224602
83602
-213869
-136070
176652
67697
-206831
-193454
248326
218283
-222131
-108889
200028
265375
-162410
-151753
161202
236642
-144679
-230816
106919
183008
-125493
-245965
67355
288972
-30259
-245699
-7879
182321
-34935
-231483
-12134
236247
-14685
-306773
-4231
225776
40866
-186852
-71464
209560
45287
-244693
-37198
212688
136543
-234078
-131237
181226
149199
-166608
-95681
200896
141766
-211627
-151825
157195
212323
-84836
-174781
129845
188584
-85412
-213249
120153
165138
-103808
-149202
39883
227157
-41741
-157617
46739
195727
15900
-164770
15486
234423
57945
-187573
-32398
219652
33116
-178674
15302
243076
23623
-109753
-97927
214069
78602
-132242
-71169
155398
106476
-186203
-180943
71618
127751
-145784
-46963
77164
114390
-103388
-176000
136319
135894
-151982
-132483
56633
86322
-45912
-173173
52841
238194
-32859
-143295
8646
144652
16666
-206717
-22871
119940
20019
-159715
9413
184472
58253
-123176
-44277
144369
-298
-102334
-46636
170190
131487
-206932
-109364
155860
112203
-198764
-119079
114489
171353
-106085
-114088
169435
51212
-90926
-124305
18764
154174
-26219
-159129
68661
190872
-55585
-119808
44360
93181
-46798
-161040
-17652
133332
65287
-89880
-45404
181189
2502
-164964
-53198
93063
26070
-108543
-28949
105603
21280
-122102
-79898
86825
24464
-204171
-53327
103242
115483
-117243
-82915
114663
165538
-86396
-117363
28440
104379
-57963
-144210
60623
167647
-49769
-168056
-66386
134384
-23465
-145042
12593
209017
-29221
-132840
-41877
158223
6413
-203743
-73994
145210
8346
-150034
-7206
105387
54275
-102177
-64361
155788
95590
-142639
-52242
55310
107987
-86130
-111641
33323
