#SpinCore Technologies, Inc.
#SF in MHz
#SW in Hz

[HEADER]
@CLASS=	RADIOPROCESSOR
@FIRMWARE= 3087
@SPINAPI= 20130917_x86_64
@POINTS= 600
@SF= 0.000000
@SW= 30000.000000

[DATA]
100560
-17688
-85284
48977
114925
-48355
-111985
31861
115979
42019
-136862
76124
118460
26278
-94430
-96666
141276
46108
-151184
-107484
154104
9374
-67424
-154473
78350
139227
-106031
-71648
88311
134571
-78310
-50610
54924
125696
-77602
-118115
60283
164601
-109798
-112053
35601
121036
-30573
-177856
56271
151694
-10130
-185898
6961
161347
1892
-145953
70989
181391
24086
-92633
374
140936
69037
-158162
836
132366
91404
-79684
-2031
126368
40709
-67656
-79892
209020
71990
-110371
-21455
106797
124937
-103947
-106977
126712
122709
-107112
-204338
64408
173060
-54910
-95348
111683
191540
-25009
-133647
-17404
76805
-36728
-182805
15042
145596
-42005
-147785
27483
141463
47982
-119215
-73830
184833
60431
-190730
-58355
130681
-28306
-164035
-15937
161230
49105
-227455
-75739
162188
112120
-173821
-101680
93353
192829
-99029
-105292
65083
151068
-99881
-138726
125775
176199
-22606
-170768
29532
112664
-89846
-195134
69180
169137
-64450
-165808
-9660
224670
36715
-198913
-37783
173678
39125
-255450
-29904
194565
49008
-168308
-18877
146838
101239
-136815
-56896
195813
93213
-136697
-114947
190532
165372
-111795
-143981
171101
137052
-152417
-150500
85305
133643
-111393
-172592
59952
211548
-55590
-173614
7216
165530
-21073
-187372
-2353
203457
45592
-230098
-77321
222946
51241
-273496
-14792
216623
69174
-218080
-51420
266903
47999
-187137
-93657
222102
65908
-246153
-130323
175610
71184
-141380
-80961
156134
184167
-106326
-185899
173446
172742
-183742
-212756
102038
168718
-116260
-235958
102628
182669
-75980
-278114
111806
255572
-84908
-277161
68971
235134
-57151
-247740
-1001
266639
35770
-192221
-71884
255005
46361
-268446
-68413
218630
121881
-227131
-117233
187674
99889
-226299
-137403
218570
173105
-192437
-198495
227281
211107
-160084
-189313
210872
226512
-214454
-214949
122092
242641
-120809
-245324
120379
264414
-124519
-281038
50987
256327
-28200
-337173
78779
315133
-45743
-267573
-32860
247425
-17089
-255149
-69756
194616
70963
-279689
-74068
242712
75673
-273168
-71524
278108
121064
-264107
-114612
262075
225458
-254361
-197129
235899
221647
-253154
-258164
202621
239803
-168762
-247052
142797
262716
-145863
-256284
140944
322988
-79244
-268455
80654
347389
-119716
-304292
43558
323200
-4926
-382498
-1065
416714
47188
-376226
-30520
369495
94775
-307609
-113103
367293
170551
-356328
-206696
350884
219914
-291097
-220858
315596
240315
-318195
-231687
265095
285116
-232696
-326064
212481
331299
-143011
-395410
200541
338183
-160646
-371554
135790
414781
-166154
-399140
187735
405309
-66575
-311982
85027
415229
6151
-444078
-6714
392169
28093
-368333
-100796
442425
126955
-416703
-166104
396114
216617
-455109
-236819
342557
248813
-367593
-262128
338685
290839
-301151
-287369
262221
339699
-327862
-355321
185166
336882
-207825
-353655
199001
439542
-145763
-472175
84694
444062
-68089
-444832
86861
435663
-42997
-436709
-86637
488240
30813
-534843
-105223
495241
37648
-472655
-159854
467539
189286
-546404
-217796
459375
258085
-459930
-328352
460794
298357
-388400
-339898
419436
401726
-360531
-387921
310324
476812
-320377
-468883
281766
465630
-226428
-501354
268612
544875
-153838
-515720
109625
563185
-74585
-518505
81445
553445
-45513
-513410
-76048
585586
-9782
-540595
-122006
534239
53945
-558591
-128737
570981
255209
-511656
-338667
470250
268929
-410918
-320171
447513
391221
-424154
-393116
415856
511953
-373937
-407908
328729
416311
-312544
-530673
296364
549545
-279870
-558852
161613
603582
-150456
-602219
109387
639387
-58894
-644609
32097
618924
67949
-578730
-85770
563148
103577
-673313
-185011
576659
231226
-593425
-299637
588944
285357
-575141
-401080
565216
409709
-508041
-458291
500262
472091
-391868
-492165
433237
479338
-392676
-565654
296555
645170
-287664
-612357
176130
622934
-192558
-661665
161627
693681
-160577
-657574
105944
723711
13104
-664103
-41900
652902
102413
-650310
-148784
634525
196587
-657999
-232384
586851
295932
-627858
-284015
579436
359200
-531646
-432607
512280
397299
-508069
-556533
452567
547001
-429045
-564757
373790
585412
-327775
-626681
299207
670068
-275624
-622121
213569
627434
-93839
-695397
62059
723420
-51917
-691648
-92819
729126
106393
-660563
-103083
754125
172471
-648196
-204667
614621
279252
-681578
-331037
630855
363562
-675076
-456172
655268
501297
-501958
-506708
517526
560028
-488736
-571161
448921
582339
-372202
-649733
356624
709121
-277595
-637928
245537
659799
-199390
-669231
161136
671959
-109431
-704344
10071
669075
-35918
-691524
-24044
702557
116815
-685594
-175097
660667
232289
-616563
-249511
595617
329352
-601211
-369272
531437
436709
-504208
-451896
532338
484475
-464344
-500688
413275
475553
-361402
-599707
336898
567361
-282823
-651714
260888
646164
-199782
-603161
223761
709728
-117496
-682232
64085
656961
-65842
-672580
-55265
715403
97640
-602619
-146714
600836
206006
-695345
-230379
627958
269886
-608320
-372685
571492
342772
-579093
-402353
613654
394459
-496341
-481756
427202
457802
-383836
-519021
363321
543775
-333758
-502158
281786
523539
-221340
-599426
176556
675208
-123207
-701121
64652
668504
-60597
-581090
9846
646810
49294
-598175
-66279
583881
149311
-578457
-80667
584233
197630
-571395
-252015
498282
251885
-522405
-335164
481068
303404
-462226
-373650
429681
409342
-376668
-436305
336148
452472
-329792
-449699
294320
471192
-247187
-541733
234306
515013
-138347
-519150
76126
487749
-30854
-557650
19940
539783
57730
-555174
32120
557036
117498
-533078
-127908
478375
116056
-543824
-150444
484175
248491
-497207
-255255
446285
273739
-420327
-339586
427032
357675
-369672
-411385
374810
361807
-295471
-392148
247840
417860
-263153
-421555
196198
435188
-152509
-437081
183285
443344
-162966
-442793
71982
511723
-48548
-439708
14770
483019
-23216
-501429
-56154
484301
49216
-465873
-123444
486397
126126
-451745
-195998
444012
248939
-382622
-194789
398974
195813
-389743
-317445
332219
378618
-255917
-270546
247074
269758
-248568
-331465
193048
412110
-110639
-408926
183890
379128
-123043
-395516
78538
455205
-50306
-365400
-9953
435821
66716
-386632
-13368
343750
29619
-438977
-118928
355670
60410
-387285
-121627
356640
152001
-268868
-161392
357483
203691
-341967
-287941
328151
243155
-281120
-200293
271789
308747
-251727
-183884
223903
260517
-204266
-231334
142901
344909
-150264
-413871
132597
299192
-55503
-310780
29761
328196
-16105
-293974
20246
300026
19196
-369821
501
293505
87014
-309869
-79426
348809
142657
-317950
-87196
310156
187296
-318847
-167461
281279
197590
-198431
-199315
279988
209274
-201049
-198402
195555
212552
-216249
-222376
119466
232117
-124198
-293258
47133
267880
-68480
-309416
105778
227102
-30338
-308434
-32012
259640
-24305
-291795
-3458
276268
-1742
-318416
-58223
334430
101079
-291890
-51990
305334
134102
-286374
-59186
287807
131868
-256077
-91224
227396
129320
-192493
-221961
192329
167166
-128458
-153795
200206
177552
-206246
-277308
77873
230623
-103901
-225296
126217
204919
-140871
-211959
131339
202917
-97953
-300013
32491
221580
-79879
-239619
8744
229482
65383
-292921
-93811
247417
17909
-190029
-19956
227880
133409
-169042
-107537
203437
76899
-190059
-102963
157560
145457
-201914
-73061
145192
147884
-103624
-147772
189160
174441
-159559
-167886
147479
181269
-87317
-171554
130356
204838
-85283
-208699
85216
258702
-33114
-216216
56702
224923
18330
-259013
-73216
204683
-2946
-199100
-41502
257243
60139
-153299
-51065
161045
136428
-116971
-143021
226496
112641
-123330
-112104
148578
117238
-200393
-144073
145714
109468
-146409
-173093
145417
186465
-105705
-121588
78621
130945
-103233
-237936
19330
111735
-57990
-139141
41320
252764
-10182
-153241
17867
162443
-19701
-189386
-65770
180647
-13864
-175409
-48466
131590
89901
-98962
-108776
158964
4093
-183751
-44495
140684
116378
-156373
-77141
99905
127544
-78504
-137288
129980
141644
-62455
-103738
118260
138503
-73231
-190968
144348
161184
-119457
-178775
81662
148278
-46725
-174781
7319
206551
-12007
-135772
56362
115722
-25745
-124322
-9290
153883
10135
-259326
27248
128704
110255
-185257
-53302
221667
38134
-156579
-76301
88412
102970
-185629
-135391
92925
125446
-33590
-125870
81999
107969
-112597
-95830
128767
138330
-103047
-138787
79089
212130
2870
-172329
21078
119778
-39179
-157697
-21167
181084
-78933
-111217
10847
169891
815
-181049
-8294
181364
16047
-94734
-59917
129714
20522
-94072
-51768
99279
31290
-96663
-104804
82973
55517
-117988
-88436
148522
102104
-87895
-48178
49841
92310
-90271
-93527
57742
97830
-17584
-107134
46831
112973
-10772
-154304
75823
135219
32953
-118748
-9596
192793
-45932
-123306
-40888
95919
7292
-165983
-62146
136281
27592
-43282
-24103
123874
20656
-139561
-62719
153056
