#SpinCore Technologies, Inc.
#SF in MHz
#SW in Hz

[HEADER]
@CLASS=	RADIOPROCESSOR
@FIRMWARE= 3087
@SPINAPI= 20130917_x86_64
@POINTS= 600
@SF= 0.000000
@SW= 30000.000000

[DATA]
-256107
-383063
2758
555679
-4319
-522220
-47612
468238
86430
-460708
-54964
443158
114760
-437499
-182146
375842
209649
-366238
-286380
335321
159479
-348346
-223121
291898
296740
-225676
-237409
169469
287718
-180291
-224800
105153
234335
-71797
-173442
54350
163363
-45296
-140230
-23425
124137
-11056
-141675
31222
178435
38967
-78811
-4355
103913
27311
-55353
-34110
12188
1198
-92005
-14960
-31322
-52724
-17906
-54255
2364
82502
-12099
-97034
88789
-40680
-13649
-94158
-34046
48204
28536
-932
-18401
11536
29052
2495
-8855
14521
29092
-37079
-55116
61807
17522
6656
-81206
-28419
5261
5386
-19359
-34970
82627
-10142
-18448
-72013
56085
45627
14050
45993
31171
28479
-50720
-69305
16788
-16807
-62475
-16994
113999
93562
-1221
-91782
52995
22336
-83667
-93879
3506
108063
1921
-27349
60641
99231
-9658
-113465
-55325
54318
5650
-156642
84847
97121
-122
-84091
-13618
104804
-15398
-47807
-57500
140359
48827
-74644
-10176
124260
40981
-103933
-88044
73593
49192
-98626
-73848
72794
161235
-44612
-62988
86967
59876
-56101
-19021
61454
144103
3360
-89060
66259
96734
-37642
-108121
34313
121389
-40387
-109594
9608
93996
-7305
-130516
75895
85796
-66047
-113235
-30645
163525
39387
-87070
-63930
181236
58922
-118978
-118094
137419
90263
-130254
-131488
137468
70535
-101738
-105331
87662
157512
-67713
-134764
84498
113067
-96447
-118743
54181
137718
-50736
-171289
76666
123642
-53217
-187222
34626
125831
5779
-119112
25838
157859
20809
-121740
9734
195260
75296
-167099
-48444
187854
63315
-174067
-1560
146352
82135
-129254
-45444
146260
96643
-104416
-110724
115053
82686
-100615
-127736
146631
107173
-61880
-149832
148431
85529
-67146
-94796
124652
101091
-99282
-175635
73400
134366
-18238
-128548
73909
181524
-66817
-153268
68111
133562
-61952
-179743
-24147
188934
63075
-177639
-95152
175520
21797
-180763
-39310
150697
83648
-178152
-88386
185011
106970
-160941
-147938
130209
142884
-163525
-184719
148620
153603
-136544
-136351
96366
153269
-74762
-193516
82038
140089
-89223
-127157
57863
236658
-17088
-249923
28626
282000
68367
-247951
-3325
205420
41082
-256205
-137671
199371
132179
-192653
-119699
208352
140409
-201773
-159963
222041
168906
-234850
-196281
224695
217348
-170013
-209482
169293
199372
-139680
-195436
129343
274285
-165998
-264465
149328
198910
-61596
-286316
34516
331354
18043
-316704
22422
332059
-15732
-235686
2432
330147
101314
-341844
-63077
288674
119330
-310664
-75997
285400
112603
-287938
-135918
283639
257469
-274292
-204655
275420
243668
-233108
-247408
180835
268513
-205965
-272607
237940
340905
-156339
-409846
149617
365604
-117951
-351659
85979
466958
-68579
-403283
43850
466438
-55873
-390018
-17934
452684
76301
-418357
-93164
431043
120520
-454397
-133524
420473
144883
-397621
-247526
420154
232873
-402918
-205203
390299
318577
-382543
-363921
378823
422556
-359602
-384835
313497
411562
-300003
-467578
336142
491629
-210580
-544138
282342
487594
-190885
-526838
107786
630908
-101935
-604948
49150
554796
33466
-610004
-62229
629673
68148
-569154
-93679
641349
151847
-632504
-240357
637659
238984
-569009
-318711
653478
355517
-621193
-368457
561694
431765
-601491
-563011
564975
563247
-527746
-549620
438980
642474
-435591
-676078
434369
774864
-359168
-738565
303301
850196
-283082
-894825
200924
818057
-76129
-865936
148541
891724
-15312
-948675
-68733
944173
148163
-948354
-146807
1044034
229227
-961598
-349980
1046185
354794
-997874
-519231
995149
587683
-945208
-619411
984710
721974
-890074
-814369
875839
950120
-914976
-963275
826560
1057572
-755825
-1117887
651355
1199553
-625338
-1221271
638781
1283352
-506475
-1358185
430203
1420904
-347312
-1485983
248834
1511192
-128057
-1539542
110393
1604548
43674
-1614971
-179339
1605702
303678
-1635940
-327528
1650721
541225
-1651651
-682909
1573044
785907
-1573452
-883911
1592325
1013450
-1570633
-1174321
1455688
1311256
-1397197
-1375950
1449409
1543828
-1286714
-1720228
1212145
1790229
-1141406
-1978749
1056620
2081865
-926633
-2161004
799851
2283968
-728071
-2341528
507460
2427322
-425153
-2538752
343741
2678987
-149957
-2672919
2907
2741498
195304
-2725265
-368750
2771096
546868
-2836400
-694937
2845120
905261
-2833178
-1071927
2811344
1211645
-2834714
-1385323
2720535
1487884
-2658689
-1766027
2578247
1858438
-2525156
-2044807
2423379
2185683
-2265659
-2314533
2251509
2399612
-2098049
-2409174
1915803
2524491
-1771465
-2606491
1645521
2713045
-1441396
-2766956
1415900
2795464
-1189489
-2827077
1018724
2872250
-828788
-2816057
723852
2850223
-542133
-2828577
364397
2780896
-175618
-2780427
-63627
2700021
184516
-2616587
-284378
2512335
447513
-2481917
-618475
2401137
746783
-2259351
-892929
2113171
1001558
-2038146
-1109577
1953544
1138007
-1872005
-1314163
1697817
1299925
-1598615
-1428360
1406941
1454358
-1275236
-1434851
1172315
1575123
-1144258
-1619072
845592
1621126
-734854
-1715069
667709
1709663
-491352
-1704417
414757
1705013
-330337
-1666339
184748
1694225
-76236
-1630621
-34988
1531144
118799
-1557106
-188709
1524786
345206
-1423205
-390308
1364508
543752
-1257277
-588559
1247198
647863
-1183219
-635751
1169305
783296
-1078638
-789933
904079
888126
-886354
-898997
860448
987904
-769798
-901146
734654
974733
-565051
-1101291
540044
1038069
-407525
-1042366
359385
1094223
-267583
-950863
220065
1026562
-159746
-1004668
9586
986482
-54182
-1029226
-39267
921264
201124
-900121
-168609
846611
263995
-862284
-328140
722935
297333
-734785
-363716
675210
419087
-653718
-455496
651322
556087
-536574
-543896
550749
603810
-439687
-577303
403043
559078
-366042
-681041
294326
584886
-291221
-684953
230504
643435
-154707
-638885
114280
572666
-87838
-663361
-9165
680943
34768
-593087
-40376
618306
131608
-619482
-178784
543388
160670
-559938
-136223
544977
207569
-525295
-300534
437602
321808
-494164
-335792
374295
369101
-370190
-333646
373078
368640
-256044
-402679
280535
355511
-232968
-396461
198545
483484
-183552
-480373
138055
440901
-107411
-433138
144913
385024
-63326
-435859
64930
448118
42404
-421331
-4793
395623
46514
-423467
-137385
430901
107471
-347113
-74936
307893
142404
-327567
-177847
253623
222418
-283615
-280690
291944
199486
-230816
-278891
204992
277760
-226530
-285411
220442
330831
-232301
-349569
125549
387059
-97285
-298514
37668
339477
-63206
-348785
38054
326199
-32763
-302186
-18324
317431
16089
-278064
-42376
288478
95146
-331326
-84195
224929
74330
-269328
-163844
241703
125008
-257124
-139216
216886
188923
-194466
-231363
224821
238197
-209429
-284287
121793
274275
-126982
-210937
134602
249911
-124739
-239987
81809
214097
-98743
-226843
16043
233797
9514
-180441
14146
244799
-34805
-228004
-24709
212080
64862
-237683
-76625
159683
108670
-152448
-82839
228039
96596
-154146
-124155
169120
82038
-122042
-125215
160159
119584
-137930
-177249
132576
180290
-96070
-167593
73774
205335
-83425
-226068
21859
130171
-45763
-163291
21856
141966
-35194
-173215
62267
180554
-36328
-172481
-21712
214835
13848
-207128
-31562
152629
89163
-234396
-95282
139273
39598
-139223
-70785
217266
43698
-156403
-97857
118155
107343
-139653
-72511
97478
153246
-140521
-79150
178529
147711
-55358
-113534
72190
150659
-125444
-135715
105686
120694
-55483
-133661
99900
227539
-12538
-154592
38443
147070
-17868
-80241
29134
165312
29911
-154806
-71926
135623
47941
-143537
-68792
168721
82385
-83979
-17847
24008
85287
-111775
-74945
125585
108626
-80223
-76835
69918
62803
-111560
-73240
97506
141902
-105997
-107484
62923
75512
-21197
-112592
24080
93779
-13725
-122332
-24916
93884
-55881
-122764
88068
118333
-4241
-142046
58281
66215
-1750
-84468
-64869
90172
-2545
-125690
-7867
138957
18754
-194348
-48965
137609
36428
-109325
32267
107706
62109
-64529
-37486
54981
43968
-14910
-114243
62266
-14301
-71753
-34685
83757
60014
-40094
-69616
50019
68715
-80620
-58933
19909
76734
-67667
-34915
22179
40897
-25746
-75511
35617
45413
-49155
-55715
49541
57753
2858
-98654
-58046
56125
-18223
-110738
7687
31024
-51121
-54974
30490
3667
-27145
-39810
6068
39944
-39427
-112612
44179
148972
-48590
-103414
17675
19198
-11247
-69876
-3396
18649
50742
-75839
-5093
-9784
9267
-46305
5341
-19690
8356
-73320
69571
73448
37843
-82198
-16064
64771
13157
-93079
-10938
111119
-32643
-57267
-11785
16811
22925
-78230
19780
42805
-42091
-52818
-26821
10004
-35561
-100321
4472
67718
-12887
-98251
37337
122863
1556
-74847
22406
72674
12834
-72289
34693
89994
-8139
-130098
10322
138315
59140
-133162
21368
108129
17526
-59265
-18232
88770
54462
-156343
-69084
93937
67713
-193784
-47320
142968
129214
-122298
-54366
102533
93446
-133734
-89452
91467
103594
-100415
-152214
69411
77509
-93478
-105555
12877
112648
-139830
-164887
121219
167848
-41061
-105703
