#SpinCore Technologies, Inc.
#SF in MHz
#SW in Hz

[HEADER]
@CLASS=	RADIOPROCESSOR
@FIRMWARE= 3087
@SPINAPI= 20130917_x86_64
@POINTS= 600
@SF= 0.000000
@SW= 30000.000000

[DATA]
32622
-6604
-13125
-21714
11115
82727
-72035
-51183
7042
12904
-47142
-26257
41835
70301
-3291
-9575
34912
12615
-23118
-49024
-31638
80215
24201
-42411
23124
75426
31130
-53153
2862
48294
17380
-22592
-70503
75417
-22552
-57914
17314
-4484
453
-28633
-59147
43108
135319
-30031
-23516
62058
15286
-54434
-30604
35675
88133
-52289
12686
1692
79337
-24215
-40248
63714
32744
-32689
-16530
-29135
125606
-48774
-74270
19393
74019
-52183
-88301
19212
69084
-31798
-82114
-19140
102094
17225
-43909
-56923
19706
84997
-98563
28058
92978
48045
-42764
-8295
89398
29175
-85722
-42074
76618
85711
-47114
-39132
92736
45299
-34708
-82894
26965
95981
-56149
-33158
9428
117647
-11661
-99914
91431
140522
-66581
-67925
4332
51776
17696
-59397
-9757
112539
-8701
-44821
13343
114640
9206
-65653
-66719
60554
-8359
-145163
-57182
97547
64278
-123875
-48148
81894
21367
-103592
-64359
81606
69443
-109124
-119873
152582
123552
-13378
-96984
75041
119007
-83746
-67004
74291
79428
-66426
-59646
78735
95756
-4803
-95068
53205
78212
-52137
-43487
21462
53347
-58271
-93846
87363
71837
-50373
-107638
-32060
171634
48975
-118918
-13467
86923
-2157
-68598
-34139
93826
56136
-103148
-57947
90970
29988
-111323
-87704
90464
81789
-25050
-58649
103277
63200
-52361
-63676
-21968
84313
-64295
-82880
81010
104480
-24696
-80746
71187
89235
-94380
-70222
-2541
123308
-47388
-169282
1333
113494
51810
-38859
-70779
144887
21952
-138910
-33962
73087
47326
-188601
-29066
101387
2043
-121520
-74916
154960
88309
-102070
-54405
80275
78232
-153657
-101265
132612
89501
-77799
-87133
76903
120103
-68922
-141737
17654
136673
-35917
-112119
66090
123847
-28181
-166599
28830
147882
-8702
-128988
34562
173779
8880
-145165
3278
140316
23960
-111763
-11148
183284
14769
-175550
-6390
101531
-2943
-94402
-84002
190290
116435
-80119
-85437
103115
67610
-105938
-123307
127117
123420
-103439
-140462
102693
105529
-52556
-155466
17482
167526
-57453
-179193
103418
165014
-6410
-138664
22746
220724
-55216
-202610
37729
167483
71344
-173733
-73684
230177
4934
-142297
-132697
228352
106567
-173303
-131598
172947
87202
-171111
-170800
121263
140366
-185922
-166957
143101
199428
-140733
-174579
138906
226016
-73794
-222052
99999
170066
-67039
-190274
38925
237744
-80266
-218989
34385
228808
1222
-192558
2611
209293
22538
-211733
-29234
220240
45524
-245962
-19245
257727
104067
-247376
-96732
198322
95090
-223863
-168759
181426
105082
-182128
-163751
193651
139768
-207701
-209601
189879
212571
-153676
-223189
108864
245684
-103230
-247523
91057
276992
-62371
-307425
71268
363265
-81426
-236859
29902
277547
-34544
-297894
-28031
347308
63957
-376950
-59696
335304
58661
-292528
-124637
293434
130137
-346793
-138613
309138
152527
-323694
-185812
252280
227666
-300662
-262438
264169
328423
-259126
-290848
236393
322596
-209131
-359236
173682
367343
-255873
-386123
150427
374466
-117793
-379045
146908
401171
-4197
-486979
-13135
473772
-7931
-409035
-26562
425749
14347
-403101
-27566
460628
143805
-444866
-178061
472822
164025
-430414
-197512
374412
225934
-454457
-287908
406339
301585
-333302
-362012
406569
359912
-358040
-413348
343668
495328
-301556
-443979
269540
505229
-275295
-540684
252949
525155
-149582
-603306
142988
625747
-98177
-669763
118889
670337
-35591
-707489
9133
641761
38095
-725072
-132925
757807
169990
-722143
-224378
696723
238754
-703012
-331371
709980
407917
-719877
-447416
696792
490474
-660276
-486641
662746
694679
-586296
-702568
585882
688724
-556784
-791342
510744
850239
-491528
-889359
444996
949252
-437500
-952854
317442
1057191
-250831
-1094174
255972
1076229
-174744
-1103591
152907
1163715
19259
-1124454
-108423
1231957
174769
-1172429
-267402
1192483
354409
-1174656
-444060
1188241
617660
-1179720
-619022
1154097
749007
-1149341
-864257
1072415
930651
-1095016
-991954
1004163
1094942
-996339
-1167554
922479
1262984
-890122
-1352475
784779
1467767
-679645
-1502605
687729
1559596
-536992
-1649324
472894
1696227
-355308
-1807762
200807
1873096
-163001
-1853224
17844
1881936
99636
-2016071
-214727
1986591
316767
-2005344
-389463
2013114
591475
-1975088
-645569
2043429
801083
-1985146
-873794
1972051
968511
-1905817
-1121656
1904837
1225718
-1784610
-1277032
1772053
1483050
-1643750
-1493197
1634507
1629882
-1565399
-1706963
1475418
1706142
-1307268
-1787818
1201550
1840564
-1141614
-1897749
985338
1950612
-900012
-1998995
765204
1924831
-690861
-1972514
504548
1948244
-438436
-1954998
320158
1955014
-206274
-1897258
70609
1962501
19407
-1865929
-176014
1773367
256912
-1740838
-348278
1729170
396247
-1625787
-595989
1571962
693625
-1421162
-789843
1428289
797855
-1382865
-840892
1188165
971333
-1142023
-989101
1096842
1005925
-948251
-1044744
906646
1079193
-826559
-1114538
687907
1161335
-584770
-1165350
523904
1196905
-442711
-1232140
351286
1225503
-324944
-1187833
183972
1188648
-149210
-1136795
-3839
1136988
99099
-1040427
-113253
1100818
176928
-1076202
-253041
1047328
350135
-953570
-429618
885003
479882
-964780
-503124
805050
574973
-735474
-615892
758548
542305
-678927
-604972
663239
716665
-530357
-672119
470412
611188
-512806
-642116
453848
677898
-406981
-701665
302944
721664
-215552
-705716
163692
717050
-64813
-709070
58755
722528
17616
-636579
-43865
644601
41674
-645355
-41181
641654
121842
-617710
-235844
620262
199585
-583891
-224604
541717
269928
-441148
-304005
467012
334286
-366062
-400818
424309
345815
-332034
-412300
295144
426500
-254718
-490598
309398
405542
-219532
-415782
203302
446279
-119386
-474173
119958
550574
-43993
-432082
20996
444622
-35465
-515463
-20526
427528
17273
-429716
-46071
463475
100554
-378278
-94611
355222
136741
-403608
-227192
337044
242651
-327617
-246384
327531
269719
-297797
-289291
287692
256450
-201822
-315389
236614
271492
-173706
-331246
179143
295065
-150635
-297795
150722
312917
-107748
-395217
89282
312669
-88903
-323904
89710
353586
-38531
-289213
-21147
324279
46395
-271477
-75282
281256
70460
-284787
-83671
280163
109745
-240916
-75905
265176
149097
-227774
-130694
260747
145594
-144995
-168257
221767
233357
-209263
-229030
120763
201218
-135957
-260606
217484
259630
-60452
-193140
43917
125904
-89423
-230998
-10268
191276
-34477
-247441
-19781
223165
390
-229254
-35901
151774
31971
-178109
-34071
166606
128323
-236422
-90740
201187
140469
-163914
-149702
171953
123473
-162481
-140928
177679
164244
-77433
-175019
158662
147874
-134156
-206265
92910
224018
-51709
-126268
106797
122689
-44267
-151373
-9857
172922
26698
-162281
-27277
147231
27108
-112425
48083
177245
-9388
-153939
-47307
181819
-47310
-114483
-55368
105380
69456
-198178
-68943
187313
97124
-131002
-69228
99501
151232
-117614
-150575
48690
83341
-105885
-96573
68791
111003
-51943
-152902
27059
129719
-63042
-83911
40665
155026
-32960
-146417
-27007
141127
26257
-180602
7625
185380
75489
-113797
16004
206339
-13378
-166889
-33166
19028
24599
-162860
-106425
98243
86377
-119580
-42041
69523
70122
-53904
-120139
119312
117183
-128958
-96644
90510
46648
-89884
-95658
102230
53786
-48921
-132694
95757
150241
-10672
-148207
38651
130491
-39351
-90022
9890
154008
29707
-120712
-29233
128859
-22685
-100045
-27584
121949
56410
-156040
-38021
111784
93852
-173999
-882
73021
71261
-83942
-47815
64710
33198
-55717
-141643
153594
60548
-76987
-27378
45433
41015
-18829
-88427
74954
27580
-59929
-76272
22276
176635
-95885
-140200
51165
70462
11735
-77244
45423
137710
-79129
-78672
-17895
64786
30763
-118506
-11573
89567
7330
-124210
42756
77446
62674
-31877
-20520
42827
81574
-81698
-53266
126496
95521
-75716
-34023
58447
66946
-71569
-52090
88398
89628
-102007
-102423
72731
117963
-15701
-71346
44245
147258
-12908
-144818
-24864
83524
-33951
-93876
67986
150155
-46054
-79419
10310
102352
4920
-141444
-91930
97022
-77318
-41765
-10850
104168
-14305
-43199
-47035
56155
25227
-54707
-16665
111487
19937
-59670
-78890
43047
38578
-134326
4421
85283
61617
-27096
-72955
398
79822
-20817
-14503
23666
92993
-41738
-61486
21257
64269
-30093
-90707
14797
70849
22648
-60979
202
409
25829
-88639
21889
28444
19992
-57489
3211
73917
39555
-72263
34000
111252
-26151
-38177
-15779
89903
-15410
-64075
-26989
61378
44681
-51161
-58596
-10178
432
-78357
-70939
5416
-13798
-20091
-67214
35284
13941
-29910
-7343
111014
100258
-97774
-67489
33851
91036
-1689
-50713
-10707
-8118
-25961
-16786
35823
44385
34704
-84277
-12885
30111
35504
-81761
4904
56395
5302
-61932
33171
83873
34997
-30776
26933
112443
57292
-81198
11447
84382
44509
-25912
-16544
57110
43894
-58007
25653
10641
105799
