#SpinCore Technologies, Inc.
#SF in MHz
#SW in Hz

[HEADER]
@CLASS=	RADIOPROCESSOR
@FIRMWARE= 3087
@SPINAPI= 20130917_x86_64
@POINTS= 600
@SF= 0.000000
@SW= 30000.000000

[DATA]
104543
25455
-113413
-61412
34877
88855
944
-50963
-207
40621
-6860
-91581
3384
2120
32487
-74269
46246
62850
6409
-121270
-23546
84582
27121
-92489
-10972
108107
80541
-94282
-27753
94304
-23926
-66453
-35292
59578
46728
-38337
-20857
27649
14835
-93730
-51971
92070
2877
-37711
-88754
65057
56250
-36815
-69179
115482
152334
-44226
-44828
28510
73362
-21040
-88573
81242
84811
-8314
-108069
2263
137336
-53396
-71575
17405
92252
-12662
-35824
49053
66498
40411
-120538
-2873
95667
-1916
-106403
5122
106421
21339
-108905
-67529
94760
90205
-119841
-39992
51081
-16963
-123968
-92480
78932
46944
-139738
-71203
66526
35194
-13544
-18860
54845
12356
6166
-144403
18043
115823
-57907
-57679
41816
90481
-42077
-59451
-463
104081
-33996
-111380
20309
114522
-9659
-106540
25416
81714
8944
-85575
-69268
41767
1645
-77413
-9387
123447
57358
-101134
-15210
55120
72943
-113155
5197
97239
113884
-43480
-116512
73418
86024
-88864
-59732
118810
96230
-65729
-145575
74615
121250
-60366
-94447
64825
116427
-37971
-58983
19837
135858
35264
-99064
39416
101755
-8475
-93947
50329
112281
16793
-58831
-16200
169884
-7652
-109116
25403
131424
-4386
-128228
-27440
164848
41687
-128925
-51199
87012
62903
-95214
-115765
62846
13503
-86388
-85693
47400
143774
-45629
-104681
85104
35653
-19607
-199189
60007
78779
-78956
-112775
11202
93684
-57595
-111133
25926
128027
29382
-122625
-52783
127738
23488
-109025
-20395
126407
-14944
-116410
-52480
119711
81118
-135366
-115185
77535
102855
-161902
-97406
93542
121511
-134159
-161762
125837
34080
-136137
-201726
89641
84709
-9531
-60853
79576
116930
-106369
-100770
64268
116974
-60071
-143098
29312
153338
-28238
-95177
45319
127248
-23982
-149154
-17635
117400
30193
-144421
-43713
180477
45183
-150004
-68189
152693
6090
-145850
-43811
76815
68757
-139849
-94777
122085
113542
-137517
-51522
121663
99694
-84913
-67285
87222
161679
-96681
-84250
85896
181836
-124600
-162958
69811
171664
-4216
-230861
21651
112936
22782
-159228
16219
198967
-38554
-196193
-64499
185827
92177
-166666
-38227
187236
118612
-141380
-36093
171007
112729
-175458
-92532
136540
119270
-137738
-130615
143897
171047
-189297
-204714
65190
168377
-100103
-148006
122908
187494
-61435
-195897
80382
220339
-118326
-181295
52552
227320
-1385
-265149
48146
237853
15084
-271626
42845
245312
31592
-287706
-17413
242076
70242
-192794
-89632
272247
99361
-174215
-74329
229858
140162
-234365
-141388
221754
102010
-203191
-246151
236953
235390
-117772
-241576
184951
260384
-168590
-219624
67517
242069
-121664
-308438
130325
253145
-110857
-345357
31112
261868
-55347
-324592
-5460
302427
-14029
-349107
-53178
296443
57896
-333545
-45608
303689
120532
-342819
-160875
360137
168352
-302223
-147114
332791
232920
-220566
-255833
230727
290686
-249669
-201426
273295
289523
-228462
-349682
210573
345709
-193253
-289380
249671
402973
-190528
-312649
190094
396740
-111113
-424070
48748
424645
-92492
-468407
13822
364834
22851
-453095
8958
457459
29640
-487820
-76224
467931
134890
-431850
-98111
435062
215918
-536224
-307441
471340
273707
-398329
-293863
400831
344688
-441659
-361629
371895
462433
-339046
-418323
374648
479925
-343525
-534175
252407
514692
-211054
-547314
195714
525888
-156810
-585161
165228
657690
-116855
-631070
30733
675872
-30223
-659319
-83710
696183
113878
-684428
-132149
680088
225645
-691476
-214817
730902
302510
-750762
-312896
710629
377253
-647604
-505460
696170
528570
-648827
-630760
658696
599656
-574349
-672612
604916
711471
-476525
-741685
468483
797631
-422544
-856428
416518
959740
-329811
-922298
258522
961923
-221792
-1034019
227627
1031768
-123845
-1066381
38008
1013247
31799
-1061515
-152389
1113672
222747
-1119476
-222842
1166023
363295
-1108403
-418895
1084159
526910
-1141279
-590027
1084088
631161
-1047210
-751729
1015231
841182
-953249
-905092
905270
979471
-946214
-1104409
880378
1230305
-829856
-1286454
671581
1328222
-636850
-1356846
581842
1429106
-427358
-1509324
422184
1519025
-273035
-1575998
243226
1720775
-154104
-1617505
45405
1673103
24161
-1680850
-133209
1745947
262793
-1777385
-377918
1783708
468122
-1778100
-572888
1750775
686655
-1712608
-775648
1702247
922977
-1595854
-980976
1596594
1071445
-1553463
-1181068
1471030
1274771
-1433057
-1383545
1365916
1383651
-1233112
-1440289
1194304
1526801
-1156966
-1581341
1038608
1572732
-933958
-1593922
818449
1710732
-773068
-1736531
613317
1725985
-520106
-1738984
417121
1758940
-305388
-1731466
213422
1765957
-20826
-1669106
63935
1666620
71011
-1698421
-203049
1608401
239806
-1523367
-314711
1502987
488810
-1438178
-489700
1409686
670644
-1324732
-692861
1234443
861779
-1215571
-806542
1126155
869508
-1043987
-914596
945679
993693
-928415
-1011205
828792
1078856
-692304
-1075777
672175
1080550
-580914
-1062851
448241
1108793
-403244
-1131218
298791
1116260
-246764
-1072224
168901
1084944
-3928
-1025763
22404
1152418
100207
-937574
-200170
996241
191180
-953679
-271482
939454
305558
-959536
-334289
883049
467460
-811630
-509102
764000
551897
-766122
-560485
640969
582201
-641715
-594892
597646
606034
-509574
-656692
487825
697908
-411688
-688055
360998
670447
-310081
-716955
207610
699897
-202524
-745577
200816
671714
-125943
-717757
91027
684808
-2725
-673237
-8525
547377
64480
-598944
-126693
605650
94105
-599124
-235196
570282
266865
-539558
-290078
533879
263006
-511642
-286745
468879
314540
-395221
-367254
428358
400436
-377552
-465699
354624
421102
-301482
-469919
282888
498546
-178922
-477712
196650
494765
-170083
-512031
153054
491076
-52035
-474432
31832
458539
-45386
-431199
-4297
447624
31049
-438688
-24481
419005
95546
-385310
-145030
413098
112184
-311306
-159770
358016
195700
-370472
-257452
288746
230002
-283176
-330574
276715
244675
-290875
-291814
228452
282045
-208282
-258211
133795
280316
-101362
-307977
131704
310725
-109139
-294250
112238
299860
-74017
-352677
46148
361818
11026
-329201
-13298
325244
-3654
-334566
-5176
284170
57443
-272147
-130185
306669
94773
-256221
-59288
233591
91205
-227337
-160191
200122
134734
-221797
-98967
193781
194021
-165097
-198612
153993
220333
-165794
-248220
127835
154782
-126250
-178680
150969
253464
-52932
-233142
115901
232393
-41431
-234413
-20763
317577
-13173
-218293
-53254
252296
47031
-191800
-58307
199642
76219
-198544
-124159
185306
131105
-209364
-61590
133461
109466
-202628
-130353
131687
95968
-164073
-84294
176508
166258
-152247
-103993
136662
174288
-78113
-166961
90782
184430
-115164
-187123
49101
248443
-32100
-187629
46403
206184
9223
-162630
21124
197195
72395
-271678
-39243
126549
50241
-186176
-58312
187468
66787
-135417
-43377
89230
36778
-93725
-100928
116426
86533
-115991
-88522
119934
119834
-48515
-87163
145833
97245
-97716
-127666
73312
99855
-120410
-136753
31319
134945
-53177
-116797
62550
86602
8348
-146208
31379
65729
-40306
-160912
34753
140501
6468
-161506
-5073
141800
46096
-148798
-38189
112641
28009
-98694
-99866
175852
37165
-141324
-67255
96373
75000
-54003
-62492
54934
163295
-129019
-154790
33107
97054
-41011
-118753
86264
21386
27005
-132480
-22016
128134
40726
-106950
-17542
118600
-46691
-79907
6401
153341
-37441
-173631
-32708
164665
5225
-162112
-41038
143878
58687
-107646
-40740
202171
71857
-47628
-49879
25469
84774
-111144
-46428
114047
66486
-157018
-84125
90185
63256
-15560
-128177
137710
97786
-56987
-47181
66651
115335
-54228
-85812
54984
118831
-30510
-115303
46267
172363
-64871
-95975
12113
98202
-20730
-114314
-13854
135248
44563
-134330
-72610
142037
81953
-55295
-4513
105339
52107
-82238
-74349
86998
100440
-81586
-70917
29226
22283
-79644
-63760
71749
16466
-47858
-80884
42446
122452
-131150
-78480
60083
110961
-93658
-101432
4127
71375
-16316
-134255
31797
117005
-15119
-37931
-35244
70645
-26149
-943
-10854
132500
48250
-130295
-41850
109216
50905
-93249
-70678
59554
1234
-106959
-67197
93683
39225
-78975
-59792
58980
62529
-40525
-33293
43375
113933
-117722
-45490
58868
81186
-84810
-34465
24337
39173
-46209
-74336
92352
18809
-35002
-74215
24610
118395
-24143
-69823
10286
28159
40472
-54804
2423
27037
-63232
-61174
52421
47509
34880
-99543
-49970
51494
33916
-84907
-1823
116398
19406
-97332
-46459
57132
87377
-46732
-56684
85997
17229
-53684
-28205
76160
50420
-22573
-42078
70976
37628
-79879
-42051
49051
83456
-82462
-77095
66210
59794
12174
-120621
47082
77066
31097
-70128
33311
90932
-3379
-46531
-70466
52426
4241
-104203
558
61375
63327
-119276
32553
80219
32206
-62926
-113122
54652
44121
-80197
-24403
82763
18694
-45727
-66610
72364
31694
14583
-19507
41963
20952
