#SpinCore Technologies, Inc.
#SF in MHz
#SW in Hz

[HEADER]
@CLASS=	RADIOPROCESSOR
@FIRMWARE= 3087
@SPINAPI= 20130917_x86_64
@POINTS= 600
@SF= 0.000000
@SW= 30000.000000

[DATA]
57844
40352
-62619
-83467
64193
44100
-58160
-113958
56207
91845
7053
-6205
50478
38328
415
-41087
13677
114577
20343
-35964
-4895
119526
27030
-54875
29332
100931
64955
-27402
-58469
13058
28582
-67030
-48071
106147
99688
-60620
-44596
48206
6514
-81814
3328
64540
49374
-45778
-24515
65916
82184
-73417
-97335
52028
75379
-76571
-106249
61991
74168
32188
-106528
-5311
103946
-11673
-110330
5967
71823
33997
-105368
-33899
135420
-29931
-73849
-67297
142373
-19383
-90586
15587
89598
67428
-88559
-61897
62657
3759
-64703
-24347
88971
96381
-51590
-90708
85272
47262
-74933
-82621
133600
126132
-79622
-147563
134128
39285
-81215
-79367
64917
37281
33048
-123990
30146
48470
-41823
-41223
11160
188764
-63405
-115618
-9021
130122
-54724
-85423
29639
97482
53190
-126243
12377
101662
15929
-153464
-22843
169432
35418
-104349
-49556
85965
16105
-75087
-22461
110418
37429
-14905
-96912
99456
106121
-90193
-81381
101474
82908
-104071
-124966
55960
98355
-47476
-151722
106441
133684
-81423
-117071
65565
104511
-51936
-95446
52142
98229
14520
-129177
27323
79309
-3431
-127631
36117
143404
-14287
-91978
-26182
65159
21782
-99133
-24517
106579
22292
-72715
-78467
78353
40802
-17203
-94844
76671
77295
-93654
-63698
70514
43453
-70332
-89517
19831
137561
9121
-108682
51920
77533
-47727
-99359
-4157
138801
-20337
-100931
106535
173501
-45774
-112372
10511
139918
-12520
-129673
-25030
129557
27342
-177862
13306
150501
44639
-32829
-33357
124312
42086
-83398
-123059
176772
65275
-97107
-33281
139603
81191
-104951
-52261
111327
101028
-102106
-75006
118024
144289
-89188
-172843
27889
167433
-45265
-155940
101253
133487
17405
-167335
25812
209919
-40740
-149385
13641
199095
-34439
-166810
16738
115393
-25448
-183998
-27448
149036
60119
-88701
-19257
134283
80541
-88972
-133014
144505
20298
-87943
-99140
101125
143021
-120415
-113010
131196
101444
-27734
-140739
86576
109333
-86395
-146441
81485
104443
26443
-130086
45465
135343
-33955
-109392
40419
186093
-74076
-200553
-34785
195471
-32844
-152486
-41001
141815
87201
-158709
-26638
183185
69473
-190027
-55657
151531
118918
-163859
-127921
104425
148930
-189566
-72789
121147
161768
-148954
-121695
148393
175793
-58093
-161251
102818
192738
-89970
-226542
72577
196230
-102985
-226372
53649
192643
-52781
-233838
15026
193714
17431
-232242
-10944
215105
63606
-239500
-64043
214076
41000
-224354
-90750
235507
93321
-242121
-121555
199006
83834
-219947
-147293
221468
135329
-211044
-228251
155311
160277
-136604
-176408
154201
219048
-112009
-241347
146411
300190
-120814
-292660
65835
228086
-79768
-244504
-10221
357217
-8278
-272939
27908
317961
8842
-307249
-96313
292604
25964
-361052
-50922
289654
58723
-356034
-145167
399809
135200
-287303
-237431
338795
226739
-262217
-211217
292502
216172
-268500
-247898
267533
268608
-262462
-320261
220667
321587
-134748
-372114
200796
425354
-128060
-330307
159316
297770
-115969
-353149
115770
388218
-66784
-474355
-40900
435136
46321
-416428
-37079
468198
105949
-478324
-92356
484946
138495
-465322
-162652
436583
187526
-468669
-232349
476139
211634
-435425
-277448
422666
294136
-378416
-324448
354033
448416
-303424
-401937
318495
383803
-262800
-502550
280687
556722
-245146
-509167
160278
619232
-138910
-587734
122581
588253
-51023
-622177
68990
640916
8434
-586553
-44877
639412
127066
-751015
-61546
693502
158905
-703857
-146992
658055
252715
-677343
-286441
704911
361693
-653940
-427084
632117
510498
-600641
-597855
593804
544836
-584631
-643473
621628
745242
-520435
-774287
494367
770424
-444580
-903611
402593
898279
-340306
-911202
333026
969163
-233388
-990085
118240
1065343
-103303
-995959
31922
1043006
79159
-1076766
-77483
1149328
149529
-1181321
-253241
1092583
273519
-1070936
-406644
1068618
481608
-1085593
-574028
1086443
646484
-1002807
-673520
958455
778487
-1025937
-896353
938593
920758
-906299
-1013615
798780
1054384
-710335
-1124433
697018
1197258
-641066
-1272191
552992
1317075
-552918
-1393315
437159
1398106
-342181
-1469173
247702
1502911
-128972
-1592372
72103
1552875
-41962
-1565671
-82836
1578715
210329
-1584121
-314905
1606636
407242
-1693225
-466037
1593673
597741
-1545112
-644121
1494414
749713
-1497410
-903713
1465052
936412
-1388568
-1017413
1333016
1073323
-1291913
-1159746
1268335
1264588
-1155592
-1322130
1110978
1350640
-1014329
-1443904
976479
1466121
-832080
-1440307
766716
1545722
-654931
-1539423
530121
1496305
-469288
-1567516
414421
1634732
-283509
-1601549
196830
1586031
-99025
-1557909
29877
1500986
86038
-1603132
-138425
1477811
288224
-1487022
-295982
1418843
411255
-1302383
-449375
1272871
551791
-1299918
-622716
1155619
695817
-1124286
-742713
1096652
818185
-992758
-837743
902036
945296
-920421
-948895
746277
897771
-708529
-966637
560163
1051320
-471164
-1047713
450563
1065503
-367611
-1105297
328136
1037107
-243338
-995365
129999
1084050
-57118
-1050471
441
1013734
109412
-981420
-102759
964834
229278
-990267
-211148
931107
321734
-887710
-377700
802040
432499
-783973
-427394
738636
482175
-716628
-504897
683353
569931
-578918
-590002
558149
619992
-556911
-598468
463140
636944
-450814
-621294
392938
665662
-324231
-717304
357476
660901
-260095
-695350
183459
721387
-140337
-717894
51616
684986
-77614
-663116
31441
663573
97053
-633943
-120097
539554
194097
-585705
-186384
620033
183587
-553829
-225282
477652
260186
-468665
-288562
410600
310658
-404801
-298248
394424
398786
-339448
-304595
371073
423563
-305451
-377418
292050
443794
-249596
-414931
134639
438742
-135239
-426959
121215
533571
-70549
-436370
64931
416240
-35250
-397057
-57367
430566
37396
-419823
15508
391083
35739
-372548
-121567
407290
138243
-419758
-172203
344909
209126
-386439
-144908
333062
212601
-318961
-239004
263213
198285
-237190
-268197
188473
296154
-259250
-278867
184315
312357
-173235
-289295
198436
355810
-124888
-297197
99267
237792
-128007
-329207
68558
374091
-18889
-309279
58028
307566
-32311
-356678
16666
282648
57560
-288909
-139291
302921
68823
-216069
-96611
278830
66905
-200996
-119491
186390
163530
-182204
-114253
199714
185732
-225388
-136053
186928
270558
-156955
-227389
22895
266482
-113420
-175958
107479
226914
-70503
-234826
61426
278860
-66120
-178780
58192
231762
-36753
-227792
-28645
194535
7514
-222287
-37544
200550
87205
-245019
-47808
163052
86839
-280315
-112032
151565
66934
-253581
-100451
157888
154090
-224031
-194288
211801
167410
-165612
-178443
55110
158143
-122612
-197454
105010
131805
-78113
-161250
44242
125881
-131548
-154554
34441
122618
-16493
-120326
19768
139378
-2277
-115345
-33714
142182
30870
-150756
3104
140000
71294
-165843
-102553
128392
52908
-104754
-57746
169036
105954
-140802
-51981
104935
95697
-25520
-176563
88202
116527
-73166
-104712
50236
108197
-95
-175901
49397
153498
-72188
-137188
-7946
106674
-88364
-166013
-38456
135979
-57318
-67274
30373
226586
6538
-52374
50156
134130
48800
-164827
-55754
154261
34347
-113035
-69027
128931
101223
-142588
-14167
119876
80250
-88462
-85425
38327
120441
-134506
-123724
66590
154629
-81399
-142900
73124
116008
-98773
-90929
65390
137272
-21078
-87073
64447
173694
-5031
-113966
45581
163106
-13587
-86059
-18753
189079
-19172
-140212
-39600
134185
45215
-165373
-58162
107722
127289
-129610
-3414
94328
68531
-191156
-26862
98785
42929
-69387
-44728
58132
62195
-85573
-49712
35928
103061
-50566
-113660
16255
148764
-43972
-125493
60366
123718
-47971
-117684
-12441
114192
-8652
-139685
-29775
66576
53628
-128052
-37463
134388
93127
-37279
-61579
147023
90660
-123434
-56252
113310
-6876
-126250
-37069
21116
67237
-101301
-89440
86819
40426
-77945
-49028
60254
86122
-94665
-33118
24441
67965
-95627
-82456
64535
90196
-89487
-110285
76313
138570
-43361
-99946
74333
56084
-58671
-99486
76941
42874
-15810
-75397
-13047
29202
6518
-93719
-51164
43331
36043
-62664
-42438
194538
-26954
-82770
-23938
88932
55319
-55942
-78696
97406
27346
-61951
-66420
56555
85327
-3221
-30818
77227
62678
-41492
-120634
42127
80481
-62261
-39776
18869
34213
-23887
-80569
10827
87743
-60697
-75222
30551
112940
-4848
-87773
36505
60954
-15397
-157390
39528
132250
42738
-78883
-23141
89254
10025
-100516
-80683
63197
30022
-62727
2465
77770
57358
-10810
-42662
5566
127265
-33464
-23340
109076
114556
-36682
-70412
67296
80068
-70768
-77480
73015
45954
-22715
-80226
-23046
120642
-59020
2329
23780
58605
-47507
-81346
7754
97571
-41294
-71718
27101
62971
-7006
-99439
-801
78155
38702
-35116
2126
75654
3164
-68605
20610
95732
2404
-81493
-56248
28824
43698
-86124
-50044
78667
75605
-39576
-66422
65842
62937
