#SpinCore Technologies, Inc.
#SF in MHz
#SW in Hz

[HEADER]
@CLASS=	RADIOPROCESSOR
@FIRMWARE= 3087
@SPINAPI= 20130917_x86_64
@POINTS= 600
@SF= 0.000000
@SW= 30000.000000

[DATA]
-16626
48279
-54283
-129837
51750
70707
-46396
-101917
22126
96359
-12508
-67033
-19842
55382
-65821
-20925
-35179
18988
14027
-102001
58802
30997
-24462
-64292
-11623
37388
28057
-81101
-11739
104994
18744
2150
-10296
18804
65517
-1397
-19141
107436
53467
-36564
-103166
101785
20372
-53775
-55704
61326
55647
-88854
-69992
42477
11156
-39066
-34538
33109
65667
3959
-68787
29428
50932
23602
-74149
2703
155167
9052
-71856
44045
148058
9134
-82348
-25607
60379
29814
-60851
-112021
142259
30237
-86853
-31431
44476
114256
-122855
-89659
40727
41920
-45406
-72860
49829
55869
-7426
15898
52454
50665
-25417
-50294
59556
82105
-44005
-97316
-25930
111356
12817
-55449
-3272
44837
19631
-94510
36514
85717
73454
-127405
43572
96447
-24590
-28821
30217
25513
10500
-149769
23154
56608
-4748
-117698
-41908
105843
38825
-93918
-51445
157075
78767
-123845
-56582
81435
56937
-59195
-69674
141385
97731
-68307
-72556
62721
21734
-142673
-65905
60264
123171
-47587
-144009
37152
118267
-26554
-114516
59404
115242
-8343
-71892
-65965
151147
-31208
-54277
36861
118217
21514
-76790
-794
109552
-53187
-101115
48989
104338
93656
-73791
18283
126572
54501
-92432
-84792
127670
32416
-130362
5432
120344
50406
-104031
-141397
75546
51748
-32353
-54119
54659
117500
-59863
-135178
57917
25267
-26221
-102755
76565
110054
-55653
-157600
1504
139395
-44792
-144730
22537
176756
21828
-126246
-8308
168126
46888
-104961
-47147
140642
35625
-63948
-65804
113573
22589
-98285
-35211
95529
54359
-97305
-96350
123614
134799
-98795
-133305
75599
121470
-72954
-97490
68335
81269
-136642
-97211
46922
66694
-82443
-102526
99460
151634
-37218
-219464
6383
101458
-55379
-125092
51445
64717
26460
-200116
-31985
142417
-6939
-85279
-63457
163720
13758
-140162
-115775
134108
85676
-147456
-87082
102529
77715
-105720
-109766
135959
126191
-153010
-89393
86691
126744
-71626
-149387
56215
126684
-103069
-143889
54285
98475
-85228
-159206
3276
152612
-55463
-170765
14425
136987
-12886
-172506
7430
249815
-33239
-147670
-16384
131938
137907
-210296
-69964
231492
100663
-178340
-63099
143337
112153
-127892
-147393
133282
129892
-206833
-114863
109894
205919
-145377
-131783
126319
155665
-117776
-180544
85057
200534
-150395
-135750
85859
178419
-25468
-243192
48234
191422
-30033
-184811
-6577
266676
-9962
-239054
15268
284320
80289
-277086
-55156
234344
86172
-211159
-72357
196843
70363
-254062
-56169
193937
95831
-205030
-179360
142011
175732
-148212
-170490
135691
239085
-110034
-229185
218734
221461
-80541
-278321
102956
282295
-85029
-277720
15323
310906
-63393
-288110
620
291511
-4257
-276116
-9108
326429
79958
-300903
-74191
310608
60431
-253798
-111875
365837
128601
-329210
-132178
332962
196186
-384103
-178339
273021
215705
-321228
-213402
220545
215927
-240703
-267521
209810
269600
-194919
-331238
217238
264538
-165629
-327322
142190
441627
-142047
-414342
60001
398070
-142074
-427598
32223
441611
-7458
-411601
1004
448264
39402
-462593
-43981
397549
20364
-426110
-129121
446942
196938
-446606
-155315
483704
216645
-398069
-244204
416022
223228
-428358
-249279
418415
269285
-357007
-353131
422712
383482
-307486
-390998
242991
467492
-256918
-430938
299225
559120
-268904
-560715
171880
577549
-178680
-563867
93316
621196
-145236
-643209
104161
653437
15532
-635625
-27375
699681
143212
-695035
-146517
730210
203185
-632547
-190092
665333
298198
-692938
-318600
709452
397644
-642770
-470726
675652
496103
-633296
-466342
666948
555949
-591504
-628513
522941
697126
-516542
-685669
482161
767847
-443938
-823699
305445
812882
-295924
-818345
367543
904840
-218535
-901171
193374
991881
-71939
-1016774
54168
981994
-14740
-976680
-47582
949236
124512
-1073324
-176022
1064838
314479
-1027735
-321593
980682
422605
-1000333
-446781
999876
507341
-1015978
-645593
966774
714991
-890921
-778827
878160
815005
-881571
-879242
842740
954006
-726843
-1062471
685101
1086020
-618305
-1059767
585658
1181601
-496706
-1221906
378337
1289065
-317849
-1367918
294562
1345739
-193001
-1358467
76980
1371314
-16477
-1435785
-63911
1374172
132681
-1444577
-221355
1435926
366524
-1421115
-457493
1414016
464737
-1442143
-565405
1266411
672463
-1310377
-756555
1270965
841115
-1217232
-887634
1218493
931786
-1151319
-1006481
993707
1116488
-1037533
-1141403
1008762
1262010
-890889
-1186175
810114
1263322
-725154
-1314839
701933
1362114
-589518
-1360385
523982
1419919
-433829
-1346174
302538
1398503
-271189
-1461074
186908
1420313
-125365
-1415386
-39983
1378746
124735
-1333260
-101619
1305816
261250
-1302230
-296756
1234378
406371
-1215442
-467952
1153767
530129
-1160528
-597943
1100870
623791
-989083
-744064
933880
783455
-899200
-741290
856764
793054
-719046
-896091
731790
906057
-600117
-950945
583292
960251
-491274
-965408
421704
1000836
-336605
-927333
311037
1025362
-222115
-985504
55094
980807
-122929
-1035362
39891
1037774
31073
-969576
-74907
928916
119062
-907739
-263921
874986
260092
-828902
-255660
879382
418198
-754752
-336901
748993
497809
-664353
-421464
651880
561964
-657557
-558024
589244
580340
-537958
-619119
513344
565556
-442766
-636160
376907
671548
-275525
-639286
298322
630892
-220715
-622572
189201
680695
-146995
-632890
80604
669504
-48008
-636910
7723
607607
-20116
-555147
-65167
611424
132124
-539586
-149130
541923
161475
-538487
-199496
514051
231007
-505757
-275598
471734
364757
-395739
-333760
385060
303331
-361569
-384361
318374
352543
-314556
-386503
279013
422809
-260303
-391864
247401
472410
-192634
-431990
99044
375280
-103425
-394576
96467
444732
-80668
-398849
47507
430861
-16723
-493162
-46149
474496
61488
-383926
-97632
418860
104432
-406618
-136165
349647
189514
-405516
-193004
362528
168344
-270786
-246245
248257
198041
-286827
-248173
243212
276648
-295944
-258860
164853
277364
-175170
-292270
145160
329531
-83668
-281296
103254
281228
-117644
-297296
64049
308231
-17138
-303328
6345
318742
-112077
-285495
5885
355916
-4384
-305832
-46667
254521
102395
-271045
-34743
276986
71829
-256339
-113473
226885
159741
-230224
-176895
278969
217441
-234770
-209954
169980
228275
-169889
-230799
171594
269341
-114123
-222930
84114
209431
-88019
-236756
52046
180970
-40597
-212979
37567
213099
7474
-212925
35559
208065
33676
-179795
-71040
184656
46966
-203481
-86298
234634
44650
-181535
-92191
166620
64729
-208773
-62826
150032
148883
-137621
-130069
194102
183128
-134286
-150925
30677
161740
-124001
-164571
75034
214665
-124503
-184236
60506
215959
-49750
-135327
22084
152110
-52218
-112195
67313
141948
23915
-151359
-41597
198064
50962
-108571
-21845
200016
54039
-119504
-57179
189360
135945
-129626
-74544
107860
67201
-135780
-78311
176829
136368
-81053
-107678
124311
106273
-70789
-87613
48005
141674
-90895
-192106
58906
120190
-114482
-125058
67048
181680
-42462
-117651
17403
156404
-70327
-161094
-41727
180965
-19681
-144373
36176
161139
25835
-159633
-67228
123675
17554
-123307
-68385
112995
77794
-53815
-100299
108985
69557
-108430
-67830
99677
105697
-88163
-60518
111193
110209
-104960
-106992
83240
88378
-113112
-108216
27498
143559
-29396
-140906
55627
153422
-22433
-165998
11203
126177
-9108
-91368
-5404
111464
-30529
-131358
-6924
79100
60761
-166747
-35467
126457
75594
-70483
-36498
160909
52335
-147825
-63953
102400
97897
-126416
-29632
76719
119707
-54581
-117753
101658
124533
-90688
-102128
54067
111106
-79655
-97364
-20884
192337
-33881
-143395
46307
50413
5280
-111003
-20448
56395
-20424
-95006
38253
126511
1901
-105234
-16264
131174
-46157
-158452
-58734
75001
53937
29635
-35273
93755
-3465
-210843
19073
64072
105297
-44808
-142821
103410
56619
-47609
-102405
144105
9379
-76126
-57875
49451
103898
-34654
-43129
52796
87890
-51504
-70449
32606
118068
5343
-62317
44271
137328
-61806
-92811
30952
123611
-24229
-53223
61354
52343
42780
-121440
-21335
121270
52847
-150086
-11074
113218
-18106
-108170
-63206
52886
76123
-90746
-128686
34729
90191
-74132
-79162
63805
102452
-30277
-64719
51762
106613
-74870
-50146
13232
122078
-84459
-77772
32971
123125
31356
-122507
781
65566
-7828
-73267
-5936
146159
-48369
-25154
-19934
130289
41979
-96663
-39753
68428
14222
-58199
12358
136573
-5459
-86158
-66112
93572
19523
-84850
-33029
58302
63302
-95108
-23661
88109
21951
-127465
-65804
39543
8110
-115290
-115247
2288
87410
6964
-81664
52233
84631
-17422
-74102
-23499
50650
12617
-138652
23893
69449
-58405
-58152
87630
80476
24609
-92339
68703
47814
11583
-73586
-1140
27210
-12178
-65999
-60732
55726
45157
-89414
-73145
44848
73924
-44591
-45067
106556
51839
-16997
-50159
-48019
93560
