#SpinCore Technologies, Inc.
#SF in MHz
#SW in Hz

[HEADER]
@CLASS=	RADIOPROCESSOR
@FIRMWARE= 3087
@SPINAPI= 20130917_x86_64
@POINTS= 600
@SF= 0.000000
@SW= 30000.000000

[DATA]
42441
43556
-18353
-51878
75678
28773
-53067
-71864
-48626
90317
-53756
-41725
33218
80525
7849
-95247
-30906
66210
37610
-83203
-60136
109524
4276
-106328
43349
72249
24117
-135318
387
63792
41316
-56835
10866
91371
100597
-60278
-27367
94046
56200
-48351
-55040
72580
14447
-27022
-48864
-4741
77956
-55383
-56704
55306
160956
-27799
-59186
-2900
138572
-60197
-66638
101397
56402
-52055
-131038
76984
72797
12189
-49035
62930
39457
-2611
-5773
6016
133913
-44428
-46183
20657
-12518
41519
-68568
10197
95973
10380
-69865
-41025
60397
54004
-72632
-15096
64011
47443
-28422
-85036
92474
106304
-118045
-36317
50147
56110
12997
-96806
67942
92397
24422
-107959
7922
62454
-32159
-114461
21558
95849
-53477
-66528
20414
96686
656
-83152
-39457
132463
-49120
-113393
-12319
120338
36619
-80462
-20763
68487
13228
-114962
-39190
66220
54903
-68341
-44475
123817
-14467
-91229
-137361
74882
59224
-49227
-49130
3700
23203
-82016
-11922
83135
85095
-44146
-83526
56797
74802
-94313
-78509
49810
78985
-40473
-138203
42215
60053
-12388
-113068
-48932
123069
67616
-123567
40746
99468
54701
-71290
-60201
107671
21711
-101481
-21770
96145
8983
-35377
-48399
63505
98035
-134327
-104569
61314
86979
-126242
-125672
78808
3762
-135875
-86218
62926
131387
-14812
-105219
29369
78430
-77659
-85788
104502
148323
-12343
-115727
14104
148778
-3492
-162902
27423
80564
89515
-58470
26794
81864
11150
-76516
-22417
91392
11415
-167203
-128000
140706
75475
-111003
-22993
66214
131340
-61140
-76875
105640
61034
-118649
-100126
90245
109987
-26757
-80368
-14578
152041
-87882
-135902
-1950
137897
-72655
-129459
50765
82883
-62641
-124141
9429
145494
-49525
-136186
-5922
174927
14511
-168011
-12062
162491
35696
-155184
-11346
158061
52640
-166507
-67257
129367
13934
-162217
-61889
100789
76342
-133857
-88687
91641
45586
-112034
-98689
93440
134379
-102674
-105004
-7295
122775
-46932
-143905
42162
100071
-38516
-160804
10996
153095
7611
-133296
21339
162086
-31498
-181449
18685
170448
58097
-162276
2494
184317
62166
-172987
-81335
175104
74284
-188239
-71615
174981
71179
-110540
-98946
164265
107430
-135558
-151649
94347
147363
-171480
-143297
88174
157980
-96038
-166622
26029
264059
-131640
-199547
95532
162195
-106285
-276106
23504
214246
-16061
-206117
92825
281305
3086
-235091
-10382
151215
32891
-227490
-22865
177526
99380
-183136
-97103
193111
90604
-266893
-126899
215962
86683
-217888
-163564
203304
139239
-167844
-219722
150001
231080
-152500
-208433
89917
248557
-167282
-250790
146951
319620
-46622
-275687
35704
216230
-85389
-295749
27009
282717
15154
-302534
32546
331895
68559
-265463
-57583
209723
30612
-324178
-117448
300075
145827
-217310
-108589
236861
158561
-328818
-176220
247056
227236
-283975
-260643
261232
284231
-226080
-229949
184754
347419
-221383
-252385
168403
371375
-247882
-367917
175891
301164
-190854
-324487
155735
362653
-49543
-416186
43040
414313
2938
-383711
68306
442185
6088
-429637
-42880
453129
45153
-434349
-110752
477740
201539
-392063
-152511
486642
219237
-450609
-176107
451865
292222
-332842
-271937
402757
328645
-365273
-320599
336065
438844
-266137
-381222
254420
465547
-276267
-467107
267552
542736
-175027
-503891
189787
544649
-98397
-543237
97044
631400
-55405
-663454
-26714
680645
-16122
-622402
-71633
550167
96945
-618892
-128862
636878
212212
-601273
-258009
684826
271555
-645599
-309549
622452
392188
-632990
-390762
551257
449225
-646376
-520517
569893
520212
-502270
-560616
499686
613905
-457955
-657229
507903
664736
-424976
-716557
367121
802758
-278239
-788983
283279
833813
-235646
-838802
189223
898361
-118772
-879291
78260
930687
-13332
-944774
-30913
922054
153967
-949507
-227446
896289
280117
-943087
-337524
918359
310653
-868405
-449439
932937
522378
-861634
-545798
835766
616327
-858101
-680742
769110
723559
-772245
-782296
721001
813267
-672346
-950250
611856
930480
-610412
-1026634
480928
1000107
-420803
-1049959
373608
1114838
-347726
-1135257
251214
1164319
-199966
-1272473
78182
1202848
-11124
-1253912
-50418
1225671
160364
-1307707
-191731
1244770
302150
-1255334
-376899
1198053
500577
-1138935
-469049
1177611
581998
-1128298
-662569
1076757
715622
-1135443
-721425
1076018
875796
-956536
-907760
926373
964944
-923191
-1011626
796311
1008217
-773156
-1133988
716427
1125868
-565845
-1167681
568173
1119835
-494313
-1230518
460403
1205257
-276358
-1265971
253639
1207328
-195986
-1274068
45954
1175433
-52089
-1221150
-31691
1148054
119279
-1174358
-177945
1177991
274493
-1153256
-360980
1138309
328907
-1025518
-384004
1029118
514419
-938803
-558617
898552
629279
-872567
-683380
836775
716913
-741823
-732756
717934
797331
-610364
-790594
556595
898794
-494918
-879477
481347
879284
-410622
-949843
354119
879072
-236859
-902018
209681
902510
-129838
-870664
115626
844246
-78619
-915839
-37899
904183
103625
-901494
-99734
858234
216677
-812964
-233205
838196
332893
-810633
-330494
698436
338630
-695824
-464876
683430
428431
-670629
-523251
593041
477265
-588066
-542208
492999
538617
-481767
-666120
433300
571739
-365483
-608377
331389
632221
-304608
-650255
273505
634428
-202840
-662448
100143
640995
-157700
-656161
38975
634344
-78501
-625819
-33454
644962
36609
-563989
-54494
547937
99718
-533695
-138565
551405
118382
-529272
-186250
466158
244258
-489847
-301421
494967
317141
-425612
-386592
313879
353892
-363127
-424345
351916
330196
-294685
-376880
272791
458425
-214858
-383738
219221
402908
-168050
-454922
128147
458897
-73935
-408138
87931
473783
-42466
-418093
-3128
436429
59641
-373794
-43597
385120
72367
-353931
-123178
375183
108334
-406105
-194781
398831
122564
-336192
-205218
353696
231002
-271991
-205621
283451
227579
-215947
-273837
234493
274351
-236145
-250877
242581
266289
-162180
-221090
127253
234710
-115671
-303575
144679
313380
-93902
-263664
43843
287768
-11069
-232660
72252
313391
6503
-328476
-57061
295263
16754
-310763
-38489
258851
106372
-278760
-82091
315417
93912
-211313
-113265
183537
114765
-235381
-145487
165739
180093
-146088
-141503
200235
198538
-201678
-157243
196180
228436
-72732
-153331
77769
203465
-60522
-170025
70208
178197
-41875
-285581
62145
204502
23603
-168649
22580
277153
60481
-216813
-42475
194607
72980
-229012
-76990
214743
83541
-230108
-96157
91077
93087
-198225
-100010
104319
88742
-147903
-119600
114288
64335
-157128
-163128
108624
112897
-18183
-176079
39840
136451
-23318
-168902
139519
167131
412
-139534
52310
181655
3720
-168874
19834
203600
-7912
-195958
-23030
104492
57554
-152310
-5463
166672
56507
-159342
7286
157248
64714
-112572
-47337
92972
-8694
-71590
-10719
145392
108758
-166232
-95387
92302
44345
-126482
-85073
71178
131030
-75215
-144150
-3014
102129
-58261
-191224
89244
188022
-32937
-176789
2791
187338
39642
-124134
-9172
89432
25606
-92710
45916
128797
-14406
-86866
-31563
88824
37254
-105346
-76859
142971
50452
-117443
-120325
95537
43816
-143273
-79269
90755
114990
-57724
-26869
115174
93111
-40562
-4610
81528
136377
-65008
-71660
32783
138963
-1472
-130505
69779
131879
-47823
-111252
12586
60465
-76175
-152003
-42869
82713
-25345
-120343
-47100
161454
15241
-119437
-10312
62579
86449
-91103
-107860
57992
4773
-88129
-8121
78505
103231
-74363
-63511
108107
68256
-67205
-107713
79489
41023
-2009
-51174
115
70147
-59787
-118871
59676
108165
-1769
-81559
66701
76982
9835
-141074
12654
100939
28501
-107492
15972
113839
-3910
-98972
49921
137971
41044
-79053
47072
83413
89894
-74399
-104233
38602
57165
-116163
-39417
59376
40894
-142752
-47550
137840
125284
-74185
-86163
-15444
82572
-57392
-138774
128708
55182
-55697
-97754
4349
53656
-47330
-53232
18248
65567
20019
-129249
73093
122476
-23299
-158316
-11233
68446
-7458
-55230
-36933
103152
43066
-83414
-82351
155651
18661
-86098
-13031
-21763
41495
-130110
-41540
61274
50779
-93286
-7419
96277
40089
-33459
-17424
49464
51165
-82874
-101365
-13990
61206
-9908
-76767
-44456
92728
-31178
-36795
75804
40727
-13543
-61722
-6564
114573
-1000
-94793
37232
65695
45779
-35897
-51618
89653
9482
-67197
-57448
92049
11322
-48318
-35734
107179
66366
-28420
44317
-20780
39672
-49501
-63587
59158
89442
-77060
-57365
-294
46787
-28861
-67502
13370
56600
-75521
-17580
55475
71067
-65624
-93122
65717
39185
-57350
-28150
31925
82084
-69368
-30931
71118
67162
-33214
-18217
33015
60268
7433
-53296
-28091
88214
42077
-81924
-34767
78326
-45019
-114807
-14081
77091
20541
-113774
-3195
42265
4299
-63697
8370
7630
19550
-41587
6990
32290
1404
