#SpinCore Technologies, Inc.
#SF in MHz
#SW in Hz

[HEADER]
@CLASS=	RADIOPROCESSOR
@FIRMWARE= 3087
@SPINAPI= 20130917_x86_64
@POINTS= 600
@SF= 0.000000
@SW= 30000.000000

[DATA]
40946
78904
-44626
-37335
63104
42056
20517
-64576
13333
56949
-47632
-90153
47296
38233
989
-86053
-23073
16945
-70842
-10945
-58292
77704
39257
-83602
-16666
82840
34600
-34765
-44048
74209
1988
-41049
-25774
52886
59499
-40054
-94239
55747
32905
-55793
-41146
62485
79641
-24778
25390
3753
136821
-100601
-44504
14881
92821
-6383
-88539
25310
36642
-25631
-74388
-11009
90133
-19786
-118786
-16677
98178
-33650
-51423
-59152
11839
-32361
-127002
-8060
86790
56165
-9126
-18221
83893
-16429
-69018
-5238
81067
57569
-77821
3224
97491
-26586
-105334
-34994
61884
28061
-25987
-50783
54181
109516
-79710
-90358
56259
57660
-75183
-80846
95898
164013
-55338
-93758
13894
110023
-25621
-105142
-33503
73017
-18176
-52347
5829
85515
43401
-127972
-19811
81970
51059
-27902
-107172
150583
54793
-36479
-27544
81896
59808
-102370
-93741
70194
22933
-25510
-27032
47641
11875
-112163
-78537
84447
48913
-77017
-17290
40824
94426
-76887
-77530
83145
83526
-29826
-69269
62384
118809
-46133
-96939
-29147
157745
21482
-77049
20864
152698
-25076
-65912
5214
166153
16037
-107518
-37179
12767
-27808
-71690
-83162
60174
58366
-100545
-69984
74881
-36647
-76926
-48155
86854
43085
-78963
-42455
66088
51709
14560
-72350
66930
65574
-51946
-87654
17200
102615
-77868
-156139
61209
106333
9340
-129793
42538
45788
18781
-53412
75636
118232
93398
-117395
-60576
90635
53423
-129775
34714
95650
42148
-95303
-88259
92259
-12707
-117943
-103028
53789
47524
-27453
-18401
106998
16745
-94295
-125919
104135
50689
-70034
-70762
77168
66435
-117351
-101898
114356
110653
-27199
-137097
40566
110257
-77263
-111803
31853
97016
-65513
-190783
35267
149025
-45966
-168529
37228
206758
-15014
-124813
-78401
124374
-15426
-164506
-108554
120723
40480
-151991
-14055
135976
25
-106196
-31381
111642
89849
-49998
-82605
118978
111752
-69804
-91376
79847
170444
-65342
-140707
50340
66773
-86711
-149465
91262
173264
-44226
-99117
26072
219488
48559
-183595
13459
160073
-49653
-187788
1066
154478
53517
-216912
-89197
108458
56530
-88850
-118320
161104
75669
-154382
-40725
149832
160420
-174912
-129744
152914
90162
-177795
-161694
97607
178777
-179562
-118750
1077
157482
-86110
-236631
45293
243288
-64506
-111067
51555
277223
-24281
-174505
4887
169315
-28015
-191891
32724
176166
60475
-198887
45649
210307
28295
-162429
-67681
177799
90817
-205473
-108344
203004
59831
-151576
-174712
177749
126657
-135858
-164885
149417
168640
-181612
-151989
101231
182605
-108566
-194378
185441
253165
-111425
-261587
105962
297304
-84077
-233278
120781
264373
-22334
-242031
-1623
332588
10295
-263200
31445
283831
66611
-328696
-134470
256107
108278
-264733
-124360
301708
94856
-315854
-157099
299556
135931
-246371
-172402
272330
198008
-251707
-256181
198001
207633
-247471
-245640
215467
278362
-154515
-257474
238918
288912
-201163
-287815
206775
372531
-111652
-323710
93160
342419
-98142
-350668
27730
433366
-36512
-369206
-25365
434486
18027
-357901
-26540
404188
74599
-383064
-160403
360916
169178
-442583
-166490
350039
256809
-394798
-176243
384630
201055
-315901
-208859
342387
284254
-307715
-318940
330709
396256
-307780
-402161
218947
343608
-297264
-410075
172008
443517
-185182
-491307
216217
507110
-161268
-520409
61035
477717
-111884
-462832
33790
575343
24329
-521735
-46139
556673
62968
-505038
-108102
562541
206504
-558723
-225659
595176
265425
-532778
-281905
551000
323186
-496024
-357145
577243
394248
-482135
-434407
485696
428101
-433165
-453011
463059
544887
-444609
-521608
365880
642604
-347925
-602810
300355
655074
-265691
-623021
202511
604377
-207968
-712448
156826
748839
-121207
-734900
37760
708497
40485
-746837
-12381
754930
48006
-760502
-157424
685609
231172
-745320
-235871
732420
269453
-691312
-318463
778437
364737
-684097
-380115
729409
457657
-609957
-447844
574355
551901
-603505
-600382
593959
601024
-494894
-649363
453942
698954
-423984
-730648
369823
789083
-376668
-732389
326360
821945
-212402
-866386
190008
890567
-113093
-844677
74992
911794
-35197
-889462
-15216
931682
59303
-928892
-101512
953296
208835
-880994
-201951
906433
234198
-876716
-332765
897451
447253
-854379
-431004
804781
529609
-717013
-477893
745583
592113
-673262
-678354
711092
624722
-658308
-678840
574010
708673
-570815
-783251
521318
851382
-405175
-826339
404671
870144
-397829
-862408
278032
839714
-263089
-888398
182761
891911
-100174
-897987
48694
905982
-64207
-865745
-98964
851471
1484
-880176
-164055
900548
230944
-844537
-232644
821493
291433
-805559
-325796
746326
347412
-760485
-398086
783831
521681
-671503
-538406
644639
532156
-544982
-619631
509755
697072
-510542
-634588
442343
692838
-358703
-672716
371860
734266
-318846
-720300
261813
750548
-225240
-753904
169773
746613
-101300
-809339
67604
726387
2555
-670132
-40762
668899
117288
-749799
-131023
656788
161114
-724445
-178999
676243
235273
-615412
-218761
659161
242302
-605197
-382069
589490
421105
-583605
-407293
502138
401341
-465321
-444851
456181
490336
-431228
-510850
440045
522813
-327920
-484087
292104
573777
-300530
-547106
253530
589006
-149858
-568378
143356
587513
-116029
-535006
72851
562635
-28512
-568064
55303
478271
17631
-467203
-71253
513110
106000
-428559
-165084
490838
132090
-414382
-163336
341118
183406
-396463
-234081
409976
319605
-400777
-272871
338021
295196
-271948
-303399
285906
351169
-287746
-367162
253898
358032
-229958
-343247
208444
403813
-130387
-374211
152804
430689
-88201
-347894
94899
342954
7783
-383552
52865
432216
-32223
-384470
39637
384362
93146
-384474
-95219
374653
128741
-396768
-97833
459228
140654
-369750
-139864
327114
134359
-277639
-191750
297129
189707
-259457
-233470
265120
196139
-208326
-217602
156831
159652
-215474
-282900
160582
281160
-154954
-292671
174563
360168
-89183
-290804
112784
261422
-47916
-280815
18878
240382
-34598
-222148
-4433
286722
41353
-278705
-5401
234529
122448
-325806
-65901
219624
82792
-243736
-133295
264988
98467
-166082
-150830
256751
130713
-168631
-110786
178035
128665
-154325
-219552
129805
180099
-68267
-239653
138910
158789
-91197
-175419
88011
191561
-28543
-243737
69901
227856
27346
-240269
81949
211662
-83414
-186882
-27727
208892
43595
-127496
-70004
193687
28064
-206978
-58992
175228
104749
-226157
-90858
190686
109567
-154704
-72183
142487
145874
-131920
-102663
56960
130913
-133769
-147459
126382
105110
-93130
-170400
120412
211126
-41081
-119149
35880
144620
-45359
-169535
-10977
167079
-14378
-133015
-40033
160298
33570
-239265
-4411
123797
-9576
-152542
-53104
132143
31722
-148824
-43568
83277
48355
-83128
-26705
134571
19614
-111359
-117128
103148
98256
-88319
-68971
65181
173925
-90642
-120559
107625
102859
-72821
-109499
74286
116584
-20941
-109632
-14591
157732
21621
-96095
2716
80092
-12612
-122850
1204
84643
23984
-102812
30270
47456
-23263
-135967
-35417
96175
25229
-95584
-46707
110501
73779
-100040
-94422
28157
91623
-7338
-124067
79270
69706
-96211
-125828
78827
94961
-34758
-77517
19810
108487
-63612
-124782
90638
102594
-29578
-134983
895
112768
34217
-108377
43357
64690
35571
-209776
14673
81957
23992
-86432
-69088
70490
64772
-80854
-30924
78923
39537
-165143
-45278
99575
31669
-71262
-84529
111406
20541
-102260
-55869
-6450
41332
-63577
-104685
41590
73142
-75422
-115687
14244
61650
-2518
-101481
80614
116977
19764
-117260
39646
107803
-6952
-114945
32190
89537
4610
-48242
6314
84259
6112
-71822
14122
6345
-11020
-191706
-18209
115184
71583
-45511
-51013
73555
12585
-72164
-65413
104821
109726
-20700
-12266
108498
65395
-27986
-103520
40312
114874
-53124
-55702
87688
72775
-84843
-109341
60775
52250
9578
-51985
31658
116601
3516
-78504
24176
49430
13444
-74614
33637
115855
21491
-68708
61406
90855
57577
-4584
7782
105810
40223
-26506
-127461
58063
52963
-45645
-20832
30819
-19441
-58557
-52919
96331
79957
178
-19224
42691
13715
-88050
-92525
56386
129600
-50596
-71428
46046
38858
-21569
-68937
45474
68991
-50982
-16395
56600
48274
-347
-89967
-940
131465
89
-30125
41450
101996
-3773
-29006
-38066
98716
9305
-101535
16483
61250
35671
-78977
-25145
16974
-50666
29424
6057
64533
43681
-22788
-76476
39121
46731
-42839
-26666
-13631
97629
-20664
-32715
4093
-4257
46524
-45843
14760
51294
10297
-46963
46022
84968
16709
-37681
473
78520
34219
-90050
-19410
123908
3273
-62032
32300
58234
66695
-75340
-27587
81113
35253
-73562
33819
113090
31214
-66937
13988
49436
27805
-52248
-10539
100960
50272
