#SpinCore Technologies, Inc.
#SF in MHz
#SW in Hz

[HEADER]
@CLASS=	RADIOPROCESSOR
@FIRMWARE= 3087
@SPINAPI= 20130917_x86_64
@POINTS= 600
@SF= 0.000000
@SW= 30000.000000

[DATA]
48909
71982
-30286
-64003
-20009
52754
22208
-90234
61520
42940
69061
-68130
-52394
49402
-25458
-17895
-54315
75444
-11994
-37156
1033
60933
62899
-117088
-46331
60263
8464
-95280
6773
-23586
71468
-35225
-8841
60632
10289
-58886
7366
66661
37880
-24576
-70767
55587
18245
-30119
-82120
44597
108881
-14773
-35322
13539
92096
-62554
-5241
-18473
143446
21306
-29634
37968
77141
24423
-122844
24154
79689
-7663
-45033
28169
70716
-62881
-96332
30340
104988
20324
-78169
50810
120315
-35411
-76633
-60888
37326
44176
-59806
-102446
107411
4433
-74351
-39972
39516
58229
-107437
-75381
61837
120270
-30600
-79218
43448
115688
-50084
-25957
33031
37273
-55533
-67429
62024
75310
8460
-44624
45919
78601
22017
-119126
-30248
110695
-2496
-65998
13178
64161
-37189
-99001
-60561
69790
23617
-99799
-64168
90114
30817
-100692
-46079
41667
86271
-41603
-21950
78818
62266
-78882
-35215
53899
59630
-126335
-123607
48759
115130
-97100
-87161
28745
87896
-90416
-103737
13263
100024
-32646
-73859
113453
74149
18282
-62722
7239
86424
12160
-33801
22354
40363
57111
-98090
30937
83444
8457
-111563
27073
70072
1944
-95020
-84718
81125
2418
-50126
-46629
51834
60329
-85002
2417
99536
81475
-65340
-37829
116793
73697
-94216
-70297
87768
84442
-24069
-96345
81855
52642
33787
-100833
38403
99160
-14264
-38259
14328
167481
-42012
-123821
-38353
88480
62578
-94906
-30069
165990
-21808
-101943
-34542
102719
-67971
-59742
-93703
138914
112181
-112028
-68527
96557
73326
-95536
-91935
103746
40615
-103407
-96856
71303
102357
-39529
-82255
127127
119558
-21002
-78626
52386
148915
-75262
-192036
20815
114247
25886
-114899
11629
110071
-23837
-136278
-48476
144569
33438
-59027
-50320
113693
137919
-164098
14814
115154
35735
-130356
-64790
100849
11596
-119470
-137226
105678
20915
-72105
-151909
98706
143824
-86394
-130376
57417
94268
-34277
-91912
132877
119700
-25927
-48544
16682
164172
-33004
-154349
4385
162352
-15637
-131020
-496
177542
76271
-168578
4355
163924
79093
-170694
-91297
139429
59358
-158455
-152038
217982
88684
-125778
-85189
179674
110769
-96717
-125107
141944
213538
-129027
-186322
78983
104773
-71160
-110883
51708
129002
-59566
-182766
49556
151812
-28532
-226110
57005
202024
21808
-131944
54492
192137
26407
-239712
16253
178031
39114
-251492
-32181
246434
55515
-257596
-83275
161298
89079
-216089
-108400
158694
133549
-209974
-122566
149214
152759
-191496
-158043
138410
228274
-142071
-165466
123231
191452
-185268
-175230
134480
191341
-62821
-259299
67614
319440
-88052
-209642
63269
275586
-86223
-291102
8595
264550
-15285
-334864
-32261
255496
49717
-296574
-85107
227976
111366
-300985
-161263
300824
128569
-271888
-186730
223735
167573
-264621
-112888
247817
187953
-248836
-186546
237866
270008
-221415
-211605
237139
254316
-247275
-252844
159449
339876
-144576
-316892
120629
297126
-89012
-361031
95774
326687
-67127
-366315
26140
283653
-11373
-377470
-9548
409585
-2392
-321941
-134106
449812
59737
-405884
-116320
379881
129625
-387205
-119755
313853
134940
-372958
-249179
341021
256209
-324442
-249607
331347
205248
-270914
-287923
307100
295946
-254472
-328417
290746
370258
-190703
-392448
221224
429395
-231650
-422910
115901
486652
-97737
-478022
42476
426013
-87784
-462001
15332
529106
-19143
-529431
13760
493664
91025
-517142
-65950
543092
112158
-483391
-196789
435756
213835
-477650
-244860
477983
246142
-462247
-331018
482241
319946
-434064
-415240
386373
363123
-407384
-495639
367592
470342
-365908
-489717
380038
513568
-291723
-535130
283396
617309
-185828
-560011
280771
628074
-168540
-669683
145884
625955
-99762
-701327
125613
699788
-43061
-644292
-33823
664288
45171
-677469
-167605
667227
197553
-702049
-180278
612778
273680
-624644
-321036
645331
389488
-596653
-362648
591318
337599
-503273
-466638
518602
487741
-441537
-481126
508285
567971
-394018
-552602
396097
585818
-442538
-585371
313452
674398
-274157
-695686
265526
747948
-270859
-735056
183011
749972
-80819
-767118
98756
770100
-45331
-791271
2840
811197
103729
-759912
-154441
783386
153601
-757381
-174776
752057
264049
-731958
-297645
747324
361730
-686969
-352680
698314
466971
-577786
-508441
699802
468871
-589018
-526974
584288
688666
-534677
-613272
558495
621241
-448185
-677146
450717
692642
-367672
-715743
354299
776396
-282472
-771091
232005
747736
-217243
-838972
108382
789503
-104324
-819931
55642
745040
40519
-869254
-65245
794876
56036
-705423
-144335
805380
184480
-664530
-263679
655552
287476
-704035
-326932
629046
342862
-630247
-472035
626473
397631
-552366
-494660
526205
554454
-460328
-555921
454409
505568
-421880
-596252
347760
581388
-349977
-568876
334237
624415
-256610
-599973
242722
602678
-193530
-662102
141158
692874
-76456
-604156
47873
656653
41885
-672224
-73910
689278
30540
-644679
-118988
621724
136517
-650614
-153784
585636
182518
-528802
-233199
603697
252338
-533217
-326707
573982
344096
-488139
-401147
391756
432634
-449629
-391338
394182
382522
-323691
-446905
320878
525780
-320556
-457917
267867
516733
-214364
-482843
164845
489528
-169167
-446490
110264
536345
-66654
-519334
57586
490698
-71693
-492320
2721
490452
43969
-475076
-84691
445502
120076
-458155
-119767
444465
126875
-465097
-182032
382134
251380
-435206
-269989
400373
236673
-378981
-257378
319453
281574
-323779
-260472
315416
335022
-258127
-317146
221398
316730
-168767
-379727
196156
355054
-102535
-380214
182390
348525
-126794
-360753
39597
381939
-51919
-422586
7746
356241
-2516
-369966
-25501
358220
93680
-323469
-66521
317174
86088
-209263
-118835
340757
110977
-280567
-191253
324554
115799
-279684
-164147
302822
267350
-210904
-275453
222407
249811
-162753
-208681
227804
279738
-263422
-234485
174280
343088
-138309
-243236
117747
232858
-74028
-244753
38100
192207
-30563
-261282
20467
281237
-33790
-296430
11498
270494
41069
-283746
-60342
252355
71860
-232088
-116923
272748
44075
-220216
-44884
273458
177160
-162699
-195507
178008
134698
-183924
-118902
151871
141736
-211370
-188969
166093
163481
-143568
-207292
95007
193832
-148468
-223323
44123
211245
-68190
-212661
27944
264510
-38920
-158419
25685
182275
22610
-224221
-31403
194527
11571
-251229
-18575
208662
30592
-168240
-44152
185318
81955
-118472
-109975
159337
104299
-192249
-115556
81609
87447
-128277
-106899
124197
131113
-141679
-111839
127405
115189
-120380
-143876
37210
131305
-51021
-176783
41385
135958
-7540
-114881
58490
139377
-26495
-157458
37885
179680
17259
-148638
-16831
154778
23245
-159976
-20407
123348
76672
-58986
-66459
182318
37736
-93527
-76439
101087
88446
-120152
-76122
161746
84426
-108524
-110083
118667
116311
-92184
-78485
87989
153092
-3023
-86758
44048
92772
-28073
-65701
34373
79679
-5737
-74958
31925
126074
58692
-84304
19559
68716
74568
-101763
-28364
155901
35815
-149551
-9950
191990
55081
-74348
11291
69317
69614
-96658
-55976
110719
84620
-47521
-108809
50330
4845
-38150
-61538
98229
65169
-69065
-103545
44777
127526
37859
-84337
14173
133262
-30649
-31021
46969
112855
21825
-121365
-42965
118921
-30534
-128599
448
68284
118832
-146706
-31756
130782
29878
-139449
-333
85275
60141
-125927
-47138
161553
15341
-116800
-110777
62797
60780
-123559
-100071
127408
100629
1135
-77498
56393
79858
11897
-17091
66448
108346
-35367
-91418
41078
63611
-39325
-134992
626
107926
-29100
-76857
-24490
118075
9138
-81639
-43149
100438
36047
-55282
-40478
110937
35961
-28259
-45184
113348
45179
-86518
-27548
101347
48604
-117985
-65324
47247
35385
-52677
-101175
66231
77342
-73313
-57841
14864
109076
-3467
-33553
49325
70832
-24845
-119218
83991
92206
-60411
-67710
72732
126648
-13000
-124426
-21606
68118
-31861
-56459
-66086
76931
10315
-100987
2108
90886
30710
-75822
-708
89391
24624
-98749
-41885
54708
10590
-103101
-26261
61721
-11331
-125577
-35178
87310
-47472
-78959
-98263
76198
75414
14805
-49073
36666
103534
-68433
-136274
72456
103791
-34868
-64723
-23608
17936
-79676
-107979
41335
101574
-44663
-57429
28936
53102
-10525
-83201
59175
84254
199
-75507
-60882
72862
-44001
-16766
-24551
90931
5196
-54074
-49288
28317
70919
-39187
-14439
20638
34055
-27949
-90905
86986
26935
-80122
-15015
20338
-2373
-51859
9036
10477
75654
-90363
-58425
33075
77500
-53945
-44428
6998
47636
79
-91208
-25288
116227
-11576
-53071
-28058
63945
-40874
-65252
15676
75432
-16080
-117200
-60120
27469
63980
-29473
-27726
39986
55864
-55987
48708
62818
118726
17126
-31836
31304
78140
