#SpinCore Technologies, Inc.
#SF in MHz
#SW in Hz

[HEADER]
@CLASS=	RADIOPROCESSOR
@FIRMWARE= 3087
@SPINAPI= 20130917_x86_64
@POINTS= 600
@SF= 0.000000
@SW= 30000.000000

[DATA]
60847
47729
-7350
-80878
1761
52095
-66441
-130277
97493
61630
10873
-27541
14443
118297
8581
-44600
-33551
53658
51876
-89004
23702
32915
11413
-110212
21876
70590
-26726
-52915
-99495
108204
16500
-67273
-675
61985
85859
-41619
-14119
19267
69966
-38619
-53428
26644
50571
21569
-77153
-3215
56110
-62945
-56158
32053
67127
47790
-58713
53468
83962
-15628
-81834
2227
45360
-22521
-91872
759
74335
346
-55071
7435
107342
7228
-96223
23200
140670
22477
-32912
14514
110095
19026
-67623
-31464
72898
44936
-26302
-15448
108570
65020
-59827
-23238
113917
94517
-28018
23576
119602
45983
-50039
-32203
39573
53043
-79037
-59858
10720
96754
-9847
-94577
76222
43784
-28074
-104277
-16895
169857
-74047
-46540
59927
59122
-20410
-45121
-22908
78084
28932
-96091
68565
79279
4326
-178872
19466
73836
17620
-125461
-48990
89119
13096
-71372
-85072
53234
15516
-43185
-37289
40886
44107
-70014
18692
117574
67638
-46665
-92317
-11150
125397
-22232
-128911
25640
73124
-39511
-108225
1056
89428
-7157
-135009
-47232
100803
-11813
-106765
54759
132225
-30267
-32040
13150
43712
50946
-110812
13335
86389
53059
-77046
-9530
57176
-10306
-51363
-54619
132228
86001
-67779
7500
33695
44929
-58034
-42099
54893
40866
-61989
-65603
94638
104899
-70013
-37425
77874
86600
-8507
-46485
-8414
86754
-46442
-131502
-22037
162181
-19175
-145706
25735
116044
-15363
-177019
-3626
101770
30632
-71734
-37349
86350
70403
-119547
-44057
104350
35575
-80378
-61804
73049
71010
-77039
-32331
85898
121833
-100754
-110976
84054
91128
-84166
-116992
135244
170945
-37374
-120352
-25132
78514
-4722
-123849
-7206
178279
18423
-95777
-36218
166588
-29472
-98717
-47510
84627
50920
-132009
-32709
80560
65689
-139429
-67050
108060
20165
-94836
-56401
124844
65666
-64920
-57820
145828
25706
-113329
-78079
51803
94781
-102208
-40875
58602
57147
-89344
-79584
122111
87580
-75048
-107344
34885
128151
-45797
-83684
28750
137658
59873
-122606
4772
119039
53767
-205372
-60619
148955
17310
-137922
-107877
84091
72793
-209480
-69419
117581
120583
-97089
-69331
90593
122512
-127720
-59447
120087
108693
-159843
-204145
64969
117343
-121802
-182142
80699
200043
-25143
-164788
117455
154848
-24655
-199552
56699
172103
-16389
-185416
18379
241931
-9765
-268226
46799
235418
80468
-219339
-10431
173085
29160
-214047
-95210
199929
9055
-172063
-52886
154008
154148
-190884
-182914
132232
154914
-215884
-140392
152635
140917
-105593
-200938
124230
157453
-128302
-203102
174855
247637
-107846
-222631
64574
212329
-10332
-265835
83888
273881
-74709
-289734
28814
215859
3078
-251581
-49874
204125
89119
-242838
-9111
185154
59654
-287481
-121877
252235
157137
-292755
-164480
303440
115859
-260315
-173092
229893
192221
-233992
-222772
235530
159100
-221258
-300929
189765
228266
-110225
-283966
190348
262951
-107201
-316327
120414
293579
-81355
-291054
143909
331697
-21881
-328682
42756
317312
-105461
-367242
-15802
390372
41600
-360885
-65611
351625
-1183
-346967
-73974
366759
102257
-426465
-108959
387083
124086
-354856
-151122
354479
181442
-265274
-220347
399473
228766
-302879
-311644
267475
326642
-218510
-284864
222744
280350
-223731
-336282
236905
423054
-141109
-337110
106123
449494
-138612
-369205
154179
365090
-62838
-429376
98526
490274
-2116
-473317
9868
420068
76458
-536565
-64185
485737
99453
-485673
-107947
426481
81907
-505764
-196863
473182
200438
-481975
-267545
472245
298384
-385576
-279924
370987
313986
-310816
-383042
415884
408484
-302461
-444691
330474
385907
-302515
-499041
289689
491489
-196412
-589927
298141
507903
-140662
-587553
204041
569525
-137063
-557172
93885
545192
-36606
-575950
46232
603114
87446
-640982
-73368
577767
44236
-516351
-108454
610596
180044
-579026
-201042
556758
217003
-563846
-246620
505082
332306
-553887
-370640
414004
366585
-444542
-406296
444011
512461
-354013
-536702
433903
457002
-368436
-556405
302616
596385
-354926
-594844
248308
535706
-172830
-615395
223060
624397
-85039
-625697
70274
590706
-36154
-660796
20017
678411
36778
-705789
-83123
664295
68819
-704200
-165145
661615
208440
-605840
-280089
642303
256855
-585941
-316390
651132
325357
-579347
-386514
569728
391430
-549860
-444960
471648
445369
-467263
-489347
418759
593461
-407980
-622919
416767
560618
-319000
-587737
309556
566713
-256240
-618860
260298
615253
-204472
-686549
132154
648187
-91692
-612791
30268
672994
-22763
-692901
8357
603805
89689
-677344
-61060
659251
161955
-591045
-118248
660936
205132
-572664
-170268
560243
308047
-536068
-276312
484967
316526
-516669
-476386
429803
406487
-478614
-448534
423213
472938
-371173
-445470
265694
492785
-318209
-561144
348465
513764
-245849
-551651
231400
564110
-191034
-569417
158148
553570
-102949
-565121
34977
572355
-23328
-577597
13010
576787
43585
-539799
-69756
481000
74712
-545024
-140309
567812
114102
-486864
-184002
489684
254664
-415810
-306071
437514
251943
-503562
-357201
440551
342704
-351063
-341280
403890
381729
-276395
-389832
285718
433340
-317549
-348517
272867
402586
-232157
-461838
138583
368788
-118742
-423877
119254
439507
-78540
-432696
57883
417278
-36097
-474595
21081
440839
-10502
-419391
-25890
420722
79211
-430074
-93221
388612
86632
-409605
-136018
395856
178253
-358031
-192793
411643
244740
-347428
-248495
324408
223175
-340399
-293657
337108
362696
-259973
-330521
203259
300983
-180540
-308867
161904
298158
-172191
-287335
201350
353520
-162839
-340350
70740
352268
-7048
-333599
23007
273456
-75731
-347317
-22872
366349
-15907
-345885
-96403
307924
41540
-292386
-68963
377488
30120
-282103
-131727
289445
156714
-273385
-192671
249676
193546
-275138
-171474
188271
215070
-230667
-230292
118701
226229
-143476
-229287
99008
254787
-133468
-267888
156899
243152
-94415
-283601
53317
242390
-73520
-277333
54010
274583
-1505
-320033
46374
209106
-11837
-237993
4748
222849
33276
-248570
-42313
277150
6084
-254742
-70620
199976
73694
-189717
-100237
202728
102862
-203734
-146669
169127
84403
-92734
-187671
84968
218675
-188860
-83049
128037
216324
-71679
-163499
91414
182809
-164802
-132365
76073
144189
-63648
-180877
46815
249297
13685
-226354
-44418
227401
-18236
-151147
-25713
176407
25943
-150430
-29570
139519
49486
-123585
-43868
159635
77329
-199806
-40744
134599
127299
-102481
-55154
129172
72429
-136317
-88881
160201
94303
-40375
-146753
92357
169973
-115123
-150836
40166
119289
-122787
-102120
21178
138121
-58992
-93115
28731
215118
41319
-167166
-56699
182854
11373
-116513
5408
129325
13674
-125054
-41556
187877
40816
-135529
-69725
89852
73527
-139670
-9670
132210
91892
-92402
-73146
71685
78131
-135758
-88618
62554
89071
-70001
-48985
77703
75075
-84723
-28793
1813
79338
-46124
-143749
40623
113898
-36316
-121898
-19422
136030
1635
-82146
-39455
92309
-47070
-110281
-50015
144758
-2241
-113322
-62791
129224
-14923
-109865
-29949
106157
56215
-83331
-85504
66230
32312
-34278
-84806
48974
146927
-52969
-83447
18216
109340
-88454
-69871
15577
62988
-36707
-130000
56071
157102
1436
-39270
-238
65003
-38969
-142451
-219
122974
20977
-121482
-5094
78787
6699
-85306
-15642
116286
-29178
-94340
-79527
80344
125260
-42922
-50819
80078
42045
-57434
-76640
27486
63187
-91209
-78400
100740
48564
-10553
-47196
134417
24719
-32079
-82833
122502
72680
-10185
-67593
52427
127164
-41243
-55077
-15380
77825
-30250
-65277
-39730
154231
-39277
-133439
6851
89512
72530
-93606
-20035
65827
17883
-140752
-57649
94244
32732
-89188
-65181
49510
39044
-36601
-40530
109951
60171
-55064
-56512
87650
47465
-72589
-74251
83278
27884
-26705
-109034
60712
76300
17548
-56238
4883
65847
5899
-95945
-2591
71256
-40677
-108308
17396
109313
-24756
-72578
42325
31021
16121
-140188
11859
68556
6199
-36174
-95180
96299
-10816
-58209
-44727
48989
6482
-45976
-61464
-3171
54759
-69117
-36408
97607
53353
-59537
-38271
45906
47144
852
-33438
6705
26178
-7075
-56796
45487
-18440
-58829
-82737
21513
85508
-26321
-64057
64477
89870
-8827
23408
21162
35888
23880
-8788
8717
53356
27268
-130845
24290
33550
25751
-23757
2466
66173
63415
-91957
-23283
59832
82417
-113947
-8198
72445
-11320
-34806
-28837
2892
97065
-28666
5828
67730
107773
-305
-70099
-2914
55833
-61771
-92124
-14722
52079
-7320
-2572
15263
93311
-23009
-58159
17201
84503
72897
-87434
46417
102401
-25503
-86090
-11901
10255
265
-131449
-42956
288
56728
-100604
40940
82575
-34435
-92725
-25071
17730
58339
