#SpinCore Technologies, Inc.
#SF in MHz
#SW in Hz

[HEADER]
@CLASS=	RADIOPROCESSOR
@FIRMWARE= 3087
@SPINAPI= 20130917_x86_64
@POINTS= 600
@SF= 0.000000
@SW= 30000.000000

[DATA]
-17745
70299
-48622
-35734
64346
26731
-26668
-86241
65947
69387
19058
-27535
926
81708
12504
-44192
26803
99174
100417
-108458
2281
39629
27635
-85773
18520
130494
-3909
-28783
-6867
25370
77317
-44012
-52863
22650
38334
-85223
-29058
59277
44168
-89108
-83483
62261
94543
-78434
-39694
-12898
113780
-7796
11674
49207
52828
17930
-48099
4693
95240
-65120
-57895
6566
4382
-24448
-55976
26267
26067
-23650
-84425
24379
57070
30962
-29683
-41042
46690
58810
-73165
-29450
68576
73783
-133344
-30702
47506
6259
-73670
-50585
84851
91496
-46828
-63231
79812
101234
-79191
-27172
20180
86363
49556
-26679
6566
80850
-10590
-90238
42164
132028
-42317
-76820
11969
69421
26040
-72028
49387
31107
1368
-95661
-5236
49438
12200
-92695
4782
71815
26897
-74142
-34785
92612
12515
-127754
-3363
111303
48573
-111017
-66922
41377
73525
-103688
-26074
5167
106072
-48407
-91174
21369
101609
-78398
-76267
11830
97023
-33695
-31400
62164
42042
-38309
-23594
7464
80040
-4731
-96442
4950
131005
27927
-154039
-36059
99981
31022
-140555
-6800
57654
47230
-74919
-33516
116000
16888
-112701
37923
83864
118713
-24641
-30538
114337
92364
-19993
-13952
78713
92940
-43585
-59314
24014
70541
-28499
-21113
71314
68262
-42874
-94095
9693
79831
34176
-109166
-18622
107862
56073
-89039
-35922
80557
79
-93676
-39014
76321
8204
-72761
-15844
68395
22416
-91264
-50817
41456
30891
-48881
-65621
73419
-2863
-80648
-116838
143325
33406
-115392
-76999
125210
98083
-47816
-62190
65682
45296
-53766
-60243
49912
73876
-54179
-106137
61728
176406
-36228
-45741
10086
123422
-47619
-120259
-19153
80227
-7260
-32607
40816
86684
27475
-60883
-36171
102740
-26653
-156607
-38887
142226
31512
-49768
-95727
8351
37491
-45517
-74090
144215
87654
-11136
-107379
85855
116895
-82506
-69910
88579
129279
-90158
-79051
133214
157353
-104768
-64589
10924
88300
-568
-168146
624
151422
-23353
-87984
72582
108156
-14961
-187590
-32277
135025
26874
-158194
-89302
141229
73970
-80575
-118283
132489
140551
-63428
-65697
120276
17401
-130611
-87263
81493
93430
-125800
-64797
119218
91278
-96370
-159633
120457
131628
-60258
-79617
87419
165754
-22576
-173317
70989
130150
-80970
-146315
46727
173813
-22384
-140099
15450
134114
58291
-169139
13875
182291
18454
-191317
-46715
193520
113415
-150716
-89063
142710
136999
-133195
-84994
191839
138069
-147731
-155988
155820
148793
-86097
-124739
91773
159246
-129043
-206264
117769
246914
-107913
-140776
49484
206777
-98698
-169263
33763
173494
-24520
-261958
27959
141870
-38904
-203068
-31277
244678
2620
-214830
42285
266740
44860
-214978
-45591
190402
153388
-195314
-88713
258666
105123
-276812
-95130
149626
176752
-259816
-149591
203824
186250
-158408
-270916
157766
156884
-126210
-226401
135378
222190
-133336
-152449
161425
262717
-91803
-209072
128113
239648
-5412
-203053
73515
243818
-57528
-317180
10933
312573
-6543
-266779
-33241
267606
26112
-267734
-59127
265101
42578
-260921
-89035
325257
116157
-224409
-77806
245417
90678
-284247
-155502
248993
222990
-248349
-207538
236171
226003
-238740
-208686
229584
201440
-154514
-255346
159934
264468
-159380
-309419
136943
329751
-196815
-279518
157053
284719
-71069
-331696
77139
346187
-3122
-358919
34895
379543
-38747
-340315
-23961
362154
382
-304129
-35587
325510
81721
-340004
-175695
379557
117306
-305756
-166248
371807
121895
-348479
-205977
357000
188673
-333213
-242370
363917
262330
-271715
-312303
224486
320048
-253368
-323318
258882
395219
-176007
-259970
159048
391401
-180361
-395701
122359
372080
-150430
-404350
62113
412264
-46791
-386543
66090
407254
-33376
-387664
28515
475027
-67734
-407075
-76589
469835
99126
-396761
-35094
377437
144468
-463275
-169867
387924
127425
-365415
-235684
379619
174565
-460056
-256648
312737
210971
-331312
-264334
310852
330479
-320602
-264954
288110
378841
-260214
-403262
222277
330641
-188134
-357677
132635
419162
-169800
-392145
108417
433277
-40263
-458535
88489
405075
17903
-455745
-19964
489931
44742
-440215
-75058
427220
124146
-434204
-37803
437971
165452
-401630
-131937
409766
169803
-437746
-233123
319272
243099
-426734
-313607
346069
270152
-359770
-316842
306176
309225
-333798
-351684
317089
395202
-250849
-360183
279083
335008
-202750
-388468
167476
481347
-140914
-409029
173369
460807
-160442
-488690
134733
475777
-40444
-515861
66403
441940
-10311
-421804
3189
499236
17395
-426374
-86280
392347
77070
-402458
-135270
422983
129693
-409724
-180675
443932
214881
-389333
-171225
366804
218672
-397926
-314330
316668
310976
-309576
-312361
273870
344919
-254469
-290505
222983
351619
-206379
-392432
228980
349566
-173940
-372903
127277
370826
-101914
-371954
122823
458945
10422
-408960
98322
369155
-31900
-372661
-10048
402560
-99292
-465396
-77761
468780
57279
-386627
-114497
349985
88601
-351540
-136413
344126
179509
-343433
-221861
389739
135900
-337903
-207754
224442
233671
-264483
-252642
273609
306858
-229918
-258336
218762
291097
-223710
-260445
169500
351515
-156758
-286812
150697
358110
-110303
-309642
93521
359076
-63757
-286245
40975
371769
-34810
-392132
19770
389549
-13239
-308307
-57464
307245
43414
-335406
-47175
303416
118346
-254137
-117257
257486
125310
-302660
-121887
278640
180085
-287386
-184587
220828
159920
-262013
-200610
215512
202127
-141713
-239909
140208
210884
-134223
-251325
153168
264351
-151530
-235146
147243
266137
-38480
-280498
65287
249465
-84552
-286824
47862
281387
-35389
-316004
84888
257381
32850
-310594
-51291
298505
50140
-241812
-104412
229168
-26031
-230698
-101696
266266
133039
-193933
-178425
247770
111524
-231668
-112153
221346
169648
-199758
-202056
71930
199211
-141891
-150925
182778
159090
-142915
-231344
111109
178180
-142661
-193302
94936
204890
-30871
-189391
76283
196440
-21550
-266083
32453
183009
31009
-198532
23444
154021
54509
-233118
-24489
156962
67351
-192178
-105085
183945
85566
-175354
-62078
195800
102518
-106543
-83025
93490
120964
-124447
-68153
148591
173700
-71111
-143488
115540
183406
-122805
-165043
90420
162496
-42407
-189530
122742
216881
-41420
-194309
26503
166095
-29661
-151327
47536
176500
9604
-163468
10101
137552
-3635
-140471
-14805
185023
10465
-168579
-37130
191509
26335
-66175
-43982
136829
52187
-160217
-115807
109582
90497
-96296
-97878
133880
145618
-100507
-110201
109995
73139
-71977
-134364
53492
127462
-45530
-170071
4668
164859
-58279
-90827
89050
120337
-49372
-119413
-17083
139152
45340
-119225
-26454
99819
43479
-141300
-28741
161006
53404
-131922
-11480
53561
14209
-54083
-46666
117555
14642
-69619
-120847
118602
105283
-81186
-34180
65530
115933
-4317
-69173
89822
83357
-82563
-68986
65562
134107
-15149
-99665
10522
99732
-2341
-114340
8637
67375
-30719
-86748
7892
43726
-44961
-101114
21733
47026
51148
-98008
-60803
127364
-10217
-57061
13666
96482
59616
-131146
-71390
94731
94699
-41707
-85799
53308
71092
-116797
618
69060
77691
-68650
-106159
114937
48754
-39596
-89659
43466
67505
-25497
-36423
-30068
127714
-51552
-62956
-41404
74542
-7726
-81211
29070
114280
-14198
-8705
44691
82863
19245
-42799
-40177
131342
-4982
-75885
-2739
82062
16748
-34748
-97260
68972
17431
-99272
-14914
116536
33824
-12098
-43954
65643
97602
-66756
-115891
66058
127789
-28
-80292
53799
-56787
-12824
-59908
-3491
50493
-16147
-98136
35977
77769
3626
-127404
-38660
-13460
-68284
-45417
29130
51804
14166
-96997
-14754
100309
32570
-43175
-3096
96284
31508
-44366
-17790
65187
68731
-37703
-55578
101679
30514
-50439
-87186
88026
25449
-89778
-57777
70890
107105
-35499
-51640
61223
69841
-87299
-91570
69208
73883
-20279
-78137
84229
81462
36170
-80198
-52402
69731
38919
-80427
-26380
23483
34206
-107262
22419
90651
-6274
-31190
-3025
80018
81483
-113877
-38608
33830
115143
-25302
21522
72869
35649
-77911
-58929
43902
57019
-96533
-43345
42526
113098
-79895
-123801
-10677
87706
-92968
-35642
18174
70032
4170
-130306
33580
76646
11830
-26922
18603
76758
7308
-80846
-17048
98240
-26640
-52295
-33857
105434
37119
-55474
-69854
120452
5655
-122360
-23996
55837
51234
-137575
-16088
58826
65544
-41248
-45843
-18128
-687
-129139
-82892
80972
47226
-55338
-62769
55533
36563
-33763
-45201
-27734
26031
10764
-21249
896
13210
-55019
-63443
20080
82564
27356
-87292
-48722
96371
-20857
-76830
2024
48925
-1017
-73850
58214
7958
26149
-93261
19469
25995
13546
-68033
-11313
66468
29563
