#SpinCore Technologies, Inc.
#SF in MHz
#SW in Hz

[HEADER]
@CLASS=	RADIOPROCESSOR
@FIRMWARE= 3087
@SPINAPI= 20130917_x86_64
@POINTS= 900
@SF= 0.000000
@SW= 30000.000000

[DATA]
8464810
-6115821
11263729
-5441320
12304887
-3339790
12804927
-937103
12834125
1408563
12372546
3774048
11406051
5966830
10129886
8021917
8429238
9681780
6572789
11170482
4423091
12155192
2074978
12669641
-308528
12832894
-2562212
12549057
-4839605
11756230
-6916313
10638270
-8734749
9258080
-10190751
7434206
-11350333
5402557
-12128461
3118905
-12388719
874757
-12346590
-1283615
-11727913
-3612891
-10888170
-5667875
-9600741
-7514720
-8043327
-9095748
-6191039
-10337034
-4216035
-11278641
-2037795
-11716053
144191
-11856151
2358648
-11552941
4307608
-10836617
6205138
-9794306
7875580
-8495277
9179012
-6828066
10216229
-4940184
10863584
-3004704
11145929
-956927
11047662
1106662
10522132
3006151
9764845
4946531
8575090
6543228
7255190
7966826
5616913
9010175
3802103
9842373
1928602
10306088
42425
10386388
-1888929
10150970
-3678415
9491946
-5248154
8646696
-6661154
7444477
-7881340
5967387
-8680292
4461939
-9353443
2677621
-9518121
941963
-9408015
-807643
-9029973
-2478172
-8317514
-4036156
-7376530
-5462811
-6172747
-6709893
-4746456
-7641127
-3302083
-8262604
-1732520
-8671230
-100241
-8819226
1442352
-8499076
3008839
-7944819
4270893
-7206802
5488058
-6297713
6504797
-5044445
7260152
-3716372
7708412
-2329150
7960375
-894016
7836216
660671
7555775
1981170
6926267
3284111
6075410
4455622
5115190
5474663
3950664
6269709
2772037
6732091
1536174
7049067
96185
7169695
-1186174
6952635
-2408797
6485482
-3555957
5940915
-4463596
5062470
-5344864
4136167
-5980751
3116125
-6258799
1904166
-6444777
773222
-6379326
-467578
-6042487
-1642137
-5600349
-2681784
-4927759
-3600485
-4089443
-4468190
-3213840
-5071502
-2208678
-5484052
-1212695
-5713361
-91304
-5746426
953533
-5608114
1961407
-5263061
2878628
-4714286
3601978
-4094179
4203750
-3262446
4695956
-2455372
4959931
-1466431
5144539
-507853
4996742
389939
4782858
1354369
4396213
2153221
3872268
2865830
3261749
3584381
2515519
4105832
1755350
4325710
846778
4511380
64609
4568667
-788604
4337539
-1572585
4112220
-2316359
3706441
-2822822
3139216
-3380510
2531194
-3747077
1840032
-3892127
1056555
-4051376
346687
-3977334
-359481
-3712792
-1090672
-3403078
-1742134
-3039661
-2246578
-2522363
-2763585
-1900008
-3150656
-1283757
-3353744
-673277
-3495792
-14527
-3502863
575320
-3404180
1296833
-3179362
1787457
-2850794
2253728
-2370985
2597982
-1902495
2855092
-1342022
3162263
-806029
3102164
-287239
3084680
329271
2889115
879415
2608577
1319189
2261108
1751413
1901463
2160619
1430588
2347170
1044411
2489177
444388
2693712
44919
2694365
-504964
2587204
-921028
2382019
-1350036
2080853
-1730130
1807353
-1984076
1453573
-2097930
1068696
-2184755
624639
-2291295
206143
-2269142
-234429
-2163588
-699024
-1902053
-983539
-1727471
-1273177
-1420415
-1514841
-1041337
-1775657
-723701
-1890424
-342197
-1914822
61026
-1903327
356616
-1846966
637992
-1724136
964801
-1578458
1243073
-1308918
1401033
-1037643
1552334
-749055
1656874
-428657
1616055
-97773
1645698
194382
1523798
509374
1375498
703411
1212004
933189
1026529
1125877
784837
1215259
454603
1334055
210630
1396982
-89092
1396160
-303634
1247456
-449410
1223255
-655896
1073829
-809947
900057
-904834
752158
-1077818
576379
-1071460
355555
-1081219
79788
-1045174
-153927
-1083141
-287261
-881960
-494902
-757484
-671433
-660463
-737082
-433925
-878901
-274596
-913180
-114785
-945009
17100
-929117
156713
-895228
398435
-796986
467720
-724295
606127
-593927
590914
-515994
723039
-349899
768994
-254681
732457
-38373
681460
57168
675018
202206
534160
386649
460213
465746
322912
411722
289328
478676
193981
532896
35198
604447
-85956
601366
-182613
461720
-257425
451126
-314803
408191
-383859
337881
-314388
185952
-332277
105113
-448164
94181
-447471
-40334
-406471
-90144
-395131
-111303
-289317
-257531
-198529
-292138
-163135
-321318
-85184
-397378
-55125
-380754
1669
-342895
116675
-316114
142844
-317919
211496
-292949
230567
-177774
286033
-114990
281549
-51435
301782
48100
272226
128544
294701
37750
243521
116781
181976
201740
176659
264498
43719
210178
64463
216398
34436
280709
-100030
273963
-27856
184601
-146812
184678
-151883
184241
-258840
118287
-163410
10833
-244168
-43799
-273872
-1868
-182944
-54913
-204125
-168394
-170805
-172869
-139877
-192306
-133031
-228874
1133
-278118
41588
-203166
66163
-245747
118214
-192741
158524
-174470
188255
-158607
191187
-142712
213072
-101452
287669
-4857
214703
2512
172043
5377
290099
79973
206975
209509
170992
151628
123662
291110
74388
249537
3982
227240
-63516
234965
-57850
259615
-139386
162796
-188530
199222
-234411
202715
-246956
115567
-239218
54653
-280191
33506
-221710
54130
-241999
-86224
-258800
-109974
-145514
-180133
-137039
-194269
-200463
-204085
-131362
-226815
21559
-292407
-34517
-262053
-2621
-345827
73876
-311284
122922
-247055
185512
-267959
178013
-286971
275143
-135151
240964
-121595
315832
-34340
302640
7152
291514
111945
286389
159032
256522
216879
267877
219384
175463
270371
115832
252856
88513
326039
39738
332180
-138415
385128
-77733
322728
-171845
312897
-186429
225985
-228689
282580
-280399
206217
-327558
147960
-337622
-35554
-327040
-4137
-356029
-93017
-364430
-142448
-319648
-332985
-321934
-301966
-274662
-306963
-128816
-378048
-130792
-329126
-29859
-460202
43797
-452185
130947
-477054
221094
-362268
276831
-374874
363372
-323583
401951
-279243
482669
-150150
525222
-138343
470088
22333
475988
57912
476347
168975
354964
157060
371653
260416
312745
282000
198496
379938
241669
475787
73774
439405
10788
451351
-127578
464876
-165519
485102
-275755
451557
-377687
298470
-447529
313636
-546136
260349
-543800
176903
-562819
70660
-465299
-36513
-572470
-100024
-496482
-191521
-449199
-325075
-414608
-316633
-295056
-465069
-302482
-452563
-137223
-594338
-77508
-578159
48558
-600563
129304
-568125
247123
-544988
355656
-446731
436274
-427097
499211
-408643
535027
-245432
600278
-128669
564746
-114828
507625
87420
572216
133000
532254
259132
472962
349185
437330
476686
271144
526211
278820
576944
15870
643363
16291
607536
-141431
638669
-239974
619858
-333842
569997
-408048
464440
-395519
389177
-631457
265537
-556959
211232
-627974
4897
-672218
-80722
-620099
-186934
-587172
-246891
-458568
-361761
-408545
-473086
-315974
-549279
-213617
-602994
-126706
-631598
17292
-584879
63238
-648141
208247
-604425
291882
-581741
350842
-544455
487558
-448830
580874
-275267
601542
-120595
600842
-71904
588154
50683
557720
70835
660371
263376
537644
380378
429531
433135
391940
516297
261861
580293
166968
579636
16612
598805
-80206
642808
-241326
556595
-284806
527487
-390062
461752
-433866
402004
-532535
315237
-569177
121166
-609415
67763
-633743
3208
-654340
-72502
-571941
-248698
-528331
-301308
-409770
-437901
-360091
-493013
-307179
-562161
-178764
-540547
-30814
-558316
96926
-632757
194774
-586783
273847
-530293
348800
-399956
451602
-397869
501195
-283433
576496
-215144
636782
-54853
590079
-24241
567737
163108
589458
271935
487403
327996
421857
354319
273467
452379
260442
560840
141573
522820
16714
564905
-101937
572851
-132951
497887
-277225
429536
-343622
431022
-389376
314556
-468246
314064
-455264
191683
-524732
94164
-570972
-54344
-556512
-112272
-413208
-195862
-465163
-299450
-326008
-425889
-253856
-465195
-214852
-476266
-90626
-559414
-29053
-507561
45048
-474110
242284
-441381
298632
-433655
306955
-321397
366541
-277970
349058
-256594
449899
-130358
468391
-69604
464746
82387
408489
190843
362379
206011
309065
280372
298583
364566
159713
380448
159308
473560
60805
462617
-94051
451855
-81868
372773
-191192
331776
-197105
347741
-292917
347336
-361492
201955
-314071
198364
-436831
54963
-440822
10097
-454222
-109658
-353998
-194068
-283229
-198028
-317964
-290120
-189989
-371990
-159136
-349511
-47927
-314320
9233
-392055
41591
-356118
178740
-318257
200381
-260721
291223
-256177
278463
-258492
317068
-226503
301675
-52578
374103
2831
316038
56700
268756
35059
149601
227384
162840
296057
130254
303945
95546
333530
35261
292844
-83257
282872
-111952
289160
-219862
282750
-182233
361847
-218316
282768
-278878
151845
-292858
140557
-297340
22476
-287661
-62090
-262672
-49963
-232244
-139257
-233822
-207718
-95271
-227166
-170529
-258472
-123482
-263636
-102737
-294805
-14376
-325970
114050
-299859
110117
-296695
112309
-236807
163239
-149621
176218
-152263
265503
-49999
296281
38657
195601
-16521
257616
79505
266634
157631
156545
149401
141617
210185
150585
247477
35873
263881
23292
321278
-42790
237960
-51196
218485
-162612
260027
-237552
236675
-206000
127408
-175328
79299
-286600
68411
-214327
46132
-284472
-8114
-257847
-117646
-218973
-153699
-125225
-146239
-65422
-155654
-32681
-265533
-51066
-196035
-27033
-214348
29018
-253378
126328
-193995
157398
-232961
164867
-146130
155134
-120436
209971
-101209
272159
10621
175544
-4604
242731
55174
216205
77885
181483
79188
166398
221407
181652
211253
35157
212652
43936
215881
43129
242754
-33305
242427
-90425
189558
-206411
250600
-180659
165027
-247325
140200
-206682
54556
-291867
80085
-267355
-4623
-273516
-79785
-280219
-137567
-239803
-213040
-136885
-216859
-174677
-276702
-77021
-279570
6629
-245471
5200
-302405
98965
-277625
15039
-233447
156711
-162527
218294
-239381
258518
-135591
271069
-100136
223727
-34533
295001
-71704
226224
-19349
293313
61027
245080
133477
260840
162199
212104
250214
150855
240857
147250
311325
95258
320271
37196
301022
-103803
273503
-98537
249104
-146667
224981
-205506
204903
-214410
150971
-255287
97546
-182923
52597
-305829
-508
-215980
-63326
-233042
-106488
-214616
-123321
-207598
-236574
-161400
-241274
-57479
-247064
-12529
-308011
27496
-304801
83077
-275541
25312
-245095
92476
-216462
156825
-195832
228798
-193951
218028
-121059
240445
-142633
278110
-25095
273113
30430
243044
56040
231702
157084
224978
77634
148668
200724
100531
260518
95352
221973
17051
297209
-16815
292498
-59810
216880
-69457
317604
-165720
206699
-178740
134975
-178055
149789
-232852
88110
-309741
100866
-288935
93614
-297754
-61332
-277677
-75931
-209919
-118726
-274183
-104131
-155060
-184651
-134019
-249860
-131669
-235642
-39543
-241705
-79702
-238871
20523
-264568
73345
-248686
119874
-184041
207543
-169653
201029
-124349
264773
-106218
221701
-18124
319243
-13526
252347
42158
323263
168327
223352
97755
210345
179342
194879
154799
175636
204178
125029
236857
6153
245089
35630
218137
-17486
206076
-135223
247416
-109024
166614
-96219
147547
-206097
175062
-235702
97585
-261741
68492
-240331
75992
-223011
-9099
-164605
-70799
-191961
-72638
-213755
-117281
-200501
-21412
-81314
-133658
-106814
-166661
-22216
-165176
-11762
-202865
57954
-195322
103141
-145031
98004
-161407
138622
-180698
164346
-113355
166047
-78467
222938
-58208
208027
-24111
192829
4810
146468
21483
126987
-47055
138036
91954
137387
122489
97029
102297
41214
106851
40635
101085
10234
166647
10000
149699
-43688
155453
-20067
179879
-84968
118919
-40375
175073
-103100
120296
-163288
92068
-79087
90773
-115152
38653
-150781
61271
-177393
-4937
-126937
17373
-158448
-16206
-151914
-73077
-91426
-125070
-86218
-79067
5418
-165940
-31486
-181977
17022
-158385
-6158
-106167
95410
-82866
103746
-138209
84348
-139566
150907
-122500
139851
-75688
194174
-11666
123783
-35634
151682
18762
138643
23191
152451
81228
111702
138816
136254
166191
46741
85469
61571
164902
-21554
162200
2025
98550
-81759
140893
-59216
114661
-35544
158716
-125163
156249
-110652
73424
-103114
54887
-119240
39338
-114959
-1608
-138089
96766
-153056
63456
-93270
-21214
-165296
-43068
-77926
-77129
-70258
-107743
-22071
-66899
10546
-64881
-36382
-117047
-1984
-139283
-2453
-145754
25939
-143693
51410
-129207
87651
-29233
105024
20342
74045
-68032
146187
-73121
198165
17204
123046
4383
85739
-25486
199283
31395
102548
28357
124283
44247
59158
57536
98628
33653
44007
126356
42267
85508
81020
50652
15653
122919
47358
59261
-10873
70894
-13145
102677
1225
41032
-88288
84417
-75022
33729
-96624
-30154
-87307
-71627
967
-49491
-81441
-51301
-99125
-63441
-47719
-130658
-74595
-61741
-7113
-50431
16712
-111696
-25676
-104314
28453
-78132
16431
21808
19377
-71309
72245
-44524
64216
-54302
127285
-6480
82711
-26186
151369
-9267
25850
-28280
99286
35295
50299
89563
128653
282
76746
55149
47444
105138
-4324
-1214
5344
48835
40125
33451
-19666
85787
-15884
-11378
-37470
62603
-43297
59266
-91765
20251
-22655
22471
-86663
14032
-29071
-30309
-22050
-8214
-95538
21863
-30884
-61739
-44577
-41109
-38073
-92563
-133618
-41000
-39219
-105935
-67308
-101121
-21347
-91126
-13720
-119423
32279
-86671
25184
-87798
22993
-54500
66787
-19793
-13085
-27170
1913
9657
73183
14449
18145
31299
124639
-3089
-28902
18381
-33601
36406
-4688
17082
35268
17871
-51377
113784
-91107
52463
-26530
-29322
-8952
-8367
-35553
61426
-66343
48403
-20464
18083
-89473
-22460
-67928
-29714
-33900
28559
-94417
-6115
-97336
-32547
-30755
-15972
-32694
-71284
-79756
-66938
-23335
-40296
21707
-31536
74643
-10298
57559
-96353
119307
-110
42466
-10624
143116
-33774
86827
-29963
116404
-42834
92823
-35768
2734
74905
79459
48285
48893
27495
-10916
42690
-37588
17915
-37914
26167
8985
-37835
-24352
87686
-101109
24519
-40464
28118
-16750
-3172
-105428
54384
-56033
1366
-38234
89752
-66233
-6084
-42214
12428
-41223
-77967
-60376
-58277
-74139
12404
-69795
-95577
-48916
-57855
-88897
-30594
5571
-25995
39306
-40593
29993
-23431
