#SpinCore Technologies, Inc.
#SF in MHz
#SW in Hz

[HEADER]
@CLASS=	RADIOPROCESSOR
@FIRMWARE= 3087
@SPINAPI= 20130917_x86_64
@POINTS= 900
@SF= 0.000000
@SW= 30000.000000

[DATA]
6859542
-5068988
9170997
-4530461
9995426
-2760111
10360166
-814160
10410811
1138347
10061157
3010135
9319244
4847875
8314597
6438158
6991164
7891084
5408550
9032971
3630481
9828243
1792287
10345233
-166832
10443843
-2050875
10240332
-3919890
9638552
-5554609
8672182
-7038503
7478248
-8241073
6126286
-9210581
4489311
-9814227
2813200
-10065548
819990
-10062390
-1053278
-9660147
-2794332
-8931526
-4522667
-7922493
-6021399
-6616572
-7345306
-5106740
-8353745
-3560996
-9193031
-1805599
-9548153
29428
-9621623
1722827
-9404922
3404112
-8928890
4994392
-8125363
6314940
-6986360
7412318
-5670179
8246293
-4229731
8819728
-2561448
9159763
-948726
9089169
751147
8682572
2383182
8076882
3825059
7165453
5208382
6058743
6441287
4656597
7330802
3255243
8021784
1747837
8390616
209842
8488036
-1311398
8372379
-2846525
7933849
-4101542
7185399
-5381034
6254774
-6349510
5050919
-7068709
3820216
-7611481
2388885
-7800536
990388
-7764852
-429313
-7510323
-1776603
-6936524
-3141833
-6183927
-4314850
-5240363
-5389572
-4148457
-6162537
-2908948
-6689669
-1674669
-7043104
-322998
-7147290
1024427
-7011512
2235146
-6666545
3359510
-6051394
4375211
-5232483
5212260
-4334283
5847436
-3307019
6249978
-2131808
6469333
-893605
6523332
294400
6237441
1349667
5786545
2486026
5204255
3415331
4455311
4312421
3530011
4921931
2541798
5515462
1440852
5696551
360082
5850043
-727487
5731239
-1818148
5452200
-2633070
5001939
-3507735
4372313
-4122427
3583406
-4622387
2785189
-5046602
1766417
-5192321
798620
-5184150
-112380
-5084674
-1078156
-4646397
-1974977
-4186507
-2699549
-3603353
-3443278
-2815573
-4061105
-2047793
-4343135
-1138893
-4651974
-326535
-4722770
550951
-4593519
1443384
-4425927
2142891
-4035575
2784463
-3558444
3303742
-2889790
3701532
-2161592
3997648
-1423582
4167780
-649545
4116274
119964
3975821
866503
3746930
1540125
3306899
2198327
2833384
2708889
2213235
3196608
1575142
3495858
907082
3607323
280846
3681108
-435354
3603586
-1098994
3425988
-1730184
3096697
-2149657
2746005
-2609815
2222373
-2927756
1691844
-3165734
1086344
-3278586
471335
-3320317
-122975
-3134817
-639406
-2932803
-1211411
-2617606
-1743039
-2179299
-2193634
-1747750
-2474306
-1172281
-2666405
-647196
-2858336
-159913
-2906511
375247
-2780046
857724
-2638444
1287501
-2422468
1680636
-2105567
1990571
-1723530
2258835
-1245369
2474821
-917574
2553048
-334388
2434606
125918
2354108
541875
2174751
924681
1930546
1311202
1663791
1678430
1303312
1930954
1042242
2080478
524390
2167389
80727
2201103
-267719
2140580
-638573
1986111
-963177
1846565
-1245464
1583247
-1570845
1314792
-1692543
944974
-1793367
617875
-1821254
300756
-1868966
-79311
-1823114
-401043
-1682359
-675498
-1437767
-896590
-1257375
-1203710
-1028760
-1363669
-736574
-1439090
-426662
-1525643
-188562
-1612513
199202
-1555250
502219
-1467368
656395
-1257632
904927
-1195967
1110849
-867971
1194935
-728535
1313223
-489183
1352282
-190639
1292433
25699
1240944
262640
1219271
449754
1024972
630623
914072
798241
700466
969274
494423
1069209
354548
1061487
124521
1123310
-80366
1048189
-270264
1002811
-488564
976235
-614745
858764
-739970
694433
-834639
506207
-901295
284408
-920545
158245
-890289
-45341
-819996
-194223
-827247
-290504
-683657
-444968
-551276
-541866
-497032
-543055
-373789
-703320
-217489
-751004
27024
-653400
45216
-632868
165351
-676807
323898
-498890
396338
-526122
453843
-449034
543502
-298453
517929
-237864
520941
-109928
525935
20665
543937
154825
399468
252084
421587
262749
377805
372170
326273
390795
175654
443110
86733
434443
21290
453510
-10425
449780
-151854
413534
-159087
384972
-270811
311444
-349535
264740
-340909
109703
-368016
59857
-328894
51645
-327225
-45812
-308201
-120333
-237928
-225274
-158636
-208215
-168617
-258812
-114611
-266816
-23739
-275473
-4568
-269111
99199
-194515
140292
-259090
114852
-225333
211167
-201953
178622
-88180
216387
-69753
216292
-3474
159346
39471
210010
17892
112095
62085
142888
76170
106606
135677
163424
129825
74425
284513
-30662
230930
-62006
214372
-50709
140954
-99556
172885
-140619
129078
-191554
117324
-174048
115413
-188372
52439
-131514
-11260
-165476
-73510
-141355
-66099
-98598
-128927
-132331
-87992
-99071
-127563
26451
-134087
33383
-152590
-17497
-147611
36804
-130310
50061
-138545
70797
-116340
103789
-59258
163306
-92136
190374
-67024
176195
26483
175261
68342
155647
29360
146701
147568
71210
138960
111049
132226
108270
161444
70165
164911
31153
195020
-10093
114842
-72070
144340
-87057
172038
-123793
156618
-163118
183526
-238500
108637
-187649
21090
-238281
-4686
-278982
57952
-227692
-39998
-192896
-95775
-209570
-86238
-107345
-121223
-99704
-204825
-85415
-189613
-51969
-203946
15322
-271647
61201
-187599
168365
-185477
96404
-196329
207193
-147434
227797
-135463
187035
-45433
275995
-67858
249378
-60594
274288
40020
233697
83176
196243
105356
210158
188891
125947
191694
122984
160692
121299
234833
31751
250341
13581
236630
-42563
236877
-134339
232723
-154191
267668
-211514
194261
-266760
209030
-253566
141097
-258214
103023
-266633
22443
-301481
-47799
-293245
-79584
-308018
-165801
-267303
-214715
-193256
-231950
-147414
-277915
-157499
-246600
-19003
-279508
-18204
-399364
54338
-299508
74057
-375219
164054
-276175
245736
-232050
276956
-230684
283107
-222784
361277
-130457
349248
-48846
285879
21546
337933
18969
295234
134203
323065
185607
256117
270255
233369
322729
210654
334105
120416
420228
-18455
429783
5619
393776
-175783
397167
-205073
385562
-257027
294573
-320875
233684
-348372
226635
-344180
216847
-413780
159176
-441464
85392
-433730
-53653
-450323
-136167
-431312
-241153
-364523
-323733
-340804
-268847
-232786
-371548
-126948
-365156
-58860
-425895
-47254
-422862
92345
-410131
160437
-480060
217521
-462737
318413
-307314
357662
-297062
434099
-139640
456499
-110934
480546
28926
485227
11263
432035
119505
507025
263955
393131
274896
313921
395458
265038
416103
199687
480874
127599
488400
-15033
549005
-75822
553115
-151974
549298
-313974
424663
-295887
316164
-466363
362368
-399566
245125
-558216
168094
-520480
63373
-484129
18755
-483896
-108806
-464044
-205423
-445380
-235856
-449118
-326519
-265338
-388045
-184315
-493555
-130731
-531670
28175
-504050
147281
-553593
180799
-461438
233372
-453439
350324
-382152
426891
-312000
458304
-263413
483122
-171221
480576
-177802
508770
-20495
488768
23090
523434
199800
403643
272941
359506
331266
295270
436671
277755
439291
124267
459793
68229
497567
38181
539284
-137228
453599
-213048
470126
-325586
344535
-304248
353609
-417506
207166
-476374
203727
-480461
129058
-538901
33389
-470583
-58005
-452990
-170098
-527702
-264166
-411523
-308181
-312682
-359138
-193173
-420768
-170016
-484946
-83032
-518155
39627
-513620
92351
-424290
147833
-451213
235816
-379618
364714
-310527
417930
-226417
439993
-168571
449926
-35280
513661
-10545
452340
37242
378508
218385
349797
247863
329755
280517
328113
279703
209783
391323
132110
373185
55888
456818
-33528
437921
-80985
435662
-175935
419972
-254948
376940
-291406
255685
-392464
239310
-492612
192437
-478661
86616
-461579
12490
-453807
-110419
-425008
-171738
-326052
-178421
-302237
-341815
-252148
-350383
-192228
-391130
-154436
-411285
5768
-321306
42489
-307943
106070
-396219
221672
-338724
243284
-338310
289821
-320572
364148
-185238
348999
-116940
422825
-53551
375422
74445
354148
98671
437687
157577
352845
188953
338349
309326
214739
341112
172164
341937
139687
276167
1483
294973
-86379
346143
-121004
287717
-264178
273451
-253181
164175
-276535
123723
-342115
127858
-326450
43428
-338847
6094
-282231
-128505
-330035
-73428
-216413
-89561
-345279
-122594
-263127
-233695
-219420
-202706
-69462
-300960
-1772
-209430
39026
-310597
115851
-280066
104507
-293156
162899
-239596
249669
-200542
288981
-152685
212706
-150417
290968
38939
219742
69840
267453
125720
227969
181058
171939
194096
150993
169435
149649
224267
61354
262428
29716
306212
19994
188984
-89069
241883
-129148
165785
-108372
192733
-217823
127313
-176455
181778
-218677
70352
-206847
-12690
-182695
-618
-241831
-60263
-217986
-179791
-203289
-207624
-117602
-184517
-151530
-298406
-38605
-220668
-31169
-227246
30183
-224169
65290
-195269
113311
-199287
148188
-174820
211288
-138046
211575
-101764
210170
-86119
216972
11256
288537
51941
192566
118482
179065
228951
180253
120202
99236
206745
56890
258101
58720
217927
-36910
256424
-24022
238647
-63979
146865
-94085
181448
-185899
204834
-157984
113777
-123057
95353
-180478
28227
-191035
1228
-162149
-46359
-136740
-95732
-199999
-107683
-50328
-121580
-26665
-223304
-55739
-163561
-29831
-193963
45045
-162777
100163
-142607
151974
-131921
124592
-151409
176241
-132536
205438
-103109
237678
-52369
229825
24876
238414
-29913
196271
128234
198320
118919
207399
166806
85570
215129
56808
209763
64370
259930
-7518
225766
54400
185791
-150843
228823
-134616
157645
-156811
154470
-152455
87570
-222254
62638
-223764
58936
-149838
-23784
-238864
-61667
-187868
-69715
-171431
-118291
-124817
-245828
-110454
-188542
-77524
-213987
-70068
-131060
-78941
-158318
65344
-223049
33108
-256221
94696
-206078
148670
-117889
187038
-241237
200143
-168058
141191
-65163
231995
-54730
283583
-39857
248418
90288
201893
127541
214912
97900
191911
174059
136600
253843
83848
192497
70075
225530
57769
273187
19728
260000
-35680
237487
-30910
264433
-125480
176436
-189109
188577
-286666
162513
-234394
107469
-274320
-1306
-254541
-32128
-263575
-84860
-243328
-48343
-242977
-108652
-223338
-184893
-107386
-237865
-107964
-231321
-32848
-217464
12062
-209876
66942
-203731
107878
-238378
100243
-169761
126938
-176435
227225
-147512
278389
-124405
246803
-71197
226395
-32656
219520
34841
176714
120199
235893
88759
212659
149157
98171
190210
103460
203124
125311
211995
11297
245027
-10107
199054
-90894
219611
-83210
159560
-166296
198085
-239301
209182
-185105
142691
-195601
89132
-219986
-5594
-205523
35080
-185934
46493
-179383
-70509
-162716
-86329
-182758
-132841
-89871
-191273
-75799
-163655
-78874
-231080
3774
-217299
-12894
-224724
3425
-188425
50714
-169564
86913
-227969
87293
-166831
140341
-119927
153975
-109998
147432
-21276
158055
-77975
201571
-7633
223676
44848
161015
175520
192438
136383
134860
119284
120305
173569
63694
236313
43328
139009
-6453
195344
-119971
182603
-57295
177768
-85016
131392
-154316
212609
-137210
126714
-138960
107935
-187072
-989
-124019
56431
-158899
-5849
-210384
32579
-128651
-72404
-55786
-142050
-76066
-120234
-47402
-151294
-78758
-101677
-35752
-229847
-47544
-179690
25762
-166685
81592
-254894
113704
-174764
124679
-140736
112287
-90959
83438
-118340
176213
-70360
140285
-55888
165789
-41071
132606
-35481
102646
40744
136010
57133
149586
136395
180418
72242
143428
111428
85325
95647
24373
164815
-13869
124915
3669
181585
-73623
102383
-123950
154616
-124835
42781
-153937
89281
-90859
63096
-47660
156
-110927
133839
-125293
16238
-108128
-31513
-174466
-77830
-76689
-18750
-157948
-41939
-106788
-71410
-119328
-140032
-35188
-135548
-58512
-122275
-46959
-173031
-37505
-122295
-11074
-90028
83514
-92141
142939
-89771
99511
-102830
117606
-2549
127721
-40185
116056
24657
134981
43564
155905
52816
142254
61666
80160
82608
42071
99854
40123
104205
17067
68893
-24373
104445
-17171
127815
-40591
58709
-3030
49898
-47436
128340
-102642
3030
-55360
42918
-123766
44024
-69926
28419
-67373
-18712
-98170
-33064
-93543
-70069
-59549
-36902
-72615
-32968
-87450
-64872
-38473
-58397
-54108
-131151
-29910
-63707
-48785
-49089
6919
-52986
-40767
-71358
-39395
-51462
10366
-170789
36821
-76955
22350
-42427
87333
-59016
100316
35200
111942
-29666
97520
16024
75781
33669
84746
7730
27844
72446
93666
50649
26673
78665
89513
30351
21247
82109
-82234
58115
-40266
147099
-74479
111972
-2582
14937
42025
25433
11348
77094
86102
114836
-11630
20388
-21608
60134
-58598
-53123
-49668
-9707
-119508
41653
-69396
24190
-76968
-48580
-80250
5706
-57863
4801
-34468
13292
41588
21000
38414
-51809
45822
-28545
21673
-91597
22099
-123076
5637
-101832
25559
-69266
21009
-18908
-12318
18631
3316
49304
22817
-16760
30158
-74568
-29427
61437
28373
40695
75615
-1080
30265
35178
42691
26994
23422
-6979
17057
45527
-44141
32726
9777
40795
9100
6731
-57651
15108
-46745
29121
-23926
10508
5551
15324
-36653
41198
10895
-36660
-13232
-7597
-87534
-4541
-61452
-5372
-21577
-38
13525
-28974
5258
-57296
-70578
5103
-2410
-11625
-4432
-26219
-26561
16906
-11097
-55111
-13715
-31523
-37019
-33924
15760
-47040
56366
-50489
-32694
19386
32329
41845
63201
-36635
-2084
-54570
48462
-17201
42552
31280
10296
55656
-44512
9143
54818
15297
1085
44227
-45808
23547
19490
36212
-57694
-33939
-24491
3209
-90885
-847
4208
-19985
-62838
2772
-23945
-4055
-113422
-85352
-693
-43912
-33238
-71924
35048
-148639
-1200
-74305
-11577
-29517
27404
-15308
11675
-105724
30310
-53039
93612
8634
65153
-39471
68388
41892
80714
-26898
42055
7314
40284
68048
25056
68616
41236
89394
19114
92139
18708
45762
-11856
72682
10823
62336
-64067
100649
-17125
43045
-64816
108042
-78265
31534
-58483
38251
-29516
9581
-63394
-33095
-109782
-3443
-59237
-52283
-29150
9653
-66194
-81715
-42845
-3464
1259
-76797
-63446
-25179
-24384
-94506
-27850
-59162
-17391
-81598
