#SpinCore Technologies, Inc.
#SF in MHz
#SW in Hz

[HEADER]
@CLASS=	RADIOPROCESSOR
@FIRMWARE= 3087
@SPINAPI= 20130917_x86_64
@POINTS= 900
@SF= 0.000000
@SW= 30000.000000

[DATA]
9066435
-6660480
12149553
-5960622
13233841
-3619517
13721515
-1110719
13759233
1438740
13259518
3884967
12279512
6300820
10938214
8447274
9175306
10337549
7183211
11761084
4818705
12811646
2493516
13407123
-136586
13663681
-2672707
13358558
-4961691
12619694
-7219850
11418480
-9112475
9866568
-10755475
8080305
-12016602
5880762
-12712497
3580570
-13146840
1116445
-13106936
-1315158
-12559848
-3617185
-11608571
-5764362
-10263145
-7832611
-8610691
-9414267
-6685235
-10772208
-4635835
-11787462
-2370396
-12381991
-91535
-12562125
2165678
-12202719
4421180
-11555817
6419023
-10468962
8076204
-9060430
9587221
-7365785
10772652
-5444093
11468603
-3394097
11802271
-1197918
11704056
896060
11244957
2938811
10435072
4976980
9303743
6751371
7782504
8223909
6122191
9508391
4230410
10293995
2327740
10782894
307921
10965709
-1728806
10670630
-3686081
10042871
-5433888
9168359
-6813767
7982223
-8123531
6533062
-9119992
4846415
-9788127
3119473
-10012110
1236982
-10014124
-598072
-9616487
-2421732
-8912939
-4092682
-7969117
-5591512
-6726644
-6815065
-5288097
-7822880
-3711386
-8631365
-2023951
-9025018
-372481
-9116442
1383099
-8955241
2931049
-8492510
4372658
-7730390
5615124
-6757647
6675004
-5522634
7512718
-4161998
7965568
-2749683
8300929
-1086956
8197622
315297
7991386
1840271
7379558
3272539
6600823
4544080
5580079
5562532
4410496
6409630
3150960
7044278
1815062
7360317
382052
7592011
-1047452
7416892
-2327533
6968849
-3533354
6336601
-4547748
5478989
-5429260
4512744
-6034639
3474614
-6450988
2256037
-6711207
1009026
-6690613
-195772
-6492415
-1475130
-6072607
-2540061
-5297576
-3621611
-4501950
-4446182
-3522500
-5088949
-2551308
-5601138
-1440446
-5964491
-329563
-5985870
727093
-5863523
1843580
-5550138
2848285
-5000495
3717082
-4413784
4336740
-3623451
4805757
-2764759
5125262
-1765261
5326925
-735359
5264990
185410
5075504
1137838
4809882
2132052
4249017
2853582
3589759
3566186
2809956
4136836
1988322
4516824
1126165
4706651
213087
4746089
-658416
4637240
-1542390
4385633
-2254319
3879297
-2813612
3469431
-3410790
2863435
-3812667
2069730
-4091525
1292811
-4170252
532064
-4168908
-142883
-4029902
-903351
-3674896
-1635580
-3313253
-2262403
-2769278
-2797500
-2192294
-3214093
-1593120
-3469175
-855111
-3657322
-172813
-3640705
522200
-3603817
1178535
-3421855
1661218
-3038402
2217371
-2692216
2587141
-2138069
2952644
-1637992
3111386
-1033980
3186468
-446966
3243504
109358
3035319
694858
2763181
1241247
2545115
1710148
2116509
2130844
1705696
2415573
1230972
2616902
628011
2797636
117284
2778843
-378133
2696774
-876920
2604667
-1289892
2295803
-1674822
2039620
-1965480
1604394
-2180596
1199230
-2344167
808685
-2316490
295264
-2385068
-73984
-2367643
-497947
-2093308
-910759
-1888477
-1291140
-1579421
-1624145
-1226454
-1739556
-805318
-1940749
-443338
-1993036
-103480
-2058073
318444
-1991154
618683
-1872732
897370
-1629659
1177510
-1442143
1352904
-1249594
1535766
-864689
1694634
-592695
1756661
-299176
1664253
50183
1634619
280613
1486942
644630
1406034
825753
1150167
1068453
882273
1299864
661709
1428711
355490
1465103
35381
1390723
-198320
1396099
-428294
1266397
-620344
1226117
-832490
1032656
-903174
811611
-1117191
623987
-1182730
390841
-1147754
212992
-1183397
-104126
-1151005
-202407
-1074119
-417119
-949569
-586480
-796136
-685840
-549923
-834481
-340804
-923577
-161266
-979072
-15372
-953396
95663
-867665
288790
-863156
399883
-762101
464953
-673539
587312
-588337
752594
-413483
749338
-204878
729454
-75507
756461
63870
701091
194549
605915
285369
513842
326679
456979
433050
312951
545310
211573
600990
118086
606651
-98973
552433
-170708
544926
-240423
519051
-341321
419814
-371167
352736
-447482
329587
-447123
256356
-476821
128983
-487354
22550
-430719
-77680
-373147
-162463
-409722
-211617
-328639
-246212
-278474
-299199
-189163
-342300
-101376
-408280
-18298
-452839
91461
-351094
167679
-294383
206247
-244830
255698
-187138
323441
-211994
255471
-135443
275801
37969
295151
46372
258616
84429
192940
184695
203497
169974
227834
169301
173272
199892
125373
284789
-35201
241007
8538
259382
-117156
230364
-190985
235663
-149704
192076
-251862
105564
-189772
74489
-184387
-8048
-256709
18912
-282085
-29223
-187605
-147558
-171971
-184345
-158509
-143280
-116161
-188747
-73630
-253080
-7056
-246660
63645
-218558
101334
-203312
176328
-151182
162545
-115535
154811
-131406
164173
-17235
254584
-27386
300146
-46578
228382
76260
225886
61720
227950
198899
250228
188441
126119
239159
115302
223449
91194
203047
20716
287620
-52632
259512
-79822
259427
-56765
213730
-139188
213737
-251053
127274
-225241
88014
-264044
-20802
-286329
102949
-336668
15007
-307414
-74026
-333565
-105185
-243045
-170920
-218636
-200005
-97623
-254979
-126726
-281961
38354
-324544
52005
-316183
113358
-309663
115268
-263511
242297
-256225
254852
-222585
256683
-178852
306662
-63756
328505
-106506
365944
-51032
318332
77968
332103
192603
303460
178873
225064
260386
195927
305241
177939
305512
128183
385265
77110
380632
29936
394067
-64339
343109
-144196
334371
-287418
373111
-255860
314708
-327547
192410
-343834
120414
-409870
-4855
-463196
30557
-379559
-89276
-439978
-82785
-364393
-191544
-318776
-272788
-250220
-300641
-201311
-328063
-200118
-375631
-102546
-385917
-17084
-411034
67790
-442228
110956
-406874
279432
-413418
271998
-333682
438558
-280356
374068
-204369
454286
-96549
436753
-172448
457259
16658
463031
126891
462475
144607
428442
316380
424443
379783
339883
367467
225482
438029
123127
513292
38539
515799
-52903
574355
-68804
532269
-210093
467286
-341598
421695
-358105
377502
-468015
369052
-549121
253684
-586010
51072
-566438
-1424
-517900
-174003
-530336
-194591
-452115
-292740
-453396
-436970
-390651
-474370
-277302
-444666
-192153
-544548
-129224
-576233
-20806
-627062
99592
-553327
188061
-610870
321621
-548694
414756
-420679
412443
-350231
568066
-274998
538657
-203728
586721
-56517
609523
93031
604068
128173
622695
287227
493819
372705
512758
481183
333378
508007
219584
612766
158642
675032
84115
713869
-122408
586664
-155473
613123
-369586
576103
-380402
486760
-514583
365386
-569795
304847
-604511
162435
-597001
70758
-630451
-32221
-593483
-152694
-656596
-228269
-563171
-376694
-531397
-448548
-401530
-530666
-326464
-600532
-244063
-629864
-110025
-666568
72284
-651113
158923
-666788
276719
-609217
353596
-493685
516740
-401021
567082
-310789
572720
-227577
660288
-92781
622588
60662
576403
115920
575605
227193
570066
334971
517096
398623
396172
514976
357747
556338
264111
577245
94783
690253
6501
703142
-126703
603931
-247856
603589
-338022
497133
-448707
410381
-500687
335325
-597919
290555
-658787
74079
-624456
66171
-677656
-118648
-612825
-124559
-568921
-290472
-500940
-380733
-454345
-466494
-323103
-574177
-182925
-613981
-76038
-612998
53852
-642624
179202
-559611
211940
-538552
347537
-529779
425807
-385263
486749
-374186
537552
-303691
573208
-96165
623566
31818
639578
120583
529696
170490
561551
298086
443108
391119
426056
428219
237742
563795
154144
558900
53449
547298
-31915
555417
-209012
548417
-289534
545410
-387870
473257
-383851
350264
-517257
301564
-537347
181620
-572798
40179
-521387
-37533
-503652
-70501
-461635
-184647
-422678
-274278
-388719
-316009
-358807
-376213
-218620
-494040
-62624
-510646
-68188
-589569
69275
-478056
167201
-554643
298391
-422685
290998
-386603
432445
-245823
492842
-267358
509701
-166524
519389
-5500
466077
23752
490826
114096
425168
234724
433761
266493
338334
347939
308326
405610
188661
493387
100680
378540
36354
435234
-118970
492717
-159921
459117
-257951
371397
-338952
280560
-337096
237922
-422531
137148
-410493
65664
-398534
-2550
-424948
-54088
-365834
-126102
-340225
-202205
-326098
-316018
-229652
-324846
-185718
-384982
-134712
-314978
-29731
-384341
-6900
-352053
151100
-354418
160799
-263036
182395
-205158
276818
-173042
270078
-172764
382098
-85134
301822
-58210
365600
-16966
350619
29288
344873
222988
319428
260018
239764
312860
160863
238747
71449
343704
72314
338444
-36126
325721
-157397
310239
-167839
290188
-188038
221572
-249561
179659
-257870
114110
-323536
76807
-305831
20389
-326690
-57896
-267646
-130583
-316027
-159487
-176444
-211429
-125218
-214788
-126848
-218274
-99646
-287633
-38118
-276424
-9039
-241613
110161
-245020
90248
-270782
138523
-238935
168385
-111178
287198
-169626
328312
-101487
289546
60268
255626
62365
332468
81579
227694
131484
202828
257237
113662
289656
37563
305319
-20532
217746
902
274881
-19003
267402
-96453
270537
-169572
182807
-221830
191513
-208994
128804
-230723
67334
-277448
-53976
-211514
-50208
-290606
-12258
-211426
-94599
-193160
-201969
-191813
-170165
-164378
-224296
-97193
-248227
-14289
-315095
36984
-219036
68591
-264668
185633
-266024
235540
-188965
245863
-105529
277057
-133425
240484
-10222
252637
-57434
267101
27448
301404
56088
245996
274626
165815
200034
98204
246942
184687
197187
2587
229627
-5679
266317
-26980
245575
-50954
239011
-140400
282627
-146597
252912
-222024
222745
-220635
133517
-276607
82953
-308630
44432
-306674
36816
-309703
-80989
-261175
-136362
-243532
-206675
-220196
-216776
-157588
-258403
-93078
-330962
-8029
-189524
31149
-315300
68381
-341596
178158
-200105
242682
-261621
263614
-197168
267385
-132481
321393
-60348
303465
26886
317070
-13771
311623
119918
225278
132015
281723
133070
237244
202070
171594
241510
44245
296952
17752
321712
-6267
334410
-50582
253634
-107125
323023
-230045
256121
-244937
226014
-238845
167669
-256949
48340
-303125
83636
-337439
-7884
-273001
-36529
-341618
-104737
-239711
-152584
-184738
-195737
-162749
-249453
-173047
-296363
-88894
-298091
-58357
-260707
20686
-288708
92222
-294885
128916
-251323
134225
-223984
210982
-183306
269212
-107183
305139
-123105
283695
-82937
292023
-68306
249608
63555
261655
69934
302154
69675
186514
224277
193972
221702
96378
263552
28136
305669
29289
287572
-40038
292662
-86628
299571
-131683
266383
-213127
215252
-236173
191346
-278789
141034
-268390
56102
-345804
89086
-307886
-41600
-295311
-33739
-243141
-116023
-234610
-94903
-214026
-156961
-110391
-164197
-158873
-206930
-133016
-279821
-91751
-339037
-6234
-240377
61956
-285217
107659
-325969
148596
-299097
168175
-171379
265653
-130864
226071
-130255
278498
-3903
300995
-45081
248851
12591
184541
74860
209332
113635
236193
92017
192968
146186
174605
219098
104788
250446
19419
258585
21122
223682
-85980
320446
-146031
212674
-177004
194518
-176179
156299
-173689
99444
-241865
91806
-218147
32797
-248736
-10549
-234589
4490
-188920
-11747
-202020
-96840
-185320
-178242
-166097
-150970
-149051
-177157
-76858
-230507
-9068
-226920
-7280
-181928
23855
-269597
127066
-214508
91186
-203465
175196
-149677
154052
-90415
170001
-61171
195824
-87865
210475
-54586
181501
-4966
153447
-23626
90422
66222
105316
37498
101995
99450
118401
71501
63260
156229
82588
235307
12487
200824
42634
185875
-6209
188456
-95336
253149
-88777
169132
-133652
161206
-191712
113095
-202582
133431
-213634
62923
-150586
57630
-206351
-70842
-217601
-58313
-145272
-39705
-121632
-112076
-44236
-85505
-26129
-114589
-7085
-132679
-10063
-162985
52646
-96491
-18544
-134380
2413
-131410
104384
-129440
115888
-71253
143063
-146794
168135
-138094
152209
-16902
166966
-26715
131960
-111419
143789
62758
112792
81693
104908
85002
78661
83184
70281
113033
48383
37545
22143
73889
1464
122997
50587
107549
-35272
158145
16325
97862
-7283
104528
-28074
65285
-140790
101829
-88202
-12147
-125754
464
-62065
44949
-115391
-53902
-164580
3900
-140787
-74475
-111842
-119908
-100626
-69973
-83500
-98451
-118558
-144203
-54992
-127136
15900
-118557
12891
-107583
21359
-89209
10724
-173844
50968
-128960
128821
-127513
97128
-92254
107864
-34799
113473
-34356
134478
-29411
81011
-53020
92583
47250
80870
49410
60846
59970
75570
42129
33055
85063
31453
140612
-27847
138210
10888
104593
-6467
100012
-8278
87507
-22135
42036
-21711
45383
-15739
50503
-61976
37153
-94053
34784
-102904
13118
-64114
52154
-95152
-9885
-121075
-29845
-31433
-18511
-77123
-23743
-99073
-73991
-2738
-70725
6061
-83336
27669
-83823
13714
-45969
13097
-6249
62989
-27019
4297
-83529
37711
-73610
61540
-16336
73032
-51400
96694
-15951
53064
-20213
95104
42008
94219
-28034
40185
9316
88051
100223
120340
42004
19964
117070
19754
429
15334
148792
7237
95183
-51603
56797
-66774
62375
-48974
71383
-73574
33898
-79546
24528
-53252
34647
-42001
110813
-88789
58619
-24677
-19021
-53251
-41192
-59762
-20053
-34246
-5289
-95348
-24696
-34924
-66973
-11302
-29083
-4947
-55765
36211
-63638
36932
-118143
13095
-54292
27525
14327
107599
-52517
33865
-21462
89363
-44893
131036
3166
59134
30624
22682
38559
61650
18383
39251
56841
142
27714
-21189
55521
2754
97092
-5225
3887
24395
90655
19862
53242
15765
82811
-66028
82270
-2474
-1170
-125217
56013
-58701
43853
-74835
-29694
-88435
-14751
-31359
-652
-58208
-103979
-56102
-28396
-61966
-20549
-32067
-52581
27524
-44667
29086
-86785
18836
-54631
145249
-41252
66343
12948
44726
-64981
43395
-16425
57526
-408
96620
17499
98199
-10768
49490
7101
70181
-7966
57801
16278
31712
58344
-68107
68274
-27982
85857
-28754
97925
-31264
62076
-35939
73904
30577
67964
-65920
76917
-87500
90695
-127875
34113
-64325
-21333
-78465
39223
-80114
-95281
-55305
-38911
-100847
-38296
-74239
-52274
-58398
-131586
-63796
-104809
-24899
-24082
-13489
-71849
31673
-99377
