#SpinCore Technologies, Inc.
#SF in MHz
#SW in Hz

[HEADER]
@CLASS=	RADIOPROCESSOR
@FIRMWARE= 3087
@SPINAPI= 20130917_x86_64
@POINTS= 900
@SF= 0.000000
@SW= 30000.000000

[DATA]
7982565
-5729883
10571528
-5128211
11574094
-3113834
12001725
-979548
12079115
1338491
11587276
3479617
10758791
5610845
9590097
7463194
8023564
9096710
6221360
10379072
4186185
11363255
2053204
11902225
-197028
12003961
-2419173
11749114
-4482722
11049799
-6414913
10015118
-8217967
8657341
-9520088
6966743
-10577178
5155970
-11331301
3190332
-11612948
1029488
-11600839
-1089393
-11211872
-3262748
-10336302
-5204220
-9114072
-6952134
-7640592
-8426939
-5901716
-9614775
-4044374
-10496843
-2047556
-10981030
-74927
-11200134
1966251
-10894425
3900014
-10244476
5678722
-9283119
7275524
-8039988
8507778
-6544359
9503279
-4862361
10145877
-3042077
10437925
-1084005
10423448
853540
9965110
2693341
9266048
4411531
8214779
6017271
6910717
7280163
5429000
8415257
3759985
9184853
2009611
9683024
280197
9737081
-1487490
9522746
-3236293
8986661
-4749492
8156658
-6107249
7107747
-7239558
5818954
-8138151
4367269
-8713580
2754546
-9022355
1073768
-8901010
-540222
-8599095
-2096780
-7955646
-3593105
-7106247
-4955437
-6028827
-6117982
-4754036
-7073387
-3322561
-7684541
-1851080
-8135815
-313015
-8289783
1184183
-8057093
2521236
-7653690
3862074
-6975537
4981322
-6033765
6015564
-4925886
6640003
-3766806
7205463
-2442296
7420729
-1109225
7520654
223572
7190337
1672549
6625265
2881787
5993041
3962455
5080381
4863796
4007467
5669351
2871627
6315317
1685510
6638121
398489
6703292
-870842
6693816
-1962360
6282008
-3042269
5734904
-4051464
4957296
-4812918
4130669
-5372584
3106060
-5736174
2026800
-6041997
980527
-5971419
-139861
-5831029
-1225607
-5366237
-2226426
-4775743
-3228102
-4087694
-3919659
-3250917
-4591957
-2323919
-5052958
-1388640
-5348771
-378919
-5364231
572768
-5240334
1568951
-5003709
2446119
-4502724
3234074
-3957340
3860051
-3296033
4304793
-2468013
4622121
-1670155
4820959
-787340
4803284
112143
4561841
1037093
4349958
1830836
3846088
2468297
3273592
3084590
2620381
3659379
1817407
3961853
1071389
4236673
285374
4280408
-561352
4178239
-1270026
3932286
-1980053
3570125
-2483607
3111536
-2984809
2558595
-3336417
1987696
-3658332
1320923
-3789748
591497
-3716228
-127714
-3577693
-717598
-3310287
-1368043
-3009510
-2031071
-2509931
-2456269
-2042103
-2892076
-1455581
-3125299
-808627
-3239748
-208319
-3280435
378775
-3244484
1033224
-3027540
1526795
-2769776
1931336
-2391826
2337071
-1978140
2553192
-1506106
2781108
-965546
2824419
-464771
2825691
82453
2713365
656193
2563069
1109079
2213190
1508561
1948814
1914374
1484026
2119559
1038647
2396900
660360
2508923
53684
2531263
-375316
2402793
-700317
2263044
-1116749
2049436
-1455528
1748596
-1758386
1510203
-1946078
1017983
-2095311
668754
-2138807
323310
-2113346
-24504
-2058625
-440544
-1877233
-808593
-1767709
-1115414
-1419681
-1324243
-1225497
-1593304
-802343
-1706601
-516711
-1846078
-148644
-1761862
184945
-1763733
442240
-1681824
777993
-1463104
1017411
-1312182
1256817
-1105185
1353135
-850829
1481755
-582449
1538950
-243986
1516559
48310
1471538
149307
1359646
570012
1239300
822501
985129
938437
827108
1079052
633011
1230616
372513
1260568
176561
1295907
-65345
1169089
-294420
1133922
-467547
1098030
-639915
932168
-796834
825903
-947567
640039
-1053439
409709
-1069142
201741
-1023196
55971
-1019425
-199419
-889920
-328923
-800915
-456317
-744383
-594921
-603957
-729833
-336609
-743574
-289986
-789838
-81012
-867775
121695
-767907
216678
-762487
351379
-681605
433068
-533313
530730
-471113
631472
-307766
651118
-250107
628891
-176058
642457
17291
668773
140310
613760
237078
574212
290256
465587
412308
311304
425988
210391
450574
95253
492758
16104
483351
-110370
554223
-156092
461585
-276572
430958
-341892
322602
-365259
249513
-363072
225257
-379422
63317
-400541
33677
-392211
-60579
-294692
-140769
-250541
-247403
-273765
-237795
-149639
-277222
-96980
-246901
-118143
-295579
11350
-274634
54285
-276338
92110
-298174
144350
-228988
170828
-254431
264593
-145981
266159
-81977
256106
-77886
210389
38308
228489
52584
193473
130023
249482
89064
97516
169217
117466
181857
73989
221096
7076
246205
-10985
196459
-816
244471
-124309
136893
-169222
108082
-199035
140915
-194777
98747
-205066
22115
-197371
4303
-177459
-57299
-176588
-129175
-193249
-71468
-150624
-224732
-83211
-111331
-6956
-208208
-910
-121305
27012
-230668
80328
-228470
138200
-205228
135055
-135619
157691
-67725
195462
-39751
228140
-50066
234034
-40831
238487
55645
201520
60386
156634
138548
58826
104940
87681
168258
62942
188090
86089
202563
-6271
239800
-15713
256696
-122015
221068
-110279
222257
-155134
166443
-243207
102182
-236512
129030
-202477
40385
-264786
12312
-255216
11593
-279853
-138599
-196758
-138165
-221503
-193531
-179040
-194927
-124311
-286180
-83649
-300724
23802
-245352
-50021
-259964
13545
-286916
105466
-249744
170102
-296373
200236
-192075
326054
-128914
293468
-44295
318794
565
311963
-21139
313136
87299
243466
68607
296400
147257
232428
211292
207834
247121
166819
307834
133825
288135
82139
292262
-180
291157
8901
329937
-163422
281949
-139959
343230
-248569
316041
-249578
204410
-291537
199844
-288694
112365
-351456
86619
-353838
16161
-331232
-114355
-318745
-177747
-301609
-242051
-247664
-328953
-273589
-324303
-129508
-355548
-116063
-347594
-32824
-421634
11185
-385731
100912
-363028
165990
-368745
245391
-331478
261571
-292730
271909
-170362
393579
-179959
357251
-73334
382756
-30211
425157
45937
455742
106553
421757
230562
377996
261367
321362
375454
289386
382552
202507
416810
111919
461558
1379
449300
-53261
504375
-100186
405044
-219896
443057
-257200
342993
-337527
325160
-388071
266213
-488680
254080
-505597
113524
-494619
-14818
-488771
-53866
-399654
-140271
-327650
-248735
-348240
-396199
-319734
-424252
-181914
-473730
-142875
-520914
-63013
-522052
39091
-528544
142016
-512645
250084
-464398
281749
-425518
387310
-337667
453057
-322054
512914
-197422
526443
-138039
587486
-42227
468063
56890
580064
224056
522630
260582
378466
372968
354767
506374
240364
481180
156461
501759
73022
610381
-8933
578360
-96905
554943
-190839
521283
-347482
461629
-381848
404711
-426977
384440
-514868
223147
-515734
141785
-569657
55132
-510301
10384
-523587
-98026
-539688
-232186
-469805
-394508
-391709
-370413
-345905
-488957
-223699
-543906
-145127
-569065
-41543
-607445
80496
-555771
185435
-530242
281968
-590643
395543
-447639
425637
-402406
512877
-258464
577190
-153405
544977
-60008
556970
14219
541469
104156
522701
241238
510338
399116
364024
458775
376293
450649
255211
542135
164793
593346
100091
542574
-71713
621371
-171942
587487
-235985
472331
-313483
431257
-493336
376978
-498406
273713
-547170
138183
-630785
129951
-577031
32844
-524177
-50099
-580568
-193287
-464674
-280107
-467517
-285920
-389749
-409817
-246719
-490361
-211189
-549157
-69906
-622429
-14865
-567635
150225
-548347
220913
-526064
371496
-424974
424816
-341771
430369
-271658
489047
-223206
480012
-129123
491805
-36165
480347
95633
461726
199551
443142
319997
376280
354688
309446
353604
217701
537347
164514
487994
65782
565905
-61196
554068
-136576
496073
-142843
501496
-251742
384863
-424407
292855
-402178
281158
-458093
145596
-463952
41165
-494229
14827
-464685
-59371
-416211
-130057
-374274
-307320
-326990
-290881
-343359
-346864
-216422
-396711
-74398
-453003
-22219
-450645
106456
-398569
138493
-406309
201725
-408586
329761
-354149
346607
-286232
338882
-208923
363282
-46401
493113
-78782
427760
105888
372348
129845
388866
189090
367424
256422
237516
334467
198404
277891
115051
336683
56254
407920
-23889
383751
-77182
363256
-204936
361822
-214913
380760
-324765
302830
-298029
259235
-363462
165995
-326832
69771
-346110
18999
-364195
2410
-330239
-181903
-233798
-186674
-283889
-208985
-187939
-263739
-145603
-264886
-76075
-347838
-41109
-287702
20608
-338660
121374
-292749
216638
-272585
175003
-247310
272027
-244314
302197
-102160
263638
-90547
302175
-21125
296617
53949
290948
151657
191763
181023
264769
207346
169912
267865
147453
265680
61898
295003
-20815
315917
-93984
274711
-91033
318368
-149256
215070
-153543
134876
-210431
149002
-258102
144196
-324884
57095
-236499
-29934
-292947
-52583
-291342
-96899
-284627
-203774
-172457
-189046
-200128
-222440
-153535
-250686
-105842
-190218
-31703
-266512
102676
-334600
65586
-234538
116514
-216150
163382
-209340
218192
-114238
221008
-135454
261804
-77266
262706
13414
204807
3076
239900
95614
239144
111190
165206
152942
141774
207969
61498
266086
-2407
202725
-53404
230286
-42312
228209
-107368
242464
-180365
182226
-186407
158656
-184529
52993
-218702
22521
-213841
58390
-240156
-69978
-251940
-86187
-215157
-107636
-209021
-117923
-170771
-135759
-133851
-195317
-79747
-190771
-24860
-273129
87604
-219776
52274
-246979
145965
-213548
138776
-181191
172232
-134307
136410
-84345
236529
-22707
273974
39883
215631
82676
280472
47334
247857
120897
189816
147952
129355
185073
125374
240346
17838
278016
-62988
143887
-80983
229974
-29582
127936
-171126
159838
-232141
192149
-168650
182451
-266248
141130
-261751
31729
-301300
33191
-230280
31141
-204471
-63603
-257432
-139332
-182416
-199601
-141049
-227986
-116020
-216701
-94988
-283115
52511
-249423
7281
-220478
19505
-162008
122767
-221869
168868
-191617
163435
-139176
163420
-114464
279625
-160623
238569
-83711
300325
-11297
323192
113330
226580
39989
246991
169701
207511
183368
178555
242214
93981
267830
84475
243658
25275
290148
-37097
290188
-157718
228286
-142885
184318
-201244
224132
-228150
84366
-307668
119926
-280090
43986
-293417
44303
-288250
-60094
-222521
-88681
-189006
-178665
-186043
-196992
-153652
-230909
-123319
-274947
-89246
-281853
-21831
-285021
65797
-321140
52480
-258394
129843
-279480
183944
-236888
242888
-186542
226327
-134435
330883
-76611
306426
-13664
331089
-42866
273822
37310
229427
25016
253737
131931
165876
188950
212802
172290
110268
202043
113580
202161
63867
251300
39466
284673
-96531
234565
-191746
234755
-126343
261894
-124759
170428
-177579
109413
-212763
132466
-254438
63997
-265764
-15101
-194906
-98856
-275389
-55286
-193403
-142839
-156429
-157502
-180771
-192367
-103062
-95132
-23340
-196937
-13293
-254871
-13492
-215544
24080
-226407
69874
-200962
116331
-205135
150933
-163690
163578
-157961
203040
-96720
193693
-13544
211053
-35075
185556
6132
207628
22141
167801
79414
203690
135709
159475
208713
182013
269526
80464
254484
91599
292278
-50130
232842
-112865
229949
-80836
209118
-148146
238428
-97005
183373
-136462
151164
-234059
74509
-195315
92649
-163285
54481
-196201
33570
-203818
-41007
-194564
-78089
-152772
-64746
-146347
-152417
-110362
-191602
-150828
-207374
-28773
-134346
-38034
-212343
-25166
-174685
77583
-156751
140148
-172977
56185
-101222
103277
-83200
123523
-92226
153900
-52429
210530
-1845
268486
-19309
161836
-25071
150512
70994
203394
99318
132321
97283
115652
153141
171238
155639
95070
135630
41524
145557
-56355
185984
-58902
65574
-96451
157027
-43487
122667
-107940
149385
-157133
76396
-114359
97109
-227273
21988
-142420
34501
-160667
24185
-192653
-59165
-158039
-48511
-195635
-102368
-139546
-148277
-75984
-141299
-111198
-99308
28355
-136204
-46388
-144238
34192
-156943
-4751
-127416
18568
-46186
95977
-144209
99363
-107458
153968
-86076
164654
-72771
137714
-109461
124322
-28911
116759
5936
215795
23078
160994
28855
93347
-43105
143120
124403
114645
98908
109599
80013
20912
126438
2007
142912
-29664
138735
7643
61505
-7997
70542
-84813
57216
-28269
65355
-148367
89793
-93653
11023
-54020
108607
-96735
85927
-159121
-470
-69905
-89922
-73712
-24793
-82423
-87546
-136614
-69473
-83618
-66277
-70502
-158722
-376
-95844
-25088
-114834
11821
-78435
51290
-64921
30428
-103408
75880
-61784
90796
-100183
53050
-29522
50257
-53266
82231
-32330
43360
-24839
101639
-31588
92870
30944
82885
2754
32896
33977
73877
7078
33696
49400
26940
107260
25054
45734
-16633
44450
20046
57629
-9758
42913
21008
104086
-83603
14439
-38846
46485
-46704
49104
-76379
-15175
-100464
28284
-72677
-19012
-11883
10143
-90878
12808
-66564
-46885
-63303
1983
-19091
-113297
-3547
-114936
27508
-36363
68995
-41220
19924
-72156
3402
-41873
25989
-70790
35558
-53903
87522
-84927
45801
-64179
103481
-43056
78514
57809
47971
3371
54371
56185
92593
4778
58285
-38465
57786
78977
73888
38263
54371
54524
-18033
77503
-70888
66743
-6969
63501
-34214
77304
-19955
15496
-21072
68974
-12665
6884
-53315
-17768
-7368
22407
-47057
15292
-74915
-56300
-91850
70793
-85280
24051
-55305
-38724
-41865
-47405
-55656
19323
-31983
-22986
-45371
8286
41170
-30593
-50458
-74415
39480
-60532
38338
9425
28368
21774
-6665
-9235
-9592
65484
36498
-48999
68446
-57770
59526
-48633
37146
31914
8586
-22840
85172
104286
76647
87653
466
-15600
11013
54166
55509
105903
-45905
49301
13096
52884
23180
57322
-63428
42358
23852
28006
-1285
-18330
-58425
-56635
-57825
-38179
-106265
-18918
-83139
38645
20786
7337
6996
-72225
62475
-62672
-1012
-27064
-27032
-26355
78838
-39741
55220
-83149
64356
-40538
-33583
19612
109550
-35937
84816
-29266
78019
11954
105493
-32425
73922
9870
-9323
37145
28319
54336
16412
-22313
-12504
-29549
4964
46711
-26305
66439
-13815
-3935
-17339
89416
-108203
35420
-25120
39234
-50968
24234
-43565
74704
-61207
-42515
-32988
71570
-79447
-75839
-70498
-36304
18727
15182
-58961
-30085
-70455
-25908
5382
-111212
-35620
-150844
17961
-51983
