#SpinCore Technologies, Inc.
#SF in MHz
#SW in Hz

[HEADER]
@CLASS=	RADIOPROCESSOR
@FIRMWARE= 3087
@SPINAPI= 20130917_x86_64
@POINTS= 900
@SF= 0.000000
@SW= 30000.000000

[DATA]
8779407
-6331116
11697228
-5658862
12773791
-3411937
13232187
-1002828
13209673
1468840
12713297
3922898
11814936
6205059
10444647
8331590
8733999
10046589
6769964
11411998
4457617
12456783
2142822
13067728
-245922
13216811
-2712868
12846609
-5005543
12116843
-7068501
10952686
-8980615
9529274
-10491678
7648417
-11689825
5570046
-12497452
3344333
-12760481
990602
-12679521
-1375911
-12190830
-3596614
-11241899
-5721388
-9933185
-7669601
-8282820
-9340361
-6387706
-10617386
-4372437
-11512926
-2070568
-12068624
133730
-12208327
2317038
-11840780
4428437
-11182212
6349174
-10108178
8007028
-8699477
9352785
-7057804
10383966
-5168660
11120053
-3135428
11455319
-1040347
11388462
1044705
10888566
3079960
10031901
5021508
8911427
6693037
7452688
8161897
5786022
9339124
3943685
10081212
1993792
10610343
3235
10657887
-1874505
10440164
-3774708
9798591
-5413317
8874932
-6820779
7659759
-8043473
6177427
-8914849
4572683
-9568910
2831704
-9827122
985216
-9727292
-768271
-9307444
-2548683
-8565866
-4132343
-7581696
-5649939
-6415410
-6805638
-5012324
-7765567
-3470558
-8492880
-1806491
-8875947
-139968
-8980170
1430593
-8793415
3060533
-8276374
4409565
-7497307
5669801
-6472683
6672112
-5278617
7471437
-3933427
7976343
-2431383
8183404
-932510
8172821
498803
7824201
1996628
7224082
3291442
6339174
4533128
5395555
5484157
4217865
6436302
2896934
6942814
1565312
7344263
203116
7322658
-1088024
7144879
-2389881
6767844
-3547999
6132677
-4523202
5316959
-5367743
4355589
-6008992
3227337
-6463409
2066824
-6611816
788777
-6577553
-339457
-6248370
-1594617
-5839927
-2597528
-5177484
-3642088
-4356724
-4507232
-3450714
-5143465
-2376984
-5602189
-1319290
-5841742
-219106
-5922124
889638
-5768169
1955953
-5384165
2818869
-4875652
3612673
-4229616
4273031
-3440369
4784468
-2544397
5086692
-1635996
5232033
-650567
5224930
387428
5001779
1315299
4583831
2118570
4178930
2974181
3447841
3560094
2708248
4050130
1861086
4398095
1001189
4590269
148931
4637270
-676925
4518640
-1519660
4304930
-2255560
3853230
-2895070
3327604
-3313318
2614887
-3736466
1959993
-3964430
1242220
-4109742
529017
-4048940
-245407
-3877876
-1064108
-3554321
-1649800
-3173524
-2227885
-2620528
-2817362
-2071742
-3171297
-1463379
-3423650
-773291
-3594559
-81269
-3629169
664486
-3479856
1173442
-3311642
1680059
-2972578
2232268
-2598554
2542673
-2032206
2869423
-1519934
3053165
-898729
3167366
-377939
3127962
194842
2954133
753366
2645598
1289068
2425845
1736070
2036565
2070669
1574684
2395186
1083387
2616268
594416
2639561
27640
2709996
-426312
2615196
-923497
2504544
-1277526
2258623
-1678105
1872692
-1889073
1567126
-2213510
1176270
-2334016
690788
-2304817
264355
-2307611
-199938
-2252225
-634124
-2048001
-943485
-1772228
-1250923
-1569534
-1489193
-1235732
-1775845
-809128
-1855916
-438730
-2004650
-59060
-2003542
287040
-1925356
682182
-1845269
945104
-1661721
1208494
-1417003
1402331
-1106763
1521243
-918017
1661567
-602245
1709035
-217958
1654831
54190
1606025
344290
1448114
627697
1275259
830904
1073785
1088060
875458
1215245
615378
1312962
232974
1422533
63992
1378193
-211148
1318016
-466950
1252525
-606925
1137990
-795599
1003648
-927237
751776
-1073872
545674
-1160929
377079
-1135175
149811
-1117708
-115664
-1107900
-313979
-934998
-432898
-799499
-602558
-703384
-705214
-567022
-852435
-414155
-875757
-189290
-887804
-83615
-878122
110780
-836248
339816
-809167
482365
-775845
551994
-605251
609925
-439513
706816
-351468
734768
-251858
747707
-84367
710762
62089
658191
185135
579460
261573
510354
370066
435809
489413
305996
570167
168567
556505
108290
547460
6740
540207
-131448
582648
-240220
557116
-254129
473662
-377081
344907
-364570
256165
-429718
177792
-431017
77499
-481590
-16762
-383200
-112432
-332816
-174949
-352631
-276163
-287383
-315837
-164872
-265665
-139679
-381267
-26296
-398646
-13811
-373548
118036
-354902
157477
-321877
214308
-235814
249235
-199758
278432
-142488
278969
-144388
271547
-59663
258166
17301
259628
109853
269306
98231
233915
158948
180156
230860
123336
193165
40603
276193
25538
276456
-76219
230064
-114512
237250
-188557
219925
-151554
211518
-233893
158995
-255758
106128
-286555
34494
-260008
31935
-212611
-108777
-281757
-126527
-188738
-181612
-120772
-278983
-96493
-204820
-127881
-219235
-42103
-182091
-13536
-253522
136969
-241568
99153
-224120
169747
-163507
165944
-157316
136870
-118514
245019
-28691
234519
-49407
257244
23762
278461
72666
178576
192518
110753
217907
140429
219305
67240
212346
518
229289
-10694
248623
-46254
247570
-78084
233234
-147535
293865
-172499
241912
-253829
133949
-231593
107447
-250993
104468
-271098
61177
-299492
-31285
-320290
-73641
-217848
-75526
-273930
-148908
-182595
-224430
-166089
-311861
-59205
-309478
-83046
-272562
67590
-259258
81101
-323272
151480
-306671
182298
-237101
247879
-257700
300915
-224541
310679
-159500
370053
-90791
366031
1638
363022
39702
393642
69636
206851
187809
270299
185201
263357
227486
164766
271620
68216
329065
64574
329529
-2676
275854
-116073
303717
-135914
297863
-244543
245999
-212878
179835
-267503
230941
-377314
166902
-346236
88931
-384267
11661
-366275
-27366
-408365
-90396
-431494
-187517
-255123
-303662
-294825
-318221
-217351
-389931
-200299
-346460
-127364
-331223
-22828
-434897
33985
-404323
104586
-437411
159701
-396156
303729
-309710
342135
-273424
388898
-243951
405207
-110478
515974
-70123
477811
80575
504890
75979
499368
240910
422308
245153
338511
368253
323801
416718
208551
467208
194637
478092
100654
468070
-164017
532689
-142045
464147
-241534
408925
-338295
386588
-441376
379008
-446079
285316
-480247
191016
-540919
103118
-566170
88956
-557816
-109532
-565021
-156705
-522578
-276838
-412158
-428908
-360083
-444206
-298929
-495731
-213974
-538837
-129820
-553582
54320
-581362
121528
-565049
215966
-504766
351983
-484305
419952
-462660
451365
-367227
493529
-269354
569555
-198209
624707
-114065
574638
56131
590434
147953
534446
296414
462152
358177
393133
457137
334398
473963
223256
558021
166742
638040
25656
589756
-68909
645932
-180410
600968
-296621
520814
-342918
508321
-405042
376249
-570312
309255
-606315
227884
-661362
108424
-700272
-66297
-666352
-158947
-604089
-223412
-503357
-357358
-445688
-421861
-389017
-484782
-282567
-560441
-191696
-653666
-93614
-649496
81309
-674540
144853
-612114
222486
-573630
360173
-485537
456553
-377387
531083
-258443
638089
-176624
636442
-22919
646103
7541
643811
143762
583452
154682
575600
294637
454125
430216
394285
442490
273080
594878
140283
608819
32816
703598
-73793
606323
-142897
661038
-309785
619612
-374709
497657
-414852
420667
-558568
378195
-551032
281793
-591530
90456
-580298
-5983
-616190
-119300
-631465
-253571
-577085
-385863
-453497
-432991
-331196
-503973
-231353
-597515
-203026
-559262
-47581
-586790
44927
-603838
160820
-657241
262510
-619196
412127
-507209
402953
-418546
557256
-345129
563551
-235449
627111
-91032
628581
12522
619655
43005
593584
224706
559801
282319
456803
426037
402222
414390
273618
555625
189530
595464
49562
589570
-37216
529451
-184298
546041
-198123
509775
-310230
430478
-430660
380203
-515135
248137
-506516
163068
-561950
157771
-571801
44882
-543446
-134108
-493891
-175978
-442253
-238869
-319849
-330839
-236321
-345478
-238817
-528213
-117134
-493013
-29881
-583355
73425
-451780
141738
-525168
242990
-449381
345433
-392060
360489
-342673
428316
-188440
425811
-88184
522925
14084
502968
50807
495395
185553
431967
238987
365474
249809
340068
305030
240898
375338
150830
375874
37482
437878
-29384
410597
-172349
452458
-220190
465970
-259871
346940
-271704
274331
-340968
260368
-432533
245985
-359345
118079
-402013
28015
-454816
-65765
-402927
-125422
-415907
-184063
-244004
-273015
-220374
-315054
-179158
-384135
-82578
-373133
-23607
-407936
47675
-449996
109829
-388128
164014
-278779
279632
-241189
275969
-254998
279867
-144688
340283
-89816
306086
3766
339373
91138
366180
123258
298988
182590
257780
231423
239263
303747
100977
255488
-14438
329451
60179
298995
-8487
313088
-161493
303226
-140003
217754
-195398
165711
-239233
127133
-268248
128237
-262965
21604
-271819
21330
-272250
-15213
-292874
-195159
-254343
-243678
-212135
-208589
-210329
-221606
-66057
-236458
-68267
-250143
-17474
-254183
129159
-325669
123230
-233003
187906
-228204
265439
-226371
297312
-147150
293140
-122009
242847
-38411
236593
57001
305358
91552
256927
159625
191653
245216
188736
208441
112020
271532
40177
223799
-21681
284156
-39931
245090
-133824
258526
-143988
224243
-175480
149650
-285676
142116
-294278
55841
-293799
38312
-204144
53166
-211397
-92308
-246835
-118553
-220774
-149910
-122304
-206640
-62593
-209854
-150730
-309499
-76139
-286661
26441
-230922
64787
-301018
99487
-258045
116239
-167103
205801
-192775
216290
-145824
230022
-131721
275698
-79323
217976
1710
251016
80668
282332
60460
260495
107424
144901
204800
192906
175886
154972
268789
92840
317260
12603
319363
-20282
265414
-88865
272134
-201728
207184
-185093
230644
-226356
183876
-271844
101405
-333182
94594
-248055
-10788
-287838
-111284
-290561
-150521
-236161
-152274
-249265
-209350
-206220
-238722
-188874
-228508
-90239
-284912
-10883
-343087
35549
-254105
36399
-262319
114559
-251319
219661
-220053
281572
-207704
256345
-65539
327866
-63932
295128
13427
274282
43081
268812
120657
268015
210046
232679
241455
163111
301160
143332
231272
128942
276814
58195
311041
86844
339834
-75248
341541
-82653
248658
-190103
237682
-265140
225889
-252805
140662
-327127
218714
-358892
91638
-292560
-55928
-294590
-81291
-302729
-95320
-220302
-121465
-286604
-176032
-201253
-290858
-123170
-296218
-73321
-339703
28016
-256867
19808
-267505
112719
-233672
145591
-304462
214018
-249159
216352
-130338
262799
-137525
275562
-61524
275677
-48438
284964
-3506
293862
79684
234093
156918
238510
133454
163419
167036
114749
247955
102466
311407
70850
336507
13395
249145
-28719
191834
-106827
241742
-114888
263397
-248010
153397
-260649
184895
-272612
88690
-260538
42250
-210361
43588
-306796
31145
-308627
-56108
-274564
-40393
-225850
-130641
-231764
-195458
-176427
-224064
-150484
-307760
-64639
-270514
-94567
-240274
-11877
-253840
24580
-264177
43961
-249477
113959
-206878
200592
-198787
236876
-119896
185532
-39795
217264
-12532
252971
-13804
275079
16651
191735
63884
193544
108506
222828
139923
149885
179035
89239
190817
35331
259547
-53699
219625
-16994
216177
-115747
198790
-128611
202936
-157555
159479
-112231
147963
-206549
113540
-174492
91519
-233906
61487
-224771
-20421
-247585
-4321
-234608
-25002
-145395
-138513
-131788
-197208
-153460
-222258
-151588
-232975
-60725
-193217
-25226
-200637
-16763
-191197
45694
-210062
83389
-139861
135153
-148369
99435
-159310
157244
-149158
169071
-97746
222812
-49423
223058
-4339
188566
-12360
190515
56995
196039
100250
137838
142353
150578
105349
88178
129994
79130
180320
77152
174940
33251
199487
-57726
178445
-37454
170380
-75124
130652
-107180
161512
-196815
91409
-182179
39229
-162056
39019
-151425
88027
-158845
-1118
-157946
38696
-115195
-39728
-89706
-114449
-159351
-42838
-83010
-112914
-59079
-100325
-25442
-113597
-53325
-181249
64975
-171477
47913
-193894
-21288
-133769
31711
-84529
57018
-156598
99959
-50144
116084
-93826
176713
-59458
137978
-55805
185319
-45104
171222
41472
153981
76974
128126
4646
159321
108522
131155
118151
46706
131828
18810
111202
42456
85449
32781
100474
32472
132412
-88432
91323
-159646
90984
-109871
162927
-15533
100938
-147390
22490
-126993
109603
-88896
43432
-148581
30187
-110044
-11402
-89946
-45205
-42954
-13829
-13565
-31817
-24901
-102040
-102538
-79704
-73073
-123805
-43437
-134645
-63192
-97415
20063
-124433
69578
-80407
5066
-87573
44064
-138827
6812
-81896
84306
-32757
142291
74774
113865
-16992
134030
29745
84621
-26502
157655
64269
114653
-19991
75946
82144
52846
94339
34109
92847
-14477
145694
10211
6883
23502
66295
-7813
57081
17390
58629
-68130
66029
27226
3270
-59013
8421
-78802
27282
-88812
11584
-157145
14087
-83177
22280
-160223
31827
-94996
-50223
-102106
-33490
-91032
-55702
-56702
-102423
-68956
-58553
-8100
-32724
32060
-112143
3822
-63083
52090
-75501
89682
-100166
34449
-81667
51576
-74277
77416
-14069
77074
-47735
151525
2939
80778
4692
57967
-32703
12034
87247
75502
8265
95784
26410
59467
4949
9685
39068
35020
30361
3686
53035
-91496
68011
-33237
104011
-40654
58274
-93034
2559
-60654
-6525
-50506
46126
-80391
85292
-70617
21797
-58208
24640
-64416
-2186
-91617
-56225
-69567
-83274
-24283
-46776
-64913
-30796
16373
-40351
-42896
-9578
-14668
-63928
-2097
-38522
116376
-28246
16853
-62131
37859
-67666
32274
-17726
89202
-22695
66389
25397
1716
23205
100919
54853
12183
18944
58352
72820
47500
50429
56773
86214
-29979
52024
-69057
63072
-44938
90249
17024
132890
-4
50633
-43725
47731
-39631
52449
35604
-4340
-49973
19996
-43265
-1039
-3040
-21028
-16072
-85557
5150
-45871
-21304
-45825
-59400
-55090
-10672
3112
41654
-83371
-22177
-100240
-45601
-30156
31618
-24796
-1171
-13313
-141
-27935
31036
-11267
60848
5832
63515
32967
42982
69343
115347
73446
-31325
63038
10068
27934
52124
77550
3152
109795
-14340
119916
-18084
161945
-38038
94922
-16946
59862
-16932
61971
-41918
64286
-87199
61239
-63003
31214
-49718
5426
-74625
-26779
-94459
6199
-26592
140
-96749
-63008
-41203
-88069
-51719
-100576
-57007
-174711
-74699
-43826
33168
-82596
50748
-99540
