#SpinCore Technologies, Inc.
#SF in MHz
#SW in Hz

[HEADER]
@CLASS=	RADIOPROCESSOR
@FIRMWARE= 3087
@SPINAPI= 20130917_x86_64
@POINTS= 900
@SF= 0.000000
@SW= 30000.000000

[DATA]
9031417
-6552621
12031247
-5921943
13085733
-3601647
13665661
-1076875
13658892
1468924
13164704
3946170
12225911
6286193
10928077
8387638
9202278
10279036
7070788
11815748
4786508
12849939
2349466
13453869
-156392
13668298
-2671166
13310437
-5098466
12572014
-7212225
11401638
-9069461
9862266
-10704843
7939562
-11963008
5780481
-12825693
3529151
-13135647
1090422
-13074271
-1334327
-12542628
-3717235
-11611411
-5895356
-10243945
-7800936
-8608229
-9513214
-6651236
-10823202
-4472896
-11876086
-2226069
-12402814
88927
-12473811
2335964
-12234790
4541657
-11535953
6414463
-10460240
8224646
-9000159
9688078
-7281840
10772893
-5315769
11446636
-3278115
11769959
-1155697
11659282
1009039
11190637
3093477
10277621
5119094
9165738
6784239
7720798
8317914
6044036
9489927
4110567
10356452
2164669
10817547
132389
11010605
-1833662
10623834
-3738438
9988556
-5556818
9048767
-6988504
7868178
-8209303
6398525
-9141456
4748957
-9775290
2989992
-9994805
1085412
-10058840
-722205
-9614282
-2531474
-8862134
-4155957
-7870514
-5627025
-6654237
-6910458
-5157510
-7947788
-3544257
-8692302
-1925453
-9102186
-242489
-9246646
1538989
-9017253
3034980
-8518693
4477574
-7686412
5740355
-6629833
6865838
-5384795
7567125
-4097150
8064630
-2586980
8313625
-948671
8336369
515694
7977318
1988895
7422255
3301779
6576718
4610072
5531819
5647290
4235861
6510157
2971210
7100281
1646565
7475260
199901
7556627
-1080350
7320575
-2401117
7000711
-3603683
6255535
-4667249
5376407
-5442691
4429358
-6151802
3279002
-6521323
2066913
-6736390
791738
-6663973
-387562
-6458869
-1605245
-6004673
-2712185
-5287852
-3730435
-4460779
-4592394
-3467469
-5244467
-2403072
-5743906
-1333155
-5988761
-182527
-5943178
984530
-5880832
2007049
-5537519
2896495
-4993081
3770032
-4330066
4396115
-3542617
4981626
-2613622
5245890
-1619111
5364307
-607398
5369223
412067
5127359
1318165
4739200
2272391
4166901
2991734
3469330
3701853
2671844
4209382
1912589
4553756
1050242
4788440
92108
4749594
-748696
4689903
-1567702
4401635
-2323984
3952295
-2965923
3393285
-3460679
2788999
-3882710
1992746
-4078753
1318075
-4216361
463491
-4095275
-304965
-4031658
-1070937
-3661918
-1716252
-3198276
-2326530
-2690172
-2843271
-2061288
-3211383
-1438561
-3582501
-780370
-3695061
-90971
-3645180
643215
-3587164
1220710
-3374493
1836789
-2943820
2336749
-2618239
2726546
-2089873
3014480
-1549093
3166962
-924766
3261079
-298646
3269446
249123
3091390
810981
2840846
1334399
2430197
1857349
2040219
2225518
1567957
2510409
1057502
2623679
589865
2774222
5107
2786888
-502487
2687043
-939442
2470150
-1368699
2246618
-1715278
1929141
-2089564
1498497
-2248493
1146342
-2393560
656880
-2373998
228415
-2400002
-198199
-2320107
-590470
-2091043
-945553
-1811141
-1292744
-1523462
-1553351
-1110941
-1763609
-787009
-1955234
-425136
-2047915
-22816
-2025090
348591
-1989299
710931
-1854609
1037183
-1633828
1255627
-1359728
1465344
-1142855
1594354
-794609
1789889
-487770
1648415
-206658
1667445
92552
1606485
464644
1463317
675863
1264299
945878
999103
1064412
810051
1229480
546167
1354592
216200
1411895
-580
1456966
-245584
1426427
-497168
1297786
-706711
1190729
-861134
933035
-954655
784122
-1143792
543550
-1148800
325988
-1159436
90606
-1149363
-139970
-1065375
-274755
-992380
-489543
-876193
-624094
-698790
-808695
-560259
-854689
-395080
-907469
-128063
-957811
-17729
-950873
181591
-883924
298816
-784444
444692
-723402
524013
-682505
666228
-514397
758848
-334235
776654
-238146
781817
-108901
744215
21368
690620
223651
642971
318601
567947
454947
478707
509006
351480
597183
164365
548930
101644
572180
-25420
602176
-179955
533032
-269616
457656
-273180
351145
-360909
302049
-407883
258707
-444221
183660
-507673
12524
-502568
-21912
-422630
-122481
-379048
-191579
-331714
-276652
-219932
-282198
-167764
-227327
-120874
-332135
-78633
-357156
-5739
-331298
49127
-269578
137045
-273640
160619
-266510
220323
-214663
221487
-126231
259623
-70344
300139
-41865
343609
50161
229941
157220
241684
132721
210370
163873
189492
252208
106762
274374
32680
201893
-73003
261349
-56369
227249
-158753
237349
-148214
126108
-183218
162864
-231539
100962
-181388
47174
-207959
-11419
-159086
-47868
-217545
-104495
-159205
-179116
-157120
-148539
-147615
-161127
-21327
-187323
-125929
-246174
62301
-182292
57536
-183416
137874
-189790
211344
-81363
231256
-182264
263744
-110486
205055
-128607
305653
-11781
333411
15967
231352
41503
238161
71439
163028
193127
209557
175577
173222
226967
127552
226857
58190
235914
-7225
249139
-78452
226927
-162544
269609
-261592
193471
-139066
254029
-237346
189542
-226127
134665
-267061
76005
-212750
26715
-263023
-13661
-225477
-68948
-261679
-122688
-136836
-240068
-128754
-283432
-109686
-323137
-68128
-283790
-38713
-323576
101105
-330720
117149
-268470
144804
-195523
211904
-269931
223750
-218029
343188
-158217
285256
-144324
344794
-55503
362377
-17687
305275
42468
282087
166361
332011
196959
316428
211388
241221
284145
172676
362229
95449
394984
45296
376608
-59852
359536
-80771
386787
-122922
353191
-246552
330509
-241550
258007
-337526
267127
-384559
146047
-382168
71709
-363052
-58050
-370140
-62065
-306920
-101519
-341732
-161840
-283821
-260463
-295314
-329020
-236552
-288373
-148042
-415286
-111029
-462027
-7960
-447524
88186
-421193
125728
-390974
228041
-399240
322566
-390257
440593
-287342
474560
-262947
407219
-155185
382624
-29375
497992
29372
462903
149273
395672
223266
403046
289053
373258
280908
256387
414154
164921
460310
101752
519253
75460
552495
-108233
501080
-154302
456878
-314127
501201
-326044
425653
-398560
312405
-483555
238566
-452616
184191
-528564
182886
-541690
106623
-584945
-94021
-587186
-194619
-478450
-262721
-500632
-351434
-341478
-392722
-311265
-522165
-168392
-514405
-76183
-542155
21325
-608509
77695
-604740
269171
-543002
256066
-458128
446858
-498532
491659
-323298
518791
-226344
646741
-98972
565252
-76512
607482
112132
608658
134059
557255
307978
485644
369954
418282
471069
398466
526954
239055
668803
133107
677715
684
588203
-100922
602821
-162944
606463
-326938
534169
-379846
505072
-502297
450251
-596540
319916
-587326
266199
-646497
123953
-625790
-68337
-655080
-183119
-571146
-290259
-541641
-389695
-487324
-451535
-347669
-497457
-273703
-611149
-180712
-599192
-29770
-647586
29300
-699821
234845
-675700
322854
-620626
393899
-468721
479070
-476092
589645
-313376
603197
-173653
722561
-181356
689076
-25067
670734
180374
651829
191247
552709
334165
471040
374863
427525
493693
318226
639802
201504
598063
98794
636001
8255
649654
-178119
607845
-278689
623470
-433234
529853
-472888
440183
-523931
334461
-637848
254906
-594315
157871
-654004
16485
-609317
-39352
-651223
-198060
-592066
-399601
-509941
-412312
-433653
-488390
-273769
-554993
-216086
-670395
-79292
-606326
23421
-659246
163296
-651938
253265
-629334
360485
-516911
482864
-485996
490838
-313930
525306
-198425
538875
-191392
630708
-3959
598414
72290
616041
236097
522579
329041
440480
364285
352984
414467
282883
559208
160392
530304
55389
607626
-17364
544953
-140944
611537
-255664
549480
-318104
471093
-433346
327133
-504531
304850
-526901
211474
-554439
98704
-578639
-44776
-454481
-68838
-494129
-222136
-401926
-309930
-387201
-423208
-309485
-425819
-322059
-444698
-115011
-508764
-68933
-483801
33125
-510833
168727
-512135
238418
-464233
361733
-419295
410820
-319018
462343
-250489
410202
-191089
560740
-41821
436674
42488
514222
112182
451417
245775
375694
305631
322403
317171
302986
408116
109826
464740
68423
516364
-45750
467065
-86182
375729
-207825
444017
-244041
392226
-352455
276873
-334009
244478
-380544
158265
-400727
147060
-380880
7042
-382768
-69462
-388159
-128017
-383778
-238206
-324235
-310519
-244778
-307045
-163115
-428550
-121360
-436854
-77720
-440764
46357
-325525
136271
-326991
251826
-269233
298037
-292972
309141
-184517
402308
-190152
399518
-109361
352738
-24619
387876
126273
379776
108766
310429
230928
306497
199649
194557
246038
137471
326090
97287
361529
100357
363845
-27842
263513
-116231
352010
-143892
258235
-200902
242556
-191475
176321
-319212
163113
-318939
108531
-379456
32626
-321300
26258
-315128
-119571
-218238
-161583
-223573
-259733
-131118
-234112
-172765
-291109
-83799
-275437
-29572
-301457
26612
-292978
66160
-245119
162106
-293491
235459
-184044
287921
-138755
294111
-66801
263348
-105261
223805
50927
283515
97949
292943
96971
200511
134577
187443
162208
39301
130818
61008
225533
-12218
211747
-127165
235537
-127420
226539
-180286
195847
-168093
197665
-251922
189912
-206439
130617
-232593
127576
-266560
11012
-274522
-32651
-218937
-45957
-247865
-168707
-192373
-188054
-161959
-273454
-78315
-227829
-38240
-263360
11165
-280889
72631
-296929
127853
-280730
95353
-272023
199905
-235025
221318
-174889
194819
-139083
253628
-6844
249526
-38454
275551
11236
250515
76489
227789
136680
201563
180861
163960
227727
96032
270415
49457
313181
-16054
297563
-48351
240390
-92008
216985
-167390
201799
-150248
242252
-277198
147384
-244005
134198
-322893
95840
-313304
19806
-299523
-59570
-254729
-38176
-211668
-124495
-172967
-175701
-164187
-268843
-127915
-191384
-72959
-224970
22454
-279671
-38455
-296172
53200
-293691
156748
-195874
166246
-238963
207148
-195301
255829
-94234
304393
-41108
271982
21246
321363
41048
257157
103254
309676
150651
257838
205072
208953
214183
163885
236131
141357
238605
55309
240651
46578
370993
-79676
274135
-118508
303083
-211281
265053
-223635
227338
-231737
159823
-263086
148198
-331510
117790
-310902
32616
-371295
-42040
-312778
-77718
-280960
-132907
-266780
-257723
-189930
-190202
-84363
-231999
-103070
-311688
-50837
-352526
13605
-279452
72867
-325892
101246
-298009
164328
-201638
224667
-263661
321303
-148498
272600
-136838
300928
-83304
313714
13855
263445
-17527
296400
91792
284839
173167
154110
183924
239044
269350
147977
248173
63414
291232
43674
297804
-38526
283165
-93760
302613
-122391
250515
-227764
210152
-169246
233652
-243694
145434
-281727
82287
-267194
67122
-206224
-25035
-260383
-78678
-288463
-115978
-257633
-162751
-313573
-185870
-207003
-244963
-169123
-253933
-21777
-248660
-893
-263589
64841
-269401
87850
-307855
135525
-295022
190554
-219509
214108
-201918
243861
-206168
234883
-138570
307328
-107323
288074
-5208
312642
44593
347433
100569
247865
96051
215220
64484
110759
176497
96242
225313
62069
185620
4434
219028
-62855
184231
-71332
277309
-105265
199616
-73409
171808
-163735
192385
-202576
127679
-261524
99733
-217795
99494
-226109
36884
-233229
66183
-191220
2588
-219050
-67677
-193067
-68442
-149354
-171108
-151743
-120774
-105516
-184110
-44284
-204337
66299
-184183
46781
-194322
82166
-219236
115876
-205003
214347
-111260
155251
-157766
201804
-110824
216203
-11577
195666
1342
202298
71913
211074
73265
219929
120648
160357
148451
92552
100018
221763
142903
58252
199350
83893
217725
61279
219428
26293
212327
-38665
165539
-63068
197291
-56509
135246
-129456
180813
-123852
108897
-173651
99304
-95197
22253
-174454
42865
-193768
-29281
-173030
-2235
-190598
-49485
-129008
-93751
-136013
12168
-42759
-81149
-37299
-122560
-20931
-133114
-15500
-138220
592
-107746
20922
-110141
75507
-199019
46254
-90628
90135
5617
78804
-81624
62043
-36279
113450
21213
141653
15104
151337
36156
183128
115658
206118
100169
118707
87912
143599
114451
91929
131024
9161
148940
19049
129399
37583
177783
-46475
103867
-35811
46430
-84165
149677
-37910
141378
-20289
131956
-109075
41009
-88640
46960
-134642
70734
-100139
-16405
-99562
11607
-123789
-50525
-99893
-44755
-55442
-105537
-112109
-95380
-68040
-159280
-87603
-138890
-70946
-80312
-65961
-111729
-31086
-150631
53075
-118373
9205
-50657
51390
-100736
152119
-67200
84591
-68199
55721
-33374
85790
-8151
142589
-34364
189024
-7456
115315
43464
127595
54733
98479
53565
76430
99
99678
34943
42108
4658
50812
33953
-8224
63317
-16793
93210
35746
86031
22898
8235
-75726
75575
-102363
48881
-57448
-1766
-108959
19265
-106415
-34418
-84127
-37422
-74737
-102852
-86109
-30979
-52348
-32721
-44240
-33642
-67420
-44103
-26550
-91557
-19099
-11998
69913
-69776
46181
-112937
61578
-85042
-3920
-16752
25997
-126856
86698
-51800
46317
-5154
60064
-79742
106181
-51512
53920
6479
42306
-11932
34111
-46135
70474
-20386
35866
87864
-43768
69480
14866
99143
28211
159093
-34650
154974
12643
120065
-28568
90020
-70256
61473
-108713
41069
-50840
102833
-104793
57378
-88472
13183
-47904
-38536
-82690
19469
-46712
34954
-57235
18703
-83617
19156
-26571
-53576
-36326
-56752
-95318
14341
-34099
-47531
33802
-9525
1563
-20329
38959
-55895
20253
-37627
23380
4041
5559
-31977
89919
28411
47670
44226
41705
-12720
49501
14399
-27954
28268
24137
29806
-14592
19980
1879
57672
11051
16855
20789
-1708
-14918
-43928
-40755
46262
-58383
40855
-29136
13751
-73031
-26155
-21667
8862
-56367
14091
-45509
-45290
-106956
-77059
-47561
-86228
-94153
-25240
-73663
19697
-23153
22404
6669
-53874
-43743
-47253
5306
-28764
-24453
-61193
32989
4279
92211
-24292
83061
13058
95441
33085
65411
21992
101214
36068
46141
61033
113647
56952
34009
6842
79688
66636
46378
54331
33490
74109
-41545
79886
-21365
29205
-8719
78708
17548
19274
-49818
21210
-41115
51918
-85792
15682
-119198
5678
-95498
-55976
-77968
2850
-82039
-31163
-19607
-44389
-95278
-84915
-18192
-50410
12413
-63571
-65086
-6219
24554
-88664
39579
-107519
-5764
-72486
