#SpinCore Technologies, Inc.
#SF in MHz
#SW in Hz

[HEADER]
@CLASS=	RADIOPROCESSOR
@FIRMWARE= 3087
@SPINAPI= 20130917_x86_64
@POINTS= 900
@SF= 0.000000
@SW= 30000.000000

[DATA]
8993839
-6522445
12018273
-5866767
13072677
-3576624
13601060
-1062324
13613609
1387794
13170118
3919381
12170151
6254053
10829349
8408795
9056734
10218425
7063399
11709040
4784882
12780119
2383880
13348056
-111055
13599405
-2627148
13217287
-4958664
12506631
-7108306
11326282
-9128245
9785449
-10671157
7933945
-11869836
5844256
-12732453
3599087
-13070187
1151199
-13020618
-1306582
-12454811
-3619883
-11593130
-5738008
-10221822
-7780526
-8666578
-9454753
-6696107
-10765339
-4575784
-11701620
-2300879
-12290966
-71720
-12427604
2178108
-12118435
4355802
-11480115
6370322
-10376346
8059569
-9032726
9513479
-7390445
10649110
-5416756
11387054
-3389186
11700150
-1188937
11610475
859030
11154475
2952797
10402414
4980546
9206748
6677183
7697606
8191484
6111944
9414569
4206273
10302900
2237566
10776401
234741
10887175
-1735347
10676885
-3589846
10073566
-5371718
9166507
-6825354
7931474
-8042286
6538584
-9119869
4912880
-9739335
3131365
-10032811
1207433
-9964926
-597771
-9603809
-2366505
-8897856
-4067869
-7962488
-5497755
-6768988
-6781176
-5334470
-7860457
-3747771
-8554580
-2094678
-9008329
-364064
-9155570
1323058
-8991631
2913007
-8578602
4374712
-7800018
5652457
-6750637
6630408
-5513442
7473155
-4207137
7971835
-2763457
8308292
-1181406
8261476
371238
7915628
1812573
7348110
3221249
6614450
4489456
5632993
5522336
4429780
6395558
3187733
7061600
1779227
7375794
423980
7494335
-989848
7312720
-2277546
6939873
-3484747
6376208
-4507083
5587162
-5382464
4539653
-6073075
3459381
-6497160
2290329
-6748155
958383
-6689995
-265747
-6413153
-1424812
-6063389
-2594882
-5324180
-3593147
-4571618
-4429324
-3582299
-5096316
-2513319
-5675052
-1450931
-5910359
-287243
-6029168
739325
-5907523
1814993
-5522945
2816626
-5042915
3613873
-4409138
4270273
-3608689
4781557
-2726770
5145770
-1805354
5374840
-788819
5316839
186858
5141713
1100160
4720220
2008395
4249319
2825238
3591426
3568347
2838358
4075387
2033553
4412785
1157353
4683799
293398
4762172
-630911
4646720
-1432069
4392376
-2168987
4046998
-2902412
3375216
-3435960
2888152
-3719597
2129971
-4054312
1365637
-4195221
571104
-4162702
-142794
-3983848
-943111
-3702439
-1588489
-3289399
-2228000
-2821539
-2781712
-2178512
-3230470
-1590171
-3450876
-899981
-3642089
-171846
-3675744
503851
-3602173
1121651
-3380073
1701209
-3045383
2236066
-2644047
2632161
-2194991
2913251
-1627823
3133105
-966956
3172925
-427561
3153589
110916
3141363
744602
2888263
1183277
2490415
1694335
2114817
2087791
1659493
2437040
1186876
2632671
680563
2797218
63056
2706722
-327245
2714995
-787889
2555869
-1279686
2367773
-1693280
2036614
-1973088
1621174
-2197668
1244267
-2286092
782141
-2407127
307132
-2387610
-73116
-2217451
-543152
-2035906
-943815
-1856241
-1171187
-1532649
-1589842
-1199438
-1770695
-871475
-1952042
-510967
-1965673
-95772
-1987245
244523
-1993964
649407
-1861917
916445
-1704201
1194264
-1478963
1432668
-1198092
1544903
-865093
1693627
-587982
1744165
-322844
1770581
25450
1605850
342370
1474286
620922
1291895
844578
1090771
1051899
876941
1203900
583874
1350414
335072
1452065
55180
1533789
-200857
1330761
-477664
1298128
-591722
1156491
-864077
1058166
-924681
894804
-1054157
620411
-1164322
414808
-1079249
123185
-1111509
-5718
-1082260
-252437
-946423
-427959
-880433
-624699
-751678
-739152
-541743
-831314
-402075
-893675
-243459
-930271
-69672
-930942
165339
-916363
303199
-762515
459903
-750437
602040
-664663
591584
-553616
733364
-490870
785811
-204697
785873
-79101
706056
96193
720558
127811
655190
337638
550879
410625
499874
460140
363490
569771
217897
527753
135699
587054
-18601
650652
-76468
543830
-239331
495223
-292506
502821
-315697
304864
-383087
292540
-503034
155980
-515821
81117
-448394
24073
-490378
-56792
-423203
-68131
-329972
-154911
-310511
-259847
-259041
-278659
-135555
-368437
-50902
-352265
11511
-392027
26585
-307061
219849
-372822
175816
-295386
275154
-270154
246472
-161295
289380
-144986
291422
-53123
195947
-15424
228534
37223
165391
121949
219538
215580
148653
194958
113162
251276
74570
270659
7642
344367
-9669
211039
-48796
287492
-171849
247894
-126444
171145
-103621
119280
-189814
85862
-197269
100297
-234638
-900
-294906
-36049
-230713
-115202
-174616
-198194
-187888
-179906
-130511
-208388
-113948
-290820
-6321
-212684
-22259
-229949
-19064
-202909
109040
-224328
151735
-152976
201228
-122367
219691
-39665
314626
-112781
239604
25586
302470
39993
203322
58877
251992
72914
218486
218274
134455
269711
150375
219680
21446
186638
-387
205132
-84255
240386
-83351
270426
-129196
242180
-127046
217582
-210645
167276
-258069
180227
-235072
127708
-273058
46029
-215874
-23026
-269887
-85125
-233430
-145997
-215402
-205230
-108187
-215965
-169892
-299861
-156638
-265067
-7617
-289587
-22458
-310340
105012
-229832
73118
-253480
172425
-230342
258495
-251411
264353
-199039
305541
-150339
361387
-67292
252121
-2383
322387
-2969
343835
122388
284753
156402
304718
235023
225366
248239
138243
299605
79973
308319
66189
385671
-25391
358302
-92639
396310
-143682
337281
-136519
316990
-326551
308247
-282750
246171
-415849
149426
-345989
143965
-400791
71998
-418619
-23135
-346608
-76679
-402464
-206796
-382906
-176962
-242995
-301900
-230858
-395449
-166010
-381986
-146442
-388710
-68876
-433398
117942
-477192
182752
-437503
127748
-399245
249933
-334512
310359
-314723
369177
-281311
429751
-205810
477610
-96820
523225
-1270
539885
176398
486900
167669
406437
256625
402175
312794
302799
422141
220477
466209
129864
557245
25421
532772
-10105
560077
-30457
581605
-243632
506159
-297185
511493
-365354
345563
-495376
319243
-451776
254080
-559318
247647
-516855
26276
-522218
-96542
-533219
-132934
-500166
-282029
-447427
-349403
-318821
-447292
-366576
-530117
-246432
-543643
-127460
-598820
-61434
-621826
50934
-520131
192552
-598083
254590
-471243
336402
-439048
415376
-388139
562971
-286473
610534
-180200
607330
-69283
662011
4325
629886
179644
596885
293458
558688
364584
456899
461086
375435
515157
311241
564033
177373
570440
-28472
641652
-110320
615364
-168497
637687
-335344
594471
-324691
548596
-386896
444386
-534369
397252
-628460
255451
-628184
163077
-668783
38369
-735671
-115233
-612570
-198400
-570764
-334371
-514758
-451883
-379354
-521107
-286880
-557725
-166386
-651713
-33489
-609075
22044
-682214
119704
-627606
232335
-550371
398673
-529059
445549
-547311
495645
-367374
648089
-288899
716791
-182166
662224
-54661
715585
51764
587759
188320
579191
309723
524470
432335
427674
514565
346076
576968
223386
680151
62980
646214
-5578
627443
-140384
725063
-237381
605156
-368618
571648
-431329
502263
-512655
370901
-556676
260906
-670832
167680
-602118
99195
-663336
-66372
-631126
-195799
-574484
-245133
-487895
-410538
-428536
-463756
-322702
-574590
-201189
-548352
-53906
-607779
31121
-619118
51906
-606967
215506
-659106
272610
-543792
466615
-513210
472318
-341864
560388
-266384
641043
-152576
586747
-26675
618241
48710
595535
170074
506317
290934
508874
383490
428154
502829
300236
573290
228852
529947
180973
538994
64947
582069
-33379
534028
-213817
558892
-327081
500107
-379436
468441
-449629
348185
-509981
270360
-511305
133594
-597000
-41216
-616750
-40027
-521315
-205467
-519134
-289798
-464209
-345153
-366533
-396499
-227484
-510047
-147161
-466754
-97152
-469792
-12242
-543627
68543
-504468
218231
-410266
303346
-392185
387242
-295688
429561
-257995
452196
-155091
482959
-110408
522700
-18212
461490
95439
468087
183109
421700
249898
337706
253402
328350
419373
205976
361704
121023
439075
11754
455144
-639
460156
-85641
351116
-196743
354450
-247892
271801
-285379
250388
-378054
227820
-454377
108413
-412197
51198
-447732
4469
-360089
-131418
-395813
-167594
-328688
-220835
-260327
-340773
-269300
-349653
-172672
-401339
-59325
-439688
-23511
-392777
36376
-434899
158706
-347988
228506
-353764
293287
-238012
334383
-228780
321977
-150705
342828
-92342
339889
55659
318836
72459
344780
151551
374972
200698
236359
231532
138849
277792
120574
296320
33300
288091
-1247
323395
-46574
368005
-136702
314394
-154421
227335
-221828
216294
-220995
188806
-256881
105913
-371526
20827
-290784
-44322
-298523
-62463
-200395
-144753
-154693
-214323
-165404
-236679
-55996
-218398
-66657
-217189
-30726
-262791
26168
-264169
125874
-266816
152734
-199942
197413
-154476
175933
-259579
203755
-123689
219248
-75302
284527
-33684
296301
-3220
264468
77305
233253
155083
221179
174891
192581
230110
160417
221882
53154
265238
29965
287135
-63995
235052
-59085
247909
-109538
269843
-155159
179919
-179457
133517
-248039
143539
-298723
92916
-320394
2975
-240928
-74465
-284570
-100961
-257030
-57997
-232884
-212949
-135653
-226984
-101306
-138061
-75893
-292841
-17819
-234913
116285
-182892
119565
-244037
178929
-204808
224294
-81185
169208
-167068
247571
-106921
260895
-9351
310832
32371
286791
88882
225426
150185
231496
135271
149822
113854
122686
263328
43745
212806
-13599
192717
43339
231526
-127578
269640
-89125
211156
-176313
232894
-255223
187025
-245847
150855
-278918
111873
-195426
93776
-265589
13522
-274911
-56330
-218594
-83999
-184800
-185683
-270749
-227581
-172245
-247376
-40399
-248991
-961
-326240
24798
-330102
106819
-324485
150587
-274043
172164
-326022
217794
-237242
233176
-207083
303106
-37409
219090
-40269
284857
-114393
275500
21985
276354
94051
270217
137339
227955
206669
115148
229400
111875
223273
93827
282061
6681
269445
-17045
295139
-50668
230927
-72748
263964
-240686
248733
-258175
207634
-260073
138040
-302095
112457
-261592
-34816
-235760
-53614
-291856
-47008
-291327
-83460
-244168
-183787
-272602
-264472
-207698
-275904
-216305
-213649
-100919
-253267
17680
-231872
50947
-294952
97226
-253352
173253
-230850
162055
-159136
308598
-132118
233809
-56231
295547
-81249
302568
-71621
294710
-47045
265936
93952
251242
94061
241793
160564
182005
117237
194832
264133
75626
279583
70343
313071
-31075
277554
-41066
340351
-140686
286504
-150175
234091
-219689
208371
-184864
118717
-305961
138276
-284986
132992
-250968
23985
-285488
4659
-254697
-91028
-284040
-130371
-249145
-187094
-196692
-250200
-174670
-255851
-156283
-297022
-69145
-293513
-48750
-262014
19477
-257681
86591
-306763
84244
-217436
162173
-241685
178368
-106463
274651
-151117
170012
-80207
245754
-92983
304162
18522
218949
16890
189258
53698
195342
125049
127497
170659
90303
197518
108167
191378
115313
245726
-10573
274516
-81907
256036
-105113
264761
-31197
251035
-162795
151948
-193486
166411
-261575
192532
-263043
135194
-218252
115803
-288573
-23485
-188967
29051
-202882
-128849
-229029
-93996
-237248
-189041
-106413
-194142
-169441
-212655
-80573
-178881
-40484
-220128
-37886
-275818
71863
-211869
53967
-176046
141858
-174627
115002
-65912
242158
-121016
78557
-91249
139660
-27127
181319
28995
228104
30443
209268
61690
184185
61988
159590
136404
135342
157819
127174
168435
41265
163461
34675
215000
-5024
200813
-64266
221558
-100247
202728
-70591
185094
-77379
162844
-119826
153244
-151297
90978
-65396
43981
-135525
73604
-123317
68296
-201180
29469
-35016
-1090
-162281
-22469
-126217
-76694
-117280
-36814
-125034
-115966
-42448
-172425
-52679
-160099
1478
-152241
33178
-211774
33907
-173505
34549
-183761
128207
-82447
83120
-95839
145899
-107277
133211
-71023
153791
-23080
160273
-1763
166389
11323
83466
-18862
97533
15150
109651
64084
131757
197654
49100
17931
46429
98124
5845
157650
-45753
137893
-40459
77369
-40320
191933
-109195
55599
-48373
69464
-127972
42838
-134830
28414
-75989
80038
-138682
2123
-54511
-56742
-99127
4805
-139566
-73477
-161023
-49876
-82632
-60733
-90903
-73837
-59938
-83622
-62454
-68902
-24351
-65318
-35942
-77187
16623
-140612
55395
-82239
103122
-77723
82272
-95851
122644
-27723
80573
-74564
189890
-51539
90396
-55280
85525
-29498
88827
20410
126369
-4496
114598
40002
60035
10844
6670
62149
72211
70110
49128
124167
65702
95991
-17117
81351
30183
49081
-37122
127903
-31066
54701
-75543
7419
-71503
-19663
-127218
32420
-102869
2909
-83968
13291
-68784
-80065
-88277
16868
-132037
-3215
-86140
-41433
-71879
-46133
-105015
-128472
-44257
-15933
-31010
-120351
-4784
-70590
7732
-106519
45418
-41693
43372
-38740
27376
-22222
51963
8785
57416
-16671
19293
-1779
91607
-66190
75201
21452
-45195
4590
41919
5244
23462
82217
45693
24573
73586
63063
16082
90076
-13633
30753
-10208
95140
-11011
101765
-15172
52270
4980
74154
-9128
29295
-46387
-23467
1166
13400
-40131
28510
-72490
-105919
-119578
-67563
-49113
-52280
-42660
-70076
-119997
-36743
-59740
-22625
-80025
-46581
-19810
-38903
-44900
19627
-42593
-81754
23841
-68223
53751
-27427
-3496
15123
82739
-79997
63037
-12807
79753
-43115
41335
-21805
41440
-7238
116759
10209
46894
-63673
27318
-29977
49932
32826
-26651
24589
5196
45613
-52738
37238
56820
46105
31432
22011
-704
12955
-28607
27981
-29209
26704
12
66865
-14707
-5215
-42390
6051
6347
5401
-11148
-23687
-3895
-20350
-49050
-69110
-45378
-50293
-15710
-68957
38372
-51294
43016
-47397
31283
893
48217
-60399
61836
18412
106379
3952
110472
-42730
151146
-67638
91190
1980
57776
-43514
59499
-26522
39777
32377
-16984
56008
83497
26044
20091
98027
15025
80920
-44636
96273
-6454
89234
-11422
55202
-54822
85323
-81216
21776
-53363
9427
-50708
24757
-87305
-9890
-106660
-51481
-117790
-30818
-94668
14122
-65614
-99577
-86917
-58251
-128191
-148761
-22447
-85499
-60244
-112315
-19162
-17673
