#SpinCore Technologies, Inc.
#SF in MHz
#SW in Hz

[HEADER]
@CLASS=	RADIOPROCESSOR
@FIRMWARE= 3087
@SPINAPI= 20130917_x86_64
@POINTS= 900
@SF= 0.000000
@SW= 30000.000000

[DATA]
9009449
-6595199
12023767
-5899501
13159257
-3562571
13684537
-1093393
13662750
1416575
13240570
3996614
12295189
6312338
10867050
8431392
9155286
10323502
7170419
11783643
4783590
12811802
2351175
13449058
-125514
13602225
-2528208
13296063
-4991132
12590332
-7215589
11353470
-9075985
9805051
-10682670
8015608
-11939931
5855700
-12801198
3586343
-13078601
1120374
-13084033
-1190430
-12567158
-3584237
-11574760
-5758243
-10321710
-7759984
-8699163
-9472419
-6747862
-10852182
-4625477
-11778484
-2411182
-12347503
-76713
-12479388
2165517
-12227588
4464815
-11556624
6422376
-10468193
8157068
-9075910
9538565
-7346589
10641868
-5468631
11358019
-3391543
11730060
-1230041
11618922
932711
11183905
3021505
10423966
4942776
9230040
6689663
7747271
8205279
6092497
9429312
4251445
10210505
2251935
10781493
297553
10903531
-1714721
10632906
-3650603
10143307
-5344274
9228367
-6866409
7941637
-8131514
6543064
-9043605
4880724
-9700907
3107791
-10056231
1278480
-9989318
-563102
-9642748
-2380377
-8892606
-4031873
-7983640
-5590386
-6717240
-6820477
-5292265
-7907188
-3693893
-8642659
-2042642
-9078544
-365921
-9134367
1335291
-9005592
2875242
-8543579
4398212
-7752359
5646655
-6731955
6663136
-5560892
7530469
-4187986
8006409
-2703418
8273094
-1087104
8352870
351770
7960752
1870082
7338106
3286290
6673603
4515986
5662684
5527919
4486070
6438228
3237864
7038516
1794677
7456520
345802
7578358
-947104
7376288
-2312402
6910246
-3503952
6352704
-4479707
5530764
-5420424
4575997
-6044381
3487375
-6480651
2265524
-6743084
988038
-6693507
-271054
-6460887
-1473108
-5998051
-2619314
-5383922
-3661527
-4523442
-4479613
-3608365
-5227976
-2649390
-5699322
-1450197
-5982256
-293467
-6054110
755817
-5949350
1775218
-5588493
2778057
-5121244
3593042
-4457731
4364924
-3630411
4893560
-2723446
5134456
-1783927
5325587
-846300
5271003
133390
5077058
1183224
4801640
2061575
4217065
2898902
3644202
3473168
2842006
4045829
1977275
4441000
1109600
4758320
225523
4713577
-593249
4595902
-1451167
4420431
-2198965
3985585
-2869612
3459134
-3423518
2882450
-3856420
2164936
-4003251
1386790
-4182461
610723
-4157883
-156048
-4052267
-949916
-3747672
-1589572
-3287505
-2300590
-2817569
-2762875
-2236030
-3202941
-1645572
-3442802
-912585
-3606781
-144830
-3736819
449339
-3581343
1112950
-3428633
1710855
-3051592
2195098
-2629141
2624011
-2153210
2939506
-1680683
3141070
-1100978
3247862
-471155
3209794
149055
3069620
696439
2864165
1229016
2531179
1725828
2091892
2127519
1705342
2490089
1199763
2597589
649492
2835958
117189
2779195
-318849
2746551
-844821
2607920
-1334148
2360208
-1645373
2070149
-2015679
1596772
-2217670
1262608
-2302517
827595
-2411317
390075
-2390774
-22177
-2264925
-478882
-2125950
-867184
-1902402
-1222030
-1546611
-1525398
-1187093
-1798736
-855941
-1920856
-547226
-2041054
-152670
-1963318
256185
-1962931
580396
-1807299
855692
-1676207
1106081
-1462465
1387303
-1221747
1580676
-910490
1714115
-596520
1749534
-216352
1650442
56572
1637537
328474
1488092
633465
1320707
857975
1093489
1070616
870916
1244003
653447
1365873
353928
1444322
32724
1391350
-166808
1391476
-338699
1350787
-566234
1204119
-822370
1060602
-907798
819914
-1025544
621114
-1077391
337040
-1126386
175730
-1151685
15477
-1062531
-223715
-988143
-445015
-878748
-608051
-774922
-724849
-575095
-810519
-335574
-912107
-256124
-887980
-31860
-963291
152697
-881322
356950
-804905
397587
-761989
578623
-642832
609337
-517680
697069
-373921
746610
-199711
728119
-192644
751545
41201
712802
130628
635188
279958
555100
364379
426568
479208
383980
533820
238191
510817
123609
614718
-11365
570335
-98979
509548
-204591
522798
-221473
489461
-347310
339528
-351826
332148
-441135
203729
-429118
69659
-443309
67844
-443243
-31733
-373100
-112129
-325898
-221317
-231831
-356589
-242855
-300166
-89722
-355333
-27798
-358691
-40051
-462685
12885
-346779
218955
-354729
146975
-291688
295161
-212197
265439
-104156
270949
-83723
278653
-9404
237067
70554
297837
110351
256316
146833
226784
222679
92588
254096
103147
230853
96394
247349
32355
249696
-21772
230867
-68881
231820
-117960
217932
-221776
198163
-234959
111268
-233709
15123
-309389
75283
-251787
22659
-249727
-1219
-173253
-61785
-248182
-203432
-171067
-99682
-135598
-166825
-54147
-226482
-86334
-278595
-17881
-193849
136208
-232875
139095
-186372
173054
-224996
201525
-176601
182854
-24873
308337
-8924
209340
-37123
244480
37736
189034
94053
195511
113986
166806
134238
122786
246892
75097
275033
109719
266676
-9102
209683
35493
348260
-26808
233253
-126769
285692
-149361
153049
-180385
116952
-175509
136542
-276226
112751
-253915
43819
-292346
-15553
-256840
-125855
-282889
-179680
-374273
-181194
-221823
-247757
-75254
-278394
-95443
-287273
-57541
-308788
8150
-327387
76989
-314325
117300
-281250
169436
-291598
219445
-173969
263111
-187511
332304
-161021
312138
-55672
358306
-22320
301201
53944
301433
106101
321058
136741
295107
188275
260477
260595
207027
274589
62829
353666
48126
394890
-41281
390391
-135141
381880
-118148
393060
-127016
344542
-303805
243520
-366999
199587
-305948
147486
-407829
112269
-338184
75180
-421550
-71741
-376773
-27548
-401488
-148599
-329901
-252633
-287597
-327881
-294644
-346040
-129825
-359943
-57747
-425059
44226
-506329
41093
-427297
122863
-426041
215914
-405042
286972
-381680
337810
-347663
410053
-265433
422971
-142194
461989
-131304
459102
-13536
495115
148674
418185
167514
417518
225454
417928
417115
348743
378930
233218
476966
144609
486060
83502
498972
8946
556826
-163015
517273
-189393
484752
-328244
433502
-453719
378899
-455168
287775
-483426
248212
-592514
99723
-510676
38949
-530653
-67995
-583387
-140118
-540451
-274618
-381014
-378371
-400448
-390089
-312233
-522831
-231345
-519286
-152130
-598712
-55670
-614076
-13549
-548198
143417
-550244
204243
-546724
376659
-417275
418516
-334305
520627
-335796
516588
-255117
583007
-158512
680366
21209
533543
162157
556129
232067
515349
346558
419676
414035
343939
494934
375967
520800
159042
611556
82504
682299
40454
653842
-82809
632500
-197417
640393
-422085
564773
-415809
454417
-465500
368465
-597718
253980
-649599
85318
-613006
8329
-627481
-81593
-628492
-167093
-578645
-288848
-559481
-404289
-460418
-514878
-337395
-572634
-195850
-581174
-115839
-697470
-11269
-633605
102267
-703759
237672
-554128
307383
-604748
509078
-517673
551323
-417546
610678
-307833
665706
-247076
598827
-71309
641041
81032
619583
128556
596653
281480
492745
346577
436252
485789
397621
610647
281207
635184
115475
625239
344
699179
-124051
692709
-254440
621574
-382298
539463
-453220
520558
-532222
432661
-578404
310566
-622840
194096
-719940
93896
-672981
-35792
-646378
-206090
-612910
-325191
-546978
-388763
-415352
-444991
-328503
-496351
-257518
-588174
-184696
-549900
-21563
-611358
51276
-542573
220271
-555167
302902
-566998
412758
-429771
443593
-349619
537416
-282955
559800
-225150
671787
-87329
633597
35599
578591
134010
571239
244106
503302
279299
448179
510375
386327
551198
185402
532002
117446
577394
83514
504099
-78610
575562
-168291
602167
-336872
469708
-368918
406326
-445833
364506
-459947
261074
-557400
203706
-468455
59983
-535439
-46525
-500765
-135936
-515149
-214896
-481321
-320391
-374002
-432752
-271513
-414352
-180792
-471485
-131105
-542174
-14159
-543131
102594
-505964
201534
-441658
312391
-423381
360909
-452893
436514
-293265
453122
-243075
482748
-72086
483290
-46925
416636
52383
399482
131616
457300
307221
397902
304618
281725
366427
203072
375085
222479
420048
65296
504895
-18116
483573
-91620
393260
-220949
406749
-240383
340522
-303153
244738
-347109
212416
-414092
73254
-375578
28980
-436543
-46033
-344933
-180398
-369264
-109452
-368616
-238610
-263925
-254754
-241920
-244212
-199554
-368816
-118444
-390956
-8942
-400274
70208
-429966
131145
-373448
225971
-265944
218679
-262539
273993
-263304
350819
-100098
365337
-4715
356999
7532
283452
46594
294095
133678
347413
223453
215751
240921
122027
338722
164458
317601
80521
314810
-17528
340389
-101697
336301
-168487
319558
-186172
293042
-190754
312703
-298450
207675
-290905
101233
-322139
96017
-324464
45128
-394626
-44187
-293879
-135001
-166909
-180007
-190848
-263762
-158846
-222415
-126815
-251997
-120184
-351639
33290
-273894
110479
-268917
79885
-222211
151711
-228006
232594
-209433
205534
-161959
243564
-61266
200456
15795
250812
25520
255267
131953
176309
68154
158955
185727
164779
164154
59243
223010
67920
290749
63280
322785
-24227
224102
-43479
284195
-156903
222379
-249167
219912
-267937
126849
-205793
58682
-202546
138375
-283552
26538
-216531
-72721
-284762
-130905
-284171
-201117
-202757
-279281
-153766
-219567
-113142
-277806
-111138
-241106
-18423
-246572
41530
-208579
125242
-262418
133990
-195936
187239
-194390
272395
-201668
244762
-121547
263154
-42066
273085
-1356
275365
60938
266286
69781
222444
147115
220377
235923
91208
274910
87273
282616
53920
295792
-26090
265008
-68453
240952
-166191
252230
-185813
231508
-190404
193549
-252376
151403
-233026
35682
-275635
56443
-325770
-16718
-235893
6487
-233313
-102405
-238933
-153427
-187969
-156346
-245745
-216733
-154015
-265364
-88736
-294085
-12721
-319186
28674
-245463
44665
-282300
179621
-234997
146596
-175766
163021
-136369
253962
-92428
323723
7066
224132
-22291
303990
96559
272264
91620
277326
241501
233444
226682
213700
277702
135708
306845
136004
373473
-8408
291575
-31556
313639
-29320
328343
-82484
298993
-143967
239820
-167039
219271
-138781
186417
-297158
102540
-319835
71437
-392624
61410
-272947
-18021
-325219
-151666
-237974
-111454
-258497
-211829
-189614
-180825
-123896
-299209
-96115
-341527
19452
-271463
17979
-267602
66413
-241750
227855
-192263
125235
-274068
189634
-117497
248312
-148451
280256
-93681
304046
-116955
297832
22363
289780
41646
225664
86780
199460
157395
163522
192814
134756
214418
49608
252740
42953
253535
43818
289230
-12312
257696
-102300
258077
-104761
209919
-221303
189620
-236644
191793
-245341
128392
-223085
108456
-302775
41421
-219123
-66698
-285879
-11484
-251421
-114176
-252265
-118034
-189935
-171999
-135271
-285720
-87247
-190594
-50915
-288095
37740
-310919
5585
-286533
30577
-240739
146444
-233141
224740
-201200
185278
-208026
235343
-92551
230044
-123896
226886
-78727
160370
8858
304791
53958
195082
89472
194565
197128
189092
142412
142475
245653
78061
285671
66423
235381
98336
286169
-11034
296409
-53234
237883
-187794
209077
-151994
257117
-194225
202741
-196219
205154
-232969
109079
-225616
50037
-236051
7404
-189014
-40418
-205278
-58270
-222133
-164250
-181969
-120329
-195855
-171321
-79586
-123621
-78898
-234540
18616
-231281
-5741
-261243
33871
-239669
86309
-165713
115086
-163308
136338
-174089
204929
-147810
224601
-125474
185718
-71939
147330
-47825
205649
23018
195932
85441
177449
40929
183136
184620
109985
119367
154047
161201
116337
197607
80930
261641
99133
245096
-12687
211628
-124232
200184
-90829
205652
-149875
87644
-90313
57507
-175493
53916
-114933
60799
-180238
14256
-94019
67926
-120269
-45717
-119803
-42173
-123121
-160665
-159091
-100358
-137843
-118154
-74393
-118439
-105272
-124869
-22711
-131703
-5229
-165633
11319
-165591
57456
-118260
44817
-133793
59064
-71855
127441
-110775
161198
-62601
152994
-5141
136623
47360
124240
14352
164711
8630
206972
36697
122510
114746
117604
43150
159956
84665
88288
175569
77271
130361
1581
67106
-35788
123888
-12161
153773
-63158
118673
-73602
161638
-114319
173943
-124022
121861
-126423
52538
-105142
42240
-69884
58599
-120150
14409
-67980
-7251
-77116
64636
-64810
-100221
-44418
6821
-8139
-7482
-35532
-73705
-46777
-42996
-23648
-125674
53726
-89825
-7875
-104065
6693
-156493
15482
-137838
6647
-92858
78008
-30487
102740
-100751
113779
-80423
78060
-67641
42416
13685
50728
21773
71924
26682
46779
25222
53556
30043
45969
151722
27108
107729
-79025
158116
47542
62628
20579
77291
-30387
92510
-68242
49781
-10783
100030
-83208
98605
-125851
82219
-43109
-28468
-102550
41121
-100614
39524
-10754
15923
-78459
-25967
-120682
-55540
-5612
-83337
-59972
-18433
-72307
-84458
-5228
-94582
-44860
-70889
-24051
-55666
-39762
-86108
-472
-60139
41058
-59421
22955
-64608
41071
8079
39647
-29139
82389
15268
74792
-33375
140783
-8418
77936
43720
113095
8340
51292
19958
-47579
57411
-63955
57204
53496
15446
63002
79791
-373
130773
10524
64460
-22666
60134
-22982
16831
-30183
106045
12012
52681
-79337
42340
-97760
53335
-44922
-26641
-96488
-7169
-113598
-9964
-96412
14749
-44766
-78660
-107183
-88826
-11373
-66075
-17483
-44147
-16069
-31265
12610
-24112
-49203
-107256
-37000
-39551
47157
-4639
30023
-38676
86367
24982
1928
9118
109910
26621
58913
411
22043
8279
66098
49784
108114
83686
42021
89660
25250
79179
96735
13263
-5697
13837
-15613
103944
-29673
90642
-25183
79295
-62996
32918
23976
6445
-17969
21240
-51735
4031
16757
-5502
-99745
-15627
-50794
45857
22988
-45659
-31819
-84920
-44077
-122231
-6505
-45259
-32434
-43760
-12072
-45262
9933
-61799
14306
-47638
42830
-29057
33897
36432
46423
-77434
130928
-23185
44430
-1739
51308
57480
18555
31127
22786
68508
-37175
48131
13094
111313
33406
67459
18210
53571
-3657
60606
44682
41582
-17243
32593
-80623
45880
-53928
41891
-39491
11757
-63178
9766
-91491
45572
-80336
3822
-53813
-17911
-103300
-37680
-130462
-11687
-47260
-40518
-43151
-120890
-39133
-83833
-61041
-124576
26103
-94057
