#SpinCore Technologies, Inc.
#SF in MHz
#SW in Hz

[HEADER]
@CLASS=	RADIOPROCESSOR
@FIRMWARE= 3087
@SPINAPI= 20130917_x86_64
@POINTS= 900
@SF= 0.000000
@SW= 30000.000000

[DATA]
8949712
-6585940
11940758
-5873452
13052782
-3605313
13554044
-1154283
13602053
1478483
13100734
3880919
12175138
6267061
10816266
8354141
9079164
10164608
7076821
11698339
4776619
12708220
2433221
13333350
-118209
13452399
-2511413
13186192
-4941457
12470062
-7134828
11362273
-9002584
9801382
-10617875
7977296
-11807372
5879870
-12635229
3630831
-13053934
1188823
-13033910
-1153737
-12478186
-3469983
-11491625
-5697851
-10285113
-7647912
-8649669
-9368960
-6770759
-10731215
-4663438
-11742175
-2485543
-12329163
-232565
-12470301
2094742
-12184409
4224250
-11534649
6166494
-10543492
8010332
-9135656
9476950
-7379740
10532923
-5532367
11265693
-3481089
11571693
-1384827
11609366
807507
11168551
2852889
10416927
4797877
9284467
6590898
7895786
8096501
6230535
9305892
4407405
10196403
2389442
10734787
383335
10855713
-1573042
10704852
-3457851
10121909
-5217838
9168027
-6713621
8047887
-8037141
6630337
-9019998
5015007
-9666741
3231640
-9985478
1369092
-9986085
-422758
-9593260
-2229445
-8913790
-3943908
-7955989
-5435879
-6833618
-6759446
-5443310
-7757121
-3880278
-8473340
-2244912
-8936859
-527146
-9108258
1141463
-9017048
2719660
-8577211
4174971
-7857727
5436299
-6854478
6513526
-5724890
7387387
-4364812
7995927
-2906775
8306785
-1375381
8249923
127276
8033757
1638013
7458476
3066438
6779801
4260851
5774276
5445743
4601291
6299129
3405930
6937102
1963970
7368505
599055
7460239
-840456
7384019
-2095197
7020692
-3263968
6461601
-4324224
5651678
-5251878
4726972
-5915459
3559754
-6419671
2384653
-6626551
1207558
-6706756
-110325
-6507156
-1318825
-6055486
-2432181
-5418199
-3425303
-4693008
-4378411
-3696928
-4995724
-2718306
-5522912
-1595165
-5854103
-567679
-6006830
589143
-5890192
1605179
-5651567
2603729
-5135215
3437352
-4536177
4219827
-3788025
4738072
-2913250
5152452
-1925405
5341304
-952679
5277778
61034
5140847
981943
4826353
1850503
4307911
2754245
3679795
3428476
2982666
3968816
2159107
4379010
1296101
4658614
482836
4691233
-384564
4656570
-1276229
4452328
-2076496
4161072
-2704352
3572100
-3269034
2966145
-3663952
2280395
-3952212
1568796
-4127269
719419
-4170980
-94648
-4030256
-733456
-3768687
-1528347
-3383074
-2113104
-2908008
-2601568
-2303460
-3118184
-1730369
-3411979
-974556
-3581320
-333661
-3649365
307997
-3592399
1012807
-3431015
1609898
-3088132
2133004
-2716358
2539556
-2275503
2865027
-1799572
3129610
-1211921
3174898
-578272
3233471
-10867
3155813
583391
2869712
1146532
2547301
1587728
2281080
2016305
1721100
2424843
1340694
2614485
755064
2730638
298840
2833181
-252496
2733339
-720664
2557799
-1142332
2367405
-1583158
2076957
-1906591
1778533
-2126582
1308395
-2251699
920038
-2425954
437712
-2381058
13788
-2306467
-472686
-2099157
-810654
-1908641
-1183760
-1624850
-1456995
-1282879
-1682783
-963045
-1864201
-558106
-1970611
-188735
-1983763
164631
-1958307
573687
-1890194
855164
-1705177
1086350
-1466026
1335585
-1268959
1525669
-962594
1706357
-727102
1631331
-322722
1683982
-12888
1647986
288653
1525989
552169
1421321
789357
1179012
999974
1000832
1171997
712345
1314205
444457
1439186
164708
1410103
-139234
1332307
-357219
1357830
-554603
1205318
-753397
990723
-985923
818828
-1054485
710466
-1075988
472423
-1159541
262177
-1182091
32713
-1068863
-159635
-1015788
-415026
-989705
-518063
-819097
-679005
-663844
-843893
-506080
-913364
-267433
-906341
-161950
-933442
149959
-881397
265917
-876282
345147
-731659
521391
-658273
621259
-618034
657206
-385611
756257
-291495
773997
-158069
748051
-4423
660505
154298
701588
267807
561989
349793
505544
416979
366693
526249
253159
543342
124344
610365
1040
561533
-83381
555791
-162967
509455
-230435
481359
-314057
365991
-379115
315665
-450370
195706
-482155
124905
-493194
-54431
-427221
-4532
-377391
-129272
-410091
-193843
-316091
-264848
-241490
-311938
-194133
-387674
-81973
-301028
-25275
-320272
104884
-322519
110482
-284247
196624
-275535
184344
-224638
233689
-208772
209585
-82818
292841
-18109
285817
-36011
277897
51369
247674
82048
196652
241212
166539
286485
111783
292792
79132
219498
-10544
309305
-75594
197568
-88618
196812
-127646
234449
-159392
180618
-254667
162308
-190515
75363
-261574
41645
-184373
22113
-200368
-75566
-217182
-116316
-132654
-94446
-122723
-138929
-156266
-168247
-66942
-201730
-37775
-279805
81850
-232097
74633
-215944
145886
-203883
89049
-193081
194057
-176410
250155
-101761
236162
-69561
220855
27508
205645
31603
288663
64760
211081
177132
222853
250388
129742
175695
138562
336784
111887
295364
6013
195349
-22757
350041
-99400
251058
-92938
203652
-238269
218823
-236615
196047
-274164
222406
-254651
97207
-275582
43594
-289492
-91453
-195851
-70262
-219537
-59307
-307178
-187535
-143511
-288082
-120314
-239810
-137662
-317540
-92695
-308548
40129
-215015
71637
-354130
156468
-273930
151305
-247962
163528
-250412
250262
-220140
246332
-127400
352711
-93853
289753
-41570
352670
23322
321089
82814
216297
135234
276003
204603
251664
253220
134919
306875
137313
305153
82126
357604
-69584
368552
-62827
346010
-194642
260552
-202506
294615
-280845
226390
-287820
296546
-320665
186664
-391935
53578
-415479
34991
-426390
-9551
-393350
-32522
-372278
-138695
-293450
-225707
-296725
-266991
-278469
-304058
-169647
-384630
-206039
-423729
-60230
-344201
49739
-415708
98034
-478358
164427
-378525
251542
-374932
329871
-350208
374264
-263800
435006
-120884
486606
-90520
509428
4144
477276
51098
462190
111902
445763
180127
472262
231794
309324
411368
222797
426186
179349
440225
119657
525831
21545
537044
-67925
530873
-226374
479054
-298618
490961
-447885
419971
-407210
319434
-506772
317823
-522594
163744
-537603
10450
-577942
-30593
-547723
-101346
-581745
-206715
-425330
-349471
-470318
-385518
-331151
-497302
-224466
-503905
-179781
-547382
-83091
-633931
53205
-598846
139963
-585299
251228
-568411
334649
-436916
512295
-482335
527683
-399924
552621
-237212
585041
-115938
641590
-42595
611847
71043
571881
174781
512038
290878
530203
369284
415327
394105
295294
525922
207899
610094
41014
626222
24575
620608
-121828
564399
-300825
624633
-388948
534613
-442480
473030
-548425
313928
-673606
234634
-637970
185680
-643839
26906
-690129
-61290
-682322
-239569
-617134
-271203
-519168
-335071
-516083
-494838
-406046
-493160
-244783
-604953
-113700
-585972
-36313
-635362
127205
-607706
196687
-675131
423496
-579853
458266
-424856
540379
-392045
569730
-309544
562764
-201769
652656
-61142
666151
37293
669956
173584
642123
292773
597356
430024
459317
499793
374012
558987
273424
603275
216529
655461
102393
638301
-42408
662680
-200291
589498
-325783
546983
-415361
527898
-476292
444359
-593095
255179
-643197
256270
-613152
76359
-644297
-100725
-577137
-82245
-645110
-230792
-510597
-388655
-543451
-455304
-415304
-515627
-295400
-570956
-105765
-612069
-75555
-649811
92766
-656026
169131
-616434
353800
-572940
461382
-512424
529974
-429997
551909
-328226
632456
-227351
605928
-89172
659876
-15213
566306
133368
484480
218360
495657
361127
438411
409441
322692
559227
248946
517381
107258
559041
67826
632172
-91046
595308
-242121
579865
-253996
484468
-343123
465318
-421734
414521
-495626
275797
-510390
198770
-571144
12700
-523552
-24593
-517595
-102105
-454976
-204865
-336740
-291879
-310514
-434722
-277807
-473156
-234061
-554504
-89599
-516164
15884
-523480
123692
-546730
134697
-504052
319846
-429083
316434
-312322
424086
-238726
420734
-200202
499994
-140014
447134
-77488
471460
60393
518217
69411
382323
212935
299012
253210
175050
404119
218067
427337
130845
523070
56914
480871
-56189
509566
-100355
435044
-183163
407718
-237886
422765
-356520
353451
-356306
242236
-424034
155511
-459568
134489
-402685
42330
-414752
-70491
-383364
-132834
-369873
-247484
-286896
-264196
-190802
-300375
-202187
-376432
-73649
-415883
-30325
-397701
13742
-394122
86709
-322784
177549
-297065
222842
-217687
337496
-197953
330012
-173912
392444
-81913
382369
-70576
335926
37372
381304
140452
236567
183070
264956
238420
206873
267235
215780
320004
113515
299360
-18700
299730
-46662
332399
-43692
254538
-190395
307813
-188543
254191
-236064
146015
-228798
115973
-274283
111401
-245319
7628
-308403
-66601
-294192
-67498
-268901
-174255
-211463
-189132
-224261
-196864
-113762
-242109
-57533
-265521
-30858
-247356
128917
-280094
118283
-176548
169090
-237611
212583
-238914
271649
-105213
278210
-114441
282160
-23165
295563
19662
299740
56332
299239
157349
234985
170998
208087
209183
146580
221022
63053
288271
2934
268108
-28122
321446
-31977
235474
-107840
251539
-200750
224702
-173971
180186
-230318
107074
-258777
3629
-216144
-26842
-274060
-58804
-211506
-77686
-289869
-129315
-193163
-168204
-119931
-187828
-40772
-189526
-37608
-286809
-22802
-299607
25506
-280545
101493
-247996
186601
-252991
151530
-196037
214293
-227579
211831
-158784
240372
-39875
289401
44330
334568
71136
269274
83714
249715
88001
216344
165102
142906
183839
157430
265224
167411
325850
64514
350081
-3044
262230
5559
271098
-148045
247324
-111126
178849
-232797
247117
-207914
146275
-223116
112677
-274958
13465
-228666
-97127
-240121
-121871
-201471
-110024
-225716
-205519
-190722
-277631
-122644
-239544
-31593
-262240
-30934
-307705
-27355
-261603
55310
-305971
66763
-269242
244969
-203059
268510
-230827
183829
-135966
314704
-28523
264188
52507
239828
26535
315079
86697
217046
107439
227496
119674
109436
186722
146377
256815
57013
279705
34172
288757
14064
309346
-91458
314176
-116550
292681
-109231
261573
-227191
185788
-186179
124245
-259796
148083
-326578
166543
-373108
14353
-268706
-8441
-338677
-59710
-259820
-186810
-231613
-217609
-199341
-288071
-150025
-256944
-140721
-284893
-38779
-303851
-25440
-304377
84462
-278171
157896
-341073
224849
-246974
203810
-193355
228058
-171800
345330
-169285
301659
-100549
247198
-53534
319574
22701
271499
113941
260492
133042
221183
204679
170047
245021
173137
288264
146089
359261
13448
345828
-70442
277064
-25174
247814
-190666
220121
-228224
300262
-195383
244324
-291025
146526
-209310
146995
-267654
69841
-273538
34859
-230408
-35281
-234325
-37182
-164548
-170478
-184124
-118609
-172189
-214499
-238754
-212330
-17181
-280935
-57729
-171037
-17055
-254862
73797
-242854
153366
-249869
134975
-193698
222953
-183990
222629
-198629
234732
-94099
219839
-75100
266130
-37180
289457
-9399
228440
91002
223725
140189
208205
147467
131960
190977
148210
244153
169719
172965
86735
268899
2457
300593
-40323
227242
-47514
196048
-129923
221345
-223457
140784
-218037
149677
-195732
89263
-272093
100059
-236303
2727
-235133
-15567
-257138
-37769
-196186
-104478
-229939
-124483
-166893
-173317
-136968
-146857
-100396
-236988
-16165
-231417
-35107
-255298
6847
-208743
114898
-243827
122676
-271093
84473
-211662
163072
-142248
174717
-86890
166559
-81544
205351
-66550
168511
38985
192581
59372
140914
106407
152988
114153
126187
93222
107806
161946
84433
180229
31351
147045
33962
141932
51702
214287
18028
187307
-104260
210384
-110101
188673
-133495
147638
-165394
117902
-165867
85500
-118202
69682
-123802
-9640
-140364
-56420
-163024
-42315
-111493
-78710
-172648
-150148
-133464
-138468
-79144
-100426
-149625
-139766
-42368
-140463
-7174
-191574
2664
-191763
-11624
-125526
40626
-111029
55937
-102799
70854
-65868
127280
-39297
162273
-19939
179639
-9391
181287
47021
190900
44940
123910
21965
165622
110589
126306
133006
97696
121895
83988
133268
111973
75556
4754
163739
39932
82162
29216
153009
11041
174368
-40633
172035
-93261
112854
-35917
79914
-94366
71010
-80029
57238
-84423
5026
-72016
-33677
-83248
41107
-126576
-73864
-151952
-38584
-91401
-94736
-136452
-108505
-48964
-89415
-77172
-116497
-7033
-76697
4193
-111776
8954
-139516
37276
-44061
13982
-62386
55614
-161765
55079
-112741
57905
4382
82147
-67360
107409
16294
120298
19829
131716
37967
79576
1270
65360
104058
80728
90786
56407
113432
128396
97767
68233
133172
39101
82965
57568
91491
-18744
152991
-40965
56364
-74770
63948
17443
93210
-64926
61188
-79989
17315
-69611
68982
-94512
14293
-149653
-3263
-146788
-40928
-52981
-12334
-32846
-24804
-91180
-3111
-50619
-103007
21799
-84274
-25757
-60479
-33855
-89246
-18778
-26351
56290
-16577
62861
-67596
-34006
-2258
41108
-45897
88898
-15857
84311
-17755
73500
71118
119829
45230
75134
11145
104885
-12806
93952
12596
85543
3826
65981
97123
44841
32936
-4513
63744
5898
59198
16129
94302
-95909
92206
-15227
63484
29789
80065
-18765
65588
-13496
13362
-23372
6799
-43634
6596
-67481
86440
-54375
-29160
-27604
92456
8088
-24642
-88178
-56151
29156
-106294
-27324
-92488
-41273
-71294
42296
-136751
-53063
-18804
-1964
32450
13844
-86144
25722
-40389
78503
-20857
111563
7196
82958
9550
81327
-26140
83121
-23230
20622
-11049
68916
-317
51908
-51456
50616
21446
5858
82652
-41759
87806
46283
69654
67441
59909
-28002
82165
-15654
62753
-37265
73696
-21997
43454
-51481
127251
-56750
-10612
-36261
23543
-29975
-63394
-53524
-108579
-20704
-82278
-4593
-58919
-1034
-44763
-21901
-129836
-21055
-71855
64153
-4827
-5423
-69692
-13828
-40420
11813
-55229
25033
-55941
40606
-18112
14534
-37062
1062
54572
69416
32455
59312
80062
103080
58813
32048
40974
-42834
51824
-11512
66683
-32046
54637
-15090
146285
-44725
53030
-66838
60223
-31634
90226
-70985
-16954
-81785
152630
-87534
-18061
-196272
-24933
-111167
-15730
-142513
-28210
-70249
-93693
-110714
-82505
-92287
-91895
-55064
-105241
-52404
-82435
-18060
-67220
