#SpinCore Technologies, Inc.
#SF in MHz
#SW in Hz

[HEADER]
@CLASS=	RADIOPROCESSOR
@FIRMWARE= 3087
@SPINAPI= 20130917_x86_64
@POINTS= 900
@SF= 0.000000
@SW= 30000.000000

[DATA]
9111447
-6606891
12071138
-6006310
13178369
-3625885
13643696
-1151190
13654635
1423131
13185853
3954107
12309945
6401354
10876056
8530918
9169781
10359832
7029948
11818441
4771471
12864402
2298651
13472971
-183828
13647062
-2699555
13310553
-5067666
12586817
-7288517
11421290
-9172640
9871738
-10748762
7946342
-12025060
5821404
-12786167
3466161
-13148847
1053316
-13027073
-1336021
-12582091
-3743720
-11646581
-5923114
-10263732
-7896015
-8576063
-9586426
-6642114
-10931454
-4498369
-11881134
-2187914
-12354553
106166
-12538150
2300608
-12162449
4499607
-11553884
6559853
-10432492
8178370
-8993394
9630254
-7282813
10788555
-5318937
11475799
-3212087
11767718
-1069781
11662493
1083145
11209454
3158540
10381076
5140701
9111139
6900348
7709949
8387450
5993594
9478723
4095060
10351352
2115327
10897881
124416
10945374
-1881366
10666710
-3784524
10046069
-5518488
9077123
-7017336
7849859
-8256402
6320440
-9172415
4657726
-9771527
2881174
-10078910
1012383
-9972463
-771119
-9601500
-2520517
-8870675
-4280627
-7810346
-5736251
-6643956
-6993698
-5109842
-8003399
-3551730
-8657912
-1875090
-9164026
-149069
-9206179
1505756
-8935122
3133831
-8424031
4514865
-7634679
5707763
-6607512
6816269
-5362974
7586173
-3982523
8158689
-2546253
8349799
-985771
8353297
533782
7975831
2011218
7388158
3473135
6489397
4646107
5493820
5701699
4261549
6544066
2961608
7105880
1640851
7371409
181759
7479911
-1149963
7327676
-2475501
6893946
-3691214
6255753
-4699894
5455260
-5565838
4400698
-6133816
3249601
-6621334
2062536
-6729572
717473
-6677181
-485873
-6426965
-1659102
-5912226
-2772696
-5201484
-3781129
-4349340
-4622971
-3398109
-5255577
-2288653
-5741381
-1244319
-5978591
-91341
-6027351
995161
-5949805
2023345
-5477437
2955050
-4990159
3811349
-4322224
4453600
-3513453
4935730
-2555380
5270375
-1578011
5407963
-564854
5334770
429160
5138881
1362099
4632333
2211213
4177736
3035447
3446837
3742519
2660303
4207021
1816479
4570334
990115
4780485
48271
4693435
-816236
4576664
-1605171
4403879
-2377745
3917870
-3034216
3340116
-3447123
2698911
-3936661
1993309
-4103575
1266654
-4238824
439927
-4120795
-394354
-3968062
-1115122
-3605797
-1878292
-3170991
-2377304
-2661789
-2971283
-2109383
-3275568
-1387356
-3586240
-750798
-3646497
-41133
-3736524
701099
-3569389
1362001
-3307860
1893020
-2994616
2342086
-2571686
2726689
-2006012
2976167
-1484307
3207949
-881512
3243066
-299917
3199086
294938
3042089
831313
2764890
1378138
2420594
1899735
2019765
2208889
1546955
2516820
990916
2696043
402451
2782887
-27826
2807946
-526674
2691992
-989435
2531238
-1454841
2289715
-1743912
1895254
-2093209
1598934
-2265574
1064620
-2359842
712801
-2458718
180609
-2393231
-216215
-2252503
-666040
-2106344
-1033186
-1799902
-1316686
-1508834
-1662069
-1112396
-1902199
-782055
-1953880
-363172
-2077806
7329
-2082309
348178
-1903707
681460
-1872489
1057593
-1637775
1216547
-1352800
1399549
-1109384
1624601
-787869
1665590
-503953
1741224
-163211
1690462
161981
1628785
409824
1486268
793053
1317400
977943
1093328
1174913
814073
1302493
572138
1317483
337758
1413042
46547
1363644
-256519
1364919
-471823
1259223
-714144
1168111
-876164
1033476
-1042469
813852
-1065797
576154
-1096079
321771
-1174363
121129
-1068240
-161185
-1018275
-278413
-971590
-470498
-854520
-618882
-718310
-727229
-537739
-824814
-341444
-934029
-167605
-930243
40861
-936335
173635
-914487
335198
-765931
431954
-653073
555395
-579555
626699
-491563
660326
-364448
698154
-226759
717085
5511
705426
157106
657841
256867
643085
373782
474740
441421
435361
543885
268749
595985
124271
593856
35544
591499
-92619
597441
-175877
578851
-278537
476653
-368874
480424
-412366
344690
-442986
269415
-498141
184952
-449435
83407
-432028
-4127
-444333
-82237
-410004
-183914
-310294
-255189
-279481
-284907
-201278
-390441
-100079
-400778
-94244
-352796
71559
-436583
120707
-365638
193400
-254884
284528
-237724
298978
-212714
311802
-165206
302315
-85733
340899
-9447
279777
52733
258923
173064
297361
191903
139391
167530
171426
200407
152646
259408
65115
235880
-27842
300800
-12018
229735
-99761
171896
-177253
176536
-147188
167203
-257937
36492
-219926
112858
-258248
-51948
-221868
-1706
-252873
-38962
-188057
-172568
-217331
-68347
-123104
-213381
-128779
-231126
-94243
-253967
23877
-231254
83813
-222310
135961
-134276
188494
-177637
136325
-168466
218328
-163362
263130
-74785
215515
-28854
260302
-30512
246460
55743
219806
65061
223715
139226
136287
279712
131558
289892
61595
221566
24331
280863
8073
291762
-22972
209588
-103830
208077
-191415
264984
-199758
242126
-166231
80510
-237085
13488
-310771
29498
-242129
-12816
-210257
-52822
-243655
-63519
-235367
-135473
-203927
-224224
-157434
-250395
-72219
-230147
-115330
-276598
-27493
-286389
41962
-246294
55109
-279450
179977
-211375
196796
-275907
270000
-216649
293010
-154294
317388
-43116
327203
-32671
340045
11344
453847
88987
331874
163458
350181
131318
287187
233996
220384
317876
172516
294731
123797
349161
-8305
345875
10669
358443
-64505
337814
-140866
325182
-251706
269726
-261526
173928
-328077
195049
-323261
216196
-394456
-5853
-412151
49662
-415596
-51611
-401274
-100406
-365501
-203519
-345683
-232050
-259844
-382747
-207855
-417947
-125880
-433098
-7260
-449422
20625
-418994
126141
-462425
177763
-389752
250600
-440395
336886
-328504
338694
-290796
437918
-177266
462917
-131734
465369
-19019
441498
93882
465174
119518
443061
212760
429860
273704
389899
361862
322719
448220
195585
480199
99144
565728
45381
531852
-72741
488391
-122480
474816
-237282
461904
-347474
389675
-324817
360799
-517106
249884
-495019
174743
-527359
118156
-561218
60364
-559320
-109184
-493651
-174771
-459850
-304276
-399343
-352021
-372454
-474136
-255161
-524863
-126046
-582295
-39532
-553777
69691
-626406
205564
-671598
254224
-593010
368365
-522638
445602
-382787
510947
-323640
564800
-244487
560214
-108650
629763
-34806
589906
127677
541419
185916
588425
337343
437775
441799
366483
496566
301254
518653
234041
593502
71525
557284
-70864
664705
-143273
671118
-274386
590447
-319392
559930
-428149
394457
-514370
372675
-567190
308446
-589577
212789
-631433
81096
-697219
-24584
-661777
-151048
-503490
-333787
-507809
-430367
-440026
-473375
-371012
-548248
-285479
-669863
-109220
-654219
-34145
-641004
46318
-628750
206480
-594525
275559
-589327
427585
-480324
475461
-385692
588269
-328947
605325
-202088
670472
-84248
687242
-17923
686108
145380
600060
277429
581841
413342
479977
430319
325443
571118
313477
676316
170799
710008
35975
610882
-56444
646522
-205047
664588
-319550
604611
-458075
507405
-475849
468648
-602870
290591
-558284
229925
-590600
134897
-632538
-41619
-719397
-119426
-620289
-196301
-487272
-383857
-454757
-408713
-347515
-493827
-291355
-617704
-219637
-596589
-56212
-553390
132204
-629237
155582
-515512
306392
-602369
392363
-519207
518845
-369008
532016
-225700
595074
-170390
546896
-24145
598259
11765
604024
198051
578476
245609
538507
339779
431487
457835
271810
545376
264147
541679
69826
596301
39447
613280
-103286
533850
-175010
570788
-317231
539893
-367115
488414
-432061
333649
-514364
227238
-541507
179099
-537306
35220
-537150
-39212
-528901
-197517
-510671
-185065
-451350
-316903
-310947
-344081
-376939
-493418
-230571
-472504
-85920
-493236
64956
-482520
99645
-507925
130549
-461290
326901
-362251
373385
-346732
394443
-273400
434299
-147270
419719
-74556
550086
-27495
499190
62993
412660
176431
411639
175807
355792
341146
273523
396335
241262
385692
183954
502407
44285
467959
-58021
472480
-148632
389454
-198419
351689
-285311
351238
-337677
288480
-403452
231744
-402322
131199
-461468
64170
-415754
-53931
-395971
-149471
-342174
-184604
-335420
-253811
-217234
-342235
-214479
-340641
-173839
-400040
-106166
-393674
46689
-417193
82537
-382667
100146
-403317
261503
-319648
236443
-273485
301005
-206057
281404
-163697
348398
-22012
381509
7359
361879
130031
346702
131723
271968
167426
236869
248063
186650
247825
89866
338773
58043
344476
27769
351566
48376
278675
-97228
302248
-164372
285326
-185068
291847
-244165
141130
-304790
152192
-360424
65551
-325950
25738
-304503
-71660
-241968
-73781
-235132
-208258
-210497
-202019
-228518
-268331
-82347
-267815
-72718
-315327
-59034
-257283
73261
-357605
96295
-262028
175297
-187797
197406
-203514
256840
-98379
226750
-90883
264907
-67734
277445
55154
301926
133566
252435
204573
206101
227964
193064
293565
133771
261506
111900
309500
49856
247502
1538
235032
-79106
240590
-95484
185136
-107865
242462
-163416
186109
-157654
143663
-185756
62151
-207484
-25993
-266191
-21463
-234751
-79551
-157857
-135464
-197280
-168291
-179954
-224516
-114644
-279133
-10191
-258394
16432
-229250
82860
-187596
173575
-231756
144990
-214566
160428
-166027
192309
-163660
196276
-83078
219986
-123653
261850
57975
258025
44074
275119
141385
224555
197275
195213
220623
138087
231457
55055
227324
-1251
248218
-63990
222563
-68799
330204
-158044
260016
-141549
191361
-196363
222895
-173398
137464
-299633
80640
-275646
40552
-265655
-92321
-241972
-26642
-194576
-123595
-242878
-201605
-213478
-229078
-141823
-222374
-111749
-271926
-50202
-333498
78035
-294226
114136
-313883
155102
-304816
177473
-244047
185242
-222636
209981
-155236
282850
-112073
271578
-53516
310241
3444
274441
85391
285026
146276
219745
191509
259470
206834
100542
243468
151288
276197
111303
337004
33736
282994
-83007
303163
-192635
273866
-142151
260321
-234414
298113
-226796
189289
-262279
205481
-289693
170157
-294967
19703
-305179
-67929
-278602
-84000
-291955
-148883
-270596
-194972
-140843
-197393
-185919
-263447
-75916
-323934
-92816
-306292
-63597
-302249
35862
-350046
138758
-289682
152805
-254218
226155
-269464
259097
-175496
240867
-158285
269899
-52128
292925
-24477
295367
66160
243491
94207
198350
227359
259043
174549
178727
269943
170714
299389
97499
330176
14912
308841
-12912
227511
-9371
283006
-99563
295763
-111814
211204
-212840
170090
-246094
170878
-243414
139504
-275315
37001
-318583
59742
-231162
-88237
-270825
-128546
-266783
-125281
-236238
-143735
-166295
-191909
-151170
-201175
-96623
-321848
-77648
-318669
23648
-307263
22410
-239214
104995
-197433
179667
-257496
213331
-213303
169429
-183854
206986
-126478
236818
-18965
263915
58227
273328
73645
252152
117366
212835
147048
201121
198523
153089
213927
117973
207080
82328
198263
112705
248842
-254
219440
-72223
256759
-40993
275582
-94406
206167
-191921
195762
-242661
149954
-226096
113937
-276687
-7911
-231812
105707
-234102
31948
-238547
-11487
-258383
-78158
-95756
-107089
-177343
-163812
-114989
-166004
-28046
-171359
-77856
-148565
-24835
-268548
39821
-199613
25027
-183617
152285
-179893
174641
-183521
154642
-162423
131856
-146992
193595
-8078
303772
-82742
202451
-27642
230217
-6304
258165
-6030
201646
150736
218885
109321
138133
83608
133472
165996
113661
222790
68344
143024
-39226
150557
-35078
232848
-95909
201143
-135777
163554
-132029
82622
-152523
146238
-100723
38984
-92262
20766
-187527
-17660
-200529
-20902
-82776
-8933
-119135
-38901
-150730
-14605
-126596
-145245
-140201
-89974
-97776
-51823
-84613
-115398
-1644
-138977
-4450
-132155
-1675
-83827
27069
-91332
91703
-82403
82089
-131736
117183
-35961
145988
-83744
144858
-7440
107609
-8466
177777
83118
172373
17203
69171
61003
122729
129629
108424
136537
117640
81377
82705
113621
51968
93015
28482
105876
-44743
140487
28454
144911
-106824
135495
-166792
142190
-122954
42891
-61959
51728
-160717
52417
-113452
16567
-145425
5693
-99894
-78360
-115169
8620
-151822
-89533
-116112
-92906
-90449
-100872
3865
-139507
-53665
-149149
-16029
-87384
6565
-78500
43248
-116981
-8957
-145816
7871
-103420
10217
-99638
60977
-122128
134121
-67918
118513
-65997
132072
-41498
150205
21357
110813
63500
98137
96673
150093
18474
83982
44534
95957
89143
881
10494
112172
48476
30313
83733
-82008
67256
-958
82961
-35597
32919
-30923
102580
-38497
69384
-163951
105309
-98334
53724
-134088
-16314
-173229
-44153
-114631
98478
-101171
32284
-62730
-8138
-74303
-57143
-81146
-156608
13352
-70409
-29366
-48427
34304
-108025
44026
-87739
17233
-21249
23484
-26046
-33569
-82835
66164
386
120098
17870
93523
-65138
43367
-27974
83328
-2274
58210
-15653
28628
5088
33401
-7583
-5193
40793
74009
82629
-15409
37048
56424
52044
55803
66341
-31872
78766
-13628
53181
54303
77368
-5963
100827
-52708
102863
-37116
91861
-24893
25576
-106105
-1401
-120325
-44117
-142012
-32441
-77118
-894
-88077
-35328
-89129
-40112
-84029
-97547
-70477
-48482
-4437
-50752
15114
-56922
51935
-35008
39269
-30609
35186
38122
51882
-50621
95019
-54393
62081
6691
-8669
8519
49636
-42029
97326
535
27230
-89020
38068
53002
59450
4453
52290
67145
-12880
55935
-25546
43285
-15919
53466
-64570
64869
-141934
52622
-70039
116833
7280
74502
-88501
-10789
-48423
49952
-68022
5488
-54420
71313
-74079
-37343
-38476
-72557
-34780
12010
-18226
-91742
-17943
-48763
9630
22220
-34108
-61361
-30565
-92887
26463
-121553
90730
-94317
49783
18894
56159
-63351
56005
21917
-215
-112944
22213
-40530
34208
-31462
11013
64509
65183
97685
110580
-6937
22438
38213
80151
59353
17594
57476
9228
64188
-43434
-16424
-16001
31911
-37871
88038
-101246
70323
-22090
-38795
-4722
54371
-59497
-17862
-53836
-24555
-88097
-17250
-29689
-44946
-20296
-99743
-22439
-98382
-21576
-110125
43862
-101744
-28226
-109220
14266
-169777
36224
-101792
97623
-121540
