#SpinCore Technologies, Inc.
#SF in MHz
#SW in Hz

[HEADER]
@CLASS=	RADIOPROCESSOR
@FIRMWARE= 3087
@SPINAPI= 20130917_x86_64
@POINTS= 900
@SF= 0.000000
@SW= 30000.000000

[DATA]
8850890
-6441529
11753188
-5784145
12835058
-3477167
13376719
-1001294
13404386
1497850
12911144
3925638
11869977
6231649
10589566
8348948
8874210
10090906
6918018
11561336
4607750
12585000
2240583
13205253
-246602
13289135
-2666523
13073674
-4944913
12264563
-7096170
11098433
-8984258
9519351
-10540468
7711211
-11676998
5677111
-12550208
3318936
-12803061
990066
-12830449
-1328454
-12213238
-3667633
-11308854
-5798548
-10020723
-7724075
-8375425
-9328108
-6448266
-10629478
-4303800
-11609446
-2148077
-12172360
97275
-12268545
2307456
-11960251
4532742
-11277620
6380088
-10257271
8101352
-8731918
9510977
-7119413
10550840
-5181241
11219864
-3202388
11554022
-1070700
11480359
1034841
11036160
3121152
10124938
5032416
8993487
6732227
7529307
8151682
5846201
9377702
3947347
10170235
2040605
10628153
44711
10726050
-1865477
10452614
-3739068
9859324
-5319815
8890500
-6900206
7690329
-8090370
6238343
-9029293
4582652
-9653439
2810256
-9923023
980839
-9838709
-798174
-9423180
-2486430
-8706076
-4177706
-7697908
-5570704
-6440595
-6866708
-5044408
-7854623
-3495736
-8634647
-1793604
-8943408
-191843
-9062571
1490799
-8883138
3040373
-8334705
4423522
-7572342
5653902
-6547229
6695814
-5316803
7493585
-3966700
7908846
-2504013
8191827
-952598
8185036
537368
7787908
1974711
7272597
3387255
6439449
4594550
5403228
5615545
4221048
6409842
2984978
7051914
1610810
7331040
207646
7476170
-1126521
7235878
-2387778
6777073
-3622152
6112340
-4603299
5340813
-5433230
4321092
-6052447
3215396
-6493834
2064149
-6616934
814909
-6600736
-441399
-6270702
-1577483
-5874096
-2678719
-5193249
-3645718
-4386896
-4556189
-3404993
-5187750
-2383520
-5634222
-1274111
-5922369
-218046
-5927060
956448
-5777741
1964828
-5402196
2904173
-4901392
3661652
-4225484
4421282
-3378397
4855514
-2559424
5162623
-1614432
5237690
-668338
5284957
318881
5051435
1243082
4653819
2130390
4149032
2967899
3417330
3601313
2643439
4125020
1811368
4534384
1034045
4638853
128836
4722843
-749862
4597789
-1564104
4303398
-2328228
3830657
-2932163
3360753
-3433978
2759879
-3812569
1960001
-4031306
1212293
-4160312
491291
-4126675
-252441
-3893252
-985664
-3582713
-1754690
-3162664
-2351423
-2705168
-2775670
-2077976
-3218640
-1394864
-3511622
-711693
-3610740
-82565
-3664234
635557
-3565346
1195430
-3350728
1785774
-2999926
2213331
-2584741
2583483
-2064982
2950056
-1505290
3097451
-895503
3206229
-363957
3152240
254151
2986936
868163
2765040
1286345
2435313
1765448
2045995
2186067
1593395
2485798
1060840
2693201
584823
2738209
30758
2776065
-446510
2713394
-943427
2533812
-1362859
2266261
-1703331
2002703
-1975656
1615679
-2215340
1137626
-2314038
719030
-2337118
309786
-2368686
-72591
-2160477
-579222
-2024527
-914296
-1862337
-1334343
-1564476
-1521328
-1204241
-1721685
-830913
-1827391
-426552
-2021117
-92714
-2036403
349221
-1930127
625606
-1789366
904783
-1596982
1181657
-1419814
1405433
-1136219
1627165
-891719
1660644
-540667
1702253
-147259
1607622
81973
1642845
383422
1466929
645858
1248502
864032
1068555
1096562
863211
1229934
531070
1330428
384650
1417481
59164
1468322
-143586
1346334
-402191
1292885
-642955
1154643
-792599
1033678
-934667
813848
-1096675
536407
-1090836
328177
-1070660
195941
-1124074
-56795
-1043704
-261611
-967401
-447416
-850548
-600145
-711414
-711991
-559630
-864722
-439862
-896499
-284952
-964253
-54818
-839164
124046
-898685
298197
-856244
364290
-721099
583651
-596184
629373
-498177
737726
-375990
721630
-190533
694445
-57737
678913
34091
660177
199822
667116
296769
436956
379973
432432
486899
272387
517894
185901
583993
49090
565191
-44780
598650
-162666
484741
-230381
514340
-335912
402995
-322534
349847
-403332
289190
-462707
184632
-495745
131332
-384910
5202
-425559
-91930
-383719
-170698
-260871
-223960
-314118
-244145
-218908
-306688
-161140
-355747
-88991
-370347
2237
-338176
77867
-375056
74597
-335574
214425
-230641
200195
-227986
270689
-212152
273324
-96087
297216
12032
284891
35963
313706
157875
255390
119608
210809
165440
136677
219091
128713
212359
26047
265319
58198
227755
-41298
243966
-51335
266764
-82679
154733
-191404
152267
-195448
128772
-234799
122255
-183308
22654
-198264
-28079
-176878
-80391
-182936
-155983
-119865
-151746
-95684
-231959
-63090
-219301
5071
-222813
-26276
-244218
43309
-187151
159197
-199103
115001
-154652
212009
-140691
193843
-77782
244160
-63634
300610
-83211
281552
-40384
245297
125884
310337
64996
202025
127042
112316
159851
59925
202163
82242
236739
93132
280247
29071
250415
-64009
201579
-41713
296733
-124479
210089
-246301
236777
-202347
144884
-242861
109589
-235952
94393
-331695
-54646
-239179
-75050
-286220
-115330
-266686
-172833
-211307
-144810
-99514
-227936
-138333
-277232
-56233
-365228
-57681
-273863
10912
-307982
59373
-288607
153860
-330984
148894
-249115
251732
-202576
244037
-121756
294767
-74114
367865
-89850
406414
-1049
294594
63782
331528
93236
340681
246257
338287
240987
201136
214623
218913
278277
154421
326490
78189
293176
25219
381694
-59914
318025
-73028
313913
-199214
358313
-266081
272598
-333981
277084
-374170
160900
-340634
131369
-366063
39115
-424348
-31941
-424579
-122944
-387815
-196186
-323856
-259875
-331902
-284494
-244852
-316422
-200336
-386054
-42764
-397900
-14321
-461330
67168
-420544
134549
-474912
237795
-440458
308217
-340926
284899
-320325
321888
-270013
389326
-113218
438527
-133855
419677
-27236
433319
53173
385598
148849
438129
333107
377958
354376
308174
372365
308693
423052
150174
518891
63329
508137
-26998
517795
-126289
526225
-127369
471155
-365882
499004
-403460
480077
-466163
317784
-494076
253496
-504990
195042
-556885
31098
-546815
-92487
-564483
-259420
-456023
-351851
-417917
-442897
-372608
-395604
-290822
-431869
-249715
-569253
-133074
-552411
26068
-665460
38654
-508306
181449
-530244
254644
-483809
415215
-468469
451727
-424368
549780
-274646
579201
-250135
536237
-64648
639222
-8069
533119
106915
502115
264327
495171
309826
473365
423754
401816
510413
166045
612371
148882
633135
35077
659410
-31675
686147
-185283
592349
-319093
570504
-405959
552191
-483611
441514
-525117
329499
-612358
191487
-588547
112506
-696988
88756
-680081
-159324
-616287
-198560
-590880
-345328
-459478
-427038
-470341
-467813
-333978
-561134
-218363
-581792
-106866
-591865
45580
-616040
179786
-610634
234962
-564482
322053
-512520
404614
-501069
540723
-341053
555350
-391077
594400
-217687
575480
-23134
655518
23998
650807
183002
551434
253516
481812
344107
519955
451112
410203
578359
278736
561355
130594
591703
-42207
608482
-194716
560015
-272638
609846
-401231
519493
-407181
499354
-535591
394115
-549022
248234
-584396
191997
-613622
93522
-638888
-61168
-620935
-198839
-588800
-247300
-474226
-379267
-334882
-476741
-326030
-558470
-209814
-607553
-104591
-602703
-72486
-598257
67108
-571270
202472
-593392
286212
-561839
446447
-423302
503869
-357911
519005
-219468
560463
-127332
583086
-86903
673865
76307
588589
196893
516314
358284
443268
360933
377174
480663
256744
485883
175662
515822
52885
544301
-792
561062
-161504
496549
-224954
504964
-275927
465825
-401936
411983
-561517
285135
-435777
163715
-525243
133279
-525861
14926
-550556
-88199
-495717
-225341
-458526
-275384
-378011
-368257
-335002
-443461
-246617
-544522
-145646
-469639
-95490
-508218
28444
-517276
152202
-497077
255189
-511156
341270
-404327
395808
-351968
364773
-281241
446349
-199991
534225
-143750
515765
42126
435381
94062
439228
210141
403807
227611
304768
324177
265332
426881
214312
374741
137885
418920
50488
430328
-48892
496921
-68915
353152
-220059
308448
-350949
308997
-309588
306164
-412976
185357
-412612
124495
-460939
53538
-410964
-83284
-440167
-84906
-377872
-116435
-308929
-272226
-270395
-329147
-241309
-297051
-151028
-369683
-30270
-363815
564
-397759
128156
-290002
195770
-442985
278382
-291439
254303
-283138
391703
-195506
349753
-147549
363963
-39446
332001
-25863
392400
87613
363110
144232
241277
206143
237990
212201
140529
295917
119521
336961
20257
328033
-21510
402439
-69416
239538
-126280
275298
-255951
269696
-239737
121959
-229548
169719
-384730
92005
-261514
39061
-273616
10677
-313456
-82861
-236118
-133818
-171933
-222801
-243076
-214864
-161993
-252719
-68684
-269184
-16491
-249353
82440
-311199
104933
-252878
121307
-184482
121984
-225038
248416
-124131
262297
-86056
261147
-60499
276714
35611
187662
75278
262406
138393
236476
160706
168469
159023
134228
220857
66467
323182
31479
296639
51672
333867
-47370
296124
-81479
208534
-132108
179369
-100139
175681
-254358
158847
-308844
115936
-274390
17386
-262073
35947
-243018
-68081
-224426
-99659
-182454
-192653
-161110
-193173
-139538
-258025
-123855
-251573
-72779
-253951
31875
-312445
11197
-257317
139269
-204003
141836
-205205
227997
-188816
227855
-166347
251598
-68502
257306
-25048
254586
31618
257341
92275
242699
108750
260934
159310
196431
253094
170801
322711
55212
310319
26539
310769
14857
267218
-66233
293318
-156306
246512
-174174
211960
-170563
189328
-230926
142161
-266879
88657
-237173
74696
-217954
-59489
-268870
-112884
-264338
-138621
-199153
-172582
-182016
-169091
-75304
-208075
-76647
-261287
-105246
-308201
53276
-328068
101236
-241499
79056
-274636
197119
-193818
203765
-173626
271080
-120174
245913
-63195
354262
-94179
272878
-14219
253692
-22554
267806
100624
224641
140638
199658
196522
151402
202479
127641
307288
76154
228842
43758
282056
-73326
241689
-99829
278135
-133102
208090
-188256
197283
-205730
192136
-276560
118192
-301682
107479
-264331
-27923
-288204
-15040
-174524
-33659
-227202
-126255
-264690
-151479
-140936
-190182
-91758
-209875
-96885
-322121
-28188
-280661
51805
-257801
68299
-294298
123306
-260750
175453
-201556
140775
-175334
239180
-188308
255105
-135283
243205
-31822
309015
-460
295911
86114
270466
98209
206712
132336
199360
189522
169492
257528
83647
259732
89448
212213
-1091
348081
-33675
213130
-45904
234790
-79080
212526
-142689
228917
-208060
119775
-261450
200140
-303290
98793
-293631
-7253
-259156
32814
-246968
-58014
-332732
-63523
-254837
-147299
-220123
-157169
-125759
-232151
-161595
-259010
-62595
-267982
-42459
-272956
62600
-241268
79457
-222184
92495
-252130
137210
-239007
156369
-194225
149673
-176894
217043
-150640
269525
-133028
256167
-29328
265903
73333
284733
54000
253142
134258
224346
218127
146531
197482
79574
151233
148341
255619
45718
256952
8835
212679
-64201
213288
-71541
205325
-141116
218477
-159609
123348
-190426
168028
-171510
63876
-220799
54024
-196498
-23249
-194272
31067
-229024
-94335
-152543
-165637
-137150
-136785
-110163
-120637
-122762
-221238
-141106
-189564
-74895
-241291
-25777
-254985
38473
-276418
601
-221692
84845
-193459
53159
-137553
110511
-170879
191954
-181858
170842
-64488
172385
-53241
236100
-76745
169457
14672
161217
38591
185322
92891
154151
95198
95455
183452
78640
170935
73146
214317
19552
142353
5155
202021
11044
188683
-24034
83872
-166386
171065
-114383
105803
-160437
101428
-160003
31016
-212557
69919
-140230
47331
-119535
-43264
-108198
-40274
-196473
-25015
-202124
-37590
-94080
-87433
-33401
-109152
-13508
-90175
-39896
-184427
-13762
-122612
15307
-119636
56466
-144077
70938
-177037
79397
-102225
151924
-112763
170840
-112037
141760
-129614
106296
-20795
96762
-53217
101198
-21305
153872
-14401
74000
94819
97634
89616
74620
62874
49236
100598
70958
90453
17962
171401
16063
126128
-3121
114669
-60949
104431
-54649
77824
-114671
120770
-62437
110783
-72690
92779
-67447
62130
-118597
-18728
-132385
653
-89664
-22766
-103741
1946
-167470
-41531
-136936
-57052
-54488
-21149
-108464
-94692
-76112
-125108
-44887
-97480
30029
-77245
-11064
-157656
-47475
-71518
59279
-45879
71660
-114323
68140
-28934
66560
-19833
76506
-21481
121501
18848
125107
-51844
94331
20461
107890
14457
40792
68502
123398
100708
98227
31317
104008
112464
68321
59782
67740
118970
39804
104843
24423
104896
-34063
103516
84691
153897
-68472
63670
-52008
43342
617
56188
-91559
17991
-69331
-1029
-54038
-44997
-53331
26483
-52610
-57907
-98794
-15576
-88574
-79702
6129
-107015
-3675
-11257
25652
-57077
-4804
-13922
59907
-97343
24891
-99354
23536
-77686
22876
-43459
40933
-61700
86487
-62352
69662
-82991
52885
-20451
94169
-20358
123818
14605
-19648
126460
89897
28955
105945
44534
65443
34918
4053
82455
-62597
67550
-17460
91138
17787
116773
-16329
118627
-24565
15127
-12316
97651
-110769
95864
-53405
49530
-43492
-58642
-143502
14619
-154924
21921
-87187
30112
-61218
-8184
-88850
36221
-70106
-8566
-29707
-24746
3223
-19495
-28829
-25312
28514
-119983
-64335
-111404
15024
-70969
25046
-56245
35759
22342
59286
-42100
46007
-35214
33415
-32760
68149
6170
46416
39445
83362
20689
37097
35422
93411
61889
-2706
14840
-19556
84284
2630
71028
25192
63767
13583
21374
27185
21376
-84242
34156
-29084
43403
-72362
14621
-95014
4625
-94973
33682
-77467
-22628
-126388
-58205
-20686
-67529
-37536
-33330
-18777
6761
10840
-75275
-8851
-51492
-24998
-59476
91102
-24886
34276
-122000
82287
-3455
84877
-60074
38091
-38504
91632
-37074
-2697
-33913
49353
24648
47812
36383
57814
93688
43705
83349
50582
48085
4737
-17679
12362
52206
722
63883
44819
56042
-52818
12839
50211
91590
-70660
-27626
13915
48621
-40081
-16949
-13232
-41960
-104910
-68154
-35303
-81208
-117099
4358
-47240
-90908
-72249
-101307
-40309
-114850
-36706
-66787
-61741
-47723
94
-21039
-48834
-88652
