#SpinCore Technologies, Inc.
#SF in MHz
#SW in Hz

[HEADER]
@CLASS=	RADIOPROCESSOR
@FIRMWARE= 3087
@SPINAPI= 20130917_x86_64
@POINTS= 900
@SF= 0.000000
@SW= 30000.000000

[DATA]
9118339
-6650729
12051413
-5968580
13190198
-3704675
13764113
-1177609
13678988
1425394
13280867
3914379
12336216
6241921
10873776
8453261
9230675
10314503
7174371
11779184
4844539
12863276
2389029
13551321
-79150
13668711
-2531094
13387805
-4930137
12580407
-7160829
11449518
-9094445
9905959
-10665126
8086210
-11897388
5880696
-12819049
3656226
-13207988
1173860
-13057953
-1180183
-12587474
-3554679
-11599631
-5836568
-10312312
-7743831
-8742024
-9497490
-6784227
-10823890
-4633921
-11788110
-2460829
-12370115
-150471
-12554608
2211767
-12286352
4364037
-11623136
6327594
-10620266
8066120
-9108732
9566461
-7419170
10722469
-5489904
11427515
-3484748
11777728
-1263239
11648112
872104
11296807
2983027
10444490
4999151
9319758
6679868
7869427
8194591
6160866
9386673
4336018
10315493
2291472
10836059
326049
10952792
-1673580
10700706
-3630034
10162116
-5339522
9235972
-6850311
8027192
-8119375
6461341
-9115438
4943819
-9727691
3184585
-10076726
1234496
-9969609
-621601
-9587749
-2352542
-8950913
-4040205
-7998910
-5471826
-6748482
-6791336
-5397288
-7897413
-3727177
-8642007
-2093075
-9056284
-428396
-9175599
1212025
-8973921
2823776
-8482009
4304538
-7670632
5565728
-6753730
6672452
-5569428
7484450
-4212646
8067799
-2694556
8274772
-1171508
8294441
357332
8044482
1839395
7429111
3221329
6655058
4509221
5618067
5525878
4458453
6348489
3221414
6984882
1815247
7352468
436536
7529941
-954460
7449444
-2264463
7002059
-3416493
6375036
-4458912
5607334
-5479728
4574393
-6061557
3492933
-6483776
2285223
-6734545
993905
-6695553
-271076
-6406314
-1415177
-6000166
-2602807
-5380522
-3610610
-4615948
-4455323
-3592077
-5154982
-2602788
-5644514
-1494470
-5964691
-329292
-5997654
792611
-5913312
1805626
-5569007
2770783
-5107313
3566762
-4423381
4221723
-3673105
4822772
-2797435
5213580
-1794159
5325132
-803932
5359859
222892
5157070
1157664
4810506
2081178
4199260
2875606
3580759
3523029
2831281
4083434
1980358
4442283
1133047
4668420
278589
4693425
-641761
4666149
-1404565
4431254
-2194022
3992760
-2927239
3444818
-3389584
2830821
-3755683
2126892
-4092456
1358620
-4171367
632075
-4141224
-221161
-3954153
-897200
-3702740
-1601372
-3242629
-2292835
-2743517
-2718588
-2177959
-3218689
-1543009
-3490531
-903494
-3627658
-145950
-3699452
477333
-3568556
1136684
-3398630
1775940
-3078449
2183757
-2671632
2577953
-2162498
2963852
-1628181
3143157
-1073200
3281446
-439382
3221469
183579
3057423
696505
2852529
1232239
2474323
1752595
2115172
2128641
1667616
2389663
1163797
2644358
640694
2756973
119806
2755436
-387062
2650715
-823151
2537595
-1256232
2282981
-1645896
1953614
-1946428
1624979
-2183568
1284470
-2350832
822084
-2386527
366193
-2456130
-50817
-2304418
-473264
-2130655
-895561
-1879543
-1229878
-1562465
-1488083
-1302156
-1747363
-881638
-1984797
-457730
-2015555
-99859
-2001929
216373
-1927835
619399
-1890675
898819
-1688085
1162850
-1419617
1414487
-1206035
1560706
-875257
1714193
-611063
1644030
-290146
1693478
-13871
1576514
327987
1502108
632641
1254217
860460
1090223
1001079
906564
1201930
631247
1369850
284441
1352963
184838
1408722
-161403
1380460
-399257
1233756
-654416
1139010
-827140
1025984
-945040
797626
-989253
674886
-1221828
451281
-1075897
282155
-1182969
-37386
-1097998
-243870
-1054409
-391250
-855362
-577965
-726227
-705751
-589479
-812890
-448521
-804523
-187673
-895451
-52844
-895161
121069
-890610
228189
-786860
462120
-744154
575052
-737375
602093
-602549
655429
-432741
771046
-271923
705042
-114578
693333
25150
728318
212114
611347
330384
551603
343473
479704
562891
348843
546159
245154
534685
109265
539590
-27976
548308
-90297
462312
-196777
425131
-244739
487327
-358633
364642
-388288
273073
-492508
182778
-441412
145455
-410179
-9407
-426529
-119575
-400245
-184434
-328194
-246986
-278713
-326843
-219051
-304623
-152936
-369759
-85967
-312461
-32587
-390657
1730
-369426
131629
-321079
206385
-279984
230935
-215893
318469
-119358
297303
-129510
285302
18824
312411
54041
292014
112074
257137
101514
238779
176547
121710
233361
35399
229178
39736
260970
-109792
258947
-100672
248941
-133761
213526
-154298
252411
-209437
158242
-240455
116166
-237580
74021
-261965
-2815
-250192
4886
-119024
-62590
-188719
-119107
-187024
-137190
-128279
-195487
-56688
-157601
-57444
-231715
-11148
-174104
31767
-227175
124746
-186114
74132
-143239
158111
-147499
234519
-170663
202902
-92116
293424
-37900
234747
16689
242704
77669
299499
67954
199542
229035
172186
166858
192933
189390
88553
245454
112471
231408
42794
243392
46893
253294
-60489
286890
-110236
253395
-189484
180868
-248068
216597
-223306
177138
-274751
86967
-229435
-13774
-236844
-71597
-256373
-107071
-250800
-141676
-211848
-196030
-195333
-190585
-136067
-274740
-72480
-301876
-52601
-326456
26357
-284234
39514
-308790
178905
-329386
162416
-247728
302388
-209042
249749
-202428
308288
-133067
314258
-127934
330681
-13054
369317
45404
223980
115085
294354
122902
274765
217320
193685
238792
197402
296820
111522
356337
83494
381089
38704
400787
-35875
384180
-130315
381065
-142109
352931
-241435
313068
-317613
249801
-408609
181743
-402447
123789
-384261
19923
-355024
-22624
-365298
-88829
-366877
-171057
-270213
-278192
-245085
-312077
-278115
-391622
-152422
-412876
-94233
-466310
-16850
-460324
58517
-439715
104896
-529274
168681
-468540
292056
-385805
348533
-312894
461278
-276177
461995
-205662
435624
-72946
532793
34324
462900
113925
448373
183886
386433
281695
353969
340248
305087
401408
209999
457011
146591
542723
49808
480177
-20547
546745
-136536
529893
-258168
472765
-233325
476238
-380131
393897
-441607
243683
-510559
175478
-553279
81262
-580529
-45104
-616405
-122149
-579312
-159724
-485818
-254266
-412988
-352612
-330173
-420101
-332807
-507174
-210340
-494457
-161101
-594148
-40776
-648661
125814
-628521
276157
-598650
310561
-518058
400717
-496550
586128
-357387
540173
-303316
584235
-231484
608755
-23368
623657
19630
581010
107804
565311
277850
551117
390156
438454
464845
360384
526732
337890
606417
115135
611948
-1605
639496
-79451
623360
-189000
549654
-317650
576358
-397395
525339
-463169
372535
-616999
313464
-606597
311158
-683863
127597
-652785
-41365
-647298
-132692
-567503
-177127
-652076
-401531
-469026
-474313
-384808
-553011
-254301
-588338
-240555
-644376
-89845
-672643
-19649
-688408
208159
-629009
244028
-644676
336667
-561956
382615
-450342
595275
-380373
624981
-238782
658876
-186137
676097
-29941
658079
136920
647614
171951
594419
323669
432308
396143
469031
466610
331435
634990
141827
625588
75521
655858
5352
655000
-159596
648289
-240671
611668
-355646
536065
-457604
490205
-478252
344477
-606566
284731
-671275
125710
-615817
55563
-650451
-77718
-685522
-231704
-529389
-248265
-488790
-419108
-386450
-537719
-254024
-549053
-176542
-594074
-164641
-512334
27586
-621658
164973
-568528
275622
-548353
360834
-619605
427230
-479177
515531
-403592
634517
-250563
542286
-183652
648367
-61588
582929
49765
605611
225685
471637
211834
530775
361166
381939
413704
328120
527665
211168
518168
121416
573630
-17305
604990
-121246
588002
-217216
503009
-357873
477618
-393719
351093
-455687
262741
-492026
159946
-535257
59821
-533248
11219
-526458
-105079
-515478
-178272
-492147
-264543
-406540
-343145
-373315
-414419
-238712
-544559
-77532
-472032
-60108
-483151
87018
-467892
145761
-443895
219750
-483105
270277
-386189
360872
-284733
436193
-271950
500942
-122280
526509
-52643
473405
40456
575961
80693
503318
211166
392787
224573
400572
329456
246438
346206
215580
443897
89527
460620
-22981
444545
-66806
428314
-119813
464099
-237741
379426
-334387
342035
-350178
273656
-348527
177112
-408260
173684
-400199
54311
-350758
-35204
-406873
-107788
-370603
-164766
-218054
-222982
-231272
-294668
-222987
-403152
-176960
-374928
-59554
-402120
73313
-441327
125067
-345200
213890
-371713
219202
-303242
285478
-295144
323890
-181445
342441
-112448
336821
-94057
311859
509
310902
73761
311033
149031
245945
232858
226221
268984
143308
303989
98208
285396
18620
252481
-48384
330093
-85383
270004
-84286
289006
-214215
201650
-210999
120356
-265164
95485
-295703
81751
-290300
61870
-281322
-71006
-316070
-86413
-242368
-93050
-226073
-172612
-170241
-196942
-102249
-212315
-105006
-280249
8537
-257883
-47508
-286138
34322
-301128
168975
-209489
199025
-236606
227308
-210342
248332
-197246
262219
-124825
262238
-35654
317576
-20677
244889
135882
221971
166928
186341
237010
149256
258304
13149
187397
22165
302616
-14717
295496
-56217
319685
-115618
217228
-221487
207862
-219141
201497
-250092
153795
-288129
73051
-279061
25430
-280535
-12627
-306661
-118967
-267584
-131362
-188903
-145968
-183732
-219693
-116832
-203216
-81649
-274899
-18213
-288195
39962
-376889
92417
-354698
195174
-293156
187175
-273822
254882
-222626
318383
-100145
351330
-61568
271419
-35909
241941
56684
232995
127707
247422
83982
250370
198844
210559
241935
130493
271445
57997
257931
17625
309056
-28120
322760
-191699
281709
-165559
208996
-204270
136190
-204197
150977
-233418
184134
-181716
95869
-276420
49753
-223551
-87022
-277982
-83154
-182353
-56988
-234515
-161123
-163515
-231975
-92433
-276206
-33327
-188224
-15451
-312030
-32650
-237769
-3212
-314620
36678
-307621
117384
-272420
259959
-234954
283353
-207424
300896
-56366
326427
-35695
307386
56342
247796
116722
296626
148555
194048
203418
103946
199536
148620
240650
111958
225486
10206
313570
-91185
258353
-36975
327270
-99920
260982
-139230
281320
-151334
249459
-244043
148982
-316937
78610
-238721
126868
-248590
22291
-332614
-52396
-329282
-33166
-290172
-117679
-183479
-158534
-184599
-269151
-162394
-286640
-109651
-310059
-68857
-265104
-15327
-258065
87072
-253482
132589
-302319
134089
-239169
183827
-185470
220089
-147538
267010
-144556
308966
-48707
235452
-72361
321758
84561
268609
54089
326221
65421
209505
186487
237044
237826
181864
263035
138030
350733
55100
228970
5036
286598
-30112
268216
-86766
304196
-147136
318284
-233854
301439
-319583
239169
-302362
166838
-233624
119641
-316001
21920
-271122
20278
-264441
-138282
-231827
-90379
-187257
-154757
-119798
-205355
-123281
-212142
-109484
-196068
2715
-203962
-5830
-289374
97619
-287760
127244
-318348
137331
-296490
71337
-230375
281067
-121508
295908
-110534
243620
-37112
273415
6038
271492
13401
197992
27164
200016
143867
207474
199230
183196
184501
158368
161417
123920
247336
61752
255660
-5997
234670
-6398
206282
-70034
280859
-187078
205920
-121014
229994
-188499
168541
-154679
68944
-171101
98048
-231493
50332
-218095
24070
-247662
9275
-219106
-74365
-253896
-64450
-212028
-172987
-165797
-155506
-92960
-224546
-122865
-266623
-61992
-196913
30353
-267461
45568
-216826
134852
-244702
128627
-145706
199623
-78096
119257
-65020
200016
-117995
240459
-13183
187866
-82615
176185
56287
75628
89886
187049
101357
175482
118563
119832
134382
59386
179567
66003
171755
956
183203
-11529
183728
48085
242685
-57208
88036
-74356
137799
-93378
164326
-89354
81957
-173035
42538
-156348
43335
-146378
26417
-250741
37442
-173482
-13704
-238007
-50322
-167245
-92998
-153354
-144688
-81883
-126958
-59655
-87199
-12260
-182319
12635
-191915
-1717
-180986
50642
-164503
131100
-145787
124631
-124599
151156
-97241
121649
-84147
114946
-27238
91348
-29377
177828
-6211
133037
-11001
190479
-18821
114384
90491
128121
56268
106412
135913
80901
89895
53978
141586
38107
118820
25509
100470
-48180
133068
-20682
118298
-19451
140207
-20099
101752
-101848
123357
-32954
123270
-121151
46735
-123124
-32245
-101241
36308
-242039
25504
-152498
354
-66422
-50046
-87742
-27797
-89229
-48162
-84801
-107424
-37775
-42629
-7894
-61963
-25043
-160038
-48614
-93892
63461
-104033
28532
-30384
17920
-58997
142611
-12042
87703
-11339
142957
-42876
132489
3841
42184
5149
91100
143116
75765
65377
50596
125243
125186
20985
14258
71181
47683
128204
58218
131941
3383
141950
-2061
108185
-58567
145541
-70191
58316
-109579
30426
-86830
75993
-73152
104898
-53989
34613
16516
5509
-40678
15608
-57579
33659
-46587
14918
-104635
19695
-97408
4312
-87861
-33639
451
-30172
-44645
21578
-30115
-38513
-12507
-139048
38500
-48952
49992
-50746
44816
-59165
32986
-109277
79402
-61199
93038
-54739
60957
5069
15679
-63286
67281
-44251
124179
1697
60382
7820
87552
38872
119955
55023
61685
64074
75128
51264
24219
76912
63510
89704
-13264
107257
-79215
129024
-5830
35766
1955
85625
-101248
31953
-76883
-7125
-89531
47458
-69116
-6445
-91171
-37665
-104440
-5970
-65941
14556
-40633
55411
-49319
-27017
-21684
-53434
-125733
29484
-93820
-66331
-29701
-140042
53246
-104251
62073
-83623
43638
-23982
58759
-36135
104601
-27807
12978
-40644
24171
-4389
4803
14610
850
28679
120563
17103
58367
42025
81252
68791
35406
47338
115721
75416
-9876
135139
-8036
119470
-38395
79116
-75071
62489
781
87596
-58707
22108
-35424
7266
-79601
33601
-113467
6994
-97547
-24535
-30188
-81545
-84164
-16989
-100072
-6478
-7730
-46812
916
-63057
4475
-27683
-32845
-52083
53720
-44270
41967
-47717
119565
-21354
74935
-20580
-8635
-10025
84217
-25825
-25338
6782
59181
-12735
123900
10386
110856
60065
121898
59570
21839
50974
36770
94266
-12807
124252
2987
55929
2650
80128
17905
144018
-43612
24419
-6121
39440
-59302
30738
28412
4673
-89440
45898
-56523
842
-96819
-41943
-43092
-5419
-107336
19873
-37091
26084
24149
-99031
-77933
-39696
-10444
52061
30960
-80821
21773
-67039
