#SpinCore Technologies, Inc.
#SF in MHz
#SW in Hz

[HEADER]
@CLASS=	RADIOPROCESSOR
@FIRMWARE= 3087
@SPINAPI= 20130917_x86_64
@POINTS= 900
@SF= 0.000000
@SW= 30000.000000

[DATA]
4730080
-3449026
6234729
-3091474
6898355
-1890060
7180783
-646401
7171732
762105
6963545
2003670
6381956
3308986
5672364
4397557
4782290
5373259
3708079
6254602
2567198
6773537
1231089
7108530
-77553
7200407
-1394446
7086106
-2716894
6674849
-3843768
6112740
-4892050
5276245
-5795958
4295080
-6374261
3102803
-6776689
1908776
-6914081
571960
-6941316
-639730
-6727941
-1931924
-6182011
-3110536
-5496123
-4156063
-4655546
-5027291
-3547593
-5812450
-2465149
-6359989
-1236072
-6643156
24880
-6758501
1192877
-6570090
2316434
-6242499
3444197
-5664039
4343228
-4885041
5157597
-3914244
5812029
-2922610
6173325
-1855707
6256300
-765402
6270590
416394
6003442
1512623
5598625
2673025
4921037
3565102
4208938
4373561
3379919
5047872
2310623
5519506
1257629
5818245
172275
5876120
-845787
5798700
-1899093
5500692
-2830273
5022871
-3655078
4300504
-4294953
3544573
-4891125
2750620
-5311605
1750819
-5455813
780507
-5409192
-205671
-5202372
-1275582
-4854556
-2064877
-4324704
-3022449
-3668461
-3639992
-2919446
-4214607
-2054299
-4656354
-1221273
-4883228
-189983
-5005041
587067
-4928658
1517370
-4674965
2336557
-4306309
3046818
-3686819
3626878
-3018877
4025473
-2350744
4382164
-1546629
4501986
-695984
4447326
75884
4340370
924827
4003708
1688061
3613912
2408037
3078962
2973702
2563625
3439163
1753154
3793153
1113786
3979080
325926
4037672
-420849
3962173
-1089203
3755942
-1732203
3498157
-2408215
3098142
-2823459
2495696
-3166506
1937726
-3476192
1306626
-3650833
634644
-3645643
-100801
-3527991
-694203
-3273323
-1321416
-3002567
-1885199
-2567047
-2386161
-2047119
-2723561
-1425829
-3081088
-848493
-3253905
-271265
-3323855
283760
-3217652
881708
-3054643
1369431
-2810708
1862988
-2474243
2263122
-2033001
2597186
-1555981
2784600
-1042982
2906486
-468681
2895150
83358
2823808
596308
2594866
1061841
2251293
1561463
1967953
1849893
1556499
2213198
1155422
2392013
696001
2532934
197616
2545801
-249059
2545097
-692409
2434378
-1109763
2140728
-1424429
1906620
-1863127
1553424
-2052622
1219664
-2094324
834923
-2217633
366796
-2215335
-35927
-2202983
-394767
-2016750
-791262
-1858468
-1192780
-1580163
-1446879
-1204238
-1717032
-895912
-1886073
-568206
-1994330
-183869
-2025126
167616
-1981531
545832
-1840024
908247
-1676309
1166176
-1466915
1438667
-1257119
1518188
-933790
1646627
-614064
1726516
-306850
1724675
63930
1647811
294553
1537968
635018
1357543
893556
1232343
1072909
1015269
1311594
654728
1410075
440969
1442764
176748
1471483
-80068
1502528
-420808
1384032
-674775
1289441
-844241
1136008
-994191
925433
-1159087
743163
-1216159
442882
-1291493
201260
-1338599
-50230
-1306019
-202747
-1159590
-458628
-1038743
-644106
-978306
-793242
-658404
-862178
-561078
-1030981
-318338
-1129304
-93662
-1040548
128891
-1110551
287091
-993288
425272
-890220
540834
-795486
755132
-709522
841272
-560576
896276
-423314
906438
-185067
888234
-30852
904586
172706
827038
324191
750701
437735
622446
492758
571074
657900
340719
734929
231123
754345
42496
784336
-50070
764777
-236663
721606
-235431
695350
-410840
582025
-548141
507395
-503897
340541
-581076
200323
-636687
151195
-709727
20902
-590510
-46540
-573433
-185148
-506370
-229850
-407154
-326848
-311610
-458220
-275019
-479928
-152317
-478157
-58694
-488227
-4458
-466130
146450
-421750
242207
-380983
239825
-380122
360659
-299708
316793
-199588
375651
-126318
441626
-34917
437251
42892
335180
111862
343230
71814
261450
119412
232602
221859
177321
257874
94604
210065
84410
274295
-4544
275776
-35635
253151
-117160
283906
-133501
311213
-187957
223963
-234701
191135
-183682
95708
-221266
73487
-213642
6811
-205067
-23961
-235683
-81409
-183597
-128934
-183355
-198224
-147528
-183493
-153820
-265756
29067
-210746
38112
-146157
-21732
-193229
112321
-168482
142484
-155409
122755
-114592
104190
-29879
148250
-102503
161015
-38273
148928
-19809
111925
19424
103549
76008
98960
98627
67372
64283
80456
136085
34681
155916
-57651
112913
-27091
60405
-25224
65365
-84010
103577
-55753
89372
-150909
101586
-114202
16278
-121365
-1900
-97329
-37311
-100879
-23746
-103360
-64687
-107586
-52496
-47340
-113966
-69953
-123309
-16162
-151430
-16311
-170393
-7169
-173543
16938
-130430
25464
-174743
60345
-108293
93408
-115615
128859
-88040
148689
-27533
145074
-37503
178912
4678
91521
33399
120715
175664
76596
63969
93110
36574
25592
129912
23288
125051
55192
164868
-39300
136005
-59568
69148
-54254
162804
-140358
136494
-161340
144389
-98701
122866
-170978
55612
-150109
11205
-206053
27103
-255077
-74599
-190551
-30917
-120463
-51642
-69365
-106500
-121140
-117333
-55066
-147511
-54243
-104573
10290
-106771
18969
-179229
62015
-134087
34211
-144660
41512
-158920
152864
-61837
139533
-47607
120207
-66718
173291
-33990
182519
60254
239781
42539
162955
115798
174860
126958
130019
102888
102616
104456
69609
146200
31963
162722
221
152755
32538
237787
-87947
243473
-78440
151936
-125450
143954
-97601
135016
-192732
134349
-124996
-8484
-197664
67269
-234301
-90373
-182358
-67491
-131399
-149804
-225264
-105771
-182051
-186006
-182270
-173415
-64096
-261590
-83128
-245873
26464
-158386
-31002
-229159
124180
-303852
105773
-268935
223812
-246679
160340
-218385
181683
-185247
188431
-148484
257090
-54859
237573
-27749
265724
1978
262350
89230
236338
146374
203107
163045
156580
284655
165159
283751
101412
266589
5866
280972
58052
187434
-58796
300550
-144396
278928
-192378
270570
-201197
261397
-226020
175201
-280062
121084
-260979
46357
-347441
2421
-329709
-30828
-283959
-49888
-277089
-116510
-263383
-137705
-256919
-177791
-213444
-307470
-84097
-279121
-47322
-303752
-38658
-294718
19292
-328577
96055
-287530
201941
-287083
208271
-218778
244128
-169570
275742
-73348
289849
-129186
369915
-30977
266451
-17732
340273
17640
304858
145827
292190
200544
152799
145272
156194
231863
159658
288866
131561
328791
69901
338251
18209
337672
-116081
282731
-134511
309182
-278594
273443
-259141
239511
-306967
198583
-334808
163520
-324517
88320
-384169
32026
-340598
-1698
-368216
-129036
-325924
-147079
-282229
-203227
-208695
-248014
-190596
-323562
-126193
-355530
-46719
-365622
-14782
-312299
95661
-390154
168243
-372865
187557
-271351
283610
-291244
290946
-251377
278597
-212740
313730
-152698
362955
-70253
362215
-5311
284722
82753
346489
165560
300730
193763
193683
198834
143025
288895
110440
329786
28188
364563
-53021
315336
-133229
309972
-119542
333746
-261712
284151
-222478
176803
-266045
164764
-356244
121336
-359890
101214
-360853
3687
-360025
-93277
-298939
-98923
-305159
-159009
-278211
-179706
-223725
-213630
-232792
-284817
-114729
-270229
-90128
-330984
6019
-397643
67735
-299446
96809
-316194
131870
-279110
205024
-248562
218139
-105601
249317
-57213
254220
-130824
322826
-75398
294540
18021
271437
95865
246849
168448
238766
216179
218335
258246
146988
260308
38230
242917
78630
272834
-68799
263079
-76003
324584
-85102
206411
-197518
266142
-188693
158022
-250666
153474
-289559
97309
-301080
72079
-211289
57
-241055
14674
-273642
-55381
-249124
-212930
-200249
-112391
-156559
-171087
-170253
-204676
-94352
-249924
3782
-271036
-75280
-333266
109944
-255992
108636
-277196
142833
-232356
178204
-147535
273583
-149983
173542
-99496
263667
-51797
223558
-16525
286346
31618
260377
88361
174045
137171
274204
163149
75581
232943
84621
261258
28510
250008
-77147
242413
-42227
235152
-118824
200738
-89246
211381
-125804
155248
-183461
78811
-220607
101032
-210685
100695
-236195
36498
-213955
-15422
-177842
-96817
-186114
-105015
-148717
-98401
-82633
-90890
-84128
-130107
-57460
-100827
-88512
-139166
20727
-199319
-37210
-175824
81362
-170319
94236
-139513
139558
-118700
72901
-88016
222305
-76844
157540
30223
152888
15091
139626
67164
144343
59103
149935
66928
160136
148686
104413
118413
42006
188270
30442
122235
-9613
215827
-55430
250806
-103940
168288
-82763
139294
-46825
122331
-108408
92928
-180527
64968
-94917
-17728
-145818
-39834
-161744
-12301
-202418
-41387
-163325
-136029
-114512
-165309
-55777
-172380
-97724
-183436
230
-168631
51087
-134424
-852
-110429
78824
-86574
113258
-122963
55693
-86874
103162
-85914
35124
-29922
141202
-19527
118359
13692
99596
93175
120780
34614
92404
31843
100459
137535
61281
105068
29414
156833
-35682
142448
-37046
110630
-89418
162461
-90047
143713
-93997
111799
-183436
50331
-129983
122772
-172264
42685
-155367
-58014
-147182
-14255
-101022
-34937
-125365
-62384
-150474
-143193
-56937
-86967
-67671
-165734
-46711
-91753
-32916
-202684
69309
-96517
43207
-108771
87981
-67534
81439
-108076
102120
-121595
104149
-73859
143627
-82893
132257
5989
121423
-1386
151309
50240
-34828
116780
86581
105609
-11061
164082
30408
182676
-17237
217524
16774
158429
-70984
146153
-117389
114186
-140763
102768
-174112
146027
-48122
66608
-117304
108670
-207883
2194
-164818
-32473
-140165
-66175
-95913
-121042
-105369
-115987
-65785
-207788
-10073
-153526
-4725
-173071
-45218
-172987
11012
-197195
119269
-135552
78238
-163368
109586
-144162
98341
-90738
144086
-146504
84566
-122332
161443
-26094
197951
-4985
200525
5044
124860
52490
81561
38882
180616
54186
150737
84918
172595
118474
112650
151704
68920
163480
8023
141316
7737
175617
-131725
193693
-121846
69404
-91724
144424
-111098
97833
-115797
64960
-140726
-9651
-136879
15174
-114030
21955
-146347
-37977
-180876
-135172
-173154
-98146
-100626
-106671
-80288
-166954
-54224
-125702
-52331
-108373
-71923
-181923
40834
-187504
39220
-159846
177935
-170551
110011
-44973
202462
-42726
89354
-69085
141016
-27083
128240
18596
188955
26951
136621
30260
113438
132699
88867
87257
111712
173161
48960
143704
60325
89821
-30808
96260
6543
200329
-72242
235665
-94338
107750
-104074
109305
-106923
80582
-109035
84417
-155936
48241
-141831
-21760
-138837
33223
-132029
-49917
-131575
-40132
-110219
-198620
-72920
-62358
-46761
-73325
-39824
-128340
-55807
-159350
-14218
-120133
-33107
-118013
22593
-116103
51965
-114910
78469
-80662
87840
-105647
107486
-37175
157641
-100463
120485
-29368
157394
29717
99421
6742
114368
8340
33989
2759
106258
85936
63042
84543
53652
144420
-21859
199058
76455
147476
-47038
136772
-12378
132281
-72465
115631
-37491
80150
-119073
66613
-132431
57973
-66583
26557
-165720
-5174
-54668
6136
-116472
-28121
-156287
-35462
-92376
-108487
-39791
-109870
-41641
-75652
-53652
-159045
-7426
-41958
-43152
-178967
25353
-117683
10845
-141857
52968
-140362
7424
-86133
88447
-86276
115079
-52390
95605
-66340
141403
20494
117396
-57722
129437
-439
183202
-86043
124631
22573
116763
38444
110105
36076
94608
79957
92304
114543
63820
196005
22889
124301
-41062
75030
14225
99951
-96896
73836
-4304
141351
-29986
73230
-133152
62330
-51985
37560
-41817
85312
-59547
-13661
-56630
39692
-89669
-42683
-46008
-45598
-19191
-76363
-14457
-34471
-24803
-118236
-74749
-132503
-66580
-54727
-14695
-52822
116478
-123170
28095
-112381
60171
-63830
70916
-47063
33815
-67882
56767
-49231
92913
23537
95391
22845
148243
56389
170244
51640
127672
5286
100449
42536
89231
80942
61540
32308
39924
86983
74856
70464
-6530
79437
-2
82388
22663
93326
48055
29233
11422
81196
27740
56321
-28649
24320
-22773
78621
-62428
55811
-56141
45298
-92292
11901
-25955
-9479
-40651
64169
-82557
84707
-46331
-39563
-57602
-8924
17850
-133715
-13692
-97764
-50316
-26805
48943
-32357
48230
-51163
32790
-68142
-26874
13639
39324
-35509
79808
14427
75665
21737
-11952
-61199
48947
-64777
12863
-3850
62890
51760
37168
9552
34466
90517
9587
80892
-13272
45822
-40341
69814
65182
41938
-39022
33360
2723
92567
31882
93482
-16404
3495
-39254
48644
824
37135
2012
-14080
-35807
60443
-109893
-32302
-31685
5741
-86170
30646
-21407
-28344
-48047
6875
-50190
-1183
-842
7835
-46586
-61997
-53481
-27322
621
-166171
-24015
-99397
23984
-29725
61822
-44479
60996
-114888
52185
-261
-16194
-13441
32996
-30496
68987
-35199
53891
10610
64263
-1833
51358
-475
55772
15080
30769
-25942
35625
-6775
50795
29178
26726
18248
26881
82295
84383
20576
73562
73267
50866
72815
-40888
95
2503
76520
27138
-38834
-35592
34452
-16159
-15237
5697
65364
-19250
13228
246
14778
-95824
33515
-23593
-13994
-75478
66378
-28599
13172
3323
6183
-7296
-9943
-60914
-67907
-11907
53272
-12659
-41828
11358
-56288
12421
15699
22622
-42807
65193
33920
10452
37185
41162
18273
7284
4386
35594
40699
-28285
-4615
-15869
21626
-3730
17037
10985
38254
28926
34382
-24263
29371
436
-4069
-16491
32115
-31672
38107
-45529
63187
-26053
19371
-26798
-38630
-98649
16427
33952
3712
-40529
15588
-12690
91239
-67424
-61394
31912
56992
15633
13889
-36216
-39977
26544
-21715
-32387
16160
50597
18439
50690
-44002
46152
6417
37077
-29487
11620
-12940
19560
10639
6737
31005
-53838
48539
-44220
107715
10244
22119
51962
72269
-8444
44285
10565
45464
47723
-12040
40614
56360
19193
10495
-22888
10189
-6791
37461
-93784
10197
-20623
11346
-106820
-52916
-56827
-16022
-75815
31355
-91248
-49553
-715
-45737
-36393
-17989
-94421
-22493
-35313
-32552
47421
-34408
12279
-75606
