#SpinCore Technologies, Inc.
#SF in MHz
#SW in Hz

[HEADER]
@CLASS=	RADIOPROCESSOR
@FIRMWARE= 3087
@SPINAPI= 20130917_x86_64
@POINTS= 900
@SF= 0.000000
@SW= 30000.000000

[DATA]
9071176
-6653755
12130096
-5920771
13144791
-3702533
13682279
-1191963
13777574
1410097
13291580
3920490
12337308
6277265
10921414
8471747
9186391
10285416
7182011
11797904
4851189
12847200
2351922
13488404
-125532
13673933
-2631294
13351794
-4978637
12582543
-7205453
11443620
-9099415
9909429
-10722678
8038052
-11997735
5853319
-12823380
3625550
-13125526
1203613
-13098035
-1202411
-12511665
-3590072
-11570609
-5854367
-10289338
-7814853
-8641237
-9433694
-6724035
-10799245
-4604310
-11703190
-2386431
-12425575
-69547
-12551858
2220784
-12195053
4388880
-11528724
6445543
-10449323
8117839
-9079082
9542033
-7421136
10681438
-5527686
11322575
-3376684
11708183
-1234203
11717061
900776
11239258
2998535
10368875
5008020
9265396
6718041
7785010
8239803
6075180
9423402
4243816
10321468
2264003
10777532
227493
10885665
-1727632
10657404
-3645466
10026514
-5334702
9190958
-6884776
7977188
-8122389
6484645
-9084513
4912548
-9781495
3135487
-10023102
1214293
-9994763
-584845
-9579759
-2401573
-8891728
-4133237
-7903881
-5611133
-6659586
-6898993
-5311222
-7892273
-3663818
-8641293
-2039208
-9023670
-367406
-9150514
1332713
-9008519
2932934
-8494212
4360535
-7727137
5702120
-6784426
6664356
-5530470
7480729
-4173788
8016852
-2731242
8347260
-1122925
8266507
414407
7914057
1886246
7451970
3234730
6542106
4487038
5601727
5594092
4361580
6484208
3133197
7045424
1754124
7391415
331014
7506748
-1026920
7340384
-2360963
6990124
-3509196
6353975
-4475747
5528194
-5342689
4516941
-5977027
3422870
-6537727
2173127
-6632477
970884
-6687370
-299153
-6404716
-1432739
-5914763
-2587105
-5294874
-3589742
-4466662
-4484716
-3587084
-5130072
-2506676
-5653888
-1493966
-5958414
-388105
-6005254
728372
-5918059
1831367
-5575869
2794389
-5112007
3614083
-4444471
4282335
-3707217
4856759
-2729086
5259447
-1730682
5375260
-760144
5299216
268595
5134311
1192806
4809485
2098677
4239704
2846191
3528499
3618164
2819794
4087001
2028856
4473862
1073778
4731383
201499
4772214
-633033
4626155
-1438127
4381362
-2215560
3976799
-2851532
3393046
-3362302
2911721
-3813210
2068062
-4079890
1421630
-4177063
552835
-4129945
-231837
-3978950
-937510
-3702371
-1686102
-3341550
-2252946
-2805195
-2790534
-2204474
-3201975
-1522999
-3520713
-871873
-3629546
-124546
-3686419
487548
-3592679
1192544
-3431060
1689513
-3119385
2203437
-2702566
2622617
-2240658
2914561
-1641041
3146541
-986514
3250531
-426935
3196590
160827
3029492
791367
2817249
1225742
2527668
1726270
2116377
2122968
1685019
2396948
1217093
2606936
657036
2736792
105565
2809498
-381694
2732287
-893455
2586517
-1348212
2316950
-1635715
2067543
-1920489
1600018
-2178286
1184351
-2335599
757558
-2438067
294419
-2319049
-115066
-2327066
-560396
-2109567
-919770
-1813484
-1223290
-1578878
-1519515
-1227680
-1761602
-845865
-1923536
-508514
-2042711
-142218
-2029941
257588
-1979995
631998
-1906208
920935
-1719544
1208313
-1492738
1396842
-1219798
1516082
-919787
1711946
-569247
1737416
-292799
1676427
72337
1654864
388007
1499725
648464
1331445
931074
1131397
1102592
878883
1256509
519482
1390177
413043
1413780
51817
1386261
-115176
1387731
-383164
1344065
-609548
1151324
-787493
1044017
-1001111
828147
-1086646
591544
-1094307
436940
-1177773
133579
-1155116
-28103
-1050444
-225935
-1020395
-401793
-886322
-615429
-789894
-745933
-542079
-854180
-387681
-868734
-292637
-944217
-100890
-919497
204702
-895217
305868
-794248
456966
-783591
552893
-713391
656539
-524894
679840
-377644
714713
-236365
724487
-55731
682875
69163
643376
180007
549123
326236
497653
469146
422584
487103
191210
475706
227115
554880
119284
550860
22551
547834
-119972
477946
-254562
437451
-299921
447438
-389796
361217
-420397
236793
-487343
144861
-371523
65664
-389669
24517
-456380
-76003
-407817
-184406
-333260
-244106
-307877
-330972
-205969
-336828
-149618
-314930
-97372
-380297
-7852
-400711
101928
-325748
87254
-302482
157456
-272092
258684
-198188
290316
-123158
250814
-148390
273263
-101007
274089
-25091
304566
14067
216288
144940
272187
204245
203397
187247
115769
250298
69434
229221
48751
242918
-15414
270474
-120617
181162
-192843
267400
-165109
127181
-205519
113166
-265883
66025
-209417
9974
-196847
-9630
-261227
-63056
-220106
-100430
-194391
-156504
-179347
-211726
-135249
-176359
-75933
-278959
41130
-239752
25964
-212288
53892
-241245
145138
-239731
123832
-222200
149610
-157165
191292
-108059
280196
-67198
328086
-15345
279998
84955
263024
71008
230401
151234
227401
212178
96732
248454
143356
256859
69233
229580
61384
223832
5577
259719
-53120
223140
-92046
258878
-196841
225273
-259742
176575
-306237
152079
-224717
45334
-273694
101404
-254571
-33012
-289407
-66870
-239256
-138041
-208803
-194835
-212117
-172037
-133486
-264529
-104214
-241137
-16302
-292574
31300
-334677
78549
-322326
95639
-304075
221355
-262958
239425
-293238
208272
-189249
296110
-115486
365222
-96425
371552
84975
413345
27131
357860
120334
289415
167395
289206
191827
203077
267463
173793
284708
120136
323757
87823
414250
-44759
399982
-125671
356847
-186736
353655
-216202
284406
-227787
281090
-336707
283823
-333023
220850
-432079
168881
-366417
21836
-488622
45793
-408825
-149782
-402732
-238716
-412366
-204718
-339238
-293526
-254424
-342876
-136164
-443331
-13007
-450070
30833
-457779
107180
-490321
189335
-433409
205577
-418399
283347
-343895
318249
-342912
394872
-312417
417290
-160958
489574
-95635
468811
61270
480736
86287
480006
193621
482458
276918
422460
383957
349159
477386
167469
519308
149967
468210
61488
539474
-64023
517659
-104336
476816
-249128
515079
-297032
418210
-316429
383904
-479718
377109
-512993
306327
-525153
112729
-593176
35660
-608735
-35353
-582209
-172436
-543321
-258018
-448899
-316146
-409393
-397804
-302487
-469131
-188130
-563392
-161460
-546893
-70936
-591563
78982
-554389
227038
-610215
313358
-573210
377180
-524072
479382
-457626
539889
-350742
647296
-263545
591011
-77043
602854
59167
584208
148826
565661
246630
566996
369634
438574
456139
389012
523730
272997
594436
206224
670815
12208
685670
-124814
591797
-183599
574124
-257219
606521
-339095
534965
-444221
424379
-528570
404301
-641098
264801
-660337
161011
-651810
39919
-624661
-88262
-588854
-105875
-578576
-294945
-591382
-365501
-437635
-489384
-341756
-564400
-159666
-724206
-71056
-673475
34365
-672039
170368
-566106
243629
-629980
430174
-586853
441387
-471660
505862
-390304
623493
-223012
659002
-74087
658672
12900
679086
64802
613519
224320
547829
358583
476146
403795
371650
477337
330597
573624
192088
624077
146401
631370
-62305
610791
-53899
657313
-257427
649682
-340450
544742
-476261
469778
-543013
396438
-495347
361043
-577278
160325
-581591
60776
-666854
-56869
-616346
-140223
-600427
-281779
-491965
-322547
-484121
-430573
-309905
-482438
-251925
-491972
-117318
-695901
-35733
-674272
130703
-639457
251006
-596540
365042
-583755
410683
-427836
471439
-374138
460263
-275513
625182
-142884
583139
-27054
571342
43820
553541
154559
517839
218817
491448
351668
473413
393320
302615
491304
231055
508490
147972
537202
12029
550562
-148569
541566
-281703
484217
-270653
510043
-403792
429865
-522773
328962
-511282
254614
-489876
196896
-521108
23298
-520066
-71686
-492467
-179791
-458529
-305475
-414246
-328626
-402261
-387638
-315802
-447346
-181016
-542026
-48209
-456351
59609
-510785
52156
-547498
246552
-476464
255179
-445624
347457
-347321
461931
-302085
441389
-107156
468150
-102983
467612
33182
493576
129397
428443
161596
399528
306089
315624
364161
266542
415546
275023
429821
115913
452344
41265
478413
-93900
502622
-192515
472157
-141636
469509
-297186
401748
-354491
312764
-383909
256055
-383217
125919
-456163
88737
-415125
-38722
-448665
-101519
-397152
-197126
-312917
-224810
-252781
-304746
-249467
-383672
-92656
-349601
-48221
-430079
20883
-497467
120019
-420951
180177
-369695
272978
-254317
284677
-257268
355595
-184630
354560
-94850
371999
13875
332755
24243
295277
97099
259129
160231
255537
193656
249287
259977
160746
222185
108507
305561
24342
314082
51286
297694
-92
339083
-103747
283938
-199911
194374
-150733
241026
-225836
161105
-275020
114710
-291942
52294
-215588
-34673
-274947
-141316
-200108
-175727
-185271
-189743
-166426
-141436
-173289
-244301
16895
-344476
-103842
-240683
88359
-270828
84295
-304636
183668
-217357
192765
-165439
170859
-182411
205265
-165320
223652
-80329
293981
-42205
281759
85756
262376
53219
160383
161375
202094
140734
138467
252174
148890
194178
8693
315096
40708
229540
-77446
347387
-104722
302440
-206030
219821
-154144
194199
-198267
76715
-204122
55979
-182369
79818
-252441
-53898
-217298
-31609
-211508
-95295
-224479
-159885
-179331
-142373
-206797
-191707
-51951
-345504
-76259
-210805
-8450
-240107
21268
-302077
97347
-315020
158567
-262525
246394
-205506
212581
-163988
267976
-111790
238934
-21322
289287
15528
243799
48231
267062
126414
185913
175309
159465
224740
127225
144633
83683
210019
-10542
283640
-99546
300983
-79004
281840
-109890
266276
-182150
176588
-185213
154382
-262979
133564
-295493
76836
-287381
40437
-230738
34197
-214051
-50535
-197083
-102061
-271889
-154611
-141860
-184119
-115884
-209447
-54332
-294736
-20504
-296890
24460
-250251
20735
-372839
98706
-226067
123962
-272200
204668
-243479
201990
-192127
215962
-109003
308025
-113919
347977
-49254
306630
121489
244009
95238
196381
95816
220255
145714
197380
211189
159499
283036
115275
323347
13646
281052
-56504
260448
-117569
338575
-149342
278815
-197694
252311
-233255
164899
-251723
193958
-237945
68545
-296794
53534
-298852
-8654
-303482
-66808
-260072
-160256
-255743
-76538
-238831
-215197
-216693
-255924
-157336
-289768
-51896
-289789
-17506
-270161
-23398
-314520
120223
-260445
210443
-240191
196403
-202217
246972
-119680
269691
-217641
304324
-83244
332468
-74286
362379
21130
320551
17206
274864
84752
221634
162020
204055
217263
65378
294577
157489
375497
38288
357298
-14090
285470
-34910
329179
-148870
281885
-202801
280138
-223150
290269
-222901
136143
-202683
118176
-278670
20897
-319264
-62775
-259129
-69929
-190425
-79527
-258948
-119715
-180518
-141339
-147835
-136006
-205253
-245171
-71777
-169060
-104475
-276513
-810
-314299
47956
-346266
103286
-301742
132895
-267247
168380
-283503
262112
-288371
231285
-103392
262023
-99002
308633
-16706
293533
-58581
280768
11290
229478
77893
160236
182080
252553
211942
127012
227844
124252
224268
92577
295033
37251
274728
-20023
247069
-99384
270409
-108811
194318
-179727
149319
-236862
117273
-250197
82989
-171008
119369
-227796
53315
-275867
45967
-269103
-15490
-276833
-43142
-248155
-178736
-172327
-118062
-136016
-107167
-142522
-147696
-35544
-203603
-106229
-212581
8979
-150768
27064
-273803
66246
-228383
78037
-216806
155812
-157316
212153
-101535
209297
-142980
233969
-28050
195227
-97247
198186
-40841
129594
43317
128890
122012
111437
83781
124481
165496
52942
184053
120891
194982
95661
236807
-64575
190538
-13180
174946
-83282
128525
-88298
119673
-96914
193735
-75186
145101
-119061
108831
-199044
46946
-142321
55229
-195328
35081
-188175
-47736
-133390
-76682
-115243
-82276
-120601
-98454
-176840
-70631
-92647
-178552
-113036
-148525
-40948
-108668
-25129
-198105
41659
-117546
30444
-123035
52367
-133174
63291
-145445
58883
-117313
108517
-27866
179271
-4507
137734
-34953
122424
-20422
85799
13426
132080
-3929
123785
17391
41807
103169
115580
47293
43752
130729
37574
91648
27907
45329
-82547
142110
2626
103309
-31945
64838
-29221
45020
-114520
46213
-67615
100839
-111697
70563
-56396
44736
-60654
39710
-154061
30542
-124046
2563
-174721
11440
-100266
-57089
-46974
-87868
-78374
-151523
-76862
-83621
-30160
-57874
-24154
-39768
-17289
-62561
26785
-107705
14978
-70801
31219
-86885
113672
-175012
93229
-82014
97827
3725
89996
67876
34396
35475
81331
-56035
-3312
-30367
184778
14117
94344
-9198
45470
53396
149460
120299
32064
62270
83953
72616
44943
119735
12851
26598
25421
82584
-16096
171915
-6497
120037
-110151
25192
-152541
102445
-108685
-24913
-61575
47482
-86449
2979
-103646
-56165
-57840
-7439
-101320
-59141
-39817
-74604
-81797
-46971
-48545
-40641
-2706
-103453
-9088
-109554
73334
-138480
-51333
-40038
40718
-98355
3520
-43751
63447
-91992
45906
1167
3077
-52874
44629
-34927
106231
-49842
34373
42930
29229
28058
62715
54195
30516
47718
-33259
86708
22780
76668
43142
85001
-42522
64308
-21333
88854
-72520
78518
-47672
137526
-50179
48932
-69497
24650
-36016
13281
-8769
41906
-71410
40986
-19367
52658
-64669
-57036
-43258
61463
-44672
55228
-36022
-34899
-21950
1224
31707
-22349
2003
5299
-15468
-52109
78704
-115073
58034
-28639
68082
-42718
-5481
7052
48674
-79675
65269
15129
48290
-58471
70222
12711
95517
-20964
-7568
-10032
89573
100106
26483
-6125
52497
69337
12634
75876
-17982
-7696
14351
16426
5398
30954
-35029
64215
-66069
-49280
-45602
6572
1612
-30066
-78025
22778
-72076
-32198
-46381
-24462
-7539
-12190
43391
1054
-73391
-92900
-6991
-41766
-29701
-52910
-20517
-16460
-48355
-60263
38695
-7640
-18788
-114713
108733
36831
95842
-51164
66836
-43908
81318
-19817
98782
-24857
33085
19200
40216
-22895
68944
-28604
163646
-12275
80125
90458
23878
39932
-58151
89495
2231
43797
-14207
120045
25169
81636
-30665
6613
53609
82882
-43677
34757
-104334
109778
-73013
6292
-47364
-39129
-80221
-24148
-65369
-30779
-53711
-26239
-98096
1174
-70122
-59749
-85098
-59055
-41822
-122073
-8357
-59603
22991
-72085
