#SpinCore Technologies, Inc.
#SF in MHz
#SW in Hz

[HEADER]
@CLASS=	RADIOPROCESSOR
@FIRMWARE= 3087
@SPINAPI= 20130917_x86_64
@POINTS= 900
@SF= 0.000000
@SW= 30000.000000

[DATA]
8244070
-5990718
11042135
-5360330
11972054
-3242329
12540028
-1000491
12579350
1347603
12054549
3589569
11208656
5855756
9917115
7837500
8312326
9484657
6467520
10816104
4301059
11844179
2047005
12336067
-239611
12537997
-2501140
12231468
-4667662
11520162
-6724332
10472681
-8440168
8974251
-9917210
7206037
-11012029
5209900
-11785360
3107001
-12090619
918297
-12003620
-1292812
-11484021
-3488168
-10655184
-5470456
-9397372
-7316812
-7931708
-8781116
-6090357
-10111759
-4111883
-10990937
-1988911
-11449688
112628
-11567485
2246199
-11280489
4234042
-10583063
6103713
-9569152
7648979
-8208468
8965164
-6710952
9900042
-4859820
10534196
-2929444
10874195
-988791
10703919
1103292
10331454
2940781
9581504
4751870
8370272
6363612
7070535
7657200
5393140
8773859
3835616
9551523
1874027
10033853
62260
10089699
-1737474
9834347
-3494264
9267770
-5055951
8429355
-6468248
7229750
-7675330
5872774
-8503489
4325102
-9085838
2699260
-9292659
1002651
-9224755
-685169
-8857416
-2375651
-8194897
-3912339
-7269448
-5256181
-6125790
-6413942
-4753289
-7337618
-3289841
-8055839
-1749314
-8392632
-210330
-8489383
1389049
-8343131
2865128
-7769847
4172482
-7125072
5319486
-6136002
6354555
-5024830
7063540
-3704992
7523579
-2373673
7808932
-910094
7647000
487355
7342406
1921225
6823752
3172642
6077952
4279675
5143608
5265252
3989384
6055856
2863815
6606743
1547200
6928326
211115
6990476
-1035964
6829267
-2252383
6454087
-3310978
5882220
-4310208
5045245
-5099008
4110883
-5694305
3094900
-6035087
1916823
-6245750
792190
-6186463
-421899
-5996584
-1505563
-5498221
-2490702
-4867867
-3455013
-4075823
-4282395
-3213991
-4915261
-2239157
-5275376
-1189264
-5567009
-115072
-5651848
893133
-5470229
1859223
-5221936
2695162
-4674874
3491837
-4053658
4046025
-3341845
4538110
-2433374
4806307
-1470020
5079129
-538138
4897735
327296
4708119
1112690
4315924
1979082
3874188
2740974
3197057
3415238
2500105
3920813
1732825
4233985
915074
4484908
30383
4456278
-684599
4309826
-1536221
4039575
-2139297
3665794
-2736890
3163135
-3215897
2521618
-3519946
1777712
-3825805
1120077
-3929472
417882
-3875223
-276108
-3670373
-953193
-3432730
-1550228
-2988850
-2263899
-2508943
-2625300
-1865924
-3045277
-1238831
-3282839
-643163
-3453871
-96680
-3441183
615088
-3332543
1205820
-3106532
1727312
-2838915
2259538
-2405690
2548528
-1996768
2814604
-1430197
3016457
-835614
3029301
-272678
2977568
238428
2773179
799776
2624734
1300967
2325536
1753673
1953235
2076314
1509171
2313970
1062925
2491067
543861
2621263
37441
2578674
-483976
2526376
-923898
2294431
-1289991
2074391
-1582677
1754729
-1857825
1416251
-2064767
1067250
-2226664
626767
-2235266
241248
-2273169
-182681
-2079596
-592088
-1963041
-904406
-1680253
-1238914
-1401745
-1470814
-1034882
-1667146
-687642
-1837032
-391574
-1887991
-999
-1972496
358783
-1811734
621985
-1742857
901334
-1518357
1181180
-1372010
1432637
-1085139
1499115
-792957
1525279
-519110
1585988
-182453
1552021
124601
1488730
361291
1320364
708355
1125634
885718
936500
1006080
742565
1213380
467037
1247700
341894
1354816
44174
1333757
-264787
1240415
-384363
1140687
-607228
1048831
-748981
896630
-896064
712979
-1004341
520737
-1081403
280077
-1142210
54118
-1091893
-118933
-1021240
-286460
-907335
-464711
-810979
-573094
-671642
-677163
-571144
-775385
-327070
-845557
-176678
-826874
-14859
-901762
161793
-869205
296058
-765506
499223
-696114
522254
-500166
602231
-471006
584263
-301057
743058
-180478
679460
-36870
635631
59488
571473
208916
578325
277225
496248
414215
322203
480374
226951
516136
180177
562626
41414
600123
-28120
451595
-134090
547601
-256025
447265
-328828
457873
-345075
330182
-396160
274618
-390199
116500
-437694
65151
-371572
19351
-404003
-28062
-367805
-160085
-352853
-151473
-294207
-264183
-256654
-284164
-162215
-263991
-52165
-315601
-73549
-263208
161125
-252907
175676
-251311
230878
-217440
234321
-205179
229540
-80320
252279
-40147
317955
-3074
264100
92346
242238
94782
207806
158081
151746
238445
107402
211832
82087
232863
65886
227496
30148
201253
-30277
249810
-53103
187703
-153231
158885
-143995
145301
-177847
103319
-144585
14387
-236096
-8713
-234419
-35956
-203915
-58879
-153918
-133173
-205662
-63229
-43533
-173930
-83201
-152456
-43399
-249592
-13608
-118308
58371
-247812
51127
-133499
110855
-150680
155740
-234958
227840
-85135
209349
-124962
222145
-59440
186302
-12216
268056
23101
203050
81781
181217
193575
164010
188547
81681
217566
96054
213670
23135
271310
-35186
255026
-69805
225325
-167384
234467
-143571
149400
-184495
180152
-269056
117634
-215332
71880
-280131
68759
-239682
35247
-312670
-48636
-229012
-143242
-253355
-216320
-126643
-213131
-229744
-205696
-123924
-251071
-111708
-286031
-11443
-296013
-3489
-261465
62397
-288534
87113
-226353
161669
-225731
268404
-167858
213707
-162933
223762
-123232
246292
-68549
332877
38011
329824
56712
334411
149808
358032
229830
245652
191661
176514
222569
141418
301517
89108
299059
10486
312231
-44441
346255
-117354
281034
-159194
307991
-147745
244372
-289970
272065
-290751
178101
-340287
160818
-384462
47411
-367552
7313
-405448
-87339
-342791
-149454
-292149
-187890
-262164
-225101
-214887
-315037
-184369
-309029
-76716
-371903
-78924
-390171
7049
-279833
127065
-405411
162697
-306332
275646
-232986
286281
-262371
365326
-223352
404411
-197520
462536
-99914
456778
10877
456606
113445
467394
159741
415408
207945
344362
269368
283979
359637
248168
438739
178492
462386
99205
452206
13995
421272
-130676
437996
-159048
493226
-293707
366218
-241770
334201
-349963
243379
-366010
256586
-430524
186751
-507133
14914
-514807
-43596
-508460
-169835
-511323
-200593
-449532
-303406
-373787
-348722
-267462
-436870
-214343
-508114
-148827
-538665
-34332
-568191
71704
-543393
139689
-547542
224176
-460299
330499
-490085
380180
-386953
499198
-294276
524530
-132979
509411
-86455
576246
18558
558571
72903
542857
247215
475294
297989
502751
385871
324059
532834
240243
614673
108046
569642
-6564
618217
-43412
563212
-184434
559029
-226118
531735
-332292
467583
-364970
345952
-487110
317057
-587538
226321
-552472
167207
-665109
47946
-659019
-59497
-600117
-281689
-601205
-360569
-459642
-487444
-416038
-423810
-236587
-562835
-200292
-589290
-145757
-632832
19467
-600694
133142
-633773
241567
-557972
333363
-555666
425210
-411576
449249
-383027
573711
-260784
567394
-128444
562865
-65949
641887
121697
549881
184558
569441
228494
511569
423700
354311
463970
291984
530227
219848
548016
116791
559962
-60812
605181
-115970
586539
-274448
628458
-346986
541552
-475652
412682
-496362
402379
-563221
280264
-596295
232424
-547666
30991
-646561
-73012
-652938
-206663
-558669
-275011
-457059
-379743
-406124
-394704
-330578
-492644
-189166
-547473
-81736
-615253
45711
-647066
111246
-556255
210999
-556311
280695
-494714
407178
-439914
422761
-349135
512639
-319042
545888
-120762
558925
-90014
561003
63355
550584
201044
577325
307575
447312
324109
378698
425804
323791
518707
156074
549035
50615
587013
41779
546593
-80599
515249
-282965
521344
-320627
433133
-360658
330732
-432569
253802
-489624
196322
-531846
137332
-488401
-56706
-492878
-46209
-497088
-158938
-410592
-271591
-404479
-326603
-251817
-400571
-229921
-451662
-165850
-503153
-23445
-547392
61168
-478787
70132
-475134
224470
-500849
333410
-432712
379508
-407652
385012
-291526
387288
-217827
382878
-111676
487150
-23204
391356
94851
390978
185985
360314
299533
313346
325862
212739
412519
240651
380291
79757
395339
7779
403454
-78289
415757
-128912
346758
-202571
316257
-218642
265286
-364888
269146
-402347
147051
-421864
139554
-404645
51896
-409658
-22428
-341662
-74639
-354359
-180640
-309003
-248077
-254164
-283209
-181719
-416915
-52083
-309771
-21052
-414449
-45206
-337827
48754
-261962
111083
-274041
223217
-314383
258291
-190071
286175
-208109
297385
-111890
399820
-50866
355581
41400
323363
32697
325677
122307
273541
150952
144056
258416
200752
332846
84929
287376
-25811
288743
-99692
306171
-23714
279004
-139788
332323
-203501
244319
-235348
206524
-274229
143221
-329126
104935
-257980
48850
-256852
-11444
-248456
-106992
-278485
-143475
-238357
-173326
-129614
-259295
-120555
-260251
-111705
-344064
-69822
-331913
33788
-228027
56480
-200470
143750
-264781
176846
-212289
250034
-148270
271460
-83091
233839
-6596
256426
-49990
275936
285
292171
45269
219443
53251
247939
134312
138280
231389
121386
224904
32540
241242
-12301
163678
-32121
237319
-42906
234767
-182692
144012
-193445
228559
-214801
159723
-251266
36911
-238497
86498
-242063
-74472
-201128
-13195
-163487
-66058
-216268
-131233
-142276
-181511
-54481
-170776
-86288
-223251
-57623
-243362
13032
-235114
67237
-159670
117675
-184488
46436
-245459
182954
-177509
167680
-96346
192096
-87845
195839
23299
255885
89556
287391
34976
214288
109832
201805
155753
116661
130546
36400
209518
58914
237097
-18789
205104
18595
228822
-65928
226076
-168777
232107
-153095
213662
-194575
138326
-219466
157318
-239227
97118
-270952
65004
-286846
-37521
-263373
-108768
-190698
-82863
-229028
-138475
-230461
-211803
-90365
-245054
-119106
-242423
-67902
-217336
-4977
-178126
84626
-216802
91792
-275366
137692
-246072
209902
-122638
167966
-109142
193324
-48488
202132
-39425
246365
27163
283881
58057
237793
81232
277688
132518
134749
138672
110397
204248
101483
229416
-4798
247800
23541
259106
-96422
248203
-103177
214431
-165507
225145
-109689
215243
-263791
139043
-190438
143493
-288938
71705
-285781
16619
-288470
-84338
-262481
-78293
-267639
-109806
-260421
-200470
-181270
-176378
-119564
-193989
-82054
-264264
-12244
-231613
14460
-269830
84225
-256342
58358
-316880
170452
-268226
165512
-266623
226991
-221559
187791
-122921
281637
-97807
250445
-16751
330267
-30197
202445
69650
223983
84322
229576
138803
124687
192679
100019
229503
56334
247127
82920
293060
-11037
303216
-70587
269328
-101571
255189
-175556
197157
-180997
180060
-197912
123423
-237287
100710
-220484
28427
-226959
-59651
-239696
-10143
-224586
-69256
-208107
-98101
-162211
-216593
-137076
-176399
-162383
-226443
-91215
-231076
-57382
-258361
41410
-266377
85501
-215137
103517
-200167
144002
-181373
163728
-145699
216307
-88211
200303
-79862
236343
-93950
249819
-7102
241134
39074
280562
21519
202816
136884
268482
144959
227569
143544
136854
200998
150137
196278
5690
211430
-38625
205915
-48652
205711
-38593
184500
-137043
203923
-109324
94954
-199659
125551
-188686
89618
-268763
16631
-183824
-34301
-179574
32381
-166397
-124801
-161649
-143678
-238247
-108112
-151344
-154718
-143211
-179816
-71937
-194350
-64583
-203533
-50828
-175091
19894
-250145
55433
-150895
127719
-180061
118248
-112608
168060
-129867
170169
-76719
237531
-95776
223363
-43603
195573
-48211
172361
40474
120042
25780
199223
90015
182579
149607
135758
149981
46130
121521
52329
213552
15283
135744
10501
257711
-1795
221193
-75443
156024
-65923
84312
-124769
137957
-203960
13776
-138163
57957
-180511
16638
-182936
-26754
-197555
-97398
-186370
-17974
-85897
-113308
-88097
-103314
-187039
-72309
-146235
-189864
-86962
-54776
-43100
-170939
-47496
-126821
-38592
-137810
6490
-113992
110502
-131359
52302
-103951
134761
-108505
94523
-2339
85608
-14167
117576
29061
164841
-7474
122534
36804
127976
28346
116110
122257
87881
91326
87741
63267
85104
68545
50038
137010
40575
167298
-28464
194163
-10184
107682
-14904
94673
-128606
70035
-50075
133486
-165079
18494
-102368
67354
-112509
100447
-147059
5126
-116421
199
-134222
30032
-136513
22119
-147403
-33565
-61117
-27057
-65606
-88418
-69296
-72788
-7753
-57103
-80114
-96852
-25581
-26380
22474
-73126
51898
-116744
-37119
-47195
36405
-78611
51482
-47628
85150
-73229
89290
8800
73420
-29636
70778
28563
121733
-47059
110684
81407
61816
43591
29510
11243
11961
42155
23459
106293
30647
149870
-29912
77274
12426
110032
32297
78507
-22282
83147
-85250
102101
-94075
82963
-76964
67915
-77449
37845
-98614
100666
-82095
32143
-9882
6894
-54572
-43859
-31638
1378
1755
-4214
-33317
-38875
-50905
-160238
-26639
-13892
46617
-108818
74460
-113214
51056
-76380
27795
-87526
64094
-101214
79672
-77584
95178
-23532
5123
-64128
73459
-82780
112156
18042
52191
-8619
33071
-8104
22494
-45496
18706
30611
13752
37420
-26063
3146
14657
42175
50534
2813
15747
16980
35621
-10535
-18911
97633
-60969
58953
-9722
-475
-31390
64561
11127
18053
-20337
60067
-105775
33365
-16123
9127
-84491
-13118
-62361
33443
11408
-14428
-13569
-89167
-14140
-15994
6074
-50017
-29968
16233
-32764
-51076
30476
-26710
25230
-53260
82255
-50727
11497
-46098
118167
-59388
-5639
3253
29568
-38615
83952
2893
40825
-31631
71188
19464
-18616
16238
5197
40380
38991
-21757
128213
-848
41758
111245
-40906
-36436
-16831
76947
-43870
6568
-59071
12604
-13373
25663
208
14600
-62386
-1454
-47737
-58700
-104721
1657
-26427
-80014
-31778
-31408
-130279
-47704
12936
-73411
1823
12163
-24519
-64786
-42831
-55396
-35113
-3016
-1478
40570
75901
-23302
37341
-9133
-4457
-40431
100430
-89751
98069
11689
38798
-11962
37280
51180
23269
74976
-19528
51318
-29861
11942
-23935
32540
-36645
69815
7397
40789
-47450
15030
-8598
35625
-137791
60445
-64685
116728
-77681
29930
-120619
31677
-38728
28274
-75954
14210
-31265
-26996
3904
-11557
-54238
38918
-108701
-38790
-96152
-20283
-10412
-82845
25830
-118906
24636
-72436
91889
-12379
75464
-51708
