#SpinCore Technologies, Inc.
#SF in MHz
#SW in Hz

[HEADER]
@CLASS=	RADIOPROCESSOR
@FIRMWARE= 3087
@SPINAPI= 20130917_x86_64
@POINTS= 900
@SF= 0.000000
@SW= 30000.000000

[DATA]
9117095
-6580411
12091749
-5835910
13190937
-3644382
13657491
-1116008
13715284
1462262
13222574
3924405
12339779
6335921
10919955
8413117
9174301
10217701
7056382
11695445
4741951
12879981
2363305
13445207
-154748
13580889
-2659567
13332250
-5081700
12568784
-7217077
11403121
-9136427
9850413
-10833662
7944897
-12026935
5892218
-12787076
3580317
-13152631
1130002
-13056183
-1291468
-12523047
-3595670
-11609711
-5816357
-10260894
-7859481
-8610766
-9454346
-6714697
-10830234
-4603214
-11822435
-2298252
-12368948
-58402
-12507895
2262065
-12261495
4406325
-11561412
6466244
-10375665
8214007
-8996140
9608219
-7331885
10681200
-5416276
11421984
-3340665
11762341
-1182779
11642608
964193
11259993
3090103
10422482
5031454
9248382
6792183
7763502
8280169
6114099
9423750
4242203
10313343
2228784
10788942
220039
10921448
-1756640
10657498
-3682166
10082066
-5315912
9152719
-6897166
7942465
-8142739
6427556
-9082360
4821581
-9686343
3048581
-10036597
1207000
-9992601
-675596
-9561141
-2441724
-8904827
-4103780
-7941880
-5647621
-6739223
-6905650
-5281704
-7920086
-3729360
-8636633
-2034288
-9055394
-303091
-9207019
1389870
-8959599
3004671
-8487063
4369512
-7705975
5644315
-6745817
6691081
-5460056
7513973
-4142763
8111537
-2657476
8347281
-1059542
8331927
417592
7971499
1862539
7429343
3308082
6645736
4575495
5586650
5611506
4450278
6417288
3148064
7040323
1762963
7388342
345993
7495439
-1028554
7388197
-2261231
6962177
-3493490
6323763
-4509673
5557081
-5403774
4540138
-6097656
3330568
-6500360
2227854
-6753596
992768
-6668424
-150995
-6471901
-1453667
-6000544
-2648600
-5389798
-3573498
-4549615
-4463763
-3611879
-5166509
-2559384
-5610452
-1529233
-5947191
-347565
-6002970
799569
-5907518
1854876
-5608672
2718320
-5057567
3655074
-4423276
4330464
-3607691
4834553
-2736981
5210566
-1752794
5334292
-805905
5379208
228405
5156358
1162308
4750968
2132353
4204825
2788408
3559681
3453749
2864946
4033603
2012191
4495102
1108516
4663760
200513
4751952
-621102
4587924
-1326219
4409446
-2181552
4049862
-2800510
3445934
-3424392
2815163
-3816599
2188438
-4088286
1413220
-4253751
615610
-4175517
-168523
-3976058
-898775
-3781998
-1557399
-3276319
-2248356
-2749180
-2757071
-2176394
-3146290
-1544446
-3504511
-890160
-3649405
-252632
-3677801
437368
-3603697
1064912
-3365087
1688602
-3032813
2193547
-2668168
2600207
-2185449
2983288
-1690293
3130134
-1104272
3172183
-499204
3236239
135485
3073631
676502
2833917
1269708
2524658
1715563
2101729
2126019
1668479
2401464
1181125
2622571
626512
2768730
180229
2820462
-356244
2714852
-811773
2595181
-1323967
2335152
-1706593
2032676
-2021552
1626764
-2132622
1291676
-2299967
810549
-2448755
335820
-2347286
-104393
-2240057
-488945
-2126982
-928914
-1843362
-1245622
-1574934
-1550931
-1378472
-1809988
-865226
-1928455
-570509
-2050107
-80801
-2067441
255582
-2051074
621460
-1892129
915381
-1731268
1145159
-1464759
1400163
-1229318
1545741
-951921
1700011
-551963
1681066
-267264
1760037
-54652
1605346
375493
1480301
665449
1394195
865641
1128818
1045128
845990
1226416
655001
1330397
417107
1333965
124315
1448209
-150886
1365845
-361650
1314700
-582356
1152473
-794421
1082273
-982860
918008
-1033200
641921
-1129421
416771
-1131940
207700
-1088605
6825
-1133829
-262998
-967758
-433505
-924023
-582579
-688399
-741532
-570539
-838146
-396870
-913314
-211381
-938000
-72082
-875580
107398
-903886
269726
-872129
441902
-801211
472282
-674263
629509
-547388
704364
-464922
733080
-239622
743660
-107420
767347
12320
679019
205339
643156
292477
506670
384711
403893
432182
298923
476209
151268
529653
100401
621573
-33565
630082
-173338
537795
-189801
541170
-314030
434632
-384221
421184
-460732
268889
-447724
185339
-449480
41971
-483658
50840
-453950
-96695
-464192
-172803
-415614
-179077
-295448
-308146
-260855
-347760
-132513
-362253
-55022
-377135
-45914
-314754
33246
-250957
137397
-297906
196911
-255175
248131
-239489
203776
-204395
291704
-107707
313115
-72704
313184
-54852
331689
-5231
296772
132835
196137
185803
167121
223442
91985
283404
77064
198082
62007
323617
-2996
250116
-113625
207449
-195770
170019
-118227
206527
-257571
150181
-201116
83660
-254713
51754
-270494
-81378
-247176
-30294
-202110
-87511
-213709
-142495
-191629
-176308
-121044
-224110
-120182
-197745
11924
-234038
-2052
-237591
100744
-232603
121190
-247952
141722
-138237
218615
-153838
204349
-45444
280699
-52042
221192
42332
253119
39544
298741
74825
193572
80140
209029
146898
204442
278502
105671
207580
-4743
259619
-44481
283895
-28913
268648
-59153
230043
-102503
263112
-132700
226563
-197794
166019
-208611
117497
-216423
57547
-307359
82103
-271555
-16411
-320956
-116971
-252640
-162279
-283654
-141205
-217451
-200366
-100359
-258664
-72732
-325924
-40789
-288340
36073
-282295
96995
-300466
139965
-241922
146923
-294499
176494
-238335
166194
-131378
237165
-136414
360395
-113119
379102
-26900
328318
72409
314654
108838
272989
141698
270763
238142
246077
230963
209852
279779
117171
366011
112158
331174
-26818
419792
-61245
372262
-133646
365632
-287650
278642
-295626
281243
-345433
272238
-421015
191378
-407795
171526
-364313
19092
-453139
2135
-425618
-64427
-365256
-155447
-343746
-221149
-312517
-261990
-298627
-429226
-237137
-391271
-159813
-425911
-45370
-444624
73993
-460102
139827
-451748
149683
-370023
280205
-399077
286597
-322731
456653
-264747
463318
-137505
469696
-102350
481898
561
502653
89003
437796
240038
468149
212532
420492
257090
312625
404990
254208
439660
200312
491443
37584
515921
-35024
561397
-168193
473611
-168015
504367
-261163
422998
-355274
439363
-459594
395022
-432016
264024
-557049
82442
-575715
74265
-570516
-69961
-595063
-145951
-543740
-201259
-499312
-296757
-434038
-422978
-348912
-494525
-232066
-572791
-100044
-535980
304
-600827
60242
-575772
199740
-605580
313533
-567858
423054
-421540
480790
-410301
478447
-277834
582443
-212243
611201
-75176
615053
28320
570323
59750
587503
174620
552361
303067
514372
465330
458312
504529
334233
610269
151360
597485
80606
650664
-46224
605285
-135554
611283
-222698
645306
-399399
643429
-462179
453052
-512643
375466
-634849
296017
-611824
196611
-701946
39531
-659722
-133590
-595904
-99002
-509663
-352324
-499981
-346302
-364423
-504518
-295635
-527279
-174989
-606960
-60547
-567366
-24707
-667334
89376
-670587
240458
-587938
387886
-545895
469160
-477492
506575
-375812
619597
-269496
687274
-211192
650427
-39245
687702
62186
622711
194568
625437
349993
542286
324255
398997
492228
272685
562273
215891
603234
57133
715542
-24449
669294
-105124
644806
-210295
579410
-354544
528529
-438441
485564
-488750
418515
-604979
294330
-622168
257998
-666125
93611
-611306
-81480
-601727
-193762
-578957
-364703
-465425
-371767
-444600
-448518
-316098
-526052
-223833
-639637
-138477
-609016
20743
-642835
127228
-637402
209659
-614351
324204
-513427
397225
-432762
519566
-387224
552192
-276961
603774
-138597
557921
-63850
558387
80623
563115
175115
470153
298412
468555
380816
421346
439241
310279
546939
233527
590258
137703
621086
-997
625949
-124403
565030
-212338
487682
-252064
522015
-421332
448217
-442371
390898
-488608
264984
-574789
253911
-549540
53613
-542381
4455
-532952
-144591
-400537
-244055
-348454
-313907
-349288
-385268
-254243
-478324
-135360
-484357
-79623
-529911
-85205
-519534
102998
-463848
273676
-439072
298777
-436573
350353
-311680
440084
-291516
490892
-247565
515366
-62760
480003
-8020
495340
124818
430097
159635
427013
276327
332085
300248
334579
390348
205895
412710
122337
481171
78554
450756
-52873
472644
-175466
482763
-230256
358619
-300811
357771
-348919
261898
-386104
172392
-408108
91845
-448001
5888
-426730
-51457
-371013
-178035
-344906
-165976
-313933
-236799
-279196
-324872
-215035
-369302
-129294
-423288
-29059
-427052
16124
-368417
38368
-402886
191152
-373560
211364
-331984
293614
-282474
308352
-178611
293846
-154485
322379
-42531
369510
31981
311169
68090
373730
156647
278710
189165
242315
267268
235449
285496
58776
289316
-19732
305684
-2521
255217
-37197
295238
-167488
251152
-236975
273620
-278650
170534
-262407
129535
-274607
97939
-309244
46994
-250838
8437
-233968
-26323
-242638
-130414
-229307
-196915
-193590
-272931
-129419
-256026
-106484
-276243
-23704
-282367
4364
-272007
5435
-273513
119816
-255456
183118
-159391
249238
-132643
205489
-86259
295423
-59069
319807
-30676
288215
60932
272919
32519
235620
101439
217348
149689
219935
272959
109013
285506
136623
223540
-38866
246325
-25898
281297
-86167
252841
-126056
195487
-129914
225291
-165231
190948
-212662
97598
-227680
55623
-314170
-24615
-286467
-33987
-227426
-126601
-276979
-177832
-201420
-281524
-217857
-258426
-94315
-271805
-1119
-289269
35420
-294086
63562
-282467
101471
-178264
213157
-207793
214242
-173552
239711
-166191
303144
-88608
288933
2361
311509
76361
294072
83491
218151
100420
235951
176295
212652
194622
195593
269967
59968
265182
71461
279622
-8694
272821
-34761
257545
-154680
235635
-101194
221026
-194622
263230
-244771
159160
-225678
159641
-256164
33183
-288484
33721
-281233
14251
-245482
-121272
-202948
-123509
-154782
-192169
-135863
-213719
-109651
-255978
-80256
-244815
-26231
-309896
59248
-299116
156594
-330638
187925
-234631
252973
-187174
241156
-234609
297422
-115633
277811
-16136
287487
-21422
310640
-7509
265052
112742
272932
183259
220006
211873
194969
217561
151460
255572
88967
313149
57357
342368
-3235
293946
-52725
296085
-133457
302750
-153241
196490
-251427
238727
-302543
173313
-237271
87220
-238911
86255
-272914
11914
-282660
-10131
-256834
-115132
-222200
-147221
-192495
-216580
-145124
-273912
-144370
-299774
-103864
-294100
25707
-263978
41282
-233912
50592
-259591
163093
-273805
204413
-218310
246811
-159413
255648
-139818
253763
-25154
286072
-35236
336698
44662
314798
98950
322894
116807
266733
178863
241403
171017
151992
210339
81203
298775
86699
277902
33451
306505
-30204
283526
-176661
277046
-83941
305899
-147182
222647
-169367
236513
-254968
153338
-276413
168566
-258733
37950
-304925
24664
-226592
-23326
-317332
-75486
-218166
-179568
-192405
-163970
-201691
-171386
-126902
-280044
-30829
-294243
-74087
-216731
66477
-261529
136092
-265921
116028
-145678
208152
-187574
179107
-173939
175945
-165531
240184
-62749
221480
-50146
301623
11487
177196
21688
193057
134329
202771
132657
203400
117097
130444
205580
29592
244609
97851
203418
-1504
290624
60
181302
-129511
238405
-134050
230124
-199633
198332
-206728
145620
-261229
122686
-246218
58395
-178874
38254
-232208
-14385
-193681
-48076
-225421
-79056
-206080
-28187
-136130
-143876
-99657
-188886
-55415
-250562
27522
-286011
-20625
-227430
-27211
-267507
63324
-202577
62529
-241751
164911
-207752
116733
-205446
148766
-124610
139352
-102461
136257
-26199
236138
20639
179236
-31884
164708
91698
166700
56366
164247
105141
154533
109359
93547
186850
99808
188446
58474
157564
19416
184425
-44213
203993
33728
120989
-21769
162090
-76946
105215
-153285
98945
-202175
82879
-175751
19360
-224257
24317
-185995
-18284
-187059
-41967
-247580
-102650
-165937
-72726
-129331
-65804
-79100
-109380
-64272
-123761
-9134
-169893
-24755
-106901
-21042
-174988
83480
-176746
56609
-133871
81888
-152896
159013
-45860
163609
-66546
105819
-28948
197026
-87928
87082
-14452
157367
49715
164082
8389
139602
100833
96436
91217
150562
92883
102930
101585
79560
117082
54813
179115
12532
37209
16339
73922
-20094
153284
-51982
93779
3129
83180
-78810
43586
-155439
90654
-91456
85092
-128217
101286
-66574
4261
-156067
14436
-83322
-12900
-85291
-41580
-100179
-49388
-90944
-98728
-54918
-97311
-20565
-67393
-41653
-84936
-60599
-96925
56047
-102419
23445
-42570
43937
-96214
79566
-60389
49973
-68544
123140
-74427
90366
-33081
96403
-23637
62756
156
112513
-32335
96161
61589
74536
78594
86602
1728
30237
77571
83678
85288
39180
36862
-18284
49170
48586
-20132
-63927
72934
-14632
81813
-33970
84432
-14818
90550
-32318
78674
-54923
102128
-103058
59494
-60876
19134
-100298
7439
-71846
-23415
-89222
77390
-68101
-58187
-13846
-17730
-45501
-44703
-45778
-46012
-5184
-100881
-43641
-51057
10798
-68393
7862
-135602
24936
-47181
90738
-89190
105243
-31432
75330
-106744
39334
-19988
65491
-3123
97408
-73930
69043
-34608
82112
-18882
21296
16017
11415
58850
3413
54645
-1626
78560
55940
51836
36151
80958
-31478
10486
7173
113527
947
35331
-9535
91471
-77881
91050
-84563
42115
-55449
103573
-46236
25252
-13090
13150
-62140
-24328
-98749
-32412
-46464
-43882
-20008
-56486
-52684
-32933
-91717
-22213
-19152
4142
6244
-77102
-3002
-53102
4519
-66312
105269
-129058
14110
-57570
36557
11601
76047
26248
76030
-14150
54147
-2130
12171
5052
35372
38919
33229
8607
99925
74227
51041
28987
-5556
64776
119192
12365
61425
-5592
-36607
68573
-9444
65251
-52284
-25312
-74837
7066
-33480
-18333
-128453
-65803
-104096
-19773
-90133
-53064
-64844
-45400
-42889
-39721
7557
-162477
-27093
-68113
58606
2750
3682
-35087
-47368
-72411
112447
-395
58257
-30373
33368
11072
5327
-40291
29112
3835
50539
-42321
175
-36682
4680
-57629
83342
38057
49694
77121
72803
55880
69766
14025
42976
53618
46424
54177
-19295
69971
-30436
34866
-58225
77320
-41003
43718
-120299
69502
-36407
14308
-104661
-33143
-79960
13318
-60156
12001
-64704
-9777
-18999
-6162
-27022
8012
-38535
-56730
-42294
-38893
-18754
-72059
625
-81236
-56573
-101837
39822
-101854
