#SpinCore Technologies, Inc.
#SF in MHz
#SW in Hz

[HEADER]
@CLASS=	RADIOPROCESSOR
@FIRMWARE= 3087
@SPINAPI= 20130917_x86_64
@POINTS= 900
@SF= 0.000000
@SW= 30000.000000

[DATA]
-3399997
2403278
-4470689
2294672
-4899766
1477884
-5089441
540870
-5148797
-424374
-4932204
-1358322
-4710574
-2184659
-4141247
-2986379
-3519379
-3704616
-2798477
-4223371
-2005752
-4679995
-1024839
-4988688
-144138
-5099340
767764
-4972526
1643725
-4749326
2572892
-4332429
3226241
-3814114
3760079
-3109869
4326459
-2390525
4608309
-1530644
4834586
-607231
4869443
220025
4675622
1066686
4389217
1917312
3985202
2766978
3373197
3342510
2649512
3864120
1914509
4282734
1088052
4463167
259854
4555869
-670613
4506356
-1403178
4271909
-2181681
3963414
-2817145
3518713
-3363422
2861779
-3793731
2186429
-4076691
1451130
-4293553
659509
-4281815
-121636
-4146627
-855056
-3885193
-1704391
-3520893
-2279891
-3044718
-2835605
-2448549
-3317871
-1711369
-3646957
-1117663
-3838517
-291355
-4001045
436436
-3913446
1128765
-3793909
1785136
-3356277
2314384
-3017902
2835273
-2516595
3177800
-1895743
3494724
-1265604
3623313
-618812
3692714
74791
3547646
766957
3263752
1311440
2991163
1886924
2584125
2354041
2107803
2775742
1531483
3019413
943815
3229889
369401
3355280
-257857
3298856
-819936
3101065
-1424818
2836417
-1885359
2542129
-2298201
2164522
-2610290
1658734
-2882194
1136045
-2973327
589058
-2933317
10371
-2893333
-504828
-2720668
-1063710
-2474767
-1503557
-2135170
-1913876
-1656000
-2257561
-1264142
-2486691
-789632
-2672213
-282476
-2786477
201768
-2749340
707801
-2470363
1185738
-2331653
1524332
-2068877
1836755
-1694783
2197038
-1333218
2265057
-916767
2418030
-496599
2416212
-26011
2416536
428511
2263929
824566
2012544
1173640
1675408
1526645
1435540
1889357
1030655
2002305
654161
2127529
239909
2128933
-159231
2197019
-544016
1993079
-923652
1834306
-1251877
1578174
-1471090
1409617
-1679694
1087341
-1814925
677912
-1934709
358215
-1955534
7856
-1863056
-320542
-1752517
-656864
-1596815
-961119
-1346838
-1247865
-1128557
-1430914
-792329
-1619823
-506680
-1689558
-130038
-1687604
57022
-1639590
488160
-1555750
722298
-1422753
952681
-1284511
1204052
-1026765
1351548
-805765
1424107
-476238
1452778
-251599
1466242
23585
1368592
298785
1361410
564482
1189719
771187
1058603
993871
840468
1081866
584022
1135265
361531
1276075
121459
1314312
-124016
1314221
-340247
1305255
-588842
1096050
-763082
967974
-869993
864759
-1028478
624934
-1106981
455938
-1182824
243733
-1113024
-20462
-1009395
-184830
-1022575
-361573
-924971
-536385
-733436
-695590
-590827
-879869
-510421
-953928
-288723
-1023605
-79663
-984931
131855
-970089
260765
-871522
452143
-856006
590194
-705737
684599
-602611
780133
-495575
831980
-283385
916478
-219052
872885
-36076
856663
164288
799682
283242
704811
459168
607275
587784
362489
726143
342374
680550
205387
725722
63147
721047
-55879
706228
-159330
715166
-288919
614763
-428042
566270
-536593
413579
-614398
333664
-574887
280548
-627044
106250
-586791
-44721
-567893
-205317
-463462
-184941
-505759
-255082
-351015
-456471
-305257
-459331
-200245
-504816
-108667
-505360
8218
-537240
67266
-510719
169217
-430685
196517
-398956
259476
-386138
391661
-329640
427260
-206286
425246
-127594
454215
-74366
516635
15034
442753
139620
352578
189296
359143
211369
277534
320978
229373
314276
170246
404161
173282
344683
49250
316136
-92039
365227
-106971
274272
-130415
277494
-150059
221553
-204458
249229
-252929
160028
-216920
85312
-235486
12596
-207329
36345
-223494
-39865
-206880
-123939
-185233
-127140
-192115
-150587
-140593
-203173
-101239
-185343
-20928
-217067
-37773
-327445
-2837
-206890
122601
-204493
69912
-157092
134212
-214812
125975
-78343
206858
-76243
155215
-33589
257900
3613
135594
17515
129469
118598
126742
66492
114569
100188
21696
199753
70632
171215
24115
202449
-28912
121639
-48522
163365
-78213
110605
-102053
80342
-114728
50032
-79105
56693
-164057
39580
-93300
-6619
-107503
17909
-127096
-71929
-70274
541
-116133
-95276
-61777
-46659
-37319
-52832
-50165
-178227
-1281
-104986
35844
-124282
40596
-89050
44405
-8135
109295
-53427
82195
-4865
155519
27497
102776
72240
109191
42678
138209
87541
114052
53087
60250
113002
70472
65918
25891
149854
35087
139348
24860
156253
-14140
123069
-37581
118348
-127099
94339
-66625
101223
-43927
104618
-74643
15972
-76674
68106
-164789
-9975
-94113
-28453
-81774
-60508
-89643
-32950
-72876
-121702
-62300
-70320
-88696
-166288
25815
-111938
66080
-91940
-32427
-103347
113510
-137269
34018
-137637
74453
-32576
135480
-86877
127086
-1039
162341
-62266
120177
-76639
42598
26675
127769
26634
173182
41319
136246
93444
115533
79658
104589
131675
53941
101995
42286
138723
-15548
170191
-43025
129456
-14455
114348
-12841
84567
-108224
203333
-35368
94248
-105802
101090
-140049
94354
-111445
94068
-157767
-77951
-172588
-2180
-109122
4782
-144210
-55171
-108053
-63471
-46979
-144709
-88027
-178544
-78720
-159040
18707
-192150
101928
-83737
82927
-142477
82365
-107869
20866
-134862
93098
-128411
227292
-118740
121951
-38685
148339
-58085
109213
-13634
218767
39555
180977
67574
235653
88684
156870
146947
131162
107181
63362
155541
97109
237974
115595
274807
2730
229633
-20355
206267
-72368
177838
-68752
183560
-140795
78063
-100270
128668
-123988
83053
-168584
-6993
-178727
-8121
-206901
-56965
-195104
-133154
-195820
-106704
-218755
-140124
-187142
-197658
-71733
-143891
-113756
-191110
-83358
-200279
-11865
-208079
87510
-238204
6551
-177267
116749
-188549
110369
-176802
154148
-143245
135151
-123224
202125
-77042
257045
-50503
214207
74070
287364
24588
222761
96783
216629
88332
151327
193857
118715
240549
89523
261478
85295
268840
44180
181880
-17993
161412
-81701
223299
-51435
160297
-133512
203407
-188750
133978
-152585
126519
-227445
90815
-208170
90517
-239235
9552
-218803
-34652
-276030
-63815
-194572
-113093
-244733
-136584
-189324
-233358
-231468
-218071
-148415
-203262
-9358
-191305
-21359
-234346
63998
-221758
109418
-158331
101140
-192400
141972
-231691
153291
-102965
221239
-178741
217697
-40108
197372
29252
207743
25097
177223
183188
200164
126360
214479
198314
162920
179429
130493
256630
177700
231637
70010
232875
60341
301555
-5567
235587
-42151
199149
-134734
193306
-156184
173726
-139375
205121
-180133
125515
-226124
117255
-238036
18460
-237801
-21218
-257334
-71624
-255318
-136254
-170321
-125869
-129567
-133578
-162763
-241561
-41110
-216831
-57096
-295528
-26569
-275529
99139
-276791
46819
-208365
158945
-190263
104017
-259038
152648
-177441
232271
-152230
256490
-28816
295143
22567
274913
52904
279412
50663
210467
119294
221837
99993
202676
180722
114609
240146
81808
277979
50155
209291
104765
212755
27486
268471
-112443
256058
-138793
273050
-77959
187580
-209367
168161
-221180
126338
-161559
62341
-204300
5087
-210256
-60783
-278202
-57992
-159173
-147226
-182893
-139948
-133261
-182163
-104683
-233251
-94331
-246675
-20781
-280915
16702
-236460
51125
-205430
79965
-157124
92926
-218791
159847
-165087
188823
-162379
221466
-97195
201653
-101301
208449
-76260
159524
22838
230802
92108
233614
54738
231650
106028
179307
161001
109335
174738
95431
219933
42821
179217
-17172
223297
-82759
218255
-99349
202760
-134845
177787
-145039
240082
-162925
80812
-161481
127017
-158583
12470
-188983
-33604
-178329
-93056
-220557
-62463
-158091
-154611
-159181
-148248
-80115
-225899
-92673
-159206
-26561
-186115
-56446
-206952
7225
-165283
111563
-144024
112482
-139542
138530
-99789
175774
-49947
157334
-72942
112705
-1501
188110
14035
155610
17207
146429
69919
156353
59954
108370
112505
147729
96796
129802
122859
40960
202835
29281
130629
-41884
173456
22846
115401
-52877
180350
-24734
143740
-120672
128598
-163515
26979
-92749
31078
-158946
-11901
-200801
14611
-196321
-46055
-125327
-98720
-86270
-99283
-81984
-73453
-32389
-57076
-70044
-80667
-12529
-139200
48156
-141861
45587
-137218
130825
-161541
149320
-59694
90006
-208514
149696
-52357
146505
-73033
146654
-37257
62368
-16027
98374
43284
86034
74898
144660
132753
90746
82300
88198
107684
40938
149086
-5956
37099
27081
137933
-16358
83265
-511
111257
-47041
185355
-63373
74089
-103586
55343
-92389
3877
-144249
33722
-166627
-23810
-59152
-36126
-58707
-63082
-102076
-98937
-26861
-128654
11177
-77083
-46246
-126501
-70358
-161266
-7409
-189094
-30031
-166906
85196
-109862
123206
-104825
109334
-59054
110056
-58110
114359
-28834
121806
-8946
93289
87074
140951
4041
112754
152807
120815
155517
119644
148556
12438
161143
74611
116989
43191
120302
-20601
87274
-119791
127088
-140405
101526
-146468
75766
-114874
82246
-100618
94329
-161844
32441
-159430
38461
-159453
45630
-84361
-726
-52453
-88251
-45224
-84106
-54400
-143088
6074
-145854
74886
-88093
-5598
-141568
33694
-35431
81734
-99409
60699
-117179
95104
-102320
112490
-75887
171277
-23996
109885
188
140971
-1989
128917
18239
111422
28453
91599
5182
55950
19414
98134
51536
11589
91056
63710
119947
18080
92695
42966
86642
-48143
153650
-121889
155917
-10549
61384
-64668
103426
-104457
54854
-155999
25189
-144710
26510
-163742
34429
-94353
-5425
-163333
-111604
-133855
-67193
-52236
-147191
-28886
-170872
-21535
-153774
25497
-145222
-53778
-128024
-5659
-111464
8801
-134038
104346
-142618
65724
-71879
111289
-149911
121861
8876
180791
-5202
107025
-57790
155868
-7901
112412
33195
59994
43289
124930
84969
100447
-2162
122342
63413
83651
89151
17422
106986
57447
26862
1977
102487
-34230
131054
-55745
65536
598
76556
-49167
-20572
-122323
40110
-151038
26708
-156060
322
-100582
-113606
-47359
-59569
-102796
-85214
-7201
-80167
-150621
-78056
67876
-39958
-55372
-118951
13739
-87177
-38281
-32484
71669
-105705
44037
-92815
75450
-61040
110477
-67679
42565
-34807
183417
-42879
131947
-51521
177419
-49369
169438
62109
78903
38512
130580
39386
54310
63097
81670
113545
101072
115941
50690
90366
47579
79724
-4637
72047
7477
119185
14294
119776
-83946
58435
-11909
121618
-103516
82593
-55861
38978
-141101
36290
-100653
-8221
-100769
-4310
-136135
10740
-88894
-17886
-125479
-119336
-169981
-64833
-42801
-64393
20505
-143320
-4507
-120948
8700
-124094
-26860
-116754
73076
-103176
47846
-92119
74736
-130144
106162
-57094
28191
-139287
71774
9566
27989
9835
90410
-3906
85417
-13934
156155
50871
108756
114782
109182
59591
36301
32874
115089
66497
58046
71217
-26215
58795
11318
104856
-33265
42054
-58872
18067
-31375
39971
-16564
-23183
-69198
62
-90015
41023
-78632
27434
-31804
10797
-103945
-28467
-24873
-16200
-86325
-91100
-88064
-85511
-99773
-86861
-33537
-71870
2757
-129506
-85944
-126493
8395
-18535
-56876
-131817
76671
-70885
12498
-50781
-126
-74453
96084
-95300
27598
-36520
94802
-46516
47469
48235
22259
-547
88022
19778
80228
72915
32457
9417
68143
101075
43599
37493
54326
-88166
-9277
44500
6063
-9049
26422
18670
-38796
46384
33044
52297
-44030
42848
-33204
71617
-59476
96952
-20325
48995
-28733
94931
-42902
7493
-87046
15867
-54045
66529
8104
-11955
-25716
-5456
-38385
-7310
-32998
-60171
-9712
-75049
-18623
-48895
55639
-61197
25344
-45221
2816
-88434
-28240
-56179
-4229
-76477
89860
-35643
22971
-17729
111321
-61217
112651
-5801
63120
-28994
5421
-7740
45527
1392
18043
-5152
9360
18605
46919
-7082
26899
30178
22107
74743
20413
46574
51598
93176
-30317
39880
-34347
29399
-1464
33464
-13282
37397
21658
15141
-31288
-7150
-65800
71140
549
23731
-44728
21406
-57491
21616
-16605
21468
-63220
49000
-2511
26011
23216
-55635
34374
-55474
4526
-28301
46675
-25384
47223
-88880
26091
-55449
-23981
-21218
64936
-69606
13474
-33427
20893
-37885
53173
-36957
77495
35635
99809
-52196
71795
-20572
66893
56057
20692
55839
50254
19366
654
22360
44616
74482
17719
83601
33920
-1384
-19162
39016
-25959
19468
-33609
10166
10998
11695
1148
63985
-35107
65965
-70619
36076
-48554
6092
-18160
18527
-105932
-36321
-52575
59463
-49095
-2359
-53253
-11772
-73436
-15139
-101838
-15987
-84074
-68633
-33652
-27770
-46377
-38649
15130
-35245
26437
-38778
46978
19841
23147
-18844
69918
23618
-19204
21799
-70062
-11011
102369
-31289
-22367
-38024
59055
44935
73240
82853
-21784
23730
18959
50125
51783
94278
32486
61920
4525
2060
-35374
18878
14092
71767
-29511
75318
-14891
5613
-17680
36057
-32475
75802
-49702
-8195
-46065
19057
3976
28776
-27130
15082
52146
10350
-48494
-18926
22359
-62328
22597
-7660
3864
17737
-2384
-71364
-46713
-49451
70336
-108036
78251
10764
60458
-11077
59023
-1643
75131
-77627
26259
-27382
-54
16387
32314
-52529
27814
31375
89536
48154
52094
53299
29097
7860
-43913
69118
50985
2577
-913
68240
21423
-41458
-38308
26113
3037
27103
-51384
42830
-30102
-9169
-60119
26418
-60125
8709
-123252
-48517
-27798
15268
-66139
1435
-53058
-9257
-48171
-119819
-22540
-76101
-50209
-40120
40173
-115123
-43907
-12753
9068
-74928
6992
-61649
-17753
-61474
115468
-92242
30319
-74265
30376
-30109
73966
-8616
129268
-68991
37106
62691
55690
27094
68883
93812
36222
29159
51636
164844
86493
88830
77353
121267
