#SpinCore Technologies, Inc.
#SF in MHz
#SW in Hz

[HEADER]
@CLASS=	RADIOPROCESSOR
@FIRMWARE= 3087
@SPINAPI= 20130917_x86_64
@POINTS= 900
@SF= 0.000000
@SW= 30000.000000

[DATA]
351486
-192387
415001
-197704
508403
-114006
475000
13015
514850
64355
532692
182362
417266
337497
422695
293866
331983
494529
262927
514510
116709
530671
39521
513158
-61288
579236
-123427
536787
-287142
591949
-388769
420146
-473199
401806
-503004
259328
-554660
172677
-592483
42002
-608588
-42582
-598594
-171166
-615613
-228624
-514788
-312263
-510516
-461521
-317319
-555985
-266245
-574899
-134162
-588191
3252
-634886
122982
-538696
240178
-526830
317501
-446681
323087
-432231
410270
-423063
530660
-231507
550791
-147085
630948
-65290
589425
-31198
519977
90728
485415
171475
485456
298201
447579
374157
300898
417027
249687
483869
158334
573441
99892
596904
-20609
539284
-162743
534377
-188859
536004
-328444
474956
-380478
412067
-448676
352645
-455199
211876
-561212
162772
-512505
1641
-547206
-54686
-508908
-92450
-465828
-253365
-302235
-362759
-334184
-368301
-191678
-412959
-135304
-426702
-17769
-461642
7117
-564629
114883
-520805
171635
-437519
283115
-372787
343525
-331075
342306
-222894
429754
-237860
452163
-61618
358620
-38631
423903
96967
389011
132867
428287
154670
254282
259089
330712
353441
196671
363777
105921
375256
27666
363186
24876
319166
-126648
377235
-153883
315583
-175064
350019
-258625
265041
-283871
204508
-314416
117756
-389029
41755
-337524
48843
-315909
-81061
-380526
-69719
-258245
-139703
-264294
-194337
-259752
-296439
-158085
-342482
-124792
-336588
-50400
-282750
8570
-321016
125129
-298428
97743
-370223
72926
-233973
160268
-260091
225275
-160641
204809
-197990
290054
-74974
256010
13465
254886
6063
273198
58891
206830
107711
200110
138999
89053
174868
229952
238838
118985
192777
83053
235092
26218
272194
-18892
203928
-59491
206883
-115154
234474
-107998
171589
-97678
159724
-175452
152118
-196737
95582
-209913
1444
-227851
-33645
-238874
-46333
-237396
-115337
-151627
-114035
-160897
-131510
-88793
-137974
-72377
-242404
-103288
-212503
32695
-246814
41992
-256826
25900
-184889
79201
-200845
120219
-75224
161219
-137501
213023
-107521
203883
-88314
111203
-902
178613
-7268
95246
59478
156663
41093
115216
76025
88300
33148
73844
135744
85536
115231
3939
163718
30212
108364
35724
106786
-37544
150565
-69031
84433
-100856
89787
-93193
74666
-58596
48545
-153925
7295
-93145
8732
-117058
-30613
-112214
-30977
-75591
-77466
-127574
-67236
-99763
-167113
-112659
-96529
2341
-76970
-8665
-103897
28652
-150321
71863
-83433
3313
-114537
38345
-60284
58356
-87418
9044
-45044
53636
-108091
103107
-14431
62161
-30603
106856
-8075
106542
20564
37580
-10443
91522
13071
128905
-26716
56226
55138
7420
110419
54635
28303
-53211
99964
1845
68550
-1075
28942
-6653
100518
-74385
71272
-70477
49151
-72876
36803
-90988
18277
-95993
-59637
-58018
-32651
-75046
-78272
-65176
-63672
-107569
9751
-38225
46198
-39968
-28288
-76327
-11653
-55323
-52256
-10335
-76624
-2599
-61680
76074
-79616
74957
-112019
39470
15831
-8775
-79236
-34576
-77722
4895
-89002
33225
10581
21829
1528
-19134
-46101
16252
-17364
567
-914
41567
1864
24332
565
-7228
27633
37380
59715
96320
34082
20091
-20339
25163
26485
18989
56988
18560
23225
-58923
12265
14301
16581
-12757
21601
69573
52823
-7540
78853
-4690
-56615
-17178
-87135
15285
-15185
3442
35990
-30520
15144
-54659
29609
608
8314
18483
72320
53927
55992
-113533
-2262
-4854
-29478
12586
-484
-2618
-25925
-11675
-3193
-58063
-35853
-39763
-26083
54869
-25257
42167
-20056
-693
2157
20810
38319
-5785
19391
32701
47792
5204
-46998
20858
42445
-46186
22508
-17171
61446
15422
59858
-22742
-13944
25613
-39795
53366
-20208
-28806
-1948
13079
17688
16740
16581
24531
-39884
52624
32479
11276
-50050
63451
-68215
28278
7322
-45415
-4708
12729
29925
25962
56922
1725
-9183
40701
-35181
37128
2044
32807
12992
25394
-23279
37497
72315
17538
4326
27337
-20376
29284
-51626
-6598
65485
39822
-19341
13531
2094
7198
37079
10287
69494
10101
46063
4638
-5225
-13889
-17022
-21056
-44399
-15623
-61759
-26305
-71285
16415
-20257
3672
-19782
13336
-2738
-17999
-14357
-3057
-47570
-34221
-938
43046
-30951
-732
-61483
73481
2831
78345
-3705
12745
16352
51695
8362
21497
60686
14766
20751
23729
-30740
-55238
17260
-40799
-36834
89346
32754
-15467
21752
58731
55217
155
-18051
23164
20538
2113
-4424
-7198
59361
-24245
-38266
17431
-27739
6414
28834
-787
-22880
44355
-11730
-31651
-15211
-19716
36333
15560
5301
-5129
87753
-82735
35289
-80175
-51087
-52133
-35949
-2835
-93598
18318
-53846
55550
-30039
-9942
9892
8573
-113357
14301
-69232
-24963
-1112
15660
35021
47935
-14984
17973
-7731
8476
15671
11370
26638
6197
9347
3410
18069
3296
-12871
30906
-8673
63614
30105
67762
46688
46832
-8331
52596
11274
29811
39180
-30479
62902
-32712
-15935
48400
61549
-64275
-5986
49077
52408
-13417
8135
17269
10694
-2061
67198
-63936
37734
13187
51477
58247
-49555
-43778
-24090
-127846
-20251
6605
76094
-39307
-30685
11854
-21827
19510
-88905
20622
-38554
7297
-53136
52992
-88004
40114
-10721
32607
20308
10545
-51146
33107
-42760
32109
14902
30951
18337
34947
15755
51195
-25643
-34230
-16440
21895
-57089
-17355
28516
-4883
26703
46477
77738
16970
-2766
-4409
-3110
19544
-26
-44158
-2408
-9010
24039
-18896
47729
-18345
5199
62122
-24314
95005
35989
-15920
-2327
-44509
60164
3335
-19932
7292
54041
-11891
-11013
-33541
26194
44195
28206
-19032
-40338
-764
-48636
-46936
6695
-4955
-96237
28789
-65520
47143
-20717
-40128
35110
-3892
-26471
-29948
-34467
12603
8213
57154
28820
30791
22003
75107
-3443
9816
8164
55531
58416
116700
40597
84856
59331
-38284
-7025
89262
73293
-3407
14984
30647
10966
39750
106173
21080
14818
38736
22804
-37158
34351
-15846
35628
-28527
29694
8466
6299
-39410
1692
-20673
22040
-21911
24743
-25734
-33983
-17337
-25899
-39576
-26236
-47481
-48546
10523
-44771
-33892
-58476
-22183
24180
-79786
30045
4551
-99612
-53
19769
-46875
-73259
-54551
-5753
51241
-47151
58300
-41850
62752
-41510
59144
-32735
64468
-73569
-43317
33466
49699
30687
8280
8423
15278
24719
78593
26923
31278
32079
41938
111604
56511
52622
-133
50610
-75893
63261
11614
54094
-9395
68435
-21710
56301
-17160
62598
-15262
39842
-28453
64215
8009
36738
-51914
36643
-79251
32225
-33565
65415
54284
-53002
-97325
-19018
-97508
-56330
-18023
-29776
-79507
-79591
65174
-67309
-18309
-27617
25546
-79346
64321
-30699
68496
34324
-19508
-42014
11420
-5280
-35630
-7800
65304
21156
-17124
31523
4392
-2907
18993
42265
33613
-17506
-29372
-34683
16838
-27068
-61151
92181
18542
-1911
-12096
75938
-163
72537
-30061
26138
29236
21246
-36874
2127
-17408
74340
-51209
-11576
-32124
57084
-72884
-47020
-13941
24045
-35647
18105
67646
25456
62070
-36086
-20615
1198
-2380
77715
-12804
-9329
-24255
-88755
-40972
31420
12387
-40416
10843
-14972
-24187
43613
36490
-36628
37262
-25536
-14335
5426
-24945
-19526
-27766
-14258
35183
9612
31252
-33698
-20766
102372
30789
34129
-6890
11890
10335
-17213
-69940
44774
-64823
-35906
19964
16583
-34825
-9787
-37415
-64288
-15709
9854
41384
-42016
-66355
17922
-1674
11913
13050
-36043
-7908
-46940
-32419
-47837
-72576
21605
61037
32184
-11289
8960
-38833
46255
8806
-11079
9554
-30710
-702
1928
19519
-1831
-70702
-12010
69260
50501
50970
31529
14098
71774
37553
-61294
18387
36070
40707
23936
27217
-21512
50044
-12113
43660
31789
75003
2189
43308
31274
7055
75815
-43611
21339
-44704
-34802
-34186
30338
-20175
31829
-39362
-73266
-10183
51072
1204
21942
27100
40661
8870
0
-33398
-62785
408
13478
29878
-38808
-7988
-13137
-21849
34986
-11625
-64929
7811
11828
64782
-25221
-9659
25433
44918
50922
20103
-14717
30593
38650
46912
-13744
18979
1622
618
12503
-45148
-57026
-28704
-13917
-36280
30618
-12878
-57615
-36025
40313
7666
-10503
14525
14993
-28764
75727
-25021
6997
68368
62059
-18607
91434
-7032
-20054
-87355
29768
-5746
-11166
-40446
15378
-105909
-5024
-15157
-20512
-42164
-575
-60011
28737
-54528
35689
-40622
15038
33869
15230
-20830
-71388
-8054
-62311
-1072
-25789
32271
-88894
9992
-72793
72833
-51799
61608
45405
2482
-3830
54060
21603
-35047
34827
65558
-8730
-15717
48834
18290
-7153
54376
35008
27370
-24549
-339
11968
-36757
-4035
-2072
35137
-45545
52529
-41357
-52379
-47755
-56805
-20469
31181
-50366
43003
-36890
36086
-11691
73487
-71939
1172
13056
-10963
3642
-40424
-25500
-68910
17904
24129
4482
20229
35087
-4394
77854
-92847
50788
-38237
-14446
-33279
14778
31562
33864
-107745
83880
-22639
-15761
-11162
-3219
48955
20009
-36070
44207
-320
-15354
30090
-10803
11740
-16502
53248
-55253
-26251
-11397
-4939
25818
71548
-6419
8018
4677
13683
-18709
28718
59889
14801
-12878
18148
-24140
56974
-4119
-13970
17814
37108
89876
-4072
-52747
42002
-78562
53227
-28136
-48503
-13930
64400
-98210
-64050
-69542
13620
-17412
-7245
13784
-20243
-79238
10573
6808
-15726
-32789
-20940
-56263
-24873
-45200
12568
-29359
4239
57174
25758
15134
-29184
-31133
20377
84194
-4210
50176
9915
22493
-52061
-1427
28578
25598
3467
55918
55890
-15014
-7210
-35668
-37107
57569
-44412
-33819
369
10778
18779
-41495
6470
4171
17501
12749
37797
32166
-19096
39527
-24982
42872
16808
-61769
12235
-39989
5990
-42490
-16982
4036
-13429
-32801
-1080
-66165
-58905
6815
12114
-20218
-35873
25106
-35435
-55008
35769
42326
28207
-15505
21569
-24842
-9278
42581
11392
9732
26139
-2470
-19013
26414
27378
-69028
-4890
-2860
49871
-10572
29514
-45261
-24581
-27070
11571
-7341
-30654
4705
8815
67539
-13371
-25608
-20171
37290
-5214
14556
1398
-12579
-15983
10948
62224
35195
14492
48532
14499
-32339
-33840
-84711
6228
-49680
-51777
3593
-26016
12441
-35024
-67012
-26692
35031
-34308
-10423
-4280
-18049
7934
-18266
-9337
54382
-29319
50567
-18880
32126
11385
1377
40865
-31193
11441
57188
48684
-22653
-2822
48471
-46839
-6308
75521
15675
20624
1996
-38244
-4023
-23905
19847
-7864
30200
-9550
36269
-98854
38106
-73291
-8923
90833
23826
29558
48967
-18454
-20711
44654
-17782
-26075
50379
-545
45719
28608
20073
40360
-17440
386
9705
51558
7590
-33417
-16485
7851
-5745
-39938
-43184
12003
-1389
-26886
-60109
-27936
11210
44437
-8344
4754
-76408
71561
1718
20678
-42516
-76157
24368
-16551
5757
-84683
39748
-127291
45253
4480
138
-26715
-55506
-14328
18851
-61204
-18597
-120693
40319
-46253
43810
-47875
22149
-15634
-6145
-50722
65105
-30097
-28757
65307
49312
29720
-29828
45642
3596
30472
33656
13350
29401
6600
-20274
-6270
62825
25240
14421
16812
19948
47790
-64678
63053
-20121
-4086
-36817
-66599
33221
-42521
-24826
20705
20306
77538
-45316
-22675
19965
-28540
2772
-10721
11849
-1815
44753
-17140
31387
-9147
25434
-129
-50114
474
-26978
-52183
-15743
-22668
-50629
-26428
34716
-43023
-64063
10558
28976
-9351
26452
16106
2716
-9599
-10731
-20276
3181
-28049
2426
-1274
-43999
-65674
-2259
-30319
25431
23403
-32027
12578
-22843
2481
52443
62591
33831
103052
-30374
12769
30805
-8817
-21454
33531
24749
-62102
-106834
7602
12945
17351
-15862
-30417
-27464
42147
-18082
16409
-31041
4494
6502
-4642
33767
17269
20970
5159
22016
539
-31631
35480
35803
-9187
-16271
-34513
-42637
6886
-11404
-46162
-2508
-48937
66353
-21437
20487
-8918
29769
-64468
30493
-4042
-3131
-18513
34537
10225
59935
46399
-26670
33874
22467
23959
8729
6432
8172
53646
39505
-24703
50723
-28965
50215
-13123
-16152
6688
-13147
-23211
4922
16571
-75914
-6520
-4695
-4916
-70090
-41678
34181
-30660
-21895
50081
-47376
-3881
-57801
-3046
-45297
15226
-62293
-41765
30174
-388
1282
-37025
10339
-15900
20434
10749
2454
-19693
-11928
81851
-36191
-443
51402
-12319
-4193
50178
-6419
-39253
-10207
-35359
-33671
17916
31542
-4318
43357
-48309
-3029
-8454
-42300
-21709
-2856
22974
-24853
-15635
26641
-52855
-9810
80646
17631
73371
-11984
-12198
-54652
58041
6289
25964
50562
51523
1490
45311
-45455
946
46401
-62781
5752
-14498
-477
44447
-7294
22684
-75117
36218
-11280
59094
-4079
28048
-29024
6752
