#SpinCore Technologies, Inc.
#SF in MHz
#SW in Hz

[HEADER]
@CLASS=	RADIOPROCESSOR
@FIRMWARE= 3087
@SPINAPI= 20130917_x86_64
@POINTS= 900
@SF= 0.000000
@SW= 30000.000000

[DATA]
2876127
-2099201
3827030
-1936464
4280751
-1162302
4464532
-397275
4481285
406052
4297497
1285218
3967800
2027255
3527032
2803545
3014065
3389734
2276156
3815167
1568364
4233590
810115
4391218
-154387
4415558
-916537
4406231
-1643069
4140007
-2424887
3729549
-2983481
3254871
-3526798
2636374
-3885778
1913663
-4218814
1166498
-4345934
409405
-4374774
-476160
-4166248
-1180854
-3845391
-1982301
-3507909
-2619660
-2835481
-3163588
-2189247
-3651644
-1524992
-3917828
-765079
-4095745
-21636
-4192127
721201
-4141309
1462446
-3853327
2152302
-3438450
2733572
-2987824
3228777
-2410653
3634222
-1789961
3830422
-1126012
3934895
-257746
3958497
318104
3781788
1014377
3507492
1730024
3094348
2285097
2630246
2767594
2070092
3148289
1365516
3460883
714034
3675492
90948
3708270
-578493
3583313
-1238479
3444108
-1811032
3090835
-2313733
2756401
-2757534
2102595
-3049574
1650054
-3305597
1036055
-3365932
405549
-3421684
-200354
-3306735
-820559
-3023495
-1339594
-2782783
-1883399
-2293144
-2274938
-1882789
-2663633
-1286611
-2901471
-739671
-3024865
-153479
-3036297
460202
-3005672
1054428
-2915053
1541317
-2606250
1907171
-2308877
2269665
-1885464
2561216
-1417950
2676099
-952550
2866734
-405520
2850929
96395
2756302
589272
2561225
1126225
2280635
1501019
1909136
1874930
1559172
2176061
1098195
2390752
594210
2575668
194760
2601915
-367057
2509525
-776895
2361196
-1145631
2180780
-1581696
1922057
-1875168
1597443
-2113738
1227061
-2194453
722109
-2271431
394487
-2319448
-61131
-2156127
-533242
-2051377
-820948
-1815694
-1211955
-1578665
-1508824
-1291911
-1747445
-865106
-1953500
-529401
-2031023
-87539
-2076280
279726
-2033724
640537
-1940691
958585
-1658120
1299761
-1516513
1454082
-1205628
1604637
-971404
1785853
-585993
1786669
-268221
1818158
150946
1750737
413045
1649373
690522
1517416
997142
1174599
1239777
934055
1390225
675931
1510747
383550
1578128
144034
1583877
-179319
1550509
-372522
1498542
-662758
1366306
-935556
1209853
-1081590
1007756
-1307393
709108
-1419561
511227
-1456628
253555
-1466893
-112242
-1395036
-292838
-1278138
-588915
-1130351
-811983
-953606
-974550
-736659
-1091429
-543073
-1137809
-285604
-1226041
-32988
-1216693
168667
-1222089
379912
-1241037
578066
-1043583
731993
-918891
816076
-735637
939649
-608393
1091764
-367353
1129156
-148237
1065941
99930
1026009
300834
980390
356897
878685
519895
731363
652780
589008
793871
437905
886872
236606
869802
111669
893080
-24514
847960
-292702
888440
-409480
768557
-575230
631039
-637624
521026
-743055
415824
-828391
282526
-854555
113053
-833793
-73184
-796376
-259113
-730980
-333028
-657679
-473108
-532545
-547645
-416571
-591727
-315812
-695546
-198267
-689179
9300
-697800
105299
-699138
163194
-653369
320475
-594760
375015
-484412
490010
-428561
462389
-333403
506769
-195183
600387
-79716
563794
15426
588619
98318
499005
224387
436044
267421
385886
397751
275772
439974
160175
393343
149224
469987
4502
456971
-12081
456627
-147917
438605
-246043
405006
-316069
296089
-309050
213845
-380409
242929
-334271
129616
-397248
73063
-401215
33620
-430533
-72946
-365067
-140145
-265805
-181773
-232442
-248414
-244814
-260625
-124411
-250833
-67088
-311197
1627
-290719
86068
-237966
79165
-262290
121727
-217320
129606
-275976
186145
-252841
210209
-132198
205380
-92367
217417
-60793
135743
58894
230179
-4356
145456
120526
102531
149829
150030
194428
163628
224630
85267
146657
-29075
239471
51983
203302
11223
171427
-18147
132847
-100100
190425
-147043
105557
-160564
97429
-156212
14952
-130134
33197
-178000
42594
-139590
-7069
-115173
-49041
-117780
-80925
-64852
-89155
-26374
-105371
41920
-199969
-30445
-141190
-21256
-99593
52448
-81633
32888
-52305
42138
-138923
24949
-49756
73268
-61399
87918
-69596
30741
-4645
139867
-11425
17125
-8219
71303
28860
72396
93045
68592
53675
34565
48733
14951
23387
61144
72565
16873
96003
15195
100880
-26083
48073
-83739
15559
31011
114269
-28080
1892
-158701
-23124
-114091
36153
-97322
-17804
-57852
3030
-67225
-86105
-106283
-88165
-86743
-76512
-8748
-13359
-37813
-101926
16980
-119197
-50752
-109993
89721
-18062
60946
-60786
94599
16808
91999
-29439
95369
-41075
45524
49217
133669
-41397
43863
81246
75440
38353
49360
55961
20226
88449
-36206
43589
30852
51940
28186
6408
-91158
146820
-70249
86447
-47450
79258
-66324
89742
-30449
109834
-76970
105099
-21086
21142
-8834
78144
-15784
48398
-67173
-5906
-112875
-72280
-90456
-18902
-34613
-75124
-86142
-72901
-23353
-127232
-3466
-152870
-31765
-179602
19442
-131717
80561
-142157
82949
-71462
58158
-16009
73435
-52310
90066
-79474
131414
7260
101107
-64300
158453
58240
124503
17820
128594
91427
91116
28603
86851
34421
37669
91246
74182
57624
-8788
120340
25451
156962
-41864
122520
-55862
131110
-81273
102295
-87859
103409
-147440
98914
-82253
11986
-176011
99980
-153102
-57912
-121419
-55154
-119488
-116772
-74712
-39663
-56933
-35251
-59734
-111656
-120978
-64277
-12416
-126207
21836
-143638
32859
-189463
71177
-160632
27143
-139221
85687
-132876
77231
-56291
95496
-89832
91158
-91670
144071
2961
108694
36112
160697
78354
265113
-6206
189754
73399
163356
125572
35185
145023
33866
63057
39086
185333
10483
153516
29999
180799
10613
153421
-63428
167065
-17083
159462
-57296
119223
-117575
167026
-189432
91321
-144780
78433
-156827
28444
-147624
32439
-121801
-85727
-125175
-40224
-195044
-130741
-203893
-103883
-141023
-115299
-141606
-172708
-93753
-146781
-124711
-212922
-56708
-181258
880
-166594
6368
-109117
124069
-164345
137968
-104908
146803
-134476
182333
-128938
244082
-49783
207840
-20553
200135
5277
131428
48944
172663
103666
185030
109969
136052
176899
151202
213697
137556
223579
-6981
291869
-21264
240226
924
263232
-106984
220470
-138069
121915
-95045
184950
-185540
202132
-249751
80169
-141754
123609
-186550
20422
-195593
6617
-246372
-47409
-216672
-77510
-177185
-85299
-102224
-130443
-139057
-155362
-29905
-195332
-60874
-184391
13820
-197213
-10234
-140188
25720
-216876
34384
-190830
86469
-222966
115481
-123477
227067
-162018
167625
-52068
221017
-84365
246863
-81872
210289
-14560
175172
64260
274415
96239
169721
135985
153125
170109
154709
165016
86518
209888
28929
219950
-69264
289834
-31797
191977
-136098
173200
-142541
147582
-170348
167542
-181422
129074
-233240
112968
-246675
73866
-238978
59968
-276744
9647
-225481
28295
-241036
-99621
-236256
-198868
-88421
-154174
-139532
-142240
-124370
-240324
-71153
-177018
11839
-239233
37191
-191374
72782
-191117
96492
-189616
128436
-119627
176005
-37813
97186
-100470
199197
-65273
192874
-16449
194554
-25525
175796
17160
186372
106630
110975
93262
151711
124000
40319
195734
90255
137601
12842
175376
7622
215086
-24346
153331
-54681
189800
-89334
171875
-154074
92906
-204385
80914
-142238
70675
-156518
26470
-176657
33196
-126411
-75673
-122978
-62035
-107608
-12882
-169461
-133707
-67986
-118452
-79908
-123000
-29402
-167825
-28841
-264727
69324
-166797
62474
-158559
38611
-103890
70331
-191380
137268
-102362
62884
-74617
69342
-18926
179207
-66413
61771
14397
121461
4121
168627
46372
89981
18483
105198
56209
73862
87443
52427
142303
14590
131902
-57144
249950
-102119
141174
-122738
147550
-55801
140002
-64886
92141
-105260
110874
-116634
92591
-157983
43691
-149868
34651
-96806
-11826
-133152
-19261
-107454
-45761
-128304
-97307
-93411
12849
-37259
-23610
-81781
-88274
-33105
-110223
9163
-95377
67384
-111428
96829
-138074
60495
-100139
56545
-72605
53818
-104025
110771
-68509
133694
-16409
72541
-12475
109859
20570
109238
18742
125893
-5183
43116
68481
78240
127152
17825
83707
80375
110171
24226
108315
-38731
115722
-40243
151681
-80354
131093
-53695
104759
-116517
88786
-84183
49913
-133307
-25585
-122956
-9445
-136276
-18846
-77695
-20211
-95065
7535
-93377
-54767
-65513
-86840
-18880
-75363
-12870
-32131
46779
-66060
25979
-52198
116349
-57121
-3959
-37888
47092
-15956
71951
-87416
115884
-1209
85387
23789
14822
62921
50424
26953
82255
37678
54490
26446
22540
44323
25537
63957
-31581
118088
-34959
92737
-59579
109337
-90835
28403
-66466
-10335
-67059
70595
-64429
-6289
-112910
16711
-143487
-59784
-69854
-4426
-125684
-38878
-36467
-19184
-108097
-101193
-74660
-58541
-25919
-40861
-44764
-133372
-81240
-55344
-22367
-101001
-17022
-112038
77748
-38793
133703
-75239
165208
-74237
97715
-51495
99177
7417
74409
28936
120558
-12158
83808
-34217
141246
39670
156218
79498
61120
60906
82853
52837
-7996
114316
5892
105700
-43162
104299
-59366
53334
-91000
52801
-133480
61426
-95200
14106
-97452
97796
-72471
8996
-47891
-45404
-158358
-6836
-118666
-119978
-135625
-56982
-55467
-40178
-754
-79933
-4098
-84335
733
-78629
-32998
-114875
-30928
-105193
47724
-142581
72786
-81425
92082
-92974
64539
-28974
22960
-17649
59944
-68285
88375
-18503
86788
-50286
111872
33198
96644
33155
31859
72487
16842
33475
51996
49087
9580
76905
989
81513
-49229
77003
-33562
54077
-10966
48884
-51857
63659
-45546
128382
-69362
73682
-110707
55127
-91735
47310
-120121
99511
-118216
13885
-162666
35662
-78949
30021
-99641
10886
-80606
-124348
-93249
-106080
-132711
-87276
2078
-90820
12274
-116980
15348
-81302
34411
-69080
49664
-31124
68302
-72729
95724
-56131
64025
-88953
64557
-28870
110857
-16234
22573
30136
109416
65896
86586
50053
86934
44644
17694
3328
66531
2564
69
49666
-21505
70069
12543
37838
-18441
126471
-52779
64998
-98041
99081
-103909
13272
-74029
26933
-106150
13012
-55234
38903
-62762
-65710
-153132
-6167
-89843
-42883
-51130
-85631
-37721
-54662
-96976
-106942
-12902
-105412
17324
-160785
32741
-84101
53397
-129070
82766
-68582
34866
-67798
82469
-74913
-17848
-11091
69701
-40423
1093
6545
63574
7848
68762
-54659
142466
-11161
70615
60891
68393
58627
91978
93280
84573
34664
20685
58654
12248
12034
-5066
79562
36233
95790
-30458
75371
-26777
61740
-120814
53978
-74820
20472
-79928
56504
-109947
94308
-142021
44179
-86662
-41603
-143480
4892
-117096
6119
-19608
33106
-113613
-40244
-79731
-62578
-42289
-82316
278
-54986
-14245
-85790
118981
-23883
-22790
-15717
52878
-57852
-7129
-18275
47564
10948
-27255
-69072
37625
-35366
73349
-57122
32690
-61352
145875
-44879
90459
-19774
119518
-49426
50847
14529
5397
-15638
72161
8453
32862
91275
-20362
29438
-37777
55712
7151
74609
-5675
90554
15966
15505
-54359
98568
-15114
142319
-8885
49780
-9283
77150
-39246
2550
-38541
70812
-63866
42774
-68876
24804
-75619
33324
-28708
-26944
-108948
-34881
-50976
-64323
-17428
-66340
-50788
22815
-25182
-21953
-4340
-112376
-70484
-33264
51198
-21979
39934
-64738
63230
-70978
43607
-75230
104072
-55669
39873
19075
38290
-17762
92834
36238
492
-532
47860
23366
50279
25316
28376
106500
-3327
55369
24202
81269
38119
24697
31847
93236
50224
39325
-2266
7721
-22785
48518
-27922
19857
-59728
-33744
-52488
80044
-58915
35280
-37498
8656
-77346
-8232
-72278
-18687
-76214
-8857
-74932
-11049
-124664
-55829
56945
-36680
-56061
-15159
-35591
-85267
19796
-86542
65046
-11924
-12436
20890
32449
-6831
57932
11279
24605
-13329
70214
-88731
66422
639
24470
-4748
-32399
-60988
4897
43292
51464
27423
52676
3990
-27152
86318
18097
41817
-45745
117975
31909
46019
-21163
71407
31628
95057
-18276
47744
-27501
63632
-9147
26227
-40042
82998
-65199
-2977
-15151
4798
-23115
-56988
-9430
27281
-47616
119
-43253
19044
-55908
-43743
-17615
2696
-7869
-75922
16318
-46731
7198
-99673
898
-60852
-25958
-24125
-1721
-102906
13722
-40629
-69506
-67572
-17426
14705
-14977
23972
-19864
-45609
-22031
5550
42326
-11475
61089
-38472
52250
6366
53501
34338
-1260
23698
34877
-35231
77644
14459
69703
8124
86331
38626
47347
48551
27959
-7781
-41585
54046
-19679
14837
64118
24016
42052
118024
13271
8106
-10087
-29357
9773
-40153
4867
5026
17288
384
-46373
51326
18383
-19896
-76658
25219
-21781
42798
-11524
22167
-41275
-49439
28517
-15212
-21048
-60172
-1105
-6437
30012
-26931
24639
-11415
15050
-58992
-5489
-18976
74510
-65023
1642
-20551
56474
4750
-16143
15567
-3601
25946
25514
-9325
41261
12444
38565
-17475
38344
30528
-19205
42495
-23058
59895
52762
29012
12246
35949
5828
-27639
-32718
-2196
-115145
55714
-31111
50527
-56350
-18705
-1902
52674
19263
-18621
16900
15749
-5260
-32872
3589
-56355
-12645
1314
-15254
21498
64378
-51877
40647
-51097
-31033
-72895
-27219
-11009
56363
-26891
-27176
-6349
46117
-2721
21132
17069
21697
19302
35717
-50541
-43698
35072
27627
44156
13989
-24872
15896
38400
-18210
95355
11199
47804
14198
42891
18014
41058
-25105
43055
-28263
26145
-28072
-8378
26849
62866
-16603
9558
3850
54259
-66177
65298
-71070
35588
-10174
13345
-39286
-49865
-78999
13376
-56536
27159
-46842
174
15013
14436
52163
-4698
