#SpinCore Technologies, Inc.
#SF in MHz
#SW in Hz

[HEADER]
@CLASS=	RADIOPROCESSOR
@FIRMWARE= 3087
@SPINAPI= 20130917_x86_64
@POINTS= 900
@SF= 0.000000
@SW= 30000.000000

[DATA]
9094640
-6608810
12075021
-5943635
13163588
-3669734
13734891
-1119086
13759696
1397810
13274853
3926084
12234297
6303047
10984214
8493160
9191609
10349538
7151336
11732702
4824009
12841220
2308254
13483823
-163100
13643651
-2626784
13322876
-4964690
12588227
-7172357
11443904
-9140208
9888337
-10687847
8044279
-11948907
5929387
-12731207
3616556
-13075273
1187167
-13015862
-1318014
-12572029
-3582158
-11621658
-5811633
-10307803
-7778957
-8693064
-9514561
-6741681
-10923085
-4539235
-11812041
-2406295
-12348338
-41596
-12622141
2232986
-12240566
4438369
-11604261
6401492
-10452856
8064139
-9066740
9599095
-7387968
10662108
-5488379
11393850
-3412045
11710882
-1296037
11627283
850144
11225027
2999523
10351059
4989717
9201915
6710700
7691878
8193353
6076803
9425366
4205370
10339799
2235101
10719948
218699
10889232
-1826966
10636098
-3662958
10052213
-5363574
9186853
-6859070
7927845
-8142705
6443521
-9064522
4837044
-9710188
3080559
-9980686
1205575
-9932109
-674677
-9570957
-2431930
-8920141
-4083804
-7893818
-5568735
-6695278
-6942848
-5257399
-7869243
-3628265
-8638154
-2045280
-9047130
-357711
-9122557
1383581
-9011190
2900649
-8454852
4421226
-7737774
5673826
-6685617
6712427
-5525731
7542922
-4134897
8038542
-2686072
8338940
-1141283
8284644
379212
7960187
1863171
7421509
3288237
6556218
4530588
5603941
5575660
4424788
6429296
3134003
7039637
1771727
7429518
364748
7474812
-973176
7332842
-2381841
7046499
-3555090
6330256
-4620556
5498221
-5408262
4447856
-6170223
3471935
-6492351
2245494
-6725777
984475
-6714394
-239181
-6421499
-1432513
-5923416
-2633706
-5343513
-3589220
-4512103
-4476652
-3615587
-5193345
-2471394
-5605857
-1343912
-5940697
-237247
-6025354
862371
-5951746
1874897
-5614034
2845250
-5056484
3682987
-4481230
4352798
-3648198
4862107
-2692105
5178315
-1705583
5315069
-786574
5315225
240797
5149641
1219601
4758343
2115704
4204453
2933923
3528599
3625982
2805185
4107152
1984241
4491624
1159954
4660889
216986
4726367
-672192
4589711
-1542626
4388937
-2244420
3974069
-2881693
3452022
-3394582
2780838
-3815204
2124039
-4098547
1258811
-4229330
591968
-4136561
-212094
-3949363
-964719
-3694818
-1662276
-3251470
-2240471
-2701229
-2809854
-2105087
-3252343
-1496577
-3510020
-869283
-3703066
-138618
-3695800
552826
-3574902
1199711
-3372163
1727205
-3104324
2276031
-2646206
2637806
-2211076
3043897
-1617350
3169825
-1071399
3257759
-460328
3179110
152220
3078506
740177
2813562
1266694
2468445
1657371
2098998
2139012
1637835
2423511
1242139
2652191
684613
2795997
146590
2790307
-378463
2675338
-884273
2480515
-1237596
2364292
-1684333
2010422
-1874383
1631598
-2140012
1207783
-2318428
689036
-2310597
392329
-2344878
-168533
-2310030
-491809
-2103570
-879355
-1813366
-1256364
-1541157
-1538034
-1226140
-1744955
-878842
-1959267
-494222
-1988289
-73950
-2001601
290475
-1944457
683446
-1864178
898883
-1712271
1232870
-1491514
1395454
-1217574
1609444
-887858
1686663
-519460
1668958
-280078
1710484
55920
1634551
366608
1545949
625619
1300176
913162
1100981
1093278
880777
1234090
636638
1355572
349202
1433558
104186
1439591
-197003
1368087
-422130
1379548
-634625
1245005
-819614
1051059
-962513
860136
-1047361
612800
-1197761
411991
-1159417
211842
-1122999
-40770
-1116298
-164317
-1044586
-422257
-916545
-637344
-737051
-658620
-567119
-820915
-375725
-846627
-233897
-973725
1566
-855147
181912
-888174
293082
-826535
428025
-783244
530667
-614668
595150
-562497
687957
-422614
712294
-208378
782245
-55322
675022
-15041
634702
250889
625313
340555
499796
432078
497603
478358
357947
520913
188456
589097
155952
549729
-11587
598955
-114626
574745
-167998
588708
-287376
457731
-306386
327623
-359363
233643
-497401
197421
-438411
128962
-454028
-14425
-401131
-62185
-464786
-177602
-322695
-191721
-329149
-303697
-274286
-345628
-140164
-328637
-63044
-384774
-55771
-338987
77522
-377668
102059
-321389
247850
-310838
256782
-234378
238585
-191734
352100
-100381
324654
-13023
283128
1665
203191
151348
225425
136946
181115
245737
156613
255311
85679
219696
53283
231006
-16173
223502
-19773
176414
-136998
198838
-203180
201658
-251984
160804
-210882
86313
-216013
59980
-264192
6863
-218487
-34587
-234449
-55012
-155977
-99814
-97854
-132498
-107014
-211332
-75396
-198825
-6917
-222365
25170
-226030
40484
-244089
60836
-228158
76115
-212901
189428
-154932
181388
-104295
274344
-111451
247618
-80102
283355
34234
254614
119833
189993
115895
235238
191624
176236
212804
99460
256819
190216
203091
26331
296047
39106
292881
-55072
241457
-95130
274155
-124140
235326
-180203
211814
-199589
105322
-209503
122574
-206962
72187
-266557
93690
-281338
-2895
-256668
-62449
-170120
-143979
-217873
-139142
-232236
-159762
-172086
-242996
-79492
-319174
-57160
-316694
64962
-309095
129489
-326023
153443
-325876
217056
-230716
196779
-235453
337338
-231113
219061
-226727
305610
-91314
309539
-23028
345916
37994
370586
55136
342769
123432
241526
269163
243607
283527
193970
283393
104294
331779
104397
346398
18124
401911
-77600
338144
-146355
336169
-216830
359641
-275153
294331
-306744
221413
-360535
200323
-375700
168687
-344466
62673
-370652
-58921
-361840
-71018
-388576
-176932
-406811
-168981
-282983
-259212
-233726
-374600
-153475
-361340
-96603
-387454
21685
-444998
52836
-491136
116943
-445840
239340
-365699
262435
-411263
314040
-271615
365197
-247184
463818
-169653
459044
-57264
510783
-17272
451311
110754
462130
150841
483947
277742
415261
337506
301708
395158
274947
427917
150147
466184
72438
515417
-29202
498073
-138800
551576
-267078
530055
-300820
473128
-349179
438378
-461420
303499
-538945
191782
-506354
173644
-545058
97485
-577903
-5881
-543572
-105574
-514109
-222984
-468646
-320112
-379818
-356198
-304156
-522233
-201138
-495289
-130206
-564146
62863
-560979
145571
-517933
286262
-502049
276022
-494969
426595
-420047
476272
-329322
467940
-273960
623532
-127069
586277
-40061
574949
-30802
579279
133993
590267
250300
520475
307369
521092
353810
422059
504317
286608
454450
191131
679977
52276
665006
-27843
667702
-129029
576811
-276039
529249
-378373
476168
-390429
508941
-482109
334032
-610588
189010
-620412
114306
-668402
-8570
-644955
-86611
-604508
-138852
-522657
-330898
-466335
-361224
-368045
-467057
-355426
-585768
-205125
-687084
-157007
-683895
15166
-658615
137774
-654187
252689
-625030
353762
-468240
504383
-481337
562358
-429092
650747
-272177
600994
-167382
707201
-89726
655174
14255
621915
163224
569589
314469
551141
305030
425326
445086
324743
533256
254372
536534
131450
631983
13248
581922
-166504
636688
-243078
576862
-417617
534034
-478992
456017
-468150
337763
-520573
265302
-638066
174644
-729053
4658
-608186
-34883
-621840
-182121
-601073
-250754
-500924
-306536
-405853
-487358
-354168
-521254
-177372
-563153
-137370
-572784
7486
-652733
142174
-572255
228002
-548649
328925
-460495
397696
-421649
470294
-323334
566809
-264741
621520
-125946
604813
17018
608868
87953
595125
154394
500221
222483
556019
333424
411431
435410
317111
487774
255947
535076
166446
502663
49481
565133
-75207
525015
-178113
538861
-316576
458088
-328870
406061
-414836
353039
-465148
252216
-506295
96348
-584571
-350
-524819
-123179
-463218
-142221
-457681
-266612
-481092
-289617
-384166
-390243
-297119
-468890
-155170
-448044
-72278
-586890
14782
-523347
83193
-620646
137916
-473254
313951
-379361
366821
-402398
376416
-334940
455612
-147924
509651
-65357
463967
-4643
499699
10962
477995
132836
437120
275735
385495
346903
311796
349154
131312
400881
193507
405200
37057
462930
18035
427810
-97559
405238
-265271
414748
-342788
362111
-321781
232177
-357757
256067
-420188
161558
-412586
101327
-406230
-49725
-380012
-108480
-456386
-187793
-257949
-210439
-273780
-265098
-215170
-288154
-150905
-377210
-79698
-360065
-33058
-324982
94307
-317584
126859
-369682
162685
-272964
284334
-252507
259417
-171259
264539
-142180
307680
-37796
333303
3042
358866
88647
376347
196525
242746
163781
250755
235835
186159
279588
120524
338754
67824
357123
-10847
312225
-72215
280533
-218168
279429
-155058
262108
-262836
224711
-238665
163177
-279218
128276
-282849
62214
-307124
13108
-346244
-119451
-254883
-141621
-169596
-161233
-173835
-178531
-125997
-229072
-128294
-269666
-8654
-248682
80241
-217687
87554
-235889
97642
-220139
153451
-252510
217239
-158245
204128
-145176
256095
-83365
287676
-49220
226437
-38173
228932
105422
273555
67607
240478
163586
205298
183303
118538
256332
112115
324622
11142
288416
-40914
308459
-122598
311408
-143830
226727
-225333
195209
-258733
155051
-280458
103805
-251291
95281
-330994
-5074
-288807
-58095
-223176
-96797
-194645
-162057
-196418
-237133
-217824
-150223
-139017
-274524
-74174
-239742
-968
-266584
62888
-203552
142990
-188099
188336
-194069
192243
-116217
219847
-129345
254308
-41107
242122
-38322
262005
20029
229738
1971
234351
122105
207388
138296
204306
284973
85322
213465
73469
276838
11574
271485
-24174
253119
-132014
261869
-64875
237357
-203899
175176
-227944
191579
-306765
203647
-174611
97063
-269332
54773
-320291
23109
-280098
-52726
-282360
-112335
-243536
-137334
-149621
-246675
-199357
-270877
-121547
-244031
-22648
-249652
45680
-297718
18898
-261468
54149
-290576
173160
-223309
247267
-237764
234169
-183991
243689
-179126
205754
-35881
292955
-56423
264042
-19655
284786
91905
293626
168000
200572
243514
238259
241679
171222
258858
51652
291123
26434
332817
-76645
258953
-76885
317603
-150373
267243
-195329
214989
-198021
206643
-222652
147992
-259945
103575
-286950
61312
-328072
9282
-237664
-39204
-247499
-76026
-259815
-150848
-193223
-172915
-197857
-251605
-164864
-265432
-18176
-295285
-30702
-335521
37711
-340281
124225
-307865
151186
-222536
168175
-190312
297800
-208662
340497
-224033
330920
-123049
325354
31112
263598
82110
228398
117016
217746
141913
258683
184811
234987
169477
204291
198331
77773
282372
117127
311050
62252
298133
22007
318617
-33093
285158
-133145
218153
-194794
187309
-171311
166760
-237911
172186
-262177
43912
-298173
31620
-269325
-49335
-185707
-56465
-211408
-68394
-285873
-93564
-188877
-236323
-80602
-160460
-63821
-233367
-47334
-210655
13449
-269369
143501
-295150
81285
-216054
183738
-174659
195458
-199556
170816
-126854
225208
-114242
261725
-11628
238671
-93444
295711
-16781
284375
113449
277367
83399
271186
136538
175128
112646
198470
181402
126491
196711
99581
232230
-7175
218114
2716
273987
-138843
205286
-87831
197812
-115558
190415
-213673
211583
-210228
132513
-204032
76624
-237084
71335
-265264
-37078
-253471
12331
-209361
-105164
-201801
-107562
-145644
-153727
-141246
-167287
-33298
-172022
42199
-205825
-26870
-232450
-23484
-248157
8687
-200272
75979
-141392
166257
-216914
164309
-148728
146733
-199131
204461
-85146
247224
-58182
238890
-44426
272807
20739
257923
94237
165379
58911
196715
142876
172976
197272
107411
156796
84779
174034
71752
181847
-10723
238148
-11977
231610
2784
211795
-89360
151834
-75027
149999
-196312
152941
-191505
165033
-199229
118845
-104242
50445
-179760
17669
-232749
-26509
-140105
-74106
-97617
-105525
-129167
-56450
-101290
-86427
-6572
-132304
-63489
-133297
-67962
-189769
7112
-184115
29790
-152583
39569
-112844
95329
-106617
87978
-92139
73990
-154777
73895
-45747
100584
-19051
117858
-9437
91369
-9862
93545
35519
125493
41957
79089
-9497
137670
56943
89324
53654
130312
79328
10333
97335
23265
100518
33531
99401
29263
87793
-27080
122337
-93926
102026
-107710
57848
-121053
104194
-178678
35007
-120907
51612
-138715
44463
-166232
7329
-103164
-44771
-126888
-8002
-59895
-35988
-86261
-38356
-61275
-103662
-87146
-113065
-37824
-112714
4005
-110264
-17109
-56985
68723
-77814
93905
-90922
42924
-111482
32315
-128275
64914
-84735
121326
-62175
81325
26305
62949
-38546
98881
13129
70726
90185
102349
107734
89734
20781
74477
44821
18864
121530
-14193
142440
93081
96196
-27900
152453
-41009
153162
-17876
86755
-110704
111152
-56393
137738
-76658
110180
-30781
75521
-34338
2161
-120641
1483
-34365
56541
-73599
-8707
-52453
-58737
-111397
-52374
-52468
-64808
-42842
-80794
-50177
-101526
3791
-75220
29084
-105796
26721
-68172
13115
-59556
447
-66103
51134
-142401
112176
-87096
26494
-51363
21471
-17573
43707
23740
63033
2347
61162
33205
95200
-28640
99338
10686
33534
35738
86280
164240
29787
70628
-39779
86126
-71425
6512
-65806
67584
-15725
45323
-45697
44815
-77447
24165
-76710
-4122
-117472
-35352
-105095
-5912
-56153
18593
-56352
10328
-53083
-7342
-80325
-21086
-94901
-5952
-42266
-68668
-25429
-44019
-37102
-11399
-36870
-78189
-59459
-55240
-80766
-69737
33114
-39287
20912
-43183
95108
-42173
41320
-67340
78567
-31678
139631
-45045
50278
-37608
124108
17763
56441
33171
64860
-10460
26215
13186
50326
10177
-2008
57047
-5642
34579
-45454
33903
30055
9915
23706
-4949
-52865
95
-17501
82261
-60848
-14668
-36745
-11274
-51700
-13287
-19609
46509
-73630
6287
-33515
36012
-52603
-30927
-17834
20016
15286
-3496
58969
-62453
52610
-41563
39505
-19342
93074
-14161
49573
-16961
29221
-30272
-3881
-31947
35025
-4636
51100
-28796
115971
5341
-16401
8557
80771
18141
25790
52205
43256
43485
32709
25464
11980
101663
66617
144506
30246
56575
24776
44888
-4842
71975
-47859
63030
-16818
82498
-45914
7271
-46498
28130
-90118
57718
-85277
49649
-49889
-80231
-82957
-27447
-34555
-97504
-34650
-84774
-56527
-82340
-70196
-78239
-68751
-75997
-13875
-35148
