#SpinCore Technologies, Inc.
#SF in MHz
#SW in Hz

[HEADER]
@CLASS=	RADIOPROCESSOR
@FIRMWARE= 3087
@SPINAPI= 20130917_x86_64
@POINTS= 900
@SF= 0.000000
@SW= 30000.000000

[DATA]
8647938
-6266581
11491884
-5600084
12590018
-3382889
13008417
-1008010
13059351
1490616
12565834
3853788
11744486
6106286
10288320
8132029
8690818
9876338
6632900
11322000
4453741
12285973
2146149
12928696
-251638
13090643
-2636902
12731334
-4968829
12061576
-6995776
10912237
-8837354
9340311
-10372668
7509446
-11534592
5486882
-12296377
3238108
-12654047
850417
-12525008
-1408318
-12026620
-3665839
-11117508
-5791439
-9775651
-7606734
-8174056
-9237130
-6305916
-10485783
-4249590
-11408071
-2047916
-11930134
207189
-12035602
2340832
-11717172
4442044
-11109787
6353493
-9942929
8018498
-8546185
9352236
-6965161
10365496
-5113006
11072449
-3116977
11371704
-966187
11260521
1124708
10770688
3158926
9947261
4973830
8820996
6636918
7388603
8080860
5708570
9261144
3871744
10004299
1964731
10498473
577
10467689
-1893744
10228051
-3732555
9684397
-5387259
8714525
-6753887
7517384
-7982083
6094124
-8868297
4541107
-9460223
2743137
-9675495
958939
-9692825
-744948
-9238752
-2516969
-8552263
-4134691
-7524098
-5549455
-6350494
-6804017
-4928819
-7772224
-3432437
-8401967
-1835776
-8725035
-89054
-8880653
1488997
-8672808
2995129
-8134596
4363003
-7406584
5593532
-6409614
6611029
-5123489
7375657
-3890429
7828181
-2486964
8049350
-962349
8054415
475807
7684898
1898243
7105962
3350285
6339128
4478494
5365145
5515162
4169814
6302348
2832896
6854058
1600471
7236306
244805
7307687
-1104276
7142884
-2416886
6655246
-3487051
6067249
-4506525
5220721
-5334280
4214661
-5992671
3207727
-6393723
1953017
-6478612
798635
-6400640
-428715
-6159437
-1589816
-5716135
-2672829
-5054405
-3616439
-4289267
-4411584
-3355802
-5082826
-2277243
-5545852
-1241834
-5718121
-218111
-5822957
880735
-5691338
1851396
-5358575
2834288
-4814260
3645261
-4145374
4299824
-3337435
4796119
-2527004
5096344
-1596526
5234591
-577462
5129891
374372
4896134
1322133
4519999
2143059
4045860
2908226
3387050
3544553
2634830
4040595
1814502
4354820
976496
4632912
130233
4570457
-698277
4484002
-1517134
4198875
-2278366
3749987
-2867000
3231574
-3336801
2646133
-3725283
1944988
-4012746
1200420
-4062945
453221
-4018109
-332543
-3849029
-972662
-3545187
-1601912
-3165448
-2235745
-2596309
-2785008
-2069006
-3102657
-1381187
-3461008
-858281
-3552766
-162205
-3627336
568668
-3458901
1146622
-3262562
1797147
-2978281
2234158
-2519645
2588926
-2088599
2912928
-1516454
2966827
-902378
3115050
-334946
3030112
218677
2981498
777671
2647704
1254718
2429103
1740230
1993947
2135370
1492641
2392189
1137119
2546240
581036
2682704
83947
2753970
-390625
2617146
-905017
2538689
-1256090
2238533
-1572697
1854222
-1887509
1516416
-2166497
1091757
-2211691
700593
-2326677
276415
-2310298
-121841
-2157047
-597668
-1979436
-968050
-1750841
-1239023
-1508619
-1521328
-1173474
-1715764
-792357
-1886388
-421966
-1991045
-69685
-1912278
407596
-1873657
627752
-1792848
903322
-1562231
1182921
-1408406
1399758
-1117865
1520308
-878247
1609160
-533379
1711417
-175733
1681937
132215
1566482
423526
1448470
664379
1261244
894680
1013621
1081587
859372
1209652
551004
1395273
335015
1404927
84203
1370519
-166538
1364105
-408049
1302553
-654277
1105039
-712320
982387
-905344
810858
-1061148
519333
-1080755
377420
-1122226
138664
-1132866
-49576
-1051619
-278676
-1022116
-472684
-823888
-525110
-692223
-767001
-578992
-763585
-334902
-790839
-178052
-912761
30276
-879801
197814
-915632
310962
-818399
489620
-725155
561217
-612244
626241
-524246
706800
-363164
720016
-195823
739468
-84961
694972
51948
766554
178088
578373
331515
527666
449918
365350
557656
299506
530698
291917
495266
123352
612146
-5382
593752
-139764
530373
-251686
483941
-340537
401314
-344100
283445
-395587
296077
-473415
173964
-495881
86896
-461311
-13751
-475644
-105402
-359627
-186209
-323615
-248828
-215538
-248127
-198002
-289369
-87765
-350083
-65235
-367628
-33582
-312076
122490
-310352
122288
-330361
197401
-225978
257705
-217597
249411
-149321
322731
-108215
306612
-14073
240177
33987
255751
70117
277581
84189
221624
123563
146353
178135
142123
232203
70283
277308
-7941
280526
-92489
233760
-143314
188428
-117649
120404
-188206
196764
-237933
171924
-164143
62906
-172939
4657
-226074
-13081
-192324
-87775
-197962
-162134
-160756
-145834
-81541
-135927
-41794
-235910
-47192
-172167
-4826
-207116
24516
-123019
69282
-155467
160064
-170296
151302
-95100
277933
-113282
241466
-70029
255370
-55434
213449
-73896
226510
43528
188491
74017
165831
112474
157790
209752
150874
247458
72055
298604
-40788
300363
14125
292029
8561
293033
-109243
202332
-128733
169392
-204638
177418
-218872
106212
-276666
120165
-295259
36377
-349147
-25633
-273215
-35933
-324091
-123057
-251876
-124934
-205489
-200034
-160231
-174651
-61951
-215272
-67406
-242009
-2161
-302909
48314
-228335
56943
-249338
145349
-309815
216905
-251227
198061
-214260
335466
-173737
298385
-184888
304913
-66059
287207
30013
272525
34819
323168
174543
265530
248655
266696
190491
218701
287847
141073
338263
33925
432252
21003
382231
-57247
361243
-73332
377153
-182678
348452
-229292
305492
-253261
284839
-313483
220998
-281276
200329
-369862
119411
-354795
42067
-399370
-35540
-381086
-90339
-358475
-145728
-348842
-280068
-291770
-330056
-263808
-369157
-134964
-446427
-56525
-473223
-6340
-417043
92816
-440228
108324
-483091
199467
-331747
240925
-324672
381043
-290354
433903
-195239
396249
-145549
526042
18858
467265
62809
422190
53712
408994
140193
393619
317209
329931
414748
292452
385652
219084
412090
138468
460772
26666
507411
-30592
450812
-125933
443236
-164299
412280
-379673
410502
-422384
320929
-483933
287104
-459622
183933
-542577
140109
-563685
69750
-556165
-99109
-503505
-193080
-446795
-292485
-412993
-362312
-367580
-421998
-271922
-475317
-209449
-499969
-126371
-519150
36049
-576566
135899
-530411
158847
-515315
309068
-453289
437773
-440267
496609
-358659
541555
-244209
585900
-176363
604826
-74591
610606
38735
531498
210739
568712
275419
514618
391075
445763
419308
286703
522877
223128
552210
174234
574439
66042
703484
-137356
608457
-172813
585761
-295306
573381
-369577
456155
-510825
400931
-523047
336140
-628098
241354
-675099
134024
-617491
-11840
-617563
-105338
-636676
-215490
-504940
-372701
-492622
-472585
-432110
-513143
-305402
-566022
-208519
-628669
-66656
-609049
4796
-519412
165356
-635236
262541
-585171
398515
-457048
489049
-388672
564073
-338347
606511
-301762
607784
-46856
599190
88624
579303
104582
545473
212794
587769
364820
522641
477092
368544
563729
263108
557003
138680
647782
46195
668603
-66785
642651
-146073
616526
-209007
563735
-300006
454308
-419642
392583
-484197
316639
-552445
238675
-596775
141332
-628340
-9092
-631224
-100494
-569344
-240220
-483388
-342165
-430892
-454543
-416548
-471255
-225244
-622055
-99282
-614039
-119
-635815
40168
-614905
177393
-555513
262800
-507286
382225
-493339
470715
-400572
531594
-259116
596012
-129848
578993
-124001
619375
30685
586367
151849
572195
181130
456916
305479
441691
374901
318560
451475
275954
510337
145131
513027
7941
548535
-8540
453895
-189646
542125
-263713
532999
-320763
374937
-426056
338874
-445137
245558
-502542
119474
-517236
60996
-473481
-1109
-455368
-87293
-467107
-205037
-390392
-278351
-348910
-322877
-251221
-331241
-210186
-399979
-142175
-534304
21609
-499557
71368
-508336
250549
-476886
291527
-386832
336313
-399028
378567
-297722
493366
-250324
417418
-89121
433605
21588
465807
72041
408293
109640
389705
232599
356957
328717
283399
349034
193267
436323
184379
444368
121788
455536
-12276
396130
-111084
430750
-243690
420351
-255681
364490
-342989
288178
-406852
250933
-420526
184318
-469913
90652
-365817
-15397
-424040
-65495
-385011
-110715
-311132
-250991
-273746
-248374
-212456
-328171
-94561
-333989
-35204
-364006
-15520
-306037
64364
-324712
164253
-366749
240660
-350305
266581
-253550
314953
-245262
374788
-139451
341110
-150857
310234
-32210
376748
75047
345527
162164
260312
172735
244634
230635
187303
323231
152618
257558
8379
264160
-60262
335518
-123021
309001
-143721
274325
-191119
337170
-190799
246774
-216455
198876
-284046
88078
-363521
83663
-272972
40155
-307709
-82527
-328995
-77438
-230891
-131563
-214981
-209596
-170339
-255698
-162038
-293788
-51309
-238484
-53766
-298878
108309
-325241
66586
-255617
148505
-198227
209234
-207817
286350
-128679
249222
-73135
258639
-131054
273969
-4454
277868
63882
237930
109971
210594
133453
139319
213316
111325
285708
108980
255819
-51078
259542
-42000
261958
-96364
305680
-88418
232808
-174435
214185
-199305
140033
-192372
144548
-244824
124293
-273552
45692
-339497
-27571
-240131
-34471
-290513
-168863
-158085
-255859
-111319
-249055
-62252
-273631
-21716
-275614
-27026
-274975
31261
-266575
63799
-225545
119343
-238971
187719
-153843
224592
-183994
253108
-128417
207839
-48846
239552
-27545
291135
60091
253232
77260
162304
145626
134545
213077
99012
197117
74114
223379
1181
275343
15901
266619
-99946
266440
-82941
293001
-132631
309169
-172639
219025
-238604
197988
-304250
97026
-338106
111744
-279057
41398
-238847
-31016
-244932
-133885
-251351
-157962
-170307
-201675
-125834
-239080
-114482
-253283
-19802
-312741
19804
-355286
43346
-242551
89548
-244290
96059
-252152
202178
-264824
273971
-182952
248271
-104737
359981
-76204
272675
-54644
289834
9692
314095
66282
232263
179890
229355
207740
196573
172471
82512
203208
92813
330471
45626
217098
-38081
319951
-92451
223889
-177765
220191
-243025
139996
-206766
172511
-248054
202198
-204180
99861
-328451
40335
-297665
-20843
-298457
-87175
-316597
-142410
-272819
-176862
-215135
-105372
-174559
-295118
-145222
-235683
-97024
-252609
-41950
-237527
-6537
-244934
74954
-221367
108066
-226610
200796
-209696
189054
-105474
257351
-131858
193571
-37332
288948
-22763
264957
101995
245170
103214
241551
90583
243494
137495
209978
226933
226220
286311
115913
224682
17476
301574
35498
244388
13414
194598
-86854
282665
-206644
193154
-180444
219702
-232397
189956
-282731
103758
-205189
-11573
-258622
-31509
-188570
-49245
-218664
-46020
-298730
-155011
-217440
-165548
-173119
-204433
-216037
-206911
-117756
-221699
-108853
-229137
-68224
-290717
-25942
-297632
67519
-284047
46959
-241362
122015
-226320
199244
-189924
191566
-81418
202008
-123191
248560
-74025
178346
41257
290460
46489
214470
142148
153191
83633
142581
144459
155689
133829
159499
256898
153596
220469
51027
211720
-38161
276088
-67222
224057
-107204
180835
-119736
160927
-159629
184255
-146569
102533
-179451
53757
-261498
83028
-213212
16651
-212510
-56728
-233206
-184975
-211342
-87772
-152778
-82106
-122309
-168794
-109667
-170364
-85112
-193868
-11718
-223225
74225
-209487
31488
-305992
105987
-245406
119637
-246854
173706
-236578
181860
-107212
192111
-104530
211443
-11348
210450
18994
184657
45745
94523
29181
156991
60495
190907
133970
141952
75052
56862
115918
78000
170743
38168
172398
4382
221608
-42417
157269
-84633
101876
-103966
161605
-105530
154299
-115480
128042
-130336
97971
-150117
55693
-224407
56845
-230519
10910
-145659
-14403
-231482
-29526
-171161
-105210
-154443
-126404
-76122
-197638
-158006
-150771
-110089
-181817
-69136
-149884
-14879
-173726
36928
-141555
49689
-115307
66736
-115857
80069
-101794
86002
-158526
80034
-17275
159052
-67616
155295
-43371
138933
-35004
149450
4521
155369
11672
102975
11231
108312
55909
77205
2312
29829
100881
34357
108850
18734
93244
23541
104248
28955
102776
45417
65673
-17629
146585
-67074
109539
-44438
131228
-100218
25918
-35525
81159
-96280
104004
-59573
35590
-117854
8843
-132610
-39370
-109522
-5311
-25694
-84004
-111375
2583
-76461
-46927
-51841
-63123
-78234
-61538
-1603
-112734
-94129
-111986
25033
-87679
30466
-61055
92304
-103066
60904
-42143
60164
28429
127212
-17812
110921
-53547
130344
23528
72611
-3855
170126
8689
79383
10327
100694
22519
77791
-25039
33029
29367
14512
60983
-6611
47256
13115
82640
8660
110645
-37692
81585
-57359
46342
5415
79108
-59658
109209
-95292
67520
-41960
68010
-56475
34204
-39542
1017
-70032
-12360
-118586
-9301
-15260
-19953
-129328
-79639
-15543
-137666
-32603
-57754
-40553
-75497
4839
-125248
26311
-34796
8701
-79270
15229
-28736
-34398
-78763
73470
-55171
62807
-14860
120867
-29435
81807
5520
93123
-54852
862
3562
52600
76409
18626
-11766
61102
36113
65576
46417
-29208
74102
52545
63352
64263
125437
17607
63611
-22859
26627
-54362
53225
-33701
126855
-64748
24451
-63968
43357
-61014
-7093
-2135
-46748
-37639
-59783
-79420
595
-93970
-79566
-35317
22964
-34953
-53759
-13316
-63944
-3807
-55623
57155
-41336
-30777
-23955
78745
-3651
59098
-10718
18072
-107581
48328
-16436
7904
40848
-27041
-17728
5700
-25118
41444
-44985
50714
57082
18912
58639
10961
5724
8690
45489
43486
104576
-25308
14914
71239
90891
19954
23354
7119
34268
-38732
67785
31081
30535
-28758
-18150
-54672
-56069
-8236
6150
-50289
-27854
-29104
-22473
-140369
-28683
-32335
-39221
-88095
-70008
-80354
-54919
-73430
-46516
-67644
-57413
8118
-25051
13980
-28949
74828
-35158
85626
-30712
60884
-57830
136095
-43183
139516
-1735
84380
29412
102334
29695
82553
-72563
163771
58327
100798
-13749
38714
-36530
11089
38432
21307
98361
51482
146185
-27198
51636
-18126
73099
-27493
14980
-112301
-9734
-73945
19987
-108737
32614
-79750
66193
-111879
38058
-87140
-40645
-48444
-46104
-25892
-65019
-19766
-158517
-34345
-69132
-3819
-128720
20091
-68935
18157
-30840
27998
-50441
