#SpinCore Technologies, Inc.
#SF in MHz
#SW in Hz

[HEADER]
@CLASS=	RADIOPROCESSOR
@FIRMWARE= 3087
@SPINAPI= 20130917_x86_64
@POINTS= 900
@SF= 0.000000
@SW= 30000.000000

[DATA]
9054922
-6593326
12052851
-5989768
13177841
-3638838
13739535
-1163595
13677219
1466773
13268420
3969689
12231054
6334484
10876656
8534681
9159873
10319184
7061533
11789089
4727554
12818608
2293183
13461123
-196622
13584368
-2669402
13379375
-5147796
12590461
-7244948
11401909
-9210409
9815314
-10784273
7908136
-12009529
5774978
-12813795
3486781
-13122149
1075443
-13012415
-1341511
-12552430
-3669283
-11587804
-5908799
-10323822
-7879305
-8609565
-9572156
-6645600
-10869891
-4520668
-11827590
-2240443
-12378504
33633
-12490067
2328940
-12236020
4550860
-11484727
6501887
-10386215
8266767
-8968025
9639933
-7269951
10718765
-5335058
11440268
-3256058
11703830
-1050760
11729618
1055099
11207951
3134778
10312007
5166157
9160631
6916978
7674701
8311581
5881952
9502928
4087427
10371262
2065253
10858319
60297
10937126
-1929866
10719596
-3817942
10050510
-5506192
9154100
-7029015
7863057
-8271554
6350044
-9196033
4688130
-9830502
2940021
-10102624
1024938
-9961330
-808410
-9639803
-2610187
-8847559
-4226557
-7821483
-5682186
-6552797
-6982595
-5157368
-8013210
-3500577
-8693037
-1850313
-9131428
-179002
-9247768
1538245
-8877341
3122360
-8417226
4549417
-7630725
5847470
-6598176
6885740
-5443851
7615685
-3949327
8165472
-2455952
8392337
-907497
8299871
577606
7977408
2056817
7342956
3481663
6512099
4771770
5487703
5708379
4288563
6536404
2970635
7135595
1554763
7457080
248258
7540467
-1194853
7352382
-2457405
6910230
-3600170
6199522
-4699945
5400614
-5526287
4407195
-6146866
3274689
-6680066
2031018
-6833844
820641
-6727764
-514048
-6387366
-1702419
-5866930
-2810514
-5273089
-3827325
-4308872
-4585876
-3411793
-5275549
-2378843
-5734812
-1235336
-6005412
-118249
-6036051
1026317
-5877973
2033161
-5527370
2963058
-5016628
3838311
-4295265
4445297
-3502276
4905932
-2577604
5271258
-1617040
5355675
-628613
5335263
412304
5079630
1305904
4646012
2281164
4194123
3007118
3403659
3720193
2641985
4167289
1866616
4545277
974776
4751769
141286
4759349
-783477
4653101
-1564868
4315829
-2319953
3875307
-3014324
3418562
-3573101
2744018
-3888217
2031020
-4125924
1162156
-4220242
409058
-4245435
-323160
-3952084
-1105122
-3656209
-1771240
-3098675
-2437974
-2661629
-2863766
-2118270
-3244152
-1395211
-3571823
-682916
-3691725
25790
-3730827
635326
-3572092
1261576
-3290170
1879159
-3026417
2361270
-2508295
2652431
-2039305
2981452
-1481484
3142871
-880639
3227192
-255544
3167897
294559
3000087
803217
2777376
1326939
2391664
1821659
2027120
2166096
1567476
2480882
1096166
2667640
527055
2827688
-43635
2798623
-449599
2783634
-1055038
2560487
-1405385
2264159
-1844168
1980276
-2066149
1564290
-2267423
1069162
-2367947
663892
-2433780
224362
-2369349
-208693
-2263807
-657295
-2109436
-985004
-1806605
-1325553
-1517454
-1630760
-1169398
-1885912
-820617
-2011958
-447326
-2003147
-2933
-2104777
376698
-1996168
685765
-1767756
1012756
-1659575
1342138
-1365640
1477210
-1096615
1652949
-832189
1692553
-532284
1726277
-149585
1642640
149758
1629072
416639
1425455
619401
1276676
960535
1063519
1192331
819534
1241919
558583
1349155
307357
1387994
48120
1423849
-194916
1343270
-471190
1226830
-634473
1158506
-910080
942767
-984446
755925
-1079438
599179
-1155660
377506
-1211834
113505
-1158080
-112940
-1107334
-277688
-988030
-420787
-887320
-618734
-702870
-754903
-532677
-820537
-328057
-945786
-184333
-965407
-259
-942910
167654
-879353
287960
-857913
498478
-790380
558812
-640719
665529
-510616
714540
-345565
773046
-148607
811518
-64043
727884
52368
655522
298049
624469
356079
509678
456646
405586
602638
299361
633587
238065
537285
156950
546898
-94228
591061
-150989
554840
-268267
518556
-291387
491117
-347994
361267
-454462
303325
-474795
134486
-462981
70214
-470035
-49585
-432388
-136871
-413446
-81268
-328999
-211755
-322976
-298047
-183595
-289837
-141639
-380934
-100735
-384091
-4101
-382498
138567
-336290
167529
-280194
202346
-263007
233806
-139563
246887
-124996
309251
-76796
333482
-29999
311442
19231
284519
85817
225518
110802
129349
137841
131575
216446
85634
269273
72106
213904
-6739
212258
-34448
295834
-58664
272171
-176686
120704
-215100
157902
-243120
91751
-251416
76132
-244840
-63449
-258343
-9917
-260737
-51749
-180173
-126424
-170414
-172522
-136411
-256368
-79314
-232886
-33830
-275985
37756
-159681
42333
-222026
54087
-211528
172642
-188125
99950
-153645
227377
-112930
220572
-74039
243398
-4202
284665
51266
171321
35330
308448
115996
221974
157223
169527
151471
133551
246789
99639
211089
92936
272185
-19500
273564
-16712
214533
-164181
227820
-221643
256696
-186700
204556
-216748
151833
-227561
66442
-306577
109
-270076
-40030
-247247
-22095
-242231
-126015
-259837
-138070
-183148
-190343
-127356
-202583
-138972
-246346
-57065
-268708
42006
-356449
-8672
-278188
117688
-303040
160749
-226469
227501
-229514
297962
-222528
275577
-122176
328200
-117234
349257
-64502
269614
19821
286420
35136
378050
79309
284093
189231
262693
211161
217853
280961
136275
322791
93194
389603
41661
334788
567
400828
-68676
410449
-173321
320232
-183575
314813
-318968
300898
-318364
239833
-368179
80084
-429099
89746
-354388
32927
-385897
-14750
-304125
-70790
-383774
-159301
-404604
-293366
-292846
-235355
-184792
-339374
-163817
-398164
-54
-443841
28379
-504191
57175
-532281
229144
-442948
198534
-426416
345529
-339993
400256
-253255
476818
-173316
513150
-129820
474426
-40868
453975
-1753
459460
72222
485773
239998
397700
372206
331831
383331
261835
399798
241465
456840
100765
559478
-7878
519153
45389
543899
-166139
536917
-185193
480232
-280599
406468
-442447
346189
-444799
334337
-457122
188237
-517021
134771
-562276
10818
-534555
-55659
-554279
-216129
-458567
-279697
-522694
-420604
-348546
-455777
-312996
-578752
-127013
-602724
-22019
-591382
65336
-665754
93321
-557358
298953
-578214
343757
-477341
337230
-467566
512370
-313052
562199
-370229
680478
-142921
598955
-32380
662000
40064
600241
154722
565907
285985
508933
348252
465560
508320
274465
507445
256746
565140
105073
613351
64400
655714
-135966
681283
-185353
574505
-355546
562519
-436184
456720
-507426
356937
-557853
329557
-574218
162182
-608030
56730
-627797
-4600
-667854
-139305
-570103
-214830
-534003
-423688
-458069
-465047
-334320
-543965
-284050
-618699
-207768
-621323
-46157
-716247
110774
-662575
243965
-680465
290722
-586197
457586
-499700
504088
-502184
639297
-300710
624152
-198569
647755
-52042
625142
61340
724191
135795
705117
228161
563396
344441
542352
472938
383844
589476
278127
592847
138558
542628
21905
611444
-79416
627715
-180767
645378
-321407
558256
-408981
548122
-529661
393366
-620025
363693
-657459
311412
-669847
59959
-662570
-8543
-569316
-163341
-536356
-228221
-522616
-379532
-469418
-437314
-385302
-539196
-212534
-588234
-135932
-621587
-18467
-622846
124115
-620018
138526
-591691
232119
-573325
347604
-480817
428734
-380605
509893
-317328
549643
-187210
593126
-70768
604831
14637
640952
51276
583898
140583
491403
295511
508072
325497
318212
488389
258803
501397
96076
565961
-444
574189
-125946
574761
-142766
553939
-254860
541446
-324993
418981
-440911
412347
-484192
279157
-492235
188534
-558795
54544
-543424
-26939
-555498
-78439
-491690
-241349
-476969
-347181
-345033
-383427
-364367
-467981
-211903
-462899
-78843
-596763
55268
-526023
82862
-509788
173411
-535926
222985
-479934
404702
-380819
366059
-345078
439396
-268328
482298
-159521
507061
43519
481673
15436
448009
101473
416250
292363
415327
327719
286631
376269
207808
426378
126779
518006
44811
551388
-71403
451262
-157670
454617
-227155
348427
-335816
282706
-363610
253300
-351556
243575
-374704
135023
-388041
38442
-374302
-46993
-384476
-88516
-328572
-158742
-263837
-218780
-223776
-231871
-229233
-327418
-163246
-357176
-46318
-390645
13619
-351131
60078
-380293
143840
-354383
221540
-339509
248076
-209756
293766
-167017
305448
-129363
358333
-61256
411805
57807
368868
78601
281012
220718
291260
131237
223505
256134
110025
332481
76819
264296
22054
341931
22356
382211
-99285
283368
-116665
322114
-173683
240162
-326892
226974
-291346
178446
-358108
64541
-365208
9157
-367376
59475
-270315
-75747
-295838
-175637
-202156
-161401
-211612
-234671
-146525
-276412
-57290
-279232
18628
-276963
4375
-316402
123253
-284228
167089
-312095
212817
-178582
198934
-189695
212803
-175084
292831
-59570
319324
-9335
194979
23678
227220
147901
258798
126754
179808
185386
198599
213132
88184
270502
37067
230554
77320
319705
-73633
262484
-84308
305045
-196456
225844
-139305
212229
-221830
121069
-293815
100598
-311148
102811
-316378
2896
-267801
-72815
-239020
-151716
-159320
-135806
-137168
-191689
-170032
-242880
-85048
-290150
-95041
-351928
22576
-319460
114422
-291185
129955
-222547
146616
-187112
192823
-66636
210782
-75929
221767
-94399
244405
-178
237738
-8663
246928
52696
225123
118913
269048
150702
175241
215072
106331
202347
44367
306916
32290
312952
-36758
241774
-110571
277985
-161765
219025
-203330
201802
-162426
178910
-208492
143208
-228574
97475
-320582
28799
-276263
551
-328141
-85071
-255066
-103294
-206316
-201484
-281760
-208572
-206243
-221819
-143618
-290197
-89179
-251447
11338
-303387
50365
-258559
89621
-284012
170932
-184785
244026
-184328
199785
-148846
205987
-120579
252830
-80963
359333
-37894
305738
78616
284284
155466
249659
82674
191797
173341
183304
251566
148375
308844
74285
214455
84951
317912
-30476
277342
-85392
284529
-164778
265464
-173230
242515
-213533
156778
-313058
157122
-303881
141470
-314269
42926
-313677
-346
-280082
-61986
-239896
-190928
-268602
-148760
-190190
-213685
-160942
-293891
-128540
-293082
-33872
-336186
-30345
-334905
35664
-255213
114586
-262454
83942
-253547
249541
-184870
218176
-161490
175718
-143056
224825
-113095
254696
-15587
274143
3997
341858
108393
208349
125304
232346
206944
166853
175226
204891
278943
142719
308574
46462
357053
-1223
351191
-87120
270641
-150367
321226
-151417
184503
-186729
135070
-241155
177993
-239645
156240
-209651
100488
-276837
18996
-237127
-73823
-281865
-101506
-271250
-111860
-287348
-226999
-164588
-215344
-140357
-242357
-106587
-232774
-42741
-308229
-30376
-257114
65864
-246357
37245
-236029
183793
-269761
134415
-199470
171846
-183406
219298
-113780
192885
-78606
292517
-9120
270649
13886
299105
69291
225887
62931
206569
204104
164365
163250
161275
271928
135136
207705
9253
258710
-13565
231069
1555
195611
-51804
189239
-140079
195604
-175529
127265
-195942
183058
-182228
144026
-180360
126857
-221847
41777
-175863
24503
-260561
-90041
-208568
-85059
-205871
-151020
-208476
-141348
-73880
-135244
-52834
-160914
-124947
-209614
-54941
-261443
74591
-193678
77751
-222368
103661
-202746
171863
-245086
111918
-150850
209070
-101395
221089
-84592
197976
-54673
224890
-74654
192666
-26661
166156
107806
146765
54383
135075
120828
125142
152797
154918
133176
96632
156681
107199
150186
-8862
160636
-23948
180960
-44212
104600
-123738
129498
-144747
156164
-190621
134251
-106521
99975
-191017
54226
-187570
65493
-186663
-20945
-154051
-28110
-250452
-26154
-189157
-67151
-176988
-109094
-98655
-153208
-91106
-189267
-66530
-97325
-15111
-131100
-13861
-157393
25833
-127859
50239
-135206
48232
-92289
95477
-101805
109193
-90510
111676
-70081
156048
-61691
148325
-54344
131923
-14960
112154
44564
130296
9828
98850
32412
77242
48213
135828
26520
128290
66608
17094
108288
28018
138248
-41951
126070
6876
186101
-62177
74243
-106025
123372
-101706
85998
-48283
79399
-26301
38218
-95761
70171
-132789
-35561
-126150
31558
-111311
-18072
-94806
-33780
-77777
-68319
-41635
-79224
-32202
-31665
-18301
-89101
-47415
-90770
-55949
-87054
-27146
-89495
42223
-114869
83337
-69205
51003
-87981
79362
-103290
94494
-74014
82071
-20688
150886
6470
96998
13265
92674
-29796
64389
18747
129711
44268
165768
1713
131980
112523
90766
131660
68958
1353
82470
97255
2284
70151
47521
54388
31676
94921
37376
96054
29780
74364
-56186
17281
-70754
42702
-101340
98074
-153586
-5950
-88127
17779
-116818
14769
-83153
-66527
-54354
-100047
-17391
-39368
-115330
-10991
-29791
-25911
-12664
-115223
-18200
-40993
71256
-67629
-35071
-167972
26159
-111037
22319
-89998
42105
-54780
18501
-70811
50543
-44618
42733
5132
91497
-22683
81183
11343
35319
25335
29592
73634
-22271
82327
86833
91416
35003
113536
-20309
99095
-22709
56906
27279
67908
24978
75106
-58252
71685
-15369
64264
-107763
65055
-66471
-1442
-108206
26042
-81844
23170
-78483
-19321
-54695
23590
-73748
-78735
-31065
-67280
-85687
-34406
-988
-49730
-5143
-37163
24902
-39636
7427
-14850
-6739
-46839
28529
-34701
25256
2933
37197
-18605
29655
-41671
33073
25869
32928
20867
105938
50539
46996
30938
-2435
7329
77699
17323
109
36793
381
81245
-5810
87308
10258
67794
-50503
79498
-19593
1834
-61604
83207
-60045
10985
-67703
-7281
-38381
2191
-55525
6511
-109472
19570
-51619
-31316
-43017
-34352
629
-69863
-7485
-30433
-27622
-12001
39380
-85881
-37760
-68713
34047
-69247
24946
-122498
33619
-34093
26419
-51571
66244
-49104
60755
6185
27835
-1888
-56782
-34998
54611
26784
42142
44532
88489
55393
-2341
51055
42190
-23045
28660
16886
15412
28838
-24616
48772
-41278
73115
-31018
76048
-49915
78232
-60873
80945
-57146
125438
-42895
61935
-57904
-38329
-90546
-12670
-104822
42399
-136537
-25752
-103368
6705
-100052
-5778
-68050
-75681
18383
-41130
-11872
6837
-25915
-18767
31421
-96391
95352
-81528
