#SpinCore Technologies, Inc.
#SF in MHz
#SW in Hz

[HEADER]
@CLASS=	RADIOPROCESSOR
@FIRMWARE= 3087
@SPINAPI= 20130917_x86_64
@POINTS= 900
@SF= 0.000000
@SW= 30000.000000

[DATA]
9033929
-6594225
12083969
-5970801
13181767
-3691414
13725570
-1202906
13735542
1372326
13265484
3937148
12279846
6206387
10899700
8376646
9221287
10314517
7107266
11740921
4891910
12773937
2384281
13456902
-84994
13679917
-2552184
13340555
-4910623
12545261
-7197203
11467012
-9092714
9943879
-10747789
8059320
-11924266
5942132
-12734769
3641669
-13151154
1185802
-13102191
-1221308
-12603846
-3605578
-11619409
-5758536
-10320320
-7737108
-8686776
-9443172
-6772520
-10784909
-4642784
-11777359
-2437828
-12356105
-150530
-12512579
2162204
-12248541
4321476
-11518477
6338812
-10438072
8137514
-9092666
9543343
-7414046
10581436
-5479349
11370397
-3434516
11751821
-1292371
11695058
867273
11216053
2948600
10444293
4910595
9237127
6705624
7799366
8133693
6165597
9402713
4253255
10289034
2291536
10792096
373593
10930061
-1651385
10654236
-3544775
10209648
-5257583
9286226
-6787637
8019019
-8040803
6622821
-9015410
4919129
-9708790
3176164
-10012194
1349258
-10023174
-476274
-9608719
-2291079
-8909119
-4023843
-7983952
-5535976
-6731072
-6812584
-5330050
-7900921
-3798051
-8573642
-2136759
-9039754
-395463
-9205487
1213195
-8966893
2862216
-8528103
4258238
-7798895
5555888
-6801588
6629333
-5647243
7461977
-4189925
8047809
-2808289
8295748
-1223937
8251852
340837
8013252
1775336
7378160
3172802
6643287
4437679
5601996
5554473
4468513
6388815
3162792
6945457
1857179
7384852
524008
7454339
-907108
7431146
-2285006
6973178
-3364629
6394726
-4504553
5566462
-5374173
4592381
-6039072
3519096
-6470955
2324416
-6731958
1021490
-6668307
-161381
-6483625
-1370917
-5991008
-2515068
-5395243
-3556050
-4534142
-4465464
-3665544
-5096061
-2577236
-5646793
-1518766
-5864001
-423238
-6058816
748925
-5867277
1821821
-5636771
2744886
-5141705
3598255
-4484397
4301336
-3659820
4852798
-2739146
5175448
-1778776
5409869
-794984
5311840
267951
5089061
1192550
4723298
2051528
4195373
2886827
3570803
3493333
2797135
4079644
2094003
4487106
1154247
4669819
319054
4772972
-589492
4634130
-1409282
4414181
-2185302
4024215
-2812077
3529216
-3379517
2881152
-3799590
2208385
-4075332
1450646
-4220666
636236
-4196875
-139463
-3979949
-903418
-3765496
-1626137
-3327993
-2287838
-2785363
-2724699
-2178179
-3148333
-1552846
-3465567
-865825
-3644791
-162480
-3660744
454199
-3578960
1096652
-3378898
1715525
-3098724
2176584
-2675196
2600352
-2194603
2990243
-1663964
3058524
-1091514
3176698
-517723
3162843
140656
3066869
723715
2833335
1228083
2555786
1740864
2174198
2154258
1651758
2475553
1168162
2659598
667859
2782561
166814
2810612
-378315
2731821
-845828
2603565
-1213851
2330793
-1629004
2059596
-1959677
1676172
-2181978
1248922
-2373173
794699
-2445970
384072
-2395146
-123634
-2286971
-541654
-2038086
-928336
-1831367
-1280615
-1567778
-1543962
-1253007
-1774509
-854854
-1884671
-506502
-1985895
-174119
-2037853
262801
-2024603
594646
-1870608
829600
-1701702
1201658
-1412877
1409066
-1179832
1533999
-911217
1718946
-664919
1736162
-333819
1679892
-1834
1647571
275700
1490702
669405
1335335
848684
1115635
1124118
869910
1240998
625985
1374274
410771
1425925
107706
1442863
-182749
1409834
-354606
1354138
-597773
1219726
-884306
1046510
-965114
831499
-1096503
601397
-1104424
370431
-1137225
157483
-1143355
-49879
-1137449
-273053
-964750
-449056
-829388
-548013
-710274
-718954
-553126
-803598
-399715
-909860
-254414
-933963
-18806
-901750
175469
-842328
298643
-828996
430527
-709948
535006
-637470
597769
-488490
658890
-350936
731519
-229927
765741
-64390
801454
64748
758450
201717
556665
284020
516050
356800
497913
456578
301294
586654
157569
632818
61599
630596
-29229
537926
-133141
519167
-274961
467269
-365303
423458
-326947
403149
-367882
255316
-475688
185974
-409925
122751
-474861
18465
-450559
-86368
-453082
-173576
-388016
-213405
-230968
-310583
-221496
-313968
-128426
-400664
-87210
-309383
14564
-305918
81086
-318735
229552
-337799
195973
-250725
194330
-225255
267342
-141132
288647
-142544
280982
-70497
262447
98238
277217
61796
249328
157090
112017
203371
181448
202780
72732
196228
68463
300882
61062
303321
-46285
239499
-86759
120014
-82209
198997
-165941
146102
-149954
178981
-218182
98673
-273553
90153
-234963
8896
-201095
-60388
-190568
-95995
-235539
-140071
-152973
-177024
-112417
-234637
-129645
-202422
-2494
-192468
24272
-232761
47152
-236486
134162
-196035
133715
-152196
216132
-139435
203193
-109853
241921
58
226260
-13851
181776
6838
210612
85803
204669
182831
179026
153501
105406
209957
45275
197585
86826
255561
-8905
178008
-45223
218304
-31526
149336
-196495
269889
-257815
181790
-271588
68072
-219918
172615
-274740
46045
-260059
7171
-224105
-62857
-229666
-52536
-240069
-76933
-209512
-199677
-151628
-221029
-116916
-223046
-116720
-297276
11780
-325661
18555
-262892
56349
-291099
136022
-265988
170113
-338890
185967
-264154
241162
-203362
328438
-57302
335898
-39227
345302
29814
357449
102368
360202
128796
306332
173117
274060
238950
207991
318031
165714
274893
119033
396990
67761
321093
-51260
335782
-127194
372881
-138072
327340
-227390
310537
-261351
282110
-303102
230114
-331095
111826
-434927
130623
-396243
-25576
-376603
-26151
-416354
-80192
-413208
-192548
-344480
-195660
-314803
-347957
-205339
-368313
-145773
-405439
-97673
-490028
51096
-450080
104802
-384824
180611
-453008
294386
-397386
324622
-401295
335093
-330186
417859
-281227
442938
-176210
470314
-36304
506082
21771
490630
184657
465039
260758
465532
343707
375684
365351
295443
469296
212902
467799
151683
490775
20744
604213
-159192
515762
-199863
507169
-233783
516110
-278376
495459
-356231
383463
-451693
331547
-518734
210433
-640005
133610
-584541
17154
-557593
-91903
-567235
-155842
-494142
-286779
-432028
-344714
-379082
-425529
-261584
-454098
-183940
-618918
-50144
-645592
-5061
-617618
88539
-587285
206585
-616538
297994
-544275
485364
-374111
563282
-433075
571273
-231549
628209
-184363
659457
-37614
611577
31463
603407
150981
580344
284915
512375
400714
380080
471317
356698
534406
193396
599180
157400
548889
34410
691427
-113346
619901
-183698
625893
-302793
598968
-360836
540854
-517479
378297
-514164
333903
-603109
186389
-612896
47432
-648547
-36422
-667857
-146822
-592793
-265954
-531145
-351648
-500528
-415349
-502995
-456529
-285965
-619022
-172115
-683293
-67581
-652250
37255
-693532
176158
-615211
287110
-621271
374201
-524407
416492
-454375
507869
-343889
615095
-235852
676414
-102162
631257
-11650
665270
131946
609129
253196
557790
339664
427925
433734
405470
506434
341988
579339
174275
621268
40088
637179
-27410
647770
-101550
645416
-254109
646827
-322918
554001
-518113
485518
-483196
398629
-576098
286762
-694944
123630
-667355
87744
-663080
-157630
-607524
-263757
-505833
-350211
-527527
-445299
-369784
-427857
-356814
-513200
-247471
-573122
-139514
-635914
21050
-607192
153301
-646241
309043
-601980
396195
-506753
462004
-454801
560806
-302323
652761
-199156
582628
-74133
599725
21795
599476
68529
573103
192324
471789
265895
510378
386498
354826
453102
292692
480878
191729
578771
102080
602687
-93116
575609
-183293
615505
-214530
464245
-360819
482797
-369342
419368
-472649
328766
-504745
276892
-536374
135377
-530572
-4022
-561382
-99049
-537075
-128251
-466125
-243570
-437705
-355942
-282940
-436828
-224563
-537540
-69258
-460847
-77872
-543007
24637
-585199
174896
-509212
273177
-383163
339483
-342236
454512
-348492
424088
-232242
447705
-173605
555597
-96658
495136
-38591
445101
112761
374559
215372
444440
248292
361327
365497
288814
452028
224821
411614
109628
385220
15566
419537
-57885
430059
-151034
455107
-232439
390136
-295790
380638
-361012
285683
-385887
228788
-419491
76012
-361572
83198
-458388
-62090
-442360
-125911
-320273
-255276
-329902
-289628
-220202
-361118
-207847
-431186
-110166
-373358
-87321
-352435
47486
-410961
179110
-401241
128613
-351846
242941
-279904
286548
-243402
249647
-148162
333889
-61200
309851
-59057
279859
45337
296645
80661
400738
130746
324319
235846
243586
243496
164146
258734
47271
317753
14661
405672
-1848
333997
-156091
311568
-215034
348036
-217366
241051
-262077
176605
-315635
165099
-278124
49002
-306981
-60056
-298671
-20418
-235904
-74046
-249915
-124574
-230257
-165223
-167361
-248255
-101044
-303474
-53765
-313706
-26935
-234978
15597
-287784
81588
-193423
121565
-239090
195057
-241218
222855
-172236
300375
-159492
237586
-43545
250483
-61871
245124
90222
296887
55386
319079
164583
228833
251372
209293
293003
147238
202989
54323
258610
-13912
263634
-38911
259058
-127608
220224
-135862
223276
-230799
179508
-214891
130836
-246551
104734
-220945
49737
-239789
21150
-219906
-63690
-229445
-83745
-158347
-159433
-175057
-202161
-137004
-261023
-31050
-288860
-51365
-260701
14045
-197664
84527
-244727
179132
-187402
110894
-240033
254508
-108777
263163
-106247
235595
-111231
261518
-11453
265669
69243
338892
-4245
273542
112782
192332
167805
159419
181873
171710
326375
40072
240343
1882
225996
-123536
308600
-87677
226480
-184539
166057
-162130
205567
-158121
179976
-244628
94174
-285287
46401
-229729
34548
-321377
-29517
-292873
-62101
-234211
-181021
-273743
-193100
-171467
-188525
-209114
-221823
-122057
-261565
-74418
-319450
-21221
-275768
81951
-250940
183201
-299191
137775
-230986
228083
-178141
311973
-191940
193976
-77246
325225
-31648
338255
22259
246799
67982
241122
82293
264705
154519
189472
211732
133972
268344
113333
287565
115716
336782
-3436
340295
-47724
356255
-128777
249857
-212524
259133
-253551
205049
-282368
184379
-249538
115988
-201750
85486
-261793
10511
-333974
-45885
-326984
-77240
-295458
-123515
-263930
-173168
-267247
-265114
-151575
-227157
-97374
-319740
-81668
-273087
19458
-327782
38327
-306376
132843
-232079
128316
-231469
213948
-230374
256028
-164732
294444
-121904
287078
-98122
329820
2182
269724
106181
299911
111637
231921
114363
214880
190292
205052
231382
141817
228594
45378
314512
46535
284840
-15753
197272
-39010
276080
-129719
227279
-232436
273221
-255134
135789
-240378
264047
-250311
30203
-268262
77846
-265190
-11208
-242514
-89691
-250619
-97037
-229338
-128626
-179342
-207307
-203067
-218251
-145954
-210748
-100453
-216894
-103526
-235657
-20903
-231218
46545
-323746
140886
-291086
80890
-264722
189875
-207970
232491
-114783
346156
-74971
251261
-29433
317683
-26203
211757
89664
202304
40760
226218
89288
284403
162311
168226
214789
158871
248853
176320
221545
54590
271184
-39874
307948
-2735
241508
-64643
187163
-130781
190289
-151659
190621
-160876
159228
-174790
69068
-195339
75634
-184658
7037
-192522
-13861
-292093
-49404
-164130
-57366
-154393
-146718
-204788
-171294
-105008
-228154
-58961
-142965
-38676
-199859
27362
-227895
-5897
-191362
105637
-258551
137266
-193095
172113
-184741
109041
-87731
127526
-140949
202992
-99344
240548
-54334
198783
8743
230125
50304
203219
54241
136514
118873
181146
122796
139304
175698
128774
224870
39952
142814
-24594
149261
-7056
136640
-22739
165340
-46747
180787
-62407
123139
-101359
176987
-84877
161524
-127698
86950
-212165
80076
-169893
-27117
-112330
-22397
-156165
-7495
-118045
-68247
-120202
-118987
-108924
-72941
-67010
-114603
-125364
-124275
-79721
-195707
5283
-206785
-16734
-166039
65943
-157515
9878
-122543
107924
-140367
69442
-107827
56866
-100732
150084
-93203
175905
-38089
176285
-30995
180314
36766
175095
10574
111195
10048
124336
100135
156477
140878
54702
101005
16195
121396
114405
146328
72839
119007
48603
211072
-30842
156431
-54555
89594
-82009
130692
-45185
52827
-92287
106533
-94728
109859
-77787
64763
-86077
30270
-81509
-1318
-13595
-27055
-110506
-67101
-103321
-89630
-53004
-60645
-44256
-122506
32649
-82039
-22680
-60055
-18146
-127549
76249
-96291
-5909
-102277
79008
-107295
67627
-114305
71150
-44548
161533
-86537
119908
-21239
79363
-79665
102782
3523
165320
-57302
103737
-53531
144838
75387
115561
60670
96809
134640
48218
17526
75988
80230
60154
113256
-18393
132305
24182
58344
-12615
89724
-102661
162320
-90865
97730
-25492
39875
-24105
-46034
-43017
16693
-116289
1467
-21993
-18393
-94393
-56509
-137555
-57726
-72440
-33018
-44848
-24679
-43210
-1997
-85805
-78177
-35979
-39912
30848
-88040
21439
-48929
12701
-88877
11417
-20635
50903
-76892
135148
-25640
126590
2586
14689
-46300
52990
-46356
29467
77052
55221
-5300
114009
18304
80908
56587
-9432
31808
89141
58802
51538
92111
34648
97252
-4764
37506
-42332
81073
-23457
52042
-70698
34456
-11249
85266
-15896
35705
-64037
92171
-32442
80826
-113930
71808
-89844
-3720
-70003
25362
-140562
-52777
-70544
14047
-43542
-96320
14859
-26246
-34329
-6619
26197
-131439
-44407
-58729
17778
-74803
39559
-77218
-15617
-55601
57727
20243
67052
-17982
33595
-21785
55384
-27881
100235
20872
35794
43855
84267
26542
84549
83290
15603
73841
36692
20814
20230
118379
25658
19271
61528
32710
-27692
103422
5812
85883
-131768
26974
-122760
57594
-73959
-16241
-54922
-5404
-86237
-10066
-59842
32550
-70602
-21082
-67661
-71474
-36753
25423
-66469
-45122
2937
-92961
-8027
-58281
-60955
-85591
-19969
-71117
36925
-50096
29204
-53199
34647
-3607
79597
-37871
24448
-38435
47201
16096
2640
24815
78719
-26618
-1042
54113
35782
9618
-12959
99973
29214
47190
12995
31392
-43416
62351
6039
88397
-1497
95966
-49506
112666
6431
-9395
-128426
-15950
-77850
108608
-69572
1902
-71004
-21958
-50703
4348
-43515
-6975
-71093
-56866
-24180
-18092
-99299
-64702
-68153
-67527
-27544
-80247
-27027
-80791
74043
-87306
