#SpinCore Technologies, Inc.
#SF in MHz
#SW in Hz

[HEADER]
@CLASS=	RADIOPROCESSOR
@FIRMWARE= 3087
@SPINAPI= 20130917_x86_64
@POINTS= 900
@SF= 0.000000
@SW= 30000.000000

[DATA]
8951741
-6479459
11941948
-5849041
12993825
-3550051
13507631
-1071541
13501766
1491439
13009045
3945970
12089002
6285706
10668000
8420350
8967133
10243297
6911921
11683474
4623894
12680508
2238099
13281347
-210809
13452237
-2786368
13149816
-5092488
12336410
-7225017
11238288
-9161275
9676205
-10694612
7793373
-11789976
5677460
-12735666
3340443
-13051226
1000656
-12970693
-1381543
-12377834
-3707731
-11526216
-5838938
-10074775
-7855335
-8466296
-9481498
-6559970
-10791858
-4439221
-11790794
-2119145
-12296025
132248
-12431290
2370475
-12051753
4556036
-11382819
6444920
-10275320
8162653
-8835096
9642445
-7206571
10694993
-5233550
11395896
-3174521
11674325
-1063681
11574532
1081759
11101427
3164460
10280199
5115945
9020983
6818731
7605351
8332637
5945246
9464557
4047921
10245553
2029502
10753211
62135
10838424
-1932086
10594512
-3767994
9972177
-5450925
9009896
-7022769
7767070
-8309715
6336975
-9203746
4649088
-9764733
2867322
-10012561
985953
-9897535
-814257
-9500420
-2526584
-8752033
-4203645
-7765321
-5756062
-6491236
-6924235
-5121370
-7972401
-3509378
-8678617
-1827116
-9063889
-120694
-9137645
1570564
-8909808
3108391
-8363377
4524030
-7621094
5791610
-6532437
6784173
-5317365
7528273
-4005715
8013951
-2470287
8308972
-932155
8259432
578970
7915143
2108140
7300913
3424000
6504388
4645114
5468735
5643805
4183227
6479052
2874324
7043459
1553958
7413158
184299
7475917
-1140060
7258146
-2451096
6878222
-3693321
6226495
-4633578
5375565
-5550110
4415406
-6072216
3310456
-6503696
2090636
-6685275
910923
-6750564
-443936
-6386873
-1539907
-5940343
-2694875
-5236315
-3770757
-4417704
-4587393
-3486498
-5191249
-2405935
-5661377
-1262804
-5961710
-150932
-5993894
954017
-5848116
1948896
-5476949
2897494
-4961073
3726363
-4287929
4435915
-3454995
4940954
-2601235
5223264
-1620037
5356755
-661354
5273444
345012
5048278
1310171
4666051
2207715
4135713
2942260
3429890
3665432
2619400
4130412
1848786
4533427
972689
4689387
237836
4726318
-730975
4606665
-1546470
4264673
-2285167
3843221
-2953061
3372137
-3451540
2729312
-3809930
2029003
-4050139
1269257
-4175030
456353
-4057443
-398466
-3951369
-1076164
-3615142
-1751477
-3228635
-2377184
-2659902
-2944016
-2117291
-3230378
-1434105
-3490041
-798039
-3540893
-70773
-3669473
613632
-3539158
1233511
-3270251
1825814
-2998276
2285352
-2597438
2696921
-2029682
2955112
-1494172
3185478
-865069
3312710
-386981
3282717
201537
2957389
838514
2787239
1324962
2449698
1720127
2020612
2169457
1600416
2394717
1070958
2630684
478258
2786435
42279
2807586
-460787
2714208
-905300
2578275
-1360194
2289650
-1711314
1983557
-1952319
1583814
-2186370
1169249
-2335265
756405
-2343892
281403
-2288610
-193687
-2277267
-643168
-2046587
-929382
-1810013
-1300212
-1476694
-1602686
-1170668
-1775658
-794688
-1889078
-437700
-2069702
-60342
-2059111
351751
-1928546
644783
-1840604
997377
-1691548
1291265
-1378201
1467901
-1203247
1642560
-901194
1685368
-624927
1770168
-263434
1702981
26726
1565551
314144
1491776
689746
1284634
940227
1157745
1102351
897817
1288427
575568
1373064
303376
1375942
154338
1409831
-198422
1391280
-471304
1261386
-716015
1158886
-843938
929165
-925125
771812
-1092007
586908
-1104625
395231
-1140042
161039
-1133809
-42906
-1085045
-243742
-977244
-392434
-869381
-545325
-690346
-752918
-534924
-928925
-378671
-886276
-220100
-918099
-65627
-882240
104820
-822710
263459
-857601
517403
-731864
612304
-569540
703437
-477052
688534
-303065
705633
-233529
742220
-48452
737339
106310
678074
249671
706333
351858
534414
407368
447904
502667
327833
571661
236813
580209
20361
569477
-39783
608149
-112669
598929
-275754
551962
-356975
401409
-350430
373871
-389891
259517
-447755
147112
-479060
91615
-417132
-71842
-443065
-104503
-440721
-210914
-350952
-239993
-268986
-305123
-219676
-363299
-135876
-319125
-110149
-400999
1394
-337454
68378
-367949
126154
-289144
222322
-275592
197695
-196698
272947
-109029
273200
-104194
211697
-24867
301812
20465
236125
108535
223952
152726
247585
229581
164958
161315
110761
290322
68819
296118
8376
332453
-40065
222552
-37228
206523
-135354
131387
-145730
152582
-206438
103791
-220863
65995
-280504
33456
-248440
-5567
-293640
-108178
-285740
-87578
-223115
-119211
-102439
-202676
-100821
-186666
-49218
-197132
-85461
-243957
32796
-162708
77018
-222759
215176
-216427
226063
-142777
201994
-134245
255782
-60269
251988
-75854
260161
22588
181825
75472
173380
111155
215900
65922
167385
178440
142453
249663
131796
259770
75202
334571
-19499
246495
-54826
232388
-51070
275251
-152677
194614
-120839
179784
-229509
114032
-231016
101541
-318494
73269
-237740
24174
-270606
-71870
-296877
-136832
-268521
-104888
-294598
-166196
-188702
-251980
-66409
-250474
-174484
-197799
-91158
-303716
34736
-308693
142029
-246924
201344
-258162
243311
-230167
248768
-198464
334598
-173503
303561
-141362
344664
-33260
318428
45544
343794
22703
341582
101705
307736
115202
281554
247684
175438
307996
189601
333267
117287
366716
124409
357106
54575
352729
-72763
398945
-143480
333566
-225972
338721
-296057
307557
-311399
269291
-408885
152196
-347832
86512
-410352
-13126
-445298
-12924
-379904
-133794
-342220
-252222
-300767
-264074
-276937
-270369
-281920
-321029
-223066
-434824
-89251
-436955
-18962
-390249
150962
-349002
117980
-384036
231457
-345771
259768
-348597
408597
-234440
449842
-147042
482357
-76801
469007
-15630
525347
31804
435987
94499
517384
222399
482374
301259
353937
314985
282191
374807
253123
485735
146851
513375
8132
449097
-75989
463640
-176361
492945
-214652
494547
-308824
432581
-350110
360763
-438395
353451
-470541
268820
-514752
118882
-594482
28392
-570217
-118269
-534043
-191820
-494328
-318883
-426248
-373795
-443505
-447515
-348226
-448802
-262699
-496447
-123499
-536606
-73273
-587050
46662
-573221
155420
-550463
298771
-527449
358479
-384404
538269
-356178
565769
-314961
608618
-205627
637751
-125396
587174
69102
604348
123254
580541
243358
481033
284293
433118
440769
321674
519164
217431
569493
175917
557400
24508
603467
-85315
676315
-189995
639831
-263833
582882
-363044
520722
-503027
439329
-587466
269453
-560370
254950
-680141
109843
-727860
27129
-693922
-105297
-561957
-232614
-610009
-390535
-545405
-443494
-391035
-545385
-252981
-603955
-178477
-667779
-16897
-665302
25534
-720353
192055
-698952
298538
-609555
320951
-494946
422651
-505439
569095
-384633
640036
-269068
597407
-143702
613599
-36217
653743
71728
628293
196403
574394
324284
513350
379650
364656
486273
324684
537273
269047
595507
-16618
707971
13530
705792
-166103
664370
-306637
578880
-391206
505074
-466374
497500
-478379
349051
-554163
254797
-652681
205067
-658187
56501
-701581
-47257
-595869
-210293
-574357
-330819
-537407
-391881
-396206
-509687
-267805
-626413
-248685
-609166
-102382
-624499
-73081
-681562
141975
-653218
271414
-598783
352934
-511562
430803
-524055
495039
-337819
514116
-300711
576770
-128792
686250
-33624
617410
103981
468372
215998
552945
301780
431194
400657
345693
456181
238682
559047
187351
478312
112654
600322
-10578
569444
-196886
502632
-287812
546888
-365878
449877
-458707
399456
-497646
324647
-528767
232026
-532659
146162
-562147
-18908
-568552
20441
-526162
-151909
-463631
-276216
-426160
-374738
-322255
-456256
-172949
-462180
-152598
-464457
-63807
-550415
58942
-499752
184648
-474043
253728
-460041
413198
-418778
378267
-368276
411270
-193114
481131
-69822
495987
-131859
432764
39216
472853
90128
433563
209699
468375
276532
293073
357985
181739
339073
170548
430342
67511
462285
-35725
473485
-69450
390426
-143709
509885
-195485
372045
-325756
417366
-361004
313297
-352894
225899
-399779
99222
-410293
-62213
-469306
-16521
-408439
-193184
-319684
-257978
-308288
-295403
-302183
-327207
-199005
-337671
-77988
-398260
-97418
-357951
64148
-408248
142633
-339746
168714
-322579
227514
-272632
244143
-187889
306662
-131855
335908
-81498
298734
-29962
307691
59048
342987
68128
320346
126446
280749
231663
255223
268130
143929
248645
153578
369485
47042
313996
-38601
306572
-164091
261067
-166631
323103
-213052
253666
-262678
230670
-252912
109604
-345447
43966
-320370
28807
-384034
-54379
-242338
-20281
-288169
-131110
-236467
-151943
-128304
-248483
-83028
-254701
-88824
-287583
-30934
-250309
76965
-349481
77355
-256172
200191
-210307
198638
-180121
324299
-136406
247742
-86530
215988
-54627
313258
-22758
291447
52693
217960
219238
197488
164148
161271
233001
72591
217590
52100
278607
90156
260174
-2351
257952
-121011
312564
-73766
176474
-163404
207637
-183757
166600
-252372
101730
-255429
102418
-233442
51356
-269247
-17734
-272231
-68539
-246422
-91565
-178503
-182365
-201481
-227758
-45380
-174770
-90398
-252907
1247
-237915
43218
-259425
181515
-183376
91708
-212047
178068
-174452
249797
-170779
209210
-97823
296310
-99081
261180
1119
320645
-106782
235879
57503
286859
74267
146358
173909
162014
198629
201946
256231
155183
263693
40495
280980
15163
292530
-127906
212154
-130647
234181
-165130
198822
-233811
190733
-257852
87112
-226443
58167
-274908
-47743
-274279
-54257
-287454
-21704
-255802
-151256
-260689
-168890
-168377
-188846
-119750
-277372
-97054
-309527
-25520
-325158
-14025
-221183
97439
-322871
110992
-259162
141961
-199003
200320
-226571
305031
-99858
261945
-164200
327494
14695
285507
12446
280283
121880
216041
207115
226859
146901
159147
151313
163780
193798
177628
263314
51253
287960
74151
311431
-53565
295603
-123660
309034
-135379
266849
-189256
188763
-179946
110607
-292710
86206
-299714
-9723
-264519
-8395
-303456
-91839
-323224
-90280
-261486
-119694
-259719
-190934
-209062
-129362
-131311
-219481
-140518
-264038
-66174
-299774
-17936
-288732
34582
-257174
174692
-320111
121703
-252021
195266
-254862
279501
-218222
228502
-150589
261021
-99482
275949
19198
299396
22118
346802
75547
277944
157623
230174
220391
165789
186493
123953
322410
134439
288456
73890
333807
-56115
244540
-86240
195240
-127494
216482
-191989
218248
-174840
108559
-283123
120111
-275125
70316
-352056
79316
-293947
-509
-247042
-42582
-164076
-40620
-249690
-193306
-221525
-155311
-143893
-203102
-120835
-229676
-35075
-202939
-9854
-295658
15236
-225521
34721
-344087
76079
-228059
150386
-177172
219245
-142161
198918
-158524
271238
-65839
277615
-45304
247010
-15017
252879
7548
267546
60731
210640
95831
150719
148903
177769
212737
77886
227924
41760
201751
22722
202651
-26761
243859
34315
264208
-60797
144881
-168035
114315
-179074
197462
-154861
190874
-195655
142293
-154294
80565
-186189
25344
-220351
50679
-201959
-65501
-168460
-42595
-213161
-131297
-107931
-155084
-80867
-156266
-116309
-227705
-90328
-222812
63985
-165265
29190
-163191
64686
-184308
96752
-185766
135307
-92706
198816
-134189
182117
-125307
172883
-71262
237082
-70758
244641
-66770
185754
59498
125838
34838
100789
82461
180990
134763
85192
106334
36667
160675
38611
161645
-16939
184308
-13269
261215
-40830
207000
-98004
174221
-100286
153317
-93901
184051
-142314
115894
-142005
69672
-217165
49901
-152690
50507
-118149
-33716
-141365
-23679
-164145
-89966
-152609
-131549
-134412
-93807
-26608
-184199
-61871
-49433
-38330
-211870
-78699
-99571
20854
-169577
103022
-103193
43735
-185121
94948
-138668
39912
-110485
106125
-68939
90519
-6724
91198
12272
194257
-54670
107492
5166
167102
26826
133957
48625
92518
86019
75557
80852
52512
87914
69305
145407
75336
170163
-26852
97394
-22838
169415
-17922
103489
-109604
147074
-31868
100978
-114104
139333
-65836
81666
-113710
54524
-136030
70831
-148439
12432
-142080
-3226
-154766
-37094
-105684
-120609
-171990
-70190
-98177
-145041
-61907
-75089
-62231
-63385
-33363
-75371
12923
-158227
-44099
-74022
-52072
-130425
113315
-111854
84000
-89790
110325
-77087
24901
-69444
113771
-14155
98430
-10589
55556
-26709
47324
-49543
42959
39274
144066
28317
69447
32952
51397
59160
55250
9381
65702
92592
15279
62509
-221
149010
-33823
189364
16465
141434
-42196
106964
-138573
75145
-79914
60698
14170
41521
-87789
-9497
-48481
29892
-81177
-13557
-89385
-61335
-12471
-67757
-108839
-88001
-65372
-37409
-30394
-142783
-41685
-15247
-4800
-64754
14432
-44770
-18799
-104581
16985
-54655
85024
-43596
35210
-48216
113450
-104620
97747
-78620
30862
35903
45818
-32174
41717
-53662
38263
10362
48902
-10182
46892
-840
66175
122991
108806
1983
44465
-4474
33584
63460
13438
-2849
31614
35327
-22466
86983
-16469
49494
-19808
37451
-111387
67319
-37894
51085
-37121
-50489
-44520
7031
-67683
-18408
-17158
-77279
-54951
-47747
-41468
-46631
-28117
-16270
-2858
-77448
-24708
-37514
-5846
-83801
19875
-67708
42553
-62246
-79400
-69800
30945
-125605
43065
-63727
81641
-39547
15742
16656
87313
-3883
101762
-11086
47684
4976
67324
14551
110357
48936
58042
41602
75030
66190
66084
61973
4532
84124
7406
62576
39656
52527
-85226
-27034
28573
-16784
-58847
61960
-42235
15538
-28379
16052
-49528
-60392
-78280
-19132
-62791
-3346
22408
-72785
-16241
-96795
120
-60154
-55151
-32266
-27450
-75091
39364
-100049
92875
-70368
31511
-56657
45941
-61446
19055
-91645
151937
-19551
41137
-53134
30726
-13974
69628
3004
43766
-76928
-6548
50176
-1267
14051
6670
25229
-36356
96518
31134
131149
-86463
93516
37879
45076
-19244
107356
-47488
-34392
-10949
120758
-35767
53182
-40134
55403
-22549
23418
-47099
56813
-82171
17667
18991
31251
-125417
-13000
-64991
-69127
-17825
-57793
-12980
-21220
16203
-97420
45613
-75163
23914
-80484
