#SpinCore Technologies, Inc.
#SF in MHz
#SW in Hz

[HEADER]
@CLASS=	RADIOPROCESSOR
@FIRMWARE= 3087
@SPINAPI= 20130917_x86_64
@POINTS= 900
@SF= 0.000000
@SW= 30000.000000

[DATA]
7516569
-5404777
9986764
-4837139
10897003
-2866122
11379966
-831041
11351062
1312511
10990458
3440248
10038509
5459464
8923830
7148671
7462412
8692866
5669468
9937324
3846405
10749324
1768567
11292818
-359823
11345240
-2384422
11109876
-4397729
10369507
-6205187
9360164
-7839959
8045002
-9136558
6476833
-10168573
4579474
-10741282
2639441
-10997494
641128
-10873510
-1408275
-10468172
-3337618
-9559508
-5188034
-8384184
-6844568
-7019397
-8210415
-5273645
-9308409
-3508373
-10014873
-1572998
-10427201
349900
-10507138
2270292
-10227673
4085630
-9568549
5734808
-8544373
7139635
-7297755
8240923
-5832058
9133691
-4217363
9684076
-2497755
9940771
-564257
9768022
1178714
9358821
3009578
8557642
4616942
7575823
6029758
6236896
7288658
4759799
8234462
3133919
8857049
1489237
9226821
-251342
9236248
-1902492
8997469
-3491064
8309891
-4962262
7475171
-6218584
6456208
-7184403
5149323
-7942177
3685133
-8388443
2130800
-8508752
531249
-8404836
-998562
-8039555
-2504031
-7295361
-3843369
-6374216
-5067983
-5286664
-6112042
-4008965
-6915515
-2554854
-7516954
-1207153
-7691837
252259
-7777509
1631599
-7540192
2909865
-7034730
4101476
-6307893
5179789
-5364815
6001955
-4287852
6616416
-3123547
6994761
-1792189
7119564
-433173
7022123
843319
6681557
2031792
6108063
3194940
5306635
4181080
4356623
5049239
3377582
5696786
2228415
6110648
970695
6398042
-128261
6399663
-1385328
6178797
-2418915
5749430
-3378152
5141510
-4174215
4389503
-4850577
3452540
-5362149
2523213
-5734147
1459137
-5787161
355848
-5646096
-710103
-5387134
-1737411
-4885873
-2672138
-4269011
-3420499
-3474088
-4141290
-2600356
-4638841
-1726443
-5004052
-715664
-5104144
220068
-5082361
1125927
-4928193
1989315
-4587241
2777632
-4089773
3436283
-3457998
3930227
-2708133
4288047
-1913739
4532548
-1059181
4638433
-156490
4490267
598833
4206841
1387431
3809876
2151566
3333780
2812651
2720301
3337003
1988296
3727240
1352025
4003943
548521
4049080
-250353
4077075
-878444
3896375
-1723826
3617631
-2253275
3149402
-2753403
2672464
-3070613
2096325
-3411746
1489014
-3517553
802011
-3633140
83395
-3544698
-496755
-3280869
-1199103
-2992993
-1765586
-2531141
-2198969
-2084222
-2593734
-1537958
-2913296
-979069
-3056157
-295735
-3149727
300662
-3136022
807031
-2992985
1309300
-2760221
1753309
-2454176
2178154
-2059004
2456175
-1630066
2632977
-1059344
2756279
-586505
2739942
16425
2635606
509424
2495879
912594
2235268
1301067
1832620
1762438
1569516
2042995
1115990
2223141
610708
2379940
224956
2418117
-222913
2390236
-617225
2259847
-1067410
2033169
-1373465
1767042
-1607530
1435778
-1776331
1110361
-1918093
721676
-2056610
368066
-2022679
-9796
-1976947
-342701
-1801544
-728354
-1612542
-1010823
-1393042
-1356869
-1108261
-1529681
-832234
-1722415
-531787
-1723170
-204302
-1762538
178036
-1729995
529059
-1591094
833277
-1501316
1020161
-1243043
1247651
-1002017
1311427
-790783
1445949
-530950
1462654
-243539
1463687
-58997
1394850
250594
1284705
521795
1190660
700361
963420
897404
803935
1111307
560083
1149769
370286
1213986
125385
1251166
-85470
1200621
-288759
1091263
-505649
1053123
-742639
915180
-827686
785468
-930090
535426
-981098
364580
-1024936
140842
-1082895
72508
-946216
-196999
-898672
-389258
-801127
-455815
-626237
-636806
-469487
-709914
-263956
-749893
-217605
-803928
-32368
-831953
49272
-730516
283297
-686163
320611
-662510
494014
-539287
529809
-502894
634060
-347481
667219
-276576
680473
-62964
605471
25527
631165
184589
574164
271641
511675
319499
330198
436837
230177
440787
250271
460116
71127
478738
-18363
455067
-154656
504000
-228438
416604
-287883
346443
-256011
259793
-348467
255929
-373868
142510
-426563
58552
-377760
-11745
-377632
-132281
-284630
-165226
-280176
-198503
-205701
-295731
-111002
-284770
-124346
-301418
-37336
-332996
-19219
-261054
84597
-284317
91514
-323636
185800
-216012
161427
-194781
259316
-201962
237101
-108867
297559
-81736
281388
3316
253756
36215
220163
91110
146853
129397
150056
90252
147308
148417
60660
188693
31895
170203
-32461
172753
-90188
172949
-171577
135423
-185140
140513
-252307
55049
-202459
68067
-220555
26990
-166127
15272
-187737
-33542
-103678
-135796
-107804
-102629
-196026
-87344
-85064
-207632
-64879
-220446
30425
-193585
7075
-268836
141949
-106994
118973
-94876
115818
-111484
212352
-70532
145288
-100037
240389
-29521
221721
29895
232306
-38895
156442
84431
161954
138498
136094
228067
98249
207135
20161
211334
71018
212558
-122730
232243
-63959
198642
-73429
156895
-66363
157358
-150506
96053
-187069
110427
-241233
42697
-195632
24246
-279233
13644
-191671
-76420
-277297
-123725
-152502
-137588
-151325
-180995
-141071
-222026
-100474
-260411
-53552
-241244
129
-265732
7967
-224089
70665
-203743
113025
-223186
187703
-188507
177605
-195065
280435
-76591
331055
-140881
242542
-63391
274151
-13654
268430
78233
179125
103981
230919
128925
270504
249537
147297
266171
99347
288808
93382
303959
42759
364649
-68638
310389
-113625
266788
-201945
275335
-223012
267799
-311288
202030
-209286
148109
-253021
99963
-389955
43088
-349920
32814
-360594
-30838
-297629
-70195
-283335
-138929
-266897
-233643
-222090
-257338
-188493
-339634
-121250
-350246
-6978
-365801
46559
-295488
62558
-348091
211708
-350289
217536
-300515
231391
-257409
294609
-201713
347957
-117035
348499
-70716
358736
-47823
414386
28209
400899
100498
385124
166018
389741
201296
335450
349332
210969
347669
186196
407084
41242
431322
23310
414155
-31494
420145
-142192
376705
-210949
373251
-320337
330038
-357776
336570
-438619
162435
-427569
165537
-435355
103978
-428156
-7147
-482705
-51725
-418276
-180201
-388931
-230217
-428364
-334740
-305283
-365016
-217032
-437223
-91130
-435257
-63788
-519874
-5539
-529790
132276
-432390
258241
-405439
336457
-444142
388820
-356022
388768
-252680
511227
-234485
539895
-141623
550102
-4340
578283
25915
553838
152589
500595
184258
439801
359354
321577
377239
279555
537564
168188
471644
95384
441993
-19892
576628
-89244
489653
-226745
515212
-331001
516013
-407281
454001
-420569
368189
-417225
264913
-500639
167600
-512134
57053
-548291
-43134
-478051
-198112
-436479
-151358
-426010
-288841
-384057
-450488
-301170
-397084
-229245
-467582
-73365
-543523
-6254
-616386
65544
-560953
202108
-525033
297365
-487912
359874
-439327
448544
-310828
464573
-295106
552703
-136561
566283
-36574
516810
41506
575858
132987
449264
202536
456975
379565
415534
384018
301309
453040
209032
457931
118760
587693
38007
552779
-86793
581260
-149386
542493
-328015
467226
-367154
504667
-495134
380914
-472415
213879
-541166
112391
-520630
59399
-538501
-125469
-606164
-214820
-466468
-199523
-464122
-356355
-333982
-438328
-272422
-418580
-278830
-480912
-106309
-486822
-31649
-485038
74995
-532071
160228
-486792
274008
-444029
321338
-391040
373942
-311941
471122
-267808
509484
-124941
514468
-29130
525668
74982
512959
125982
447798
284180
401092
353637
350263
421791
249643
455573
209801
460006
68454
473783
5253
570215
-66291
497766
-178041
449317
-282118
448135
-319831
346704
-389429
293721
-443769
202308
-453405
93078
-434274
22196
-448675
-50736
-481182
-155758
-341234
-205526
-393521
-318326
-230583
-357658
-239183
-384683
-126494
-453826
-110850
-451817
-25330
-430179
77295
-437203
137694
-395766
187879
-297519
293357
-291583
346029
-232909
419090
-135728
354248
-50226
401493
-6799
412707
41891
412024
72973
336749
245328
323439
196377
295225
264660
162521
397043
130441
422301
-15482
361236
-96431
326289
-157246
426944
-255684
338611
-261838
315091
-309067
281609
-327161
200152
-372581
225989
-364161
45104
-392577
-57553
-359481
-93015
-358088
-192158
-290210
-220378
-283335
-319327
-87966
-318837
-26802
-380736
-34797
-313237
81081
-359527
75655
-373078
195434
-329377
245087
-269139
204451
-143098
258559
-156509
279356
-79465
299475
-99391
337125
54666
372659
55021
337613
154626
246593
152535
248391
266346
153152
277110
114363
278643
35291
338611
-40017
347321
-99812
213835
-159464
248945
-219152
165859
-182445
124722
-263529
124309
-235799
27167
-279142
28642
-184278
-32489
-208349
-60489
-147646
-97828
-194435
-194503
-196107
-210020
-88916
-191797
-59253
-214719
-61954
-199357
-24686
-243334
37863
-252242
66609
-204138
164633
-233773
232780
-136926
156285
-76708
230663
-35367
193325
7774
273387
58429
227460
82294
113279
109447
202532
129735
111645
164733
120295
244051
-8361
211937
-28862
186194
7349
193207
-99478
155242
-158636
162067
-69924
105132
-209619
92919
-270425
115593
-224174
40549
-254531
-23229
-185431
-49850
-185352
-112291
-130046
-168782
-99474
-177643
-70380
-185044
-66094
-177235
-61240
-192270
-11414
-148704
83868
-222738
127048
-192081
131469
-182664
190343
-191584
195057
-109927
235332
-41085
247495
-41025
158534
74901
207468
100513
203316
203347
148109
202344
113493
202365
43485
204800
108051
214807
8236
227376
-57460
192850
-55067
281055
-142798
267176
-213005
226779
-188779
203491
-275947
107971
-205580
108502
-225907
-16937
-283359
-101672
-262859
-101466
-237794
-66592
-214109
-119229
-147189
-208216
-84166
-189800
-62671
-306453
-51858
-248877
-1390
-274530
15751
-192766
114072
-237543
140875
-225573
198362
-149027
259910
-58668
230540
-112497
263736
-12934
217662
3449
192405
65303
201049
58161
251340
115054
174404
173450
132067
213693
41868
254981
-51542
281140
5759
273779
-39553
198675
-105896
269031
-170849
197311
-206659
151231
-172026
140548
-242829
42230
-223969
58087
-301708
30196
-257176
-23606
-220117
-85209
-207735
-151982
-144682
-173323
-146859
-254618
-156494
-208246
-11666
-267498
-21592
-237527
75242
-264786
132133
-227477
142226
-245387
211231
-295201
208429
-205532
288238
-157089
295214
-94044
234321
-23059
305167
29568
302980
27375
202599
78735
186454
153686
217226
194658
118016
180220
213
258504
74958
252990
-73346
189266
-102126
229321
-145973
203576
-177513
206829
-219012
162931
-196241
119920
-200473
101919
-201901
12056
-160543
30563
-138968
-23848
-188252
-62480
-211072
-189851
-192223
-135003
-181287
-157905
-145146
-181190
-104841
-252297
-98744
-289161
-23338
-252911
16814
-255502
32064
-219213
76997
-244208
139052
-165984
161652
-190575
104923
-101018
255135
-101311
253460
-36446
247499
12770
211684
39706
199032
61103
208816
77572
159669
149544
86287
180146
78277
165947
58866
199114
-48435
203397
-32661
221835
-47555
203060
-125698
202263
-111223
144732
-173660
144438
-208321
90098
-197383
110984
-200953
47187
-173136
-19403
-216788
1283
-198628
-146993
-154119
-105621
-203359
-125294
-96275
-189786
-91214
-220724
28580
-179363
-29037
-148257
77356
-187053
20556
-140620
64982
-209041
53138
-151642
44275
-177656
160995
-61861
133692
-54742
134195
-36817
184287
-36601
124853
-34206
168716
84824
130403
85733
144716
150956
156983
162534
52939
160755
43920
190183
22589
132358
-70918
171488
-47790
108606
-76713
110839
-25610
65162
-55211
155800
-128139
66196
-88551
92508
-164352
104358
-149094
25711
-158245
-14632
-81820
5176
-98059
-68115
-111173
-38831
-104350
-112756
-129860
-100907
-67428
-207698
-26297
-128426
-44104
-168956
10113
-172874
26810
-120762
86369
-145346
59003
-108516
145830
-120110
155406
-86130
159910
-132246
118092
-6231
159302
-37374
152128
66851
109601
116609
170469
33168
137250
78640
39808
29305
55736
32636
83235
171337
21906
66112
-16243
109811
42911
88439
-51124
134804
-26558
150890
-126370
95469
-94197
92960
-86171
69109
-58714
110362
-97159
53027
-151668
-10264
-71109
-42316
-111105
26884
-107107
-93100
-77271
-26405
-117532
-77249
-41999
-108287
-50376
-58037
11047
-124207
-29661
-110795
-11543
-72814
78560
-81008
66865
-93827
47434
-30956
58860
-25710
72498
-81711
45823
-9684
93028
14024
68996
990
41824
29989
129366
34172
75190
19299
62637
80229
47108
79729
32795
43087
25649
40866
-21558
19040
64014
79057
-29705
135684
-106732
100888
-27866
74796
-41866
47497
-77542
77764
3015
84091
-71254
80318
-30302
41453
-56496
-18857
-60729
18850
-53617
24379
-105719
-39921
-162832
-43012
-6979
-74358
-93324
-16573
-27453
-46177
-45841
-104618
14417
-169722
31917
-52627
33940
-114262
69720
-65528
58224
27374
70962
-29409
62877
-21711
77242
850
157067
34327
99670
17682
64293
47001
59612
20996
21541
86805
80173
50872
31258
39922
-37992
91522
12357
52910
-45299
1907
-43760
60881
-18910
54402
-60679
38206
-47778
40402
-68473
130603
-41319
63639
-98427
7846
-41343
76064
-47066
53534
-13656
-13825
-66968
-41089
-17615
-35329
-3360
-10665
-1157
28660
1367
35718
32207
-32828
14777
-43319
-11938
-28856
-28208
-18111
19217
-58950
-14830
28519
47373
16003
57658
-46538
87388
17112
19911
26385
90884
26637
21530
17765
40365
63464
-12414
-376
-56495
72231
69901
66243
-16794
23826
28564
29860
-26531
48756
-62748
6051
-29607
35746
-51111
-7778
-41455
1038
-30512
-38172
-87934
-82132
-27239
-55301
-47117
-27771
-20798
11131
-9611
-33996
-17588
-16561
-39025
-23714
-26512
-72166
4559
-42184
7280
-41403
5301
-115237
63028
-38948
60784
2663
-39144
-71308
20813
-37217
66727
-10096
74126
-14956
98942
28363
3075
27687
42212
40454
49622
47270
-4951
43453
8170
62022
22489
79820
32471
57913
-45367
86495
12934
51207
-21536
49494
-36002
19941
-51270
-51192
-101214
92436
-65924
37988
-40004
-36843
-5747
-99184
-59258
-33021
1198
-75871
-43233
-69903
29125
-74535
64624
-40525
48407
-72055
-41522
-18616
79029
12332
40412
-91786
