#SpinCore Technologies, Inc.
#SF in MHz
#SW in Hz

[HEADER]
@CLASS=	RADIOPROCESSOR
@FIRMWARE= 3087
@SPINAPI= 20130917_x86_64
@POINTS= 900
@SF= 0.000000
@SW= 30000.000000

[DATA]
5965654
-4360943
7927327
-3912886
8703126
-2389384
9068264
-722568
9042054
990809
8803291
2625725
8116666
4236760
7243757
5644568
6060341
6911110
4732852
7864160
3171482
8572495
1517704
8922597
-107613
9066408
-1803236
8937695
-3402523
8376597
-4876696
7562620
-6150371
6564459
-7243501
5265723
-8042854
3901051
-8515466
2350795
-8781807
739478
-8755137
-946357
-8486846
-2489331
-7757807
-3928235
-6896021
-5267371
-5878042
-6433610
-4460610
-7327621
-3066543
-8025989
-1489413
-8298496
11243
-8451283
1566192
-8238654
3002606
-7804090
4385590
-7019708
5501888
-6084790
6554436
-4989205
7226448
-3667960
7770027
-2245978
7959483
-842413
7933965
632833
7510425
2019302
7035813
3359857
6261241
4563940
5265100
5567317
4116545
6486338
2825477
6973118
1512351
7327156
154014
7338892
-1241012
7171908
-2499531
6849343
-3615079
6217378
-4676194
5362818
-5536209
4420372
-6158473
3379753
-6662613
2097608
-6846625
884570
-6792029
-341014
-6537562
-1627222
-6057694
-2810978
-5406573
-3795855
-4635068
-4610580
-3654000
-5396635
-2566517
-5866761
-1436296
-6123534
-303909
-6309978
853198
-6122846
1982680
-5776612
2939447
-5291511
3824990
-4623222
4537286
-3836361
5090843
-2947521
5479349
-1870389
5657145
-836337
5612272
225353
5462274
1160025
5135132
2162707
4498287
2999601
3890169
3726778
3100166
4338573
2156972
4800816
1259878
5072502
311186
5211668
-578634
5008627
-1552628
4786890
-2344861
4338070
-3050371
3851757
-3640659
3203423
-4166331
2378196
-4489252
1542581
-4667380
738119
-4615465
-166702
-4417639
-981776
-4137668
-1666705
-3706860
-2447290
-3143039
-3055029
-2564196
-3431120
-1844650
-3820611
-1082690
-4017435
-311713
-4149191
438075
-4037343
1141452
-3847336
1821186
-3458950
2463482
-3005783
2937710
-2474093
3217641
-1972119
3440153
-1240423
3562629
-569914
3635724
122401
3410639
756545
3266436
1388341
2887777
1894896
2559675
2454716
1987994
2745774
1366977
3035080
733713
3195358
152191
3251970
-447317
3219065
-934862
3038904
-1490671
2717636
-1904803
2373047
-2342047
1970358
-2630156
1496040
-2764179
948814
-2829490
398472
-2866092
-114067
-2814954
-616686
-2557711
-1070779
-2183861
-1532526
-1952451
-1901149
-1505041
-2084100
-1078326
-2338946
-576039
-2505325
-220251
-2523323
292046
-2436776
747111
-2334233
1160927
-2079422
1534494
-1820931
1682504
-1513336
1973985
-1166667
2157006
-741943
2135468
-416375
2224064
72297
2075645
441570
1965362
884802
1693024
1152719
1398778
1311427
1150870
1612539
873662
1808021
475360
1884100
100558
1891209
-276428
1842271
-549140
1756924
-812622
1626140
-1140978
1461103
-1274924
1174058
-1511636
864168
-1620051
578408
-1642740
279480
-1597539
26665
-1537907
-335144
-1458503
-554573
-1259724
-822582
-1131609
-1010543
-882419
-1128983
-666647
-1317625
-340020
-1344635
-71227
-1372050
151291
-1355471
385084
-1263945
553404
-1173683
801737
-1016161
917347
-814299
1038795
-624859
1197901
-474107
1206441
-171097
1136522
-7613
1084100
242624
1012553
387959
959364
593242
759244
686257
604619
776277
394741
853995
290978
1028534
63393
975567
-82779
941544
-241721
912117
-373309
798347
-516248
734839
-671772
547168
-688237
443563
-795462
346065
-672134
155567
-759562
-43568
-781689
-181956
-728319
-250552
-672565
-335905
-554468
-461085
-402351
-509277
-271829
-598898
-183337
-665117
-145861
-656698
67275
-599921
209396
-603672
185994
-529609
353868
-496165
405888
-364166
444292
-288176
443105
-161572
523041
-137003
527324
19862
434506
136819
400977
245341
367017
282613
338766
325247
195877
399685
249784
392029
17831
466543
77861
344499
-6216
383688
-89474
303396
-151801
280794
-246150
228934
-268250
278953
-334827
157096
-241607
88100
-281240
19800
-258661
-6772
-259672
-64576
-252197
-133657
-167582
-159858
-183864
-227872
-144376
-262681
-144403
-259352
33093
-255741
36545
-246773
56614
-245458
191305
-132372
92740
-157952
180884
-110825
174709
-84695
240080
-33289
177930
-34692
169133
25753
150518
128493
144752
59146
128272
207670
102267
137301
142950
166426
7124
100464
-47140
202615
-9101
177509
-100852
196909
-68879
145686
-165940
114065
-188075
57294
-166305
-19020
-149817
33321
-235992
-19159
-181924
-84930
-70409
-99280
-122312
-80491
-36966
-126737
-39339
-157279
-33472
-185301
-29673
-187504
85595
-185568
49112
-65828
89722
-130208
120126
-66407
57289
-73371
114841
-32701
148228
-104923
175137
7490
114440
46434
162105
48372
71456
89675
56752
152589
44415
174624
-39813
165617
31288
156446
-35687
135977
-82876
162539
-83031
139160
-123283
116804
-129383
119551
-149206
60757
-185908
46700
-170182
3217
-162339
3332
-205440
-45977
-216496
-89340
-200627
-96519
-91648
-140563
-82592
-163104
-72035
-206374
53682
-286106
13183
-160748
73777
-200734
112557
-202921
136645
-164239
152851
-137440
169250
-86869
174481
-126874
247668
-7570
200746
41542
244985
-15493
243675
63154
230824
174501
170458
170575
199613
172300
153542
203505
130219
191982
-4845
243628
-5593
290184
-23750
303786
-52985
237546
-165074
246628
-124834
230432
-225828
177240
-228344
142309
-297788
100613
-215622
16169
-316495
-41235
-306832
-102310
-314381
-65262
-222549
-145713
-233591
-174001
-132917
-221092
-197764
-287765
-132456
-333818
38317
-279808
6438
-320743
60409
-329099
160765
-295090
180812
-268678
218835
-235542
250842
-255998
296624
-146235
359727
-131290
375133
-4896
341927
47427
325117
66724
241653
143903
276223
224100
241018
314307
226743
291919
196232
334137
79785
357155
52539
362312
-43619
330334
-131499
377681
-209202
437848
-253159
312856
-279618
305080
-248687
231392
-369547
158279
-355725
32025
-351273
-8995
-402075
-49216
-325993
-151116
-317265
-244260
-268671
-274503
-254683
-329844
-145031
-340626
-158847
-359440
-126056
-357651
62108
-389306
83637
-389731
179892
-408389
185244
-330163
289509
-287855
333006
-244858
348429
-123983
388299
-32056
428047
-45480
446244
75860
436598
136535
317369
151152
340676
233428
322502
323747
203205
304264
184629
383202
44765
467988
24752
406067
-32357
393440
-68717
350548
-187558
295330
-275382
301921
-355319
275034
-366321
193621
-385233
114402
-450582
83256
-482563
-39357
-448666
-103659
-374209
-136897
-394494
-214061
-316693
-324241
-251824
-397360
-154182
-483475
12842
-475989
-35318
-439709
118521
-491057
157202
-424831
165833
-442030
311343
-351064
327605
-325858
382902
-199915
403470
-106011
440417
-91845
435058
7868
494011
70273
419822
126787
436112
267378
336986
336575
239457
406152
157632
411278
123638
467252
29539
492744
-10186
424537
-121612
391454
-211270
363042
-243272
324234
-322041
306519
-289908
268088
-395605
174562
-419807
55533
-472541
-15098
-476660
-48316
-470880
-128248
-342934
-231857
-355923
-256342
-265061
-324834
-224521
-332246
-76820
-412828
-83278
-412475
-25079
-441749
71175
-406991
149903
-392145
233107
-319119
349882
-303099
344170
-275046
373486
-128597
357530
-72410
364146
-19690
393121
75811
380884
109365
336921
215255
256024
228263
223110
288362
207570
316748
92096
417393
54583
385620
4498
379204
-115967
368258
-129165
349060
-202719
340994
-266305
344222
-286410
260370
-367335
206976
-374324
71244
-379491
20045
-370234
-36511
-348673
-116604
-323023
-278282
-302813
-245310
-178062
-386985
-147797
-343531
-36386
-373330
6401
-307060
37168
-348772
82057
-380154
216140
-297275
233598
-245830
260471
-202611
328207
-134847
361209
-146961
335461
-42006
320813
-10790
271964
105569
280517
116825
214676
134733
232071
188581
171679
246025
115013
271925
25650
317244
7376
280800
-57752
239409
-196689
232121
-205649
237051
-226757
244645
-201971
181885
-324993
79054
-300031
77418
-307615
-21530
-255560
-19315
-299413
-142589
-266041
-153992
-221184
-179370
-185882
-232193
-97016
-248266
-81375
-260824
-42282
-380939
4486
-289592
104856
-267663
132253
-206158
155614
-154182
265026
-119495
245945
-87383
164242
-20974
238724
-10543
224206
-25825
194521
60766
206218
156553
138093
210227
96569
214305
91054
215458
54284
181693
-28924
235779
-49461
177325
-148822
142215
-116600
197215
-124325
217462
-200223
139822
-203656
92539
-216156
34449
-230803
30666
-189634
-65696
-175721
-76990
-136509
-104498
-112212
-205936
-154223
-154482
-167762
-178805
4020
-222507
-36556
-177922
59162
-202159
47390
-228788
84311
-218958
186696
-131371
190240
-137463
157087
-64931
140702
48201
172908
47434
269119
18417
123972
74662
156220
94966
150695
74968
88015
142804
73447
186830
40023
186801
-17392
189852
-55836
104177
-100134
197535
-87543
161684
-122740
73001
-114336
42586
-124871
83370
-98287
-36320
-148713
-32554
-149915
-91739
-177973
-89599
-159430
-65265
-108184
-163970
-153866
-162867
-66409
-194459
34092
-199824
64658
-242850
46992
-194977
119462
-149515
121762
-119673
168206
-60157
193782
-53552
177989
-83399
159288
-19419
208614
28428
246552
52894
99671
112222
135183
196856
170667
165364
16275
204478
-7309
185090
9333
225652
-64003
146563
-53580
139190
-64444
110423
-134801
224496
-137484
115761
-138548
11671
-140127
57255
-176284
15512
-206245
-85790
-182417
-138885
-180924
-132948
-93991
-59645
-87444
-132867
-91023
-146960
-34111
-181992
-3446
-217385
-12852
-194837
75646
-177954
106408
-209421
99606
-110897
137818
-105849
155832
-87959
191233
-19982
147969
-58940
176162
-69616
157524
-9800
188599
-43098
203112
65675
84340
145292
170987
167078
125449
225034
94365
205368
-4380
206322
-33246
246577
-78137
212038
-87482
170107
-99914
156391
-127480
125481
-244587
49766
-255528
50264
-125329
-38711
-270314
-7783
-231536
-22193
-183096
-143070
-133930
-78282
-101164
-120364
-58051
-138734
-166963
-136192
-48553
-280900
11967
-233695
81083
-223536
75867
-119248
99958
-112339
118825
-150196
119402
-108461
167723
-91670
133944
-56440
138675
15605
202101
118556
253737
23946
161083
145095
118064
173320
142176
134335
85730
124759
52053
198480
-256
229601
-13647
130873
-93134
196753
-66843
205958
-139123
221442
-154994
143345
-240910
139515
-146526
13208
-160214
-7442
-135524
-40558
-206826
3590
-152754
-118976
-118195
-11299
-160941
-137839
-65785
-134719
-98553
-166032
6599
-173083
48844
-198593
3936
-204292
73800
-228554
30974
-161870
160770
-165459
141258
-115085
130670
-111833
173555
-86005
149547
24489
125603
27682
218389
10258
167541
9554
165108
39566
103107
97050
97884
113210
24736
206385
37044
228177
38957
173088
8852
223687
29295
173447
-95388
147430
-48630
158688
-137854
91415
-189313
69896
-186700
8436
-186194
23402
-193965
-18841
-129693
-22346
-140555
5672
-182928
-94470
-151757
-100883
-122583
-114700
-76032
-143300
-62301
-142045
5222
-77778
-14447
-101228
-7673
-128508
-19674
-125260
55097
-82215
58719
-108355
69536
-107667
158201
-141022
164127
-41937
86618
-19145
64097
-217
102200
33783
65939
5574
106097
64895
72258
31307
80747
74668
122482
100508
16442
73668
15054
138042
-54407
123440
-33913
110298
-35472
142183
-53646
69408
-95988
75404
-132064
26161
-86734
95956
-83719
-24819
-38404
-54166
-132441
-33346
-103562
-74263
-107266
-26773
-89824
6738
-95832
-76947
-113403
-22431
-31693
-113153
-71940
-74558
-9638
-106793
-31393
-104849
23901
-55715
23099
-27744
94914
-119895
58732
-1382
110593
16718
116198
-28541
107849
40766
82387
-46987
15107
-13220
67458
28351
85032
-3283
7958
55691
79150
50817
25485
66196
71276
106163
54978
12226
-6166
48586
-5079
38461
-39928
74145
-1913
70917
-17570
117112
-86970
93512
-14354
56052
-64063
44461
-97711
72799
-96992
28912
-83326
12978
-66222
8342
-130425
-44049
-102343
-73894
-67691
-98693
-65678
-81374
-48641
-54230
-60667
-47361
-41075
-47626
41799
-90388
22747
11652
22118
-109018
9198
-61436
-2620
-27203
47416
-43870
77531
-50744
24389
-6450
62700
8783
34308
-38639
48333
-35434
103280
47978
-21903
100824
133790
20906
-35235
530
32052
106541
574
29583
-52112
8252
-47831
7790
-11332
9560
33787
46059
-57494
-18569
-20480
24600
-89251
-20130
424
37174
-28806
4153
-26904
-35370
-42324
27848
-19015
11236
-42506
-123733
-32888
-43403
-16801
-44051
-7371
-48375
4413
24993
4089
-75844
23330
23777
-9435
-75862
62433
8537
-27206
-33903
60486
-44019
34679
-23054
58969
5323
88890
-79214
69138
-71186
33779
4238
39587
10992
52483
-33380
18955
-32451
11670
28219
5654
62566
32741
54446
22243
17464
30947
24997
-20679
51403
-27741
34083
-79710
8222
-76099
35810
-75741
98931
-56779
-45135
-46183
-34967
-21575
-7448
-42326
-79132
-99393
33199
-15206
3962
-29428
-11575
-8304
-34219
-35897
-14318
-42659
-38206
-22647
9393
-12624
-1035
6042
-62605
15824
2283
2592
-27878
-7286
-34384
46595
-11960
59267
30529
68297
12595
63773
-3084
70221
24802
-33262
67815
28760
35430
39258
2846
-27514
1363
59643
23182
-53423
26585
-17229
-6416
4485
-11391
-46941
10579
-59088
27056
-71209
-40632
-31022
37188
6594
22249
-39406
29937
-32796
-3676
-95120
-13833
-33653
-90111
-16654
-56427
-16420
-59796
50023
-61852
42555
-51262
-22641
-22824
57554
13548
19151
-19266
50983
-5170
103730
-18179
61059
6874
36329
25255
50595
44475
14675
47481
26137
22189
-32010
33606
37715
29190
11684
4579
-26673
69315
-40692
14089
-7480
-33628
32053
59543
-14153
-11685
-67263
-7636
14959
47511
-78534
-5713
-93975
6677
-43115
54089
-85525
-46171
-79314
-5931
-71003
-49241
-116210
-58462
-101885
-53202
-36519
-100767
-6760
-50472
30612
-44990
