#SpinCore Technologies, Inc.
#SF in MHz
#SW in Hz

[HEADER]
@CLASS=	RADIOPROCESSOR
@FIRMWARE= 3087
@SPINAPI= 20130917_x86_64
@POINTS= 900
@SF= 0.000000
@SW= 30000.000000

[DATA]
9059216
-6583641
12036231
-5900034
13083478
-3609152
13666145
-1171913
13693646
1362210
13144919
3993622
12167832
6324767
10849135
8405459
9109571
10266964
7035472
11709105
4807974
12771466
2301681
13450223
-126876
13604102
-2630035
13300909
-4933953
12541516
-7193909
11369844
-9109608
9848239
-10684282
7972377
-11930356
5835390
-12774108
3611931
-13117953
1148185
-13036596
-1195414
-12511873
-3574677
-11582314
-5717490
-10217286
-7771200
-8629775
-9394597
-6680042
-10817124
-4653964
-11737984
-2365192
-12388099
-51920
-12525811
2194187
-12236216
4378124
-11518075
6390883
-10490636
8131171
-9086115
9552600
-7462879
10639529
-5529481
11402529
-3454344
11751695
-1357411
11614126
881602
11197497
2880462
10403788
5007407
9176065
6656468
7798775
8178212
6118238
9408937
4268744
10277266
2317423
10765984
305025
10936949
-1664696
10720733
-3533695
10132345
-5341334
9225655
-6812080
7997991
-8086913
6598227
-9056603
4892814
-9735452
3122150
-10026038
1328392
-9950657
-489481
-9642992
-2314112
-8926211
-4027554
-7968092
-5507870
-6778658
-6819239
-5357270
-7818878
-3761058
-8525190
-2101616
-9077857
-377584
-9140403
1202730
-9001440
2910285
-8455140
4275910
-7772708
5588024
-6790685
6608960
-5601222
7550534
-4237651
8005136
-2766053
8268736
-1259599
8289167
334422
8012272
1829691
7492792
3194632
6713889
4442839
5664726
5486737
4489215
6383657
3227561
7041150
1873852
7360052
495974
7504344
-962115
7338339
-2191618
7022653
-3361178
6362182
-4450612
5599653
-5358623
4656295
-6011344
3515876
-6492018
2375439
-6697059
1079745
-6671795
-226076
-6442401
-1397068
-6057070
-2531297
-5365245
-3564915
-4570960
-4343604
-3639349
-5081962
-2644670
-5643312
-1534731
-5883646
-424013
-6022879
728286
-5956691
1759460
-5635266
2782050
-5214658
3600574
-4495678
4303874
-3716208
4776809
-2860256
5186633
-1901651
5304892
-907171
5342720
131452
5181456
1176545
4779381
2031940
4330389
2812701
3698920
3479513
2884085
4029302
2053050
4505081
1225577
4764473
318503
4775526
-509596
4688310
-1405896
4365342
-2146545
4061535
-2729524
3518126
-3268020
2889792
-3756981
2195560
-4032514
1469809
-4170711
677176
-4137255
-54213
-3968781
-862165
-3660708
-1562196
-3378976
-2153056
-2868580
-2673028
-2199979
-3130606
-1616821
-3487286
-913044
-3608722
-231872
-3724092
398027
-3604656
1073518
-3429690
1632402
-3092148
2163810
-2712495
2566712
-2226080
2888725
-1745118
3156393
-1118102
3221434
-595309
3208328
72235
3078372
660509
2890919
1249645
2565210
1686858
2125625
2003552
1761168
2479547
1165950
2609886
729589
2747673
137063
2791193
-353460
2745197
-787595
2628286
-1277175
2286703
-1561032
2099097
-1919926
1740993
-2119709
1328927
-2314159
819399
-2390524
452351
-2364234
-107
-2258980
-460157
-2132133
-897145
-1989309
-1209145
-1579495
-1483117
-1339681
-1827819
-917992
-1859965
-593809
-2003015
-238980
-2008187
176500
-1868028
535348
-1829633
866232
-1708521
1151075
-1471273
1431082
-1236015
1593711
-928389
1655791
-610003
1653803
-327580
1696126
32973
1668289
310343
1595412
524516
1398081
866338
1174084
1130034
930601
1212894
684304
1346561
382466
1417173
113873
1437634
-108851
1417383
-381628
1332516
-580412
1206290
-752546
1110900
-949392
832445
-1002903
629996
-1123406
434874
-1138494
175067
-1136765
15980
-1084092
-215390
-1027384
-371401
-903482
-638618
-809820
-728739
-555385
-818056
-447751
-936369
-228020
-921151
-153521
-927681
76240
-919612
209745
-845985
368858
-694561
529902
-612284
584833
-505609
701600
-426622
784034
-345078
729209
-45317
751644
-40798
750018
117739
658214
299173
613719
416840
542368
457263
333503
537570
213411
605018
83024
557568
746
584966
-153473
537523
-230853
504220
-246504
358370
-382003
381792
-420520
281372
-492820
120457
-475261
140380
-447678
1048
-476643
-32510
-420833
-194854
-329040
-229778
-311787
-278837
-218256
-338260
-111558
-405823
-32178
-347105
1164
-350595
71933
-358143
146880
-314252
189756
-251652
208871
-210041
233305
-117616
239711
-74683
271686
-110773
257315
10304
208819
78806
252206
133841
257350
242481
230242
287526
194815
234607
92209
277750
-24179
236571
-37718
283166
-75696
196767
-128474
214126
-101301
181385
-228733
135591
-201619
57133
-212368
43672
-242733
-53798
-196897
-54837
-233927
-133297
-168034
-161045
-203049
-212554
-87527
-194774
-51306
-259340
65101
-241359
36343
-266856
147958
-252854
120638
-226003
164823
-223541
196927
-93490
156371
-164969
233728
7089
257558
-73387
214414
58784
174205
152949
231172
178250
179969
147609
108481
154888
79018
165101
27930
272116
74995
215551
-4388
268739
-35606
302248
-178112
266093
-197982
231691
-212190
81382
-250540
66045
-285614
61362
-281993
-264
-284761
24392
-255870
-61830
-232901
-119548
-231984
-234999
-186243
-229610
-168952
-219381
-79074
-252323
-72695
-298948
1870
-355134
63682
-314109
97149
-308223
225610
-258982
251159
-208364
291376
-197079
330029
-176446
337099
-74680
357742
-53529
331346
-1915
296438
62895
280072
129787
241996
173866
186993
219786
180207
292785
107576
263674
91856
300136
21545
340081
-53497
366110
-238493
301123
-219166
274785
-285780
233458
-271004
260314
-337127
205275
-420833
109794
-468304
30993
-367266
6002
-419273
-90200
-400739
-141301
-305271
-248583
-320078
-344886
-253414
-348038
-139222
-391451
-58684
-398243
7704
-468242
135246
-398219
151930
-486770
144824
-404663
250799
-426119
331061
-317672
400391
-179322
425732
-207840
465646
-75771
480133
-35422
491948
188115
478608
156237
456453
282508
368404
307730
344519
445738
212397
434997
224350
507498
60389
564799
-29517
506518
-112650
512458
-228785
494244
-247336
474303
-344745
383849
-446956
252180
-554662
264385
-550183
188098
-575259
92311
-576511
-9239
-559874
-156823
-546922
-251661
-435622
-405615
-475619
-394640
-358910
-481737
-228786
-510181
-76597
-578163
-24359
-565435
67368
-600653
181769
-553503
304279
-563455
362289
-445879
433800
-392090
560118
-337920
568340
-158304
644519
-37876
555199
-39654
586724
156788
607899
261056
518839
324044
484789
380961
312371
508660
237234
529866
139180
604008
79384
650332
-38427
689892
-146949
541643
-268584
606272
-419765
489954
-452080
443958
-576830
373235
-559053
286907
-658790
106856
-671655
18699
-666145
-76848
-584500
-178918
-581599
-331793
-555020
-410542
-420431
-535627
-349425
-542418
-211029
-634360
-104410
-563973
35344
-660373
105842
-668452
259550
-617270
422791
-562804
457662
-480148
491527
-351347
652749
-259069
636401
-142171
740914
-24370
646365
61117
638719
158171
515560
292059
548041
393342
438674
494326
314981
530614
264217
579701
83867
672882
5018
624327
-70360
648170
-280064
636750
-282377
525969
-451326
455764
-519412
369809
-608785
301155
-587169
168169
-620447
66925
-647243
-88643
-678010
-117629
-576780
-344408
-522228
-389719
-455533
-486569
-368469
-537690
-260899
-659521
-180830
-627304
5491
-604947
124295
-592778
181221
-610940
357547
-484518
391330
-415915
533561
-357208
542494
-202691
617882
-147240
571641
-47935
645971
6562
522241
205194
581033
257625
506969
373995
351483
463029
341345
437623
151586
527925
105951
552446
-34797
535821
-114998
509029
-237608
538674
-322906
435117
-470992
509333
-520351
323278
-552545
285960
-639023
114587
-544290
57361
-602526
13540
-557404
-190991
-562545
-303787
-445702
-338443
-345625
-469940
-249795
-430425
-94809
-519964
-98509
-500837
-3047
-441952
100791
-500380
185043
-493778
287608
-390397
309659
-346056
484596
-237920
431932
-199752
540158
-90538
469960
40768
462829
102551
393530
128729
374760
288861
324410
367704
252268
363926
125449
457822
110073
458229
-23769
515563
-129689
450475
-121867
403694
-216576
353161
-352309
352547
-358780
242716
-347065
194842
-389525
110671
-437598
-62798
-379116
-106953
-357781
-131181
-349920
-221030
-313266
-353337
-220420
-334806
-241161
-311355
-75838
-320701
-113230
-349559
-20544
-340701
100654
-362047
167111
-296926
220904
-293623
231902
-253570
326512
-186443
331667
-59281
346377
8189
419039
37101
350999
110449
282542
144192
311452
240847
204060
251164
98408
293782
78724
322973
-28337
408151
-28235
340202
-79193
319653
-169369
337868
-154444
193790
-293462
249435
-257174
151662
-320857
87399
-330751
23628
-293504
82974
-296008
-82188
-242792
-143765
-209642
-231909
-193043
-237812
-146440
-238775
-108669
-262971
11112
-287363
36931
-265031
111273
-195198
148689
-273026
186752
-217096
283942
-101217
276757
-55717
225595
-42334
247407
10395
246269
28927
248530
129330
264318
179496
202439
203572
223580
180691
151328
173448
78118
261429
29382
298894
-42212
273738
-126089
188452
-161315
269505
-197722
201848
-222927
56747
-286285
80644
-263609
102029
-279529
2025
-315746
-47211
-229679
-48027
-186196
-155534
-184986
-194520
-227302
-190145
-45908
-223146
-94371
-320189
-44549
-178955
26553
-249803
183084
-195853
111667
-251717
171611
-130955
185714
-100284
293091
-97891
307643
-50487
258306
-31310
269294
30733
275538
91856
238788
200802
200264
276141
145355
267136
124146
223433
85652
226538
-35227
265774
-76775
251580
-116429
262023
-111784
196500
-256066
226815
-221648
135403
-264500
153242
-291427
-26412
-298236
-35162
-242537
-37839
-325280
-98119
-269406
-121577
-242772
-212163
-190992
-248338
-154393
-269714
-41810
-310439
44305
-309213
62550
-272600
73659
-266963
164892
-278971
181654
-194336
272264
-155481
271421
-159921
268046
-57916
270232
3200
351372
25911
212999
71188
247935
176584
215223
312369
201721
293987
200294
277065
139279
328987
-8552
341556
7787
310596
-77602
241926
-79824
228626
-138234
240224
-265274
115102
-231050
114569
-312722
129353
-276930
84962
-324114
-88405
-320438
-71968
-258721
-135785
-263735
-134571
-190106
-199311
-225343
-269629
-88983
-221117
-27455
-256833
-14554
-279557
17361
-273496
72617
-297135
90822
-223979
210890
-135210
225351
-147696
312937
-125901
276866
-144624
238362
31822
221804
46813
319765
111254
286999
143954
242245
226762
230132
202875
187526
205190
97681
205672
55601
255241
53911
219147
-60302
281538
-105491
266637
-218243
202392
-218020
239425
-274992
155181
-221100
71904
-263826
89677
-283791
21220
-292080
-13875
-252082
-132146
-265863
-92933
-242825
-163730
-180426
-253080
-175079
-227975
-94398
-269010
-88193
-226612
-22720
-279009
58599
-274038
96180
-192898
134787
-244310
163655
-170783
216629
-223838
254803
-133076
308307
-145595
285248
-47312
321261
-21015
174198
53986
216701
103155
155761
123999
162724
148296
105477
187710
83432
251614
98208
173787
-2716
303922
7480
277553
-55547
199556
-60672
196143
-67580
210463
-203477
180277
-171660
123835
-214111
134946
-211301
106757
-209320
31026
-186806
-29212
-176424
-60704
-129193
-82781
-182164
-134429
-120830
-150954
-36040
-303166
-44167
-237721
-16617
-234960
17012
-284789
24908
-219222
72362
-209780
155237
-220493
160376
-178665
178316
-141210
193467
-91864
229237
-68797
188340
29447
165641
5810
189649
66701
192360
96283
255362
83755
101195
169135
98201
154427
51304
189315
58733
186785
7684
226386
15333
153743
-24819
213787
-98157
178601
-149009
132221
-221623
82574
-154551
133257
-179283
101287
-167487
12143
-179696
-22345
-201019
-25582
-144063
-54774
-226838
-98121
-147725
-83959
-127820
-93079
-90783
-86485
-33317
-120660
-4523
-124452
-19347
-147327
16927
-127068
66508
-68878
101546
-116448
107850
-117117
85930
-1921
238925
-73180
94451
-43869
109872
-63134
129927
-31539
180390
1102
107635
16269
134587
95057
123733
54586
90170
76321
126331
63084
80019
141882
10198
112343
-35540
120154
2543
145949
820
176836
-47311
122559
-121846
131269
-106340
42719
-68266
58208
-113598
93665
-126342
9962
-102226
3537
-101877
-2131
-103099
3713
-72208
-65030
-79317
-132378
-50583
-109070
-32195
-81617
-40446
-57100
-55282
-147424
948
-154262
61448
-105622
66500
-165201
50610
-128881
117286
-50145
139102
-87605
66605
-81817
115571
-38077
113046
17126
123498
-33660
106726
-26388
65539
-39953
137158
113868
92165
119655
52182
122837
18486
129921
19542
124697
5213
62673
59400
107175
-63425
108508
-12853
56314
-33882
8934
-90378
57404
-52791
18905
-88738
12640
-62932
57848
-62420
56951
-94212
4375
-47201
-10549
-72002
-78100
-64285
-109622
-68114
-17211
-24135
-19356
-88424
-121660
-59870
-90560
80788
-107530
-41863
-12230
25945
-82397
-15943
-102192
1636
-83578
22599
-63079
12224
18380
85070
-73048
118233
-56253
86620
-539
56168
52837
34102
-26697
43498
6650
31888
-8257
8060
110325
3770
9675
-32846
37618
-6460
37134
16729
68798
148
53539
-42130
80149
-39989
6257
-64239
40896
-107128
61966
-5867
29101
-34511
76169
-60286
-12618
-73100
-28192
-39983
-2573
-17104
-87704
37938
-101903
-40607
-34609
59802
-84977
-25718
18033
-3649
-33704
12595
-77924
33895
-42643
-20856
14473
112505
-48583
30506
21346
51829
-2332
53128
44228
21475
100880
56479
103635
58087
86185
49788
19701
15812
112830
44181
55483
16552
49909
25937
7850
26991
85993
48719
130341
-61660
103223
-6168
83738
-45487
43419
5687
-17036
-25184
41190
-7078
18002
-54436
-45806
-84610
-62541
-41484
-51922
-42568
-26368
-79225
18191
-9695
-49959
3747
-46689
-33779
-56225
75999
-115974
90593
-63119
55304
-114794
83169
-53251
56802
-61673
7654
6737
22571
36641
14138
47858
44728
48264
-22522
49380
30630
47716
14260
53278
-10300
97876
17511
111163
-17222
13119
-28921
89020
-30899
54308
-120490
39836
-15962
75360
-112468
31288
-143830
-5441
-102166
35541
-120084
56307
-59747
9165
-51339
-4079
-63446
9876
-72548
-73940
435
-78889
5510
-43283
22407
-95779
13106
-16558
