#SpinCore Technologies, Inc.
#SF in MHz
#SW in Hz

[HEADER]
@CLASS=	RADIOPROCESSOR
@FIRMWARE= 3087
@SPINAPI= 20130917_x86_64
@POINTS= 900
@SF= 0.000000
@SW= 30000.000000

[DATA]
-7388959
8269345
-10425225
8190186
-11929758
6151103
-12919474
3943165
-13464659
1422057
-13599358
-1064082
-13205904
-3528902
-12307109
-5814649
-11040675
-8046564
-9444278
-9927574
-7519269
-11454880
-5208661
-12594837
-2740731
-13411635
-298028
-13635186
2170540
-13397740
4572520
-12722793
6788590
-11636341
8779620
-10151814
10362534
-8366978
11755340
-6316675
12712599
-4077192
13206590
-1685126
13235429
644675
12814811
3129774
11989799
5341186
10681820
7371056
9170285
9140672
7306148
10649728
5201104
11698233
2974283
12418549
728766
12594846
-1607086
12429226
-3884344
11883232
-5960778
10986410
-7775534
9623159
-9293165
8005220
-10565780
6083156
-11415548
4071587
-11850528
1955774
-11861156
-274637
-11511713
-2407336
-10841248
-4423326
-9773750
-6354316
-8426007
-7930693
-6786028
-9241050
-4916859
-10171209
-2977183
-10862748
-999944
-11081985
1054619
-10996265
3021721
-10514150
4802902
-9708557
6469344
-8606523
7820379
-7179817
8898166
-5579976
9752058
-3799162
10103459
-1978719
10291636
-80610
10059565
1728902
9501716
3510895
8539401
5101466
7405759
6498014
6056716
7669658
4545904
8578696
2965392
9101251
1176676
9375528
-647637
9261072
-2255426
8918830
-3817733
8361531
-5192779
7467360
-6364420
6227755
-7250543
4942563
-8007163
3502204
-8388406
1973460
-8551735
326311
-8363302
-1186342
-7917722
-2638224
-7237303
-3961837
-6287258
-5080162
-5152852
-6110695
-3987569
-6929077
-2614467
-7395571
-1244119
-7654435
214149
-7649652
1630066
-7382296
2896197
-6934043
4013892
-6179580
4918520
-5303548
5878761
-4197010
6340218
-3068274
6705997
-1903626
6892450
-594739
6742695
660764
6473999
1924016
5896866
2969781
5174332
3926182
4304383
4818964
3345834
5449355
2301812
5893534
1145083
6084034
16943
6138518
-1095662
5876738
-2142049
5527765
-2980890
5004360
-3778290
4309008
-4539313
3480959
-5043552
2621359
-5335972
1600363
-5331495
550473
-5298334
-428595
-5096806
-1318201
-4674868
-2188409
-4114176
-3026321
-3432566
-3657657
-2759389
-4226110
-1917406
-4529434
-1030520
-4781547
-121792
-4766822
718367
-4649516
1554842
-4331347
2317385
-3999441
2967647
-3406650
3491103
-2733932
3826129
-2154547
4102140
-1311824
4252573
-613513
4155753
225507
3992050
926131
3637965
1617586
3278776
2267562
2710632
2736786
2151229
3124426
1488877
3454790
881760
3568213
157844
3678127
-447625
3512494
-1069403
3348282
-1689952
3068756
-2196122
2650247
-2553136
2174687
-2816650
1703297
-3090890
1047956
-3127916
530722
-3099443
-110434
-3010368
-662822
-2771254
-1209149
-2403904
-1612888
-2081449
-1994072
-1628592
-2361199
-1232637
-2583652
-682393
-2673055
-238871
-2697359
310479
-2648097
819020
-2474024
1194600
-2352011
1486366
-2014945
1791238
-1712161
2106322
-1273735
2236832
-854945
2324055
-474556
2327675
-1077
2287595
320410
2083779
760691
1841993
1104467
1555857
1335044
1270127
1568113
974797
1804989
611679
1898622
304054
1916260
-105534
1899437
-409829
1863801
-725605
1712666
-1016507
1526715
-1227954
1225476
-1388829
1026361
-1543337
725996
-1593426
436341
-1583333
127145
-1543930
-159719
-1455098
-451287
-1399756
-683495
-1096314
-828720
-991015
-1049544
-745510
-1184694
-410587
-1209237
-279930
-1249833
-12194
-1280097
261956
-1206927
476033
-1150628
648008
-1042355
779899
-818066
890139
-699471
1030508
-566407
1060931
-402525
1075440
-215102
1036435
88646
991676
221387
887939
471842
716794
521703
655469
688770
463438
720004
347724
687604
210064
823598
79667
791205
-93191
791024
-226765
688875
-329566
700025
-423833
503734
-471900
442208
-621649
347646
-595256
251342
-598281
104167
-544171
1629
-519953
-114337
-500169
-209395
-469707
-263449
-419778
-299450
-237639
-377036
-208075
-475517
-127011
-497416
-59350
-471555
53387
-437948
48831
-377608
194503
-377239
179973
-309234
233078
-277196
284687
-192570
334443
-121654
292699
-39510
235991
-36837
293806
99221
264071
125147
237879
180027
128308
160829
117691
222037
80170
189375
62877
175458
36469
175123
-21558
231555
-143022
95136
-133073
70397
-34754
71136
-165693
93249
-70181
29568
-112546
21886
-116661
-37249
-125450
-67199
-85597
-22000
-40270
-57356
-55373
-109953
6939
-80854
43958
-34187
32464
-51171
62176
-14501
45509
-63737
55564
-67232
52927
-13914
27047
8858
-18137
45574
74251
39746
52639
104570
74
16658
37927
55045
-50549
128490
-76940
58679
-45405
50197
-89898
64961
-154721
112294
-89569
156062
-81725
73335
-148373
17491
-195322
-27648
-116952
-3738
-27259
-50728
-39587
-89972
-61022
-128539
-92483
-63503
-902
-188951
4791
-210213
31602
-208678
35098
-202122
146593
-156746
91910
-162699
141980
-97926
184395
-78891
116583
-25063
214662
20185
178857
-31986
197458
87434
259954
59270
261692
112894
156443
105311
130166
201361
156989
205572
92097
255030
37107
230431
5657
292880
-71182
266600
-96715
249551
-88152
179998
-202871
153639
-227261
127984
-274991
154906
-287050
66994
-265944
43378
-242842
-24348
-335099
-60842
-272151
-145260
-207833
-86125
-225522
-208439
-225290
-187148
-92550
-332546
-50158
-344962
-35732
-276039
-38616
-307628
53555
-277608
153735
-284138
209954
-273888
317602
-183826
356222
-190735
426570
-119657
392263
-104329
281327
57337
361718
16170
348222
67296
338290
200089
317094
285682
278682
323189
296807
428491
131336
376176
108580
373227
-10990
341675
-46532
374318
-154299
387976
-216563
353485
-285890
379681
-384616
254354
-411781
257617
-467592
154963
-480341
55363
-432582
18813
-502246
-123202
-465768
-171618
-428792
-218798
-359950
-330282
-277734
-388716
-180209
-494037
-108404
-522542
-68744
-443867
41567
-514020
116360
-540775
182467
-412469
273931
-442375
372879
-397435
404488
-298354
566352
-246081
588106
-83286
595788
-121926
610929
92904
560230
121241
496993
245095
419047
334895
395055
382619
274111
444270
222637
506856
122295
558529
71002
557403
-101589
519907
-154751
553125
-307578
516150
-359122
391096
-419627
413733
-595873
352016
-659807
238376
-591900
96707
-645757
12663
-641537
-118849
-530207
-167641
-536428
-272657
-508417
-408904
-448948
-497479
-250922
-604850
-164570
-613289
-83657
-633952
25238
-581471
113081
-555624
223030
-567297
371839
-560974
407183
-517034
557207
-434893
585126
-257469
593775
-159845
619573
-10608
646167
75670
698533
126020
646481
331692
541237
498749
487422
495269
384524
640252
275962
627122
190653
679762
16645
730384
-94395
652010
-260922
638333
-325816
591573
-453914
628495
-579130
516186
-629243
307586
-661645
209210
-680482
65664
-692407
-2364
-618941
-148389
-620583
-234627
-625589
-422920
-503497
-453426
-449632
-571773
-276568
-660365
-158094
-606949
-104524
-662261
78462
-721367
158259
-712189
279444
-618127
468017
-508853
467964
-439416
522192
-375997
613359
-336068
807095
-70501
657667
14378
636606
147062
643536
249677
580529
381018
499149
434620
390452
522577
335138
630049
174204
697712
74354
676083
-15309
664451
-172825
654570
-290937
586248
-354595
558390
-484160
464609
-613839
382994
-590299
204012
-624764
102329
-686174
3164
-593598
-60099
-541449
-181766
-529728
-286556
-495162
-412457
-408026
-490680
-232692
-560110
-141646
-631275
-30535
-643550
115600
-645988
213119
-600989
316322
-557093
368379
-517002
435553
-371518
501428
-351954
568559
-241840
558141
-142401
588785
-4185
624366
100890
530232
237244
501011
284865
415046
387111
412908
492105
234451
600051
97571
550439
100204
552275
-37161
565656
-117687
499685
-210854
461265
-315837
376025
-462397
286898
-512210
194802
-524244
184368
-460635
73044
-502383
-67340
-431869
-74647
-424656
-200161
-421614
-282185
-369943
-341791
-310150
-416481
-205067
-424982
-166142
-603829
19529
-497242
103687
-470371
166816
-435386
222296
-406131
334282
-362623
364796
-307194
325246
-241412
463192
-146560
470070
-19103
481868
86831
434314
75898
426610
197316
299772
276814
265387
346559
187919
391513
113985
377217
4946
350064
-55278
430611
-81837
382299
-106252
368431
-165094
299540
-250340
232968
-321407
166826
-337062
139204
-314512
26400
-346475
36975
-389657
-94902
-285159
-171473
-204386
-172681
-228564
-196955
-187599
-308518
-57823
-360226
-60100
-363520
1338
-390127
105708
-261181
63359
-296301
181093
-280301
230055
-208959
230819
-213032
310459
-78246
304094
-48745
320437
-28482
313470
16148
299344
44181
223773
178516
188575
219508
141058
167412
125283
247196
26994
282342
72308
253149
-56789
291482
-106827
211857
-113639
226852
-179966
229304
-134161
147879
-200665
123622
-210808
-6369
-225554
32946
-253799
-144039
-198092
-202529
-223102
-164823
-161296
-170640
-158175
-200260
-42480
-144670
-1301
-220118
43349
-204767
101882
-122544
25569
-204877
159936
-90206
130421
-138818
160402
-86554
200763
-38011
221641
31656
205060
104709
186376
89823
181563
134785
94349
158206
111541
168479
52283
232735
8400
238052
-7667
267041
-94089
265621
-70390
167573
-209192
49028
-190932
118666
-190425
120927
-194398
76804
-238656
21299
-177971
-52549
-203833
-79978
-157204
-78911
-187370
-178473
-138278
-113637
-73861
-144728
-75250
-293338
-7567
-197123
31090
-245438
-36546
-227828
84072
-201410
114930
-166496
168508
-178717
184725
-116339
305589
-45857
313064
-13264
253058
40775
246346
89921
226664
147605
202444
152008
169504
178169
112412
271347
44067
216413
-10921
238049
-64750
259765
-41065
206977
-147016
213378
-203998
146527
-258092
154719
-194434
71167
-229507
68756
-225279
26098
-203758
-99059
-212505
-97566
-189272
-131279
-155755
-82694
-131218
-113709
-167064
-177194
-87867
-250446
-72644
-227962
65092
-280118
82828
-194140
114618
-254935
205708
-216784
154934
-212604
250200
-142146
242159
-29378
259925
-58805
296457
-13068
217423
-19784
271762
131903
270705
126475
196184
265643
191061
211321
160100
290680
91562
226766
33639
257278
1599
340538
-107128
322912
-163229
280937
-118969
160028
-271752
185817
-240415
171400
-286183
76974
-263918
24299
-332988
-70026
-261322
-73310
-196246
-111965
-200152
-146303
-216410
-238122
-188018
-269932
-149568
-301048
-138146
-276269
-28995
-330379
27444
-253441
69260
-290322
59441
-224101
112253
-256339
264666
-242727
201862
-98205
315278
-98353
342292
-58323
315055
-43460
320873
-41508
259988
153700
227085
241091
200921
151462
190454
251524
137743
287998
72380
265504
12063
238901
-85346
250345
-12635
275458
-42671
286526
-129158
261287
-178772
159270
-131479
193273
-254538
93980
-223355
60553
-160471
61523
-271139
16027
-230613
-59769
-209171
-79955
-197594
-145201
-159400
-198333
-98643
-195126
-72764
-218515
-111361
-228820
-14542
-249016
-33710
-251882
101564
-212404
197331
-226771
160892
-206801
195856
-242501
243109
-111254
192474
-35125
272612
-54228
226024
14109
293325
24875
209814
102071
125141
130483
199913
223029
145950
203838
92611
230031
62316
206614
-1960
213056
-23707
240376
-45184
222715
-98838
165893
-104598
234151
-209706
155925
-195804
189067
-252267
58443
-232434
37365
-218951
-5599
-182642
15184
-154446
-124711
-181757
-121440
-127355
-140436
-206506
-129156
-98174
-106042
-103381
-203227
-44667
-187817
31485
-150839
15476
-150414
-11548
-136269
104964
-87045
164303
-143677
203737
-129788
172345
-68237
235457
-155901
177042
-22226
231892
-45630
179249
-3157
173409
70413
146721
100423
163324
125938
177165
181869
99890
196861
111914
152719
12500
224050
62473
194508
-84872
124024
-45640
171613
-75520
96636
-38175
153949
-147558
101361
-205795
20660
-136552
57543
-91951
31374
-184067
-57508
-158816
-6493
-152924
-69531
-139239
-148392
-106054
-165874
-88814
-39034
-107714
-157613
-37552
-187159
54167
-114674
-64115
-153383
50638
-116695
20021
-140392
106796
-95692
65118
-143834
56588
-125884
107641
-67425
140012
-70762
111742
3685
103369
-8753
175177
45725
138233
35814
136721
111578
102784
34745
35034
81305
149511
91103
103041
239197
73527
119067
67645
181055
-6600
153631
-41960
123114
-64714
120052
-89851
134625
-107870
89419
-90877
68493
-105759
109721
-93460
9775
-124751
120819
-103885
81079
-201911
-8987
-95923
-19637
-129400
-56108
-115830
-69635
-59263
-87398
-73871
-55348
-29664
-174238
31665
-107866
66709
-140616
6933
-30613
48382
-77799
95316
-91627
139174
-37438
87931
-8825
93001
-65681
51872
-10728
84352
22177
69470
109543
60010
39880
98633
62500
57902
68097
37850
104385
94205
115684
-4864
121110
6988
43240
-2195
80385
-42073
116552
20458
120077
-45109
127036
-48506
82508
-45939
100153
-52926
16227
-148663
35282
-15005
-33873
-21088
-109513
-26469
-12918
-145105
-33833
-69790
-82731
-32471
-70600
-6704
-96905
-96046
-60951
24119
-44541
-49817
-127606
8128
-58417
36676
-91558
48844
32365
27046
-72539
72525
-109754
56565
-24732
43227
-80784
89697
16308
15769
17351
18434
24352
55751
37404
65867
74634
37446
59131
27581
47112
47418
18136
-7678
110063
-46058
87915
-47799
47376
-13496
58848
-32437
52161
-57294
104310
-94429
85870
-72509
-3762
-105717
-57865
-72908
59390
-21483
15085
-24474
-19731
-31278
-85306
-70598
-75172
-18316
-54961
11761
-112865
-36787
-7084
37116
13243
67001
-14537
39921
-43247
33474
-21474
-5317
-660
59030
-2629
125478
7418
94835
-19319
92681
-38968
15011
54289
20787
35611
31409
51592
85795
50805
-13995
65699
9514
86993
27972
77248
-48984
53585
74845
-24328
-17553
49120
-21757
36536
-56520
20949
24392
32947
7352
6166
-25540
10481
-2576
-27517
-26812
-46297
-36946
-34373
-11590
-42333
-51662
-53202
25768
-69468
54946
-96942
-46332
-129500
35707
-42287
92246
-90464
68142
-11871
59877
-50102
36011
1447
91642
-10473
75530
-522
24953
-5243
61620
82241
34213
14302
43824
2645
89724
54514
