#SpinCore Technologies, Inc.
#SF in MHz
#SW in Hz

[HEADER]
@CLASS=	RADIOPROCESSOR
@FIRMWARE= 3087
@SPINAPI= 20130917_x86_64
@POINTS= 900
@SF= 0.000000
@SW= 30000.000000

[DATA]
9093567
-6524017
12095893
-5916835
13141436
-3584568
13599391
-1096421
13653847
1436615
13197129
3938495
12162131
6366712
10813134
8416240
9130227
10255895
7097706
11727881
4757177
12846859
2343185
13390760
-133490
13593632
-2697276
13286457
-5010174
12514111
-7199923
11336004
-9169954
9807708
-10743649
7914091
-11958841
5786604
-12756970
3495706
-13173182
1110975
-13071842
-1277744
-12527422
-3574450
-11499928
-5775501
-10231993
-7746123
-8608531
-9535439
-6733716
-10823465
-4582431
-11777900
-2337848
-12362847
-29792
-12418615
2296061
-12209230
4483356
-11527607
6395912
-10395841
8133058
-8990720
9600900
-7275235
10643313
-5451454
11364102
-3367074
11682957
-1145244
11687391
954284
11203464
3035519
10423737
4978060
9218460
6786651
7684272
8256552
6084378
9437048
4194125
10324487
2163868
10737526
179804
10962493
-1791862
10679715
-3691185
10080318
-5407814
9152168
-6948679
7968053
-8190656
6478850
-9131798
4811602
-9766420
3126939
-10035192
1247099
-9922812
-633207
-9545396
-2329903
-8936198
-4065912
-7888958
-5571831
-6725549
-6845639
-5243090
-7890602
-3634558
-8653239
-2009394
-9055336
-257012
-9152860
1344859
-8971397
2975924
-8544602
4375353
-7731196
5668156
-6764787
6698926
-5538660
7479514
-4210003
8107829
-2676400
8328843
-1148397
8270469
446673
7925050
1920497
7369717
3251979
6625228
4516248
5577534
5589292
4426337
6443797
3160398
7016683
1657699
7357036
362974
7473422
-968225
7371546
-2340814
6967231
-3520658
6358623
-4583876
5504236
-5421434
4619148
-6003739
3455097
-6463977
2202211
-6686655
916987
-6662655
-300772
-6450815
-1562367
-6069332
-2641228
-5400380
-3605122
-4529915
-4407817
-3609548
-5086493
-2502764
-5658617
-1443759
-5908787
-343003
-5983035
809343
-5822054
1813533
-5590799
2798824
-4999548
3620771
-4390654
4313474
-3576044
4866857
-2705788
5194115
-1731340
5350683
-736204
5396715
243210
5170083
1166086
4710646
2055601
4258124
2901947
3583470
3559280
2847324
4098319
1994582
4439721
1157969
4733839
224852
4716001
-615071
4655206
-1429848
4444158
-2187506
3925930
-2854668
3461888
-3338592
2774194
-3815451
2109328
-4062454
1341691
-4254108
524126
-4195940
-177815
-4023982
-1000888
-3745324
-1648031
-3301925
-2236508
-2834519
-2743879
-2206135
-3180734
-1605454
-3489934
-894719
-3664380
-214803
-3722503
496043
-3531394
1119550
-3401405
1727107
-3087332
2212565
-2655095
2595411
-2217714
2876414
-1690123
3216553
-1071001
3176245
-468760
3193109
134178
3027146
745735
2785000
1296471
2535765
1675632
2120349
2136460
1649350
2409494
1191097
2651444
689596
2715563
164897
2779462
-382293
2667725
-811879
2546656
-1218276
2341136
-1615361
2032556
-1892281
1650072
-2177949
1222784
-2299224
833651
-2304695
436783
-2316886
-109446
-2282920
-531041
-2107122
-899725
-1916291
-1279091
-1619692
-1469691
-1320771
-1751891
-922800
-1919158
-500798
-1998721
-194872
-2000493
210956
-1992443
575467
-1913514
827758
-1687065
1065610
-1448607
1363070
-1240188
1570635
-906328
1667155
-607991
1687507
-281564
1638386
35329
1617574
367359
1475915
541231
1329642
828174
1153465
1059942
925740
1222639
633530
1311629
428042
1411831
124623
1455587
-103204
1394157
-366599
1252436
-644711
1136954
-836257
1070002
-948483
892641
-1052650
573368
-1109450
436564
-1148246
236797
-1074794
50767
-1048070
-185045
-988374
-365826
-849014
-585975
-748834
-641415
-596667
-788578
-362908
-914537
-229629
-895082
-115412
-895483
40291
-926830
297502
-843748
360478
-797896
483567
-673203
595212
-496500
706543
-432707
690143
-271044
755363
-94375
747000
-34258
731353
196218
679485
290742
501385
421234
410627
465690
373080
560831
219573
586740
139825
579146
64331
542805
-74517
585208
-150676
546438
-323290
436593
-363117
369777
-364748
249703
-482181
152802
-486101
132667
-451927
33264
-445554
-61143
-425565
-181065
-369010
-230133
-314508
-304624
-243596
-281064
-208046
-286022
-80863
-329539
6457
-360623
93966
-398305
182270
-319692
180839
-270148
272820
-211907
243689
-224716
242306
-151346
331318
-45718
311314
65591
251616
66974
258743
134814
193660
196095
149104
213563
126723
271876
115560
225085
38730
268663
-40584
282979
-57330
213668
-183176
199051
-149603
191347
-234224
162576
-216567
82625
-212594
51439
-255240
-27894
-255367
-26505
-253994
-23963
-190051
-87231
-179912
-185954
-91920
-194775
-46539
-257308
-42515
-189131
32388
-227106
69819
-198400
103495
-199568
116286
-202335
190095
-82053
218087
-26756
205638
-33451
170230
34618
220156
32410
264304
122403
234878
111912
155267
159215
107156
186947
114440
156447
99031
263810
-2109
249223
-55286
189858
-127018
275996
-148999
241832
-147654
238904
-123845
193614
-239253
125392
-319180
17847
-309411
81448
-324180
18017
-293584
-44215
-239667
-83132
-275552
-137923
-200300
-185196
-176742
-210323
-106580
-311894
-38028
-294685
58921
-305892
73957
-334873
149274
-251435
180490
-255856
226674
-249024
264915
-201895
285711
-169059
346631
-83587
425257
-61399
331572
14858
320213
84485
372379
160263
302087
120255
276998
273002
152695
290652
89536
278047
14385
388024
-34329
406896
-58014
363776
-161628
361293
-176841
375992
-281664
323403
-316947
309927
-320355
195334
-378828
131775
-360603
115623
-457861
21614
-395183
-51858
-335220
-155995
-305388
-183153
-301913
-299542
-259043
-362508
-229282
-359277
-135478
-413808
-7222
-453346
171
-465572
108686
-486373
189438
-395942
287499
-410884
369789
-378339
390119
-208529
443198
-148291
467684
-76810
517237
9575
495200
23150
489833
187046
407264
248657
376771
307985
347435
389519
313050
478123
189859
447494
98284
465458
-59353
494695
-184016
512027
-190493
481766
-336738
401545
-301902
378246
-419773
323873
-448314
231564
-514951
182672
-599052
7371
-530782
-104962
-492147
-150899
-489708
-216324
-491903
-296647
-329344
-388178
-358083
-494080
-284024
-540742
-129415
-536672
-60257
-641541
45801
-646080
183204
-615912
284333
-576302
395663
-401189
417271
-429758
499382
-347571
572461
-258149
603253
-76486
532146
-41018
532285
66299
545947
201005
506755
287866
491685
330703
403311
476261
266795
583752
183816
562156
58865
660451
-50361
656381
-183015
623311
-220707
545981
-310630
549346
-444250
525856
-520081
467881
-501918
279411
-620246
119654
-623287
54489
-644352
-15689
-657693
-183877
-615213
-278872
-555836
-444018
-442656
-449634
-297535
-542942
-244956
-631895
-86044
-701563
-32764
-592261
135934
-630990
203211
-613030
325585
-605588
424684
-494749
557713
-432217
608328
-281139
671902
-229295
604081
-43769
685992
59142
691104
209543
624215
263386
547013
367437
496103
459459
374136
561904
229545
543985
212688
637400
73680
676701
-51357
688343
-218977
619426
-290609
566513
-418014
515297
-439468
382554
-492529
315252
-667843
179003
-653756
98131
-695482
-27300
-632717
-137254
-621356
-292908
-561198
-372258
-504029
-405489
-337900
-589648
-247204
-599497
-190806
-623278
-39095
-708736
97298
-630413
266662
-619201
336141
-590099
397445
-486274
493395
-340038
606014
-320552
617163
-193705
532671
-64614
518518
23971
599058
181935
477352
221481
485473
305364
413089
513050
263742
524260
252271
563682
195101
554293
45050
587660
-168855
529454
-190380
520130
-311144
464367
-401795
471307
-502101
362125
-483117
253075
-559915
203398
-537250
62200
-547404
-46573
-578145
-131364
-472919
-217262
-431337
-247068
-396289
-441905
-267197
-428338
-198508
-505529
-46864
-525060
23715
-532646
148724
-512219
172827
-482439
320193
-407086
339439
-367170
435792
-355694
375607
-271634
466684
-139573
462264
-31048
488640
12785
411990
185241
438998
279037
349163
341119
280541
365545
164171
481451
133448
475616
-13883
383944
-14911
489708
-73706
448487
-188482
372567
-274615
329073
-331490
218704
-376151
235748
-414968
183019
-398214
83991
-429263
4879
-364572
-61871
-425806
-205343
-355091
-210429
-284281
-255051
-321016
-358645
-150993
-335259
-13740
-408997
-43868
-375113
137859
-353032
192299
-335133
170491
-291402
305967
-222496
271433
-216671
354020
-112394
311866
-10248
345370
9029
353529
129165
334303
51458
322184
182954
261553
305945
245270
301533
72237
342145
77877
241331
-5897
317225
-51885
347170
-143537
275850
-210094
236312
-267162
169678
-227614
124850
-316210
124584
-298921
86356
-288500
30227
-353196
-22156
-217930
-102024
-250630
-112194
-217287
-175917
-191698
-242873
-110990
-299781
1327
-301086
78056
-225022
147575
-276913
128320
-269827
180007
-177654
157608
-218060
241982
-145468
253327
-105850
278225
-29825
317079
-21045
237070
47882
212475
160542
219650
208978
209932
262180
181715
199835
74166
281889
30908
226871
-41120
238179
-88449
240927
-179916
180913
-234367
220910
-170457
176891
-223970
184733
-324057
44780
-242677
122917
-314720
-24333
-246738
-57617
-277552
-175414
-222048
-153109
-135728
-258928
-99880
-292008
-111919
-223357
50540
-227086
48006
-229199
111870
-195207
115578
-171149
142966
-181405
276507
-63428
323722
-100951
294506
-34905
268331
55994
232492
62756
241042
66152
222721
163866
236915
211659
161760
299757
108278
272547
41915
277394
-43678
338081
-63821
249641
-98997
272676
-130521
263563
-198783
272831
-257568
135382
-196792
128784
-234387
42981
-265663
77643
-317287
-7477
-265904
-55497
-238643
-167490
-196031
-162325
-137076
-157779
-97258
-279128
-23567
-238349
65454
-291139
69919
-295541
151886
-281881
190962
-186575
215941
-204459
228521
-232131
350329
-150551
342487
-102420
232877
-42133
339462
-15071
299676
96769
304973
173905
271148
203500
238163
197553
167774
246224
58163
289446
-2420
352819
-31669
251219
-45398
275959
-85871
281841
-205256
227136
-256070
227068
-283801
238011
-337449
125862
-301126
96402
-288303
19007
-334571
-9601
-231621
-111124
-224371
-179608
-223516
-184614
-110652
-284354
-159734
-254407
-83606
-206009
-22315
-351806
9054
-298317
89233
-287977
137125
-257170
166446
-209081
191718
-204326
245530
-144017
253635
-89412
300622
-8907
324425
82923
336479
40633
201408
58389
276942
177446
237082
189168
196762
268386
88596
252211
130664
240427
25801
296396
-63014
284632
-129405
295352
-141140
226527
-116026
167662
-163642
178526
-245470
81676
-235955
22930
-250698
-19734
-247819
-11771
-262920
-113502
-251719
-125196
-264295
-126749
-230473
-165351
-206636
-211074
-77400
-236649
-116201
-280473
-40656
-284789
52848
-245909
133239
-241337
173069
-222656
179671
-199535
177446
-206885
258392
-215869
232393
-73851
242453
-69153
287983
38367
223472
88395
260012
114722
292965
88820
174526
174018
233326
218290
191045
173517
109716
184301
57394
216583
2583
224793
-85524
224994
-100567
193539
-112632
205409
-163355
134126
-225199
136837
-263924
71929
-186532
1110
-156772
-28356
-178113
5613
-252185
-61179
-141181
-79574
-182199
-170353
-185412
-169131
-108693
-136181
-81872
-202932
-99824
-185830
20290
-222292
77632
-216298
120104
-218916
110995
-226161
118325
-203516
159792
-181519
104228
-86248
209348
-79820
180808
-30463
204650
68447
154176
96422
100215
54546
180144
42128
208585
143577
150395
145712
59822
171045
55114
169514
9713
176534
36977
147574
-26209
155477
-77788
191869
-151110
186461
-173946
144423
-163607
129460
-174306
87748
-124207
67551
-175049
5630
-195691
-80846
-129918
-64648
-140969
-86792
-136970
-120734
-58610
-203590
-139712
-97239
-47110
-131178
-2243
-181635
-21340
-202336
19538
-134312
17866
-144534
77179
-163302
65246
-101260
70953
-103857
155327
-79418
146016
-93749
96629
-47966
84592
-44517
94991
39277
117315
-17389
53653
68277
82639
109176
62832
155543
93776
110927
40814
129005
10891
67697
54205
133700
-46576
57123
-26610
117015
-56231
149100
-43193
146436
-95281
97862
-109496
115574
-56373
111090
-139197
31074
-80721
73683
-118228
7725
-90937
1704
-75850
-122983
-48046
-163934
-94438
-128715
-69357
-112494
-35997
-123921
-53870
-140025
-21462
-121076
1590
-137439
26728
-181226
10098
-110726
74770
-125951
33622
-84307
46610
-56507
93639
-51266
108996
-24700
134901
-16995
91819
49210
83126
64824
70960
47045
59298
-17962
78549
75830
110059
66799
32568
47678
60763
133945
29259
91355
-6102
-12284
-34091
74723
-102797
41901
-156577
20386
-49667
81530
-84667
53237
-56352
59437
-32448
18686
-80031
12180
-102321
-16652
-134621
-57321
-58998
-106145
-42611
-70301
-73903
-52695
-46426
-107133
-18998
-102159
-40800
-53763
20807
-98543
2583
-22547
94667
-47644
63508
-100510
61695
-96702
115847
-53317
71794
-39736
107171
-69208
85124
8676
23576
-19321
67399
5936
51285
6855
54000
73225
125296
134391
3505
85833
-75920
97599
-52493
122861
35619
103999
-43152
77155
12173
13216
-68010
44038
21620
12980
-74936
20342
-126249
38997
-66215
27842
-33374
-13358
-80767
704
-65907
-35205
-40518
-84206
-91062
-33082
-63222
-71376
-18131
-66734
-3887
-59124
15340
-43484
5814
-71100
32981
-37430
4829
-35543
98730
-24780
95261
-353
83248
-6991
72994
-1849
93522
-46802
119192
29135
87559
73846
19262
18838
60632
30207
2435
57434
6955
7631
-11556
-1265
-114592
50890
6580
43221
-27459
95127
-143227
10292
-91767
45854
-110749
-24522
-100781
61699
-74875
-2127
43631
-53652
-88128
-40753
-35670
-27551
-30548
-19602
-52759
-30275
-51648
-32669
-21723
-38888
14208
-185704
62450
-56748
88657
-82949
67066
-5553
36899
-27454
26394
28893
65314
-52523
117088
29197
93669
-4666
49439
3674
54595
39936
51170
64984
24889
44986
99048
68174
47177
157414
86918
149694
-39915
95593
-22112
83413
-40455
95742
-69279
59509
-118014
53466
-127533
107830
-93880
85082
-130853
6622
-109338
12139
-48106
-24728
-39267
24594
-58362
-120651
-75283
-107629
-4207
-94304
-51791
-52346
-51753
-93464
