#SpinCore Technologies, Inc.
#SF in MHz
#SW in Hz

[HEADER]
@CLASS=	RADIOPROCESSOR
@FIRMWARE= 3087
@SPINAPI= 20130917_x86_64
@POINTS= 900
@SF= 0.000000
@SW= 30000.000000

[DATA]
8938971
-6492613
11884613
-5745865
12948405
-3520231
13390669
-1090616
13404745
1508742
13025991
3867134
12073307
6258637
10636170
8350736
8966553
10117994
6971394
11643972
4680815
12698004
2263546
13250059
-153871
13462706
-2674220
13145436
-4967713
12338018
-7141837
11187118
-9124577
9743451
-10581090
7817809
-11867348
5701377
-12613109
3373808
-12936084
1131802
-12935248
-1280059
-12367009
-3660681
-11435111
-5753670
-10092811
-7748179
-8514279
-9438082
-6583599
-10749816
-4468156
-11583933
-2247956
-12215001
42666
-12348592
2288787
-12003788
4427400
-11332035
6394542
-10341012
8095259
-8944270
9518770
-7200210
10628251
-5295910
11360695
-3275210
11646361
-1156220
11550444
1040412
11026556
3091524
10186042
4973508
9026326
6704593
7588623
8186963
5951020
9448542
4156179
10235805
2118916
10654771
149507
10781021
-1844933
10554393
-3756286
9994433
-5415271
9073976
-6844789
7826153
-8155443
6402991
-9073158
4702076
-9563192
3003400
-9991333
1185712
-9831312
-644880
-9454476
-2397501
-8814264
-4107871
-7796979
-5532548
-6628364
-6810800
-5250273
-7855941
-3614654
-8599665
-1980262
-8944586
-293563
-9063088
1317092
-8930254
2941723
-8388078
4321698
-7575722
5676070
-6659329
6622919
-5398380
7434280
-4050116
8042580
-2650159
8253801
-1036103
8303851
439938
7839140
1933870
7400214
3226077
6550164
4514270
5560814
5522248
4351256
6427785
3081767
7041338
1750874
7336041
353351
7442627
-989969
7277184
-2320158
6868501
-3486321
6239184
-4595337
5402205
-5367285
4477532
-6100933
3360138
-6505580
2137002
-6648977
984667
-6688514
-373704
-6412173
-1506735
-5965362
-2603048
-5300801
-3619448
-4452782
-4503277
-3554344
-5152465
-2495976
-5596092
-1381014
-5864776
-211998
-5940404
860019
-5876910
1853671
-5539851
2744741
-5012473
3613514
-4386433
4328471
-3515352
4872237
-2683534
5099974
-1789083
5281351
-702656
5186676
234150
5112865
1119206
4608402
2145505
4105157
2820231
3473635
3502143
2788379
4050165
1872335
4505396
1099566
4703933
220656
4735141
-663355
4665617
-1442119
4401072
-2243990
3941742
-2872864
3396254
-3399770
2768732
-3763803
2146764
-4103904
1362000
-4155990
566377
-4100611
-203661
-3984824
-896720
-3625123
-1586542
-3250130
-2207501
-2688161
-2741369
-2166866
-3115203
-1533160
-3412162
-824307
-3593594
-262208
-3696253
575581
-3531361
1093212
-3312939
1736602
-3050527
2122765
-2687696
2595668
-2165069
2911980
-1592911
3146062
-1098882
3229024
-413871
3181681
170993
3063038
719815
2832586
1158316
2532393
1734208
2128116
2067841
1712314
2399330
1180913
2626249
655413
2731066
125226
2788186
-390168
2698058
-881497
2474146
-1336150
2337252
-1635461
2003532
-1921640
1608429
-2149592
1197849
-2325480
782741
-2386033
336015
-2366639
-36084
-2310742
-483471
-2107044
-885126
-1877517
-1262462
-1587364
-1532793
-1241928
-1715900
-817667
-1865675
-477855
-2017414
-113865
-1999520
228948
-1994948
572470
-1886256
934532
-1629949
1097402
-1486207
1383519
-1202142
1572340
-952775
1673906
-585779
1690100
-265503
1689379
-3467
1606410
276635
1446384
526021
1261788
846064
1042750
990902
935616
1144492
681263
1334049
414550
1348169
99956
1441355
-132547
1352788
-405574
1337994
-534167
1188726
-779549
1028131
-870576
756249
-1116353
650917
-1114060
437799
-1160896
213323
-1143510
8938
-1097207
-192707
-1049428
-353229
-882579
-600056
-788318
-728701
-616649
-787946
-411221
-872163
-322022
-899238
-90115
-941189
132578
-838838
283389
-855957
365303
-684881
503416
-638269
665871
-506016
647013
-407068
678748
-292417
739236
-96928
734768
28513
703160
145785
629050
268481
534363
420389
449287
445420
319693
554290
193652
578488
153143
624140
-32537
548758
-95318
586197
-168387
532178
-260648
472895
-392629
315017
-370404
269916
-442253
185358
-468112
141127
-485955
72113
-498932
-26534
-470871
-142370
-390149
-179711
-273912
-238899
-229789
-439985
-142362
-371417
-72990
-365929
17118
-390214
117370
-373533
167738
-327693
212749
-293671
191210
-255854
319073
-171615
289465
-136406
264230
-89795
320904
103653
216873
52623
247952
121169
192980
123510
129563
235453
93203
230083
53018
253592
24909
285280
42617
229939
-55387
223491
-133171
231466
-188126
101518
-175616
129724
-210044
69792
-171715
3131
-212788
39788
-164848
-118894
-191161
-134991
-214882
-152297
-146194
-199721
-137138
-154619
-86457
-196050
-32021
-299120
1494
-224838
1883
-222900
116699
-186834
174448
-150403
246524
-143026
207367
-71973
228563
-82038
284432
-32552
254597
34495
248315
71242
279718
125113
186780
167757
194459
219705
114037
167913
63233
251474
2527
231133
-107663
256600
-115871
266065
-173893
276119
-155752
206694
-220382
257720
-265596
179716
-285401
89505
-290332
64897
-268189
8262
-341639
-86888
-244746
-140698
-259560
-180023
-201609
-177582
-160024
-208765
-68097
-316721
-12600
-300929
-36983
-331276
20656
-303025
104550
-271281
158403
-292421
174333
-279607
262800
-217138
296618
-122055
294367
-111396
308264
-17033
343697
37989
320642
66261
331698
110600
271789
184789
267630
324729
191513
298135
71224
402060
43930
367581
11972
400750
-60529
390277
-148632
337660
-232053
328363
-284993
293200
-271782
262487
-353554
227204
-403847
113743
-319498
57664
-378529
-49271
-370626
-148011
-367272
-211645
-329582
-295834
-284208
-282139
-255334
-284687
-224087
-435822
-162858
-426046
-54269
-437802
62646
-457313
112327
-414225
246579
-444249
323031
-398043
337293
-358422
405906
-260388
401083
-187282
436328
-25557
508809
-35797
455951
114029
477644
164116
388599
221005
398205
234194
284779
331189
178524
478942
228949
501537
57211
562362
-223
536219
-123419
542412
-209587
482222
-296089
431955
-361206
342796
-457466
335959
-512259
277146
-554248
180933
-606701
103679
-601829
3019
-551748
-77022
-497258
-220560
-422474
-368989
-350554
-421274
-325324
-486528
-252715
-512954
-139844
-530522
-29112
-488646
97709
-570130
170846
-519024
257682
-476014
353050
-430839
445750
-359687
536913
-282253
518791
-211329
585199
-117608
622386
59360
620975
143494
532731
306011
557734
338521
472034
414887
327183
489450
266864
559547
191895
598977
122573
620806
-15810
675334
-128867
621271
-301848
579551
-358131
552899
-482925
468612
-519995
356210
-592607
310507
-670248
123922
-619545
935
-681455
-105673
-705925
-217099
-581602
-322835
-562981
-435036
-373983
-391789
-319773
-554539
-213850
-600390
-54637
-617547
51593
-647161
155147
-685043
336843
-629391
360615
-557327
412998
-444438
530852
-386500
628440
-305405
551654
-197390
611256
-23390
689156
70979
640457
195255
616321
286089
513675
371903
456715
464244
345441
569244
327377
569066
143902
661901
-7648
642023
-167478
651272
-237794
628309
-247206
591470
-400012
497585
-471064
413978
-572322
287599
-610908
136909
-601726
117610
-660093
-78688
-590005
-123103
-491804
-282520
-480327
-351063
-440123
-430795
-305284
-593438
-212065
-598443
-149984
-710141
21774
-636226
128871
-599897
253847
-634144
365901
-481412
349222
-431896
479713
-395568
507207
-267004
579150
-233015
587144
-11480
630385
133049
563223
135056
584047
272413
498040
305882
334826
472665
366795
558317
182645
553350
142999
637504
-26161
577576
-114600
582401
-192849
588326
-352352
477463
-336037
358183
-399926
365163
-549148
272701
-527749
102084
-521061
23000
-526193
-107502
-524025
-198316
-499553
-305756
-434145
-371455
-410216
-405670
-249988
-438191
-145068
-509683
10766
-511442
72906
-512959
186366
-514175
300296
-405068
225477
-417615
348643
-372759
505491
-304916
458376
-235909
507787
-70219
577861
-22605
472778
65454
447894
167826
419099
229057
283634
285713
224635
464810
162872
474677
121413
463827
23879
524935
-83872
549461
-160366
473619
-250649
352280
-225631
308989
-350045
174796
-375697
187788
-462766
145970
-417766
41471
-347398
14424
-452991
-147781
-374609
-210384
-362182
-258973
-226598
-299361
-272396
-333747
-143935
-408279
-40320
-435792
67545
-384424
125547
-401100
227301
-312398
283353
-323376
270599
-201200
326325
-160337
326417
-163098
379137
-10084
431131
62169
349028
10518
282272
188510
201907
133610
184043
255539
179341
283905
37035
311186
7837
320311
-37892
291122
-138091
308068
-152701
290884
-171195
238869
-203144
164689
-237850
188627
-318203
121765
-245175
-19742
-252921
-17622
-313557
-111754
-249821
-162847
-224377
-253314
-147222
-251962
-135334
-206789
-112057
-257075
-43107
-285575
138838
-276779
69721
-275276
152146
-248833
227525
-211877
205653
-108664
276339
-90591
250462
-55315
276400
3903
256591
-20306
279472
72636
207075
188262
179969
172030
130139
196782
105183
222254
63043
223088
42776
247644
-21839
241456
-108097
282798
-85441
227236
-227617
237268
-170124
228147
-276065
149965
-238283
94027
-256694
59899
-224339
-104050
-212821
-56964
-149599
-274362
-219904
-225130
-149435
-271992
-87809
-290741
35401
-320371
38712
-305911
95433
-259966
137037
-203480
168528
-205283
215127
-236132
265321
-176951
275056
-110410
283353
-52765
255602
12084
244359
63633
257510
76031
195282
210202
236655
169925
156006
245048
46047
282501
44801
306758
11550
207935
1280
272318
-103136
246426
-151872
187915
-270192
163482
-238415
101074
-284853
65473
-328433
4403
-318086
14359
-310928
-86895
-308481
-114928
-266967
-192434
-209996
-218426
-177947
-222775
-106815
-232736
-53143
-227897
47373
-299994
85899
-276307
147394
-238906
154253
-233388
207290
-186156
292843
-112000
246755
-76942
280797
-19627
301484
-25457
307791
93115
327365
154069
291200
122769
226667
158837
229814
280750
173748
244115
87934
226433
86571
281531
-66426
298364
-86209
295420
-186106
216996
-199323
217241
-261960
139107
-283923
168289
-305448
56632
-283448
77390
-251935
-14733
-318590
-154130
-311583
-126423
-243055
-192577
-199404
-190800
-108215
-263351
-160998
-291384
-93669
-263413
4608
-264258
56322
-341695
57110
-261569
140885
-241379
223512
-288264
233984
-183971
272168
-170087
370502
-73806
303800
-48763
238260
25200
263623
20121
300457
184355
249123
248680
240630
233745
171123
278683
165777
346432
48398
288268
-10448
262088
-64588
334408
-78556
211630
-171379
242070
-181246
252597
-223659
156128
-270343
125129
-221158
38623
-277722
108083
-242879
16880
-253447
-114294
-291853
-49895
-223380
-216244
-218448
-158638
-253456
-262153
-147160
-207556
-104082
-259782
-42855
-263918
66034
-220600
53052
-236231
138512
-249465
132183
-155347
188000
-185933
249374
-82181
235961
-86358
282804
24068
287928
-17024
242787
112906
225514
62627
191440
140325
159673
144924
131980
224073
39383
252399
72227
205135
89755
212521
-50586
223270
-77811
295802
-134350
227741
-167275
203045
-194322
133920
-165512
145892
-197988
97173
-193675
71000
-264694
-5389
-200029
-31042
-233319
-65230
-185142
-110738
-259958
-111555
-127432
-194923
-175263
-216120
-91866
-219544
-65265
-115492
20891
-223160
58096
-198793
145284
-185132
115001
-147605
167517
-141238
227576
-115925
224593
-119232
224965
-50852
232996
-16573
180691
17864
247770
7789
160593
37741
170572
121505
88055
171924
85195
188203
48014
174225
91753
236593
-39462
220008
-60770
175265
-47077
170377
-58145
201500
-140844
183364
-79140
142975
-71655
100811
-144799
74285
-203548
32649
-198057
17865
-152421
-40423
-174835
50725
-47065
-21077
-60396
-158729
-95590
-133878
-65736
-159921
-101879
-172238
-68188
-171334
91430
-164436
-7517
-168515
58012
-132021
42419
-94458
157510
-77552
120073
-125796
123248
-68297
104691
-38500
142892
34879
144272
32200
132126
92764
121563
113195
151502
26161
162678
47673
135264
85318
70994
64530
79758
80543
29696
152958
5073
112948
-138191
107787
-59777
156901
-71140
101519
-162318
66416
-135535
67135
-105616
51087
-100342
48023
-88743
-24283
-83646
-25983
-133269
-438
-100833
-56885
-129233
-21975
-76437
-55093
-53049
-53374
-45800
-100096
-22956
-73964
-12402
-80009
23338
-56199
37262
-25600
28705
-51402
54949
-108510
56609
-12260
95388
-103148
21689
-43561
33289
-55065
121103
-16087
47491
-3252
88167
22700
143017
43473
64658
61448
62991
44392
73257
121857
852
46053
102066
26352
-50851
149100
-55889
58412
-41369
92920
-15060
91713
-114192
77441
-81358
12940
-23291
-6991
-124089
63429
-92152
-4132
-114987
-1486
-94123
-52899
-66318
-75202
-55982
-42176
-79806
-84123
-31062
-131123
-43715
-57348
7922
-69089
36169
-130194
28695
-91501
21810
-77184
21517
-105774
20628
-31288
12996
-78312
43904
-93237
79919
-50281
56593
9756
113176
-12385
52859
29451
96708
24398
-17881
7618
19647
61542
41349
51660
-42974
65637
-9770
29134
-22164
62494
-44793
25027
-54972
7754
-94647
59380
-104803
87132
-66214
38582
-83449
64209
-123283
51260
-110245
65278
-46748
55904
-103380
14551
-118288
-33189
-90139
-51367
-60515
12634
-57062
-53676
-2905
31929
-53904
5909
-1206
-9278
-3741
-6319
2300
-15485
40487
-23222
21557
-75308
8805
-21105
53661
-48630
67081
-33170
45499
-8938
-39728
47755
-16231
-20781
-14821
69344
-3333
31389
65252
41249
47092
9561
-26231
78104
-26501
59543
-88474
28948
-8495
60232
5002
7653
-14345
-52552
-51009
8517
-3877
-3459
-117139
15051
-87936
43426
-97483
65663
-67828
-50032
-58247
6735
-17559
-55571
-67682
-100729
-30571
-1943
29906
-844
9941
-20033
18289
-55022
-13922
-1913
11197
-60714
71714
-38339
11534
4366
96664
-12827
38068
-8607
89815
4762
48577
28643
4489
47639
99221
137045
26578
96948
12913
86747
20138
68414
36577
116148
-79798
113757
-74001
86730
-84613
23860
-28207
78374
-53670
-30531
-9176
-92477
-80139
-16070
-77725
-30877
-88299
6688
-88939
-61259
-117003
-56313
-62448
-29806
-1592
-48342
-57889
-97156
11070
-55316
-3140
-108920
