#SpinCore Technologies, Inc.
#SF in MHz
#SW in Hz

[HEADER]
@CLASS=	RADIOPROCESSOR
@FIRMWARE= 3087
@SPINAPI= 20130917_x86_64
@POINTS= 600
@SF= 0.000000
@SW= 30000.000000

[DATA]
-162833
-111438
201940
161806
-150359
-155815
67976
186718
-158256
-188369
107649
198578
-118825
-182106
92522
262940
-100840
-167226
106344
230373
-17732
-256624
19648
179916
-28286
-198294
52419
228079
61488
-182590
-23762
202702
91446
-204093
-79945
173640
153004
-148332
-56025
209493
99688
-117002
-205944
175322
150497
-145959
-142873
180548
155435
-161868
-195251
127029
162720
-50635
-177662
125587
239488
-70863
-220113
82039
210233
-64826
-246252
10139
276387
5292
-236576
37058
203132
7754
-185126
-2020
233063
127079
-253600
-68119
172526
59630
-212772
-73405
195266
69510
-183054
-88681
147476
144843
-195706
-215617
209192
257964
-186757
-241456
142123
172553
-122303
-244122
117356
259344
-105121
-149278
94876
218268
-33334
-244119
32246
318135
22073
-235954
-35297
284343
38986
-246755
-11087
249596
85722
-230671
-87358
254778
108718
-237687
-105812
188754
184926
-213480
-175316
177091
220663
-204754
-216815
186622
167319
-123859
-234334
167119
206668
-146514
-278162
86004
256976
-107692
-218288
138975
277172
-73218
-322507
45182
271410
-37866
-290840
-34335
288025
30375
-331426
-74578
222544
77208
-296903
-88035
265190
158247
-233446
-108900
269898
185007
-302247
-176098
222489
158877
-173001
-224211
142145
203797
-204899
-299580
188212
283953
-102490
-241870
151955
276496
-59151
-297267
74613
401707
-77394
-335440
82503
308731
10253
-347958
-49357
342689
23591
-345555
-105584
348922
114713
-325895
-116829
306017
185649
-340228
-221048
289107
253982
-275602
-301417
227316
296396
-226062
-281967
185272
310084
-222000
-378403
175482
327535
-158428
-339176
182737
378761
-117315
-340925
-9959
366378
-82219
-420131
-17313
426188
34351
-340374
-32918
385806
109444
-358566
-111966
336740
87448
-368624
-230273
332876
174369
-332521
-194824
281386
208808
-329308
-276739
270046
311031
-291632
-268744
205616
398533
-183404
-375100
216967
418106
-154485
-386795
93083
412923
-93304
-437473
-42044
479010
6322
-464438
-91465
476598
112008
-412641
-61903
501381
86790
-434410
-159901
416588
258319
-437376
-225024
355933
293782
-405838
-343472
392908
390739
-338862
-346694
269606
405194
-300620
-471315
237728
465620
-190574
-456254
119995
490180
-124780
-444811
103499
581722
-121698
-515542
-22238
553039
2687
-531613
1450
527158
123582
-509602
-117295
556588
172926
-529354
-208540
462903
234918
-438156
-259414
424019
377456
-509576
-421429
420887
375745
-316033
-447472
345982
494971
-302388
-557194
222472
493577
-227654
-512823
167061
586352
-126017
-613312
95466
610322
-18379
-609157
-30079
570762
75610
-672747
-136562
605402
111490
-634648
-226057
539256
236358
-623848
-329424
515791
419566
-548939
-417084
479289
458637
-513958
-527522
410664
490829
-407121
-578649
382280
550086
-293888
-654372
276654
668050
-257204
-724965
147821
690354
-72893
-752609
33677
696182
32017
-702639
-101769
665683
169734
-797065
-165614
758638
253929
-685933
-336749
637092
329200
-683054
-443598
580943
488709
-592521
-493437
502649
571507
-474160
-639821
508894
707457
-397381
-733346
312355
772892
-276507
-711394
253182
839295
-178805
-853444
150928
793009
22654
-840405
4601
893077
153606
-824398
-239207
890050
270974
-826995
-360415
799123
436100
-811795
-447335
723517
562372
-752634
-596901
674670
663448
-625274
-729034
631683
755772
-558842
-884430
465334
824665
-453510
-923297
353164
928277
-320813
-955895
161994
1000334
-153620
-978571
124114
1006439
20808
-934523
-102002
1006720
158871
-953511
-227240
990167
424405
-975100
-426825
929842
476960
-839201
-606595
851240
658255
-800089
-684966
775814
833485
-700272
-834110
600007
889284
-552739
-944839
449638
1030755
-359164
-1000790
312176
1118317
-183924
-1118771
128304
1147737
-15662
-1147751
-74808
1216271
169491
-1136660
-265378
1201275
387952
-1157354
-486701
1144181
504632
-1070865
-601821
1067926
718143
-1005434
-845947
886086
842316
-861046
-981833
839358
1005384
-749182
-1115482
655490
1176175
-524868
-1238452
494851
1219932
-391156
-1259587
247441
1322455
-157478
-1331093
57135
1354743
48747
-1345002
-150851
1275075
227521
-1292808
-343238
1294888
517705
-1250889
-596371
1174188
712477
-1136449
-827024
1128957
873027
-981590
-964237
897794
983975
-774155
-1152240
748657
1189543
-647975
-1258382
555773
1308136
-445461
-1422030
350033
1374098
-211345
-1413781
134563
1458568
115615
-1462905
-133176
1469018
276635
-1426656
-417078
1431554
497835
-1349663
-609924
1314856
727756
-1220660
-875562
1279086
934253
-1172307
-1037568
1052691
1134303
-1005706
-1147699
852044
1178275
-774383
-1301578
652950
1331315
-593949
-1412525
485863
1422402
-355806
-1405595
259892
1432883
-86317
-1466155
6669
1394362
93566
-1408087
-153988
1417721
372012
-1387881
-500251
1281742
600981
-1218886
-668212
1233659
720441
-1103270
-842916
1014176
959750
-959958
-1017444
875543
1132854
-743093
-1142245
662834
1202901
-633632
-1240770
444471
1298730
-307714
-1265652
206023
1278626
-63728
-1307709
12377
1329239
90048
-1341724
-199169
1292402
257185
-1297918
-410634
1252298
502837
-1170092
-574628
1134865
705842
-1045789
-772287
1027998
846057
-937322
-882985
841444
957264
-826344
-961631
660313
1062391
-588871
-1131365
553640
1116327
-470500
-1069751
382991
1198001
-271681
-1124621
128926
1122123
-53063
-1123424
11792
1161374
149740
-1097209
-227037
1073376
286128
-1070397
-413252
1023558
508577
-977698
-605298
879033
639563
-814459
-699798
804265
739502
-755757
-749571
641551
882345
-547352
-856124
473324
912098
-447264
-965735
294688
982434
-185003
-997493
185304
1000424
-63387
-1019340
-25027
949809
44291
-976169
-132424
956441
201864
-974631
-321903
927476
360259
-852462
-414243
783322
513694
-805945
-520681
726213
618244
-734575
-637443
659860
649159
-587906
-733547
548330
805411
-488497
-825711
424655
760152
-365761
-853454
272838
876314
-157242
-795778
111380
849061
9466
-848623
-17869
857519
122425
-821093
-195853
736364
225934
-690486
-269052
742961
307478
-663974
-367267
672802
503491
-613333
-523776
613607
567879
-494200
-636342
463149
606103
-425042
-659983
370903
704363
-283917
-665936
227306
722316
-82547
-753456
129907
712528
-60387
-721797
-6256
734622
23475
-690136
-79199
713495
138755
-628835
-164420
681034
300527
-643850
-356383
661247
365231
-555321
-397671
570000
467322
-485478
-496084
493002
475813
-427098
-568608
340109
522465
-343395
-559606
286468
564571
-259219
-648848
144357
674734
-117261
-610562
42224
591038
-7656
-616414
-12385
623813
26190
-569298
-72262
539857
163543
-534816
-235578
561462
235406
-493642
-275628
455082
297880
-403118
-350117
362149
376117
-349428
-466200
354045
449303
-249363
-439819
283725
519464
-224401
-548016
183809
545377
-104380
-484840
37665
561335
-9787
-471703
-40130
432187
46365
-476984
-99644
493071
144860
-494151
-145841
547715
194745
-476141
-232321
387991
254602
-437465
-305625
392301
317666
-346651
-351090
343023
358734
-296284
-338542
258093
422219
-252475
-416098
229564
429939
-174634
-451852
122690
474208
-134246
-368412
16251
433527
-65540
-448192
-7751
432204
-20312
-478700
-98848
367792
129037
-404571
-127421
377092
181177
-358524
-184047
362787
212581
-329014
-236337
295901
292180
-300958
-354089
238846
339044
-219984
-355958
203258
359035
-215798
-408079
146943
377251
-146302
-441369
67269
379990
-79773
-389812
-24834
385494
-15637
-382504
-54981
438821
82403
-321305
-103860
395233
162187
-338461
-127397
320354
110048
-314199
-203656
339472
233806
-284658
-225388
234205
258874
-216987
-229058
237186
269483
-246362
-302969
145602
338372
-164339
-284382
169454
314147
-126634
-310494
20766
336164
28097
-307873
-13065
280527
52881
-379017
-61832
377730
27562
-338501
-43207
259485
88118
-289590
-188190
304452
112260
-253058
-161064
254187
195728
-241614
-207864
244811
169357
-199476
-295720
174121
218446
-69351
-215050
137049
224142
-121687
-261426
124040
239784
-60878
-227855
54515
238801
-21902
-291286
-35330
334896
7356
-260423
-21658
337226
97809
-275533
-88024
186809
173655
-259132
-149633
272346
140504
-210569
-162695
180068
182989
-216249
-162691
179773
203955
-224633
-264254
198227
273209
-145022
-216827
88600
245012
-151300
-261516
93948
242796
-114117
-273487
-35247
230096
-13411
-274036
-28512
274107
8117
-252493
-67367
260986
58640
-172793
-116089
268823
44657
-255890
-156454
193577
80205
-135395
-134097
157055
152309
-135184
-153532
208272
175978
-147702
-158138
149363
231453
-129197
-200821
120319
240927
-58364
-208191
17243
230974
-59212
-262869
11364
256683
14737
-213821
-9333
248931
8593
-229056
18171
200462
44663
-224501
-142115
178352
124218
-170940
-75154
214145
99826
-157335
-91007
180568
151052
-164509
-136757
144555
159753
-101641
-184344
154477
285132
-98850
-160171
44640
196263
-25469
-206107
54177
173548
-62846
-230716
-12679
199755
-41757
-254183
-76108
255608
48182
-169142
-86888
224413
49140
-191162
-50738
157263
84259
-141834
-90113
132653
112320
-175517
-182337
165472
116245
-156971
-135539
123664
170673
-86914
-131587
98445
148098
-30591
-173960
