#SpinCore Technologies, Inc.
#SF in MHz
#SW in Hz

[HEADER]
@CLASS=	RADIOPROCESSOR
@FIRMWARE= 3087
@SPINAPI= 20130917_x86_64
@POINTS= 600
@SF= 0.000000
@SW= 30000.000000

[DATA]
-500011
-409433
310209
712283
-271311
-718071
209214
737005
-61212
-785522
10438
730366
6450
-722161
-80658
733407
146625
-697258
-184629
687517
187485
-683983
-218226
495367
233870
-531662
-364243
536331
382508
-544010
-400372
483389
374981
-423702
-325946
417104
373929
-343776
-396897
318867
462864
-310548
-353453
308693
449837
-216778
-492023
175756
451807
-228946
-418666
211928
489434
-177918
-486183
158546
520862
-167459
-501732
71155
483984
-111537
-533481
19623
517141
26425
-552047
-68993
474004
30583
-497325
-98845
478889
152171
-511025
-197159
407709
208234
-443088
-304022
458066
274865
-427436
-290646
444667
411633
-348157
-358337
357507
441597
-319869
-480471
313265
426380
-241593
-478938
228816
431917
-214325
-496858
123718
535581
-90253
-451312
-14941
530376
-62238
-479852
-23729
454222
61334
-592075
-125431
482265
158918
-474417
-124549
526249
231475
-504917
-281773
464216
357364
-455386
-377078
450617
408996
-387138
-442353
295765
430601
-368937
-453110
275952
504552
-312149
-510939
296694
591170
-207710
-610479
158391
499306
-155477
-567076
86200
557438
-3747
-599519
-21060
604489
-3192
-550465
-55623
565203
155029
-546287
-181515
530918
276746
-472302
-293372
553928
320343
-447088
-384158
486408
376025
-371213
-435759
397541
471088
-378347
-497849
342877
529024
-311188
-532150
334226
581131
-189641
-550264
165562
591634
-172957
-577405
82080
572141
27653
-575821
-10764
690391
51556
-649177
-80308
642951
146755
-604260
-256988
552890
236841
-568878
-347859
566952
390761
-548189
-383773
483952
454010
-562423
-462391
452546
491221
-372373
-533928
340578
532357
-249358
-608369
232342
595745
-206662
-682611
193302
672220
-150615
-653030
84313
701284
-4121
-623837
-44145
676910
39639
-719686
-128251
659042
161631
-635656
-276466
648679
292731
-702162
-390120
668599
430925
-577356
-460214
539246
465991
-426972
-473110
418013
605921
-352871
-641631
344744
654034
-256964
-680815
280223
677270
-240939
-753197
109781
773673
-109067
-711997
-2695
777367
9534
-776440
-100874
712544
208707
-777434
-247058
731407
281918
-781271
-373363
713969
491907
-672245
-457695
709956
502120
-610940
-561488
610204
615221
-530549
-659780
494783
713937
-454002
-704797
318716
815507
-296526
-818302
234178
887398
-166868
-829683
92361
811456
-75433
-901697
-33364
886551
87553
-889757
-180315
829230
221790
-850790
-297357
905543
364713
-817801
-425603
740315
542317
-723668
-592125
667925
696818
-639190
-677086
584118
787833
-480529
-830397
427858
863808
-423029
-937061
338984
890163
-225497
-909880
245736
1009195
-90400
-1036485
-18593
1023117
90866
-1055243
-139052
1022987
243508
-1044903
-332015
980087
416885
-993292
-498570
934230
594926
-917689
-660175
860766
701860
-796114
-699479
798465
841898
-747036
-926601
596542
927229
-534666
-992482
520835
1067843
-375841
-1100756
389319
1136639
-235399
-1227994
135321
1185466
-38151
-1174096
-55563
1195602
86327
-1165597
-306124
1151768
399083
-1161742
-446018
1120078
516367
-1126927
-631569
1000724
672533
-941367
-761467
936359
927445
-859408
-972226
813293
1042970
-714776
-1131996
634237
1167061
-560365
-1287697
393307
1295374
-271293
-1385315
216120
1334381
-102530
-1402277
51681
1476023
101477
-1387100
-181189
1376611
376789
-1436010
-469999
1418997
575304
-1424873
-719378
1321979
871434
-1260961
-964681
1211093
1006846
-1151674
-1136462
1137033
1234590
-951320
-1301300
931739
1409941
-740629
-1467816
705722
1552993
-571595
-1551205
426637
1621334
-341659
-1624913
248947
1732785
-9553
-1676730
-828
1671228
221770
-1649318
-428629
1721710
510564
-1645016
-635557
1643514
864165
-1521964
-924634
1496154
1050437
-1410265
-1175701
1342251
1287936
-1153501
-1392792
1106725
1526357
-990670
-1596292
924467
1721651
-749090
-1771235
608231
1866574
-433852
-1929647
284755
1969195
-97716
-1987462
-12517
2050560
262538
-2014493
-357137
1998365
583968
-2032180
-735644
1916462
851866
-1943107
-1097227
1901381
1232978
-1750859
-1476936
1745878
1565478
-1647750
-1679734
1542866
1818953
-1390090
-1973306
1279103
2178277
-1077730
-2230570
953897
2314094
-766569
-2367874
564011
2498583
-428812
-2451250
175477
2559131
-25011
-2511772
-291355
2584465
362172
-2536706
-687026
2554856
900415
-2465112
-1137337
2365610
1315720
-2246302
-1516016
2257086
1736794
-2041146
-2001595
1947041
2121185
-1834895
-2336019
1591213
2470827
-1338884
-2595162
1129522
2831012
-903283
-2927932
685265
2968910
-461073
-3062647
173558
3157404
49807
-3160271
-271832
3201815
509584
-3139949
-847320
3093320
1077532
-3032028
-1360371
2926055
1667028
-2886369
-1867584
2759092
2103653
-2534521
-2331948
2338402
2429493
-2159134
-2639660
1991340
2822536
-1715682
-2892803
1509741
3018594
-1222824
-3136205
964289
3099668
-715768
-3173393
431936
3156718
-191258
-3185493
-76880
3078657
379988
-2962494
-606883
2880757
896175
-2860601
-1032084
2655920
1261070
-2555818
-1515732
2373764
1719784
-2170922
-1844848
2092590
2027253
-1871488
-2124626
1655314
2309865
-1454753
-2351570
1266761
2511988
-945618
-2447603
863305
2532820
-617113
-2610675
351511
2614438
-100577
-2524164
-94874
2508708
256649
-2479388
-526742
2364851
674411
-2371886
-782906
2258245
968283
-2171411
-1148034
1987226
1313019
-1876245
-1433625
1788340
1550375
-1610468
-1707836
1461554
1749361
-1387681
-1847194
1159885
1924072
-1004313
-1950667
881223
1974400
-633481
-2052791
469099
2036129
-341681
-2030694
183547
1970485
13405
-1944659
-144823
1938824
323870
-1872856
-547538
1858504
636659
-1756549
-729549
1706006
936102
-1646466
-1022593
1516469
1182617
-1391674
-1248830
1287139
1313237
-1098505
-1459939
988576
1462160
-863340
-1537749
693907
1553619
-619145
-1656094
489306
1715648
-357101
-1709823
214710
1675594
-66714
-1661886
-69818
1665637
217403
-1595272
-254344
1617620
433763
-1545917
-609537
1555780
743969
-1424009
-843830
1375505
915902
-1307769
-1016220
1161928
1116355
-1030235
-1183398
1025354
1262880
-862980
-1241633
837464
1350826
-703077
-1334821
524723
1327373
-410404
-1410806
303770
1440998
-222986
-1349336
48250
1366688
7582
-1340481
-197476
1412422
280211
-1311577
-297368
1298065
435787
-1246203
-555868
1138590
603186
-1045533
-685144
1035553
794913
-979863
-853615
897703
945095
-804491
-971304
604581
1078907
-585165
-1138854
517594
1207133
-405623
-1153316
283972
1184629
-214992
-1208637
163614
1233169
-30556
-1216388
-48254
1206383
138423
-1208446
-249700
1117820
329825
-1082378
-506261
1074036
549079
-1023227
-580761
929744
627962
-914894
-750305
832683
769887
-779285
-808482
721383
880981
-618519
-927479
526645
997660
-403021
-959601
438285
1029212
-282006
-1059705
197830
1038436
-92239
-1036896
69004
1023343
29738
-1036476
-88595
993837
235858
-908994
-282838
877684
381485
-916873
-428230
830307
502337
-773652
-505917
772317
630529
-689925
-579804
604500
679023
-549554
-700994
488505
763120
-389950
-838381
314382
798460
-244500
-823946
223238
799201
-130135
-914737
69101
937880
8150
-910656
-53236
876718
143723
-818193
-244935
797270
221117
-838062
-334973
750488
393296
-679151
-458995
711539
489209
-648179
-549286
614268
543055
-603939
-676515
505069
680280
-503402
-680613
418586
679823
-260603
-747983
286171
748393
-226943
-800415
150520
751999
-117776
-752774
18893
757629
34306
-792563
-140161
800318
175815
-743513
-234227
709504
229503
-745564
-349833
654099
413892
-682603
-393581
560377
417414
-544346
-591760
504868
496068
-411724
-547607
345790
641850
-353959
-624196
274605
686937
-220786
-689130
214356
665396
-138001
-669684
99014
678775
-41304
-621196
-41991
722941
107271
-655492
-157800
658124
186980
-632169
-234643
730056
272473
-635663
-342821
624647
424901
-604864
-475579
528790
490879
-451177
-512819
402361
521267
-404885
-514125
355972
553828
-303596
-567911
301550
650481
-225353
-620828
235466
613583
-107905
-607558
85574
699302
-23411
-623556
-34740
588656
195189
-551559
-213147
585119
179501
-546933
-223071
573073
263709
-571334
-304655
505674
353402
-503241
-379213
444119
434759
-417154
-410868
387140
483957
-333566
-489836
325168
487885
-276924
-548156
234215
535877
-134895
-562000
143462
598349
-81544
-601697
-16483
532238
21888
-600625
-83042
583972
80644
-550319
-169434
558974
164224
-587294
-259567
594834
324994
-521656
-354208
434453
355419
-468207
-383901
423239
448224
-385227
-451451
313371
453489
-336230
-523016
289523
571663
-223479
-532286
225676
567645
-151692
-593602
141777
587418
-78938
-606206
39624
593141
-40773
-568122
-126018
557756
88953
-543876
-168269
489056
154830
-494458
-243082
593029
242181
-474951
-286606
439093
343579
-420911
-405079
424288
406633
-398338
-414853
347020
507785
-331275
-435952
243114
530599
-262049
-501083
206906
528526
-140268
-573080
162863
634408
9515
-574273
-45601
554863
24044
-609968
-69021
556552
190797
-559835
-157875
596122
173212
-542353
-232218
470436
287170
-444020
-343279
528489
414639
-413617
-386211
379667
431792
-381732
-470319
375731
445011
-292668
-530959
333321
559403
-228179
-553490
191694
608079
-99351
-551412
91137
549050
-54240
-554669
72414
561764
41958
-534665
-108427
501907
134698
-557808
-145167
498370
200383
-503314
-269842
501279
300497
-471626
-308540
453197
358929
-425706
-369547
361402
397590
-344532
-425726
337686
451683
-283967
-481430
235782
544697
-145119
-544657
