#SpinCore Technologies, Inc.
#SF in MHz
#SW in Hz

[HEADER]
@CLASS=	RADIOPROCESSOR
@FIRMWARE= 3087
@SPINAPI= 20130917_x86_64
@POINTS= 600
@SF= 0.000000
@SW= 30000.000000

[DATA]
-132298
-115664
140622
135471
-160216
-138037
130016
151698
-72536
-209405
125690
177812
-78590
-153791
41308
224591
-46307
-207289
12077
202546
111628
-250709
-10914
206793
-15745
-166532
-88142
147462
38707
-184338
-70678
150753
116865
-117966
-107854
167536
161315
-157999
-67297
185729
114149
-148866
-214438
129891
193441
-135221
-207585
81991
252005
-84889
-191259
88455
206911
-71422
-208075
44882
211010
-78816
-248498
-42639
202319
6495
-216040
-57508
189185
-33454
-186665
-44398
271953
42114
-273681
-41972
208238
103704
-178002
-102218
215262
108514
-111905
-60882
178646
43726
-131528
-254894
124377
222079
-114483
-187658
153700
210011
-117531
-208667
83514
232240
-64713
-160846
90800
229372
-36825
-247434
13037
263385
-27013
-234475
-59194
234509
41877
-220633
-92158
234139
47564
-274532
-83561
179316
108947
-166543
-107838
222163
184814
-253598
-166867
155394
172714
-187761
-175940
162226
195143
-145496
-226091
166438
223445
-90090
-304402
79077
235685
-68370
-192549
76284
282934
-70495
-324297
-2137
326551
-22054
-284270
16680
247198
32468
-282103
7176
274089
121526
-290165
-97737
288955
77450
-262042
-140796
201873
164863
-196391
-165013
234523
196106
-183840
-235893
171426
202173
-129707
-181420
171929
243419
-89991
-271541
103148
289791
-34614
-288528
120318
302367
17
-390846
-3326
305492
25896
-300745
-14408
281833
90620
-278901
-123186
340319
141837
-253038
-86439
322648
147722
-284231
-202922
302341
199313
-245664
-202505
234371
250063
-174005
-213572
166755
291284
-159081
-337669
158715
304433
-148042
-368288
112197
364194
-156607
-320566
93805
225767
-8305
-302941
-16369
278894
45122
-371163
-742
366407
60173
-355721
-60779
329998
117103
-363890
-166989
333432
168884
-278689
-155156
217625
212961
-275162
-233729
264133
271820
-243122
-290505
227455
268564
-125176
-345523
185988
300290
-163028
-355033
126150
408790
-106626
-361704
53392
423922
-34375
-390781
4275
343996
30342
-442208
-98821
352723
51616
-334654
-70214
353919
188993
-389508
-196211
384815
277906
-329412
-252674
378503
270436
-273749
-311683
262708
303988
-217933
-375317
240816
462199
-185096
-382617
203039
408109
-142697
-466483
125104
387015
-49625
-514066
10906
421511
-9237
-401091
-39232
487205
81256
-481709
-148559
436019
121791
-415837
-196777
466289
263853
-410235
-207690
364934
301751
-357942
-299509
343547
344775
-384451
-333167
291217
376433
-268558
-452630
274087
428944
-183115
-482143
209463
476551
-127450
-483029
142337
490129
1873
-420551
44674
464705
97935
-446979
-18545
516937
88467
-471313
-80541
560965
188442
-508462
-215721
471642
223389
-420665
-306080
382874
311675
-378708
-345800
314164
416096
-314504
-427767
341707
438966
-256320
-413880
250548
490823
-219374
-527814
162908
524175
-82960
-550198
101788
555114
6920
-492922
-21212
561036
58832
-524648
-94353
596495
125178
-625301
-161340
531540
233455
-487118
-232879
500737
314362
-490850
-307365
430686
354541
-375255
-434293
415343
495987
-323269
-487724
287478
528351
-282098
-497353
199125
578186
-233002
-560055
198075
550149
-95181
-603590
23571
623383
-204
-562508
-60411
560127
134044
-601991
-164509
641183
276984
-645711
-275569
590095
301613
-563153
-338896
539571
426284
-529021
-436553
442392
487985
-454848
-506684
362426
523760
-360336
-555985
293971
655287
-283873
-640606
234546
578874
-194298
-658491
180011
678393
-69251
-673768
28547
715696
45470
-698771
-71231
698712
181042
-706297
-231742
644491
196972
-622986
-306669
679332
356307
-562926
-400764
542844
423656
-519411
-526394
483386
604144
-435179
-596145
411612
666910
-266357
-646846
247996
652139
-203279
-702927
115801
730955
-121327
-738397
-14296
761556
12418
-691756
-71838
765861
128799
-740003
-183154
684251
216789
-702920
-340261
682822
371868
-664133
-394305
615384
451538
-585623
-483592
552862
558824
-573281
-601801
518293
672338
-412978
-630144
350474
685274
-365100
-664801
269802
743315
-166079
-777520
113271
764904
-67664
-730002
28455
786875
28916
-752283
-47764
740376
149563
-756876
-247591
741136
294361
-732179
-291374
659381
368127
-692876
-431396
602839
510615
-520731
-551035
509716
633874
-489382
-631950
476471
635936
-345373
-671824
339939
735182
-206768
-756339
152314
790572
-67181
-716433
-17361
791447
-38627
-792326
-60033
762003
114362
-748144
-240266
801903
243423
-748899
-330363
673057
421914
-668495
-489284
677042
481687
-595568
-502391
546144
521028
-567107
-535315
471764
675923
-484645
-691289
352261
728497
-284307
-771138
251184
711411
-225493
-774889
136245
787683
-109747
-806564
-13094
753780
79258
-792481
-73048
740286
171436
-723786
-203084
736830
306709
-688191
-322800
631912
338922
-614267
-499837
545439
457107
-537218
-545487
506822
561299
-424443
-570631
424290
651215
-352209
-624253
247039
694356
-314399
-659653
180173
742321
-108025
-750859
19611
795106
40181
-783152
-70562
701792
94151
-717231
-240167
711863
249146
-663066
-309078
640459
333201
-653334
-346188
578865
502635
-527800
-507999
546335
548902
-461302
-622615
411953
575928
-405875
-587692
251957
670355
-308426
-705388
209945
697574
-142109
-706099
140186
687722
-46500
-682025
-41092
687378
86072
-708163
-87821
672405
148443
-698684
-169898
683798
362244
-639505
-263511
591178
366283
-525213
-433640
508373
451866
-412427
-451818
477107
569561
-344645
-564453
372921
562605
-337675
-605965
267483
625372
-134650
-631308
178372
655837
-142215
-607908
-4853
659565
-28146
-655739
-57181
632106
126275
-629162
-174067
615745
131175
-586089
-261823
594242
325240
-632567
-335109
497182
352558
-539084
-473199
417440
478917
-445381
-488646
371965
446410
-344867
-535121
282559
547329
-229777
-629854
258381
527857
-165613
-609194
80985
597442
-63450
-547626
-1542
608624
39625
-627124
-109980
589260
134913
-537508
-173316
593015
207519
-498415
-222419
476005
225624
-525143
-281443
411565
338793
-395044
-372118
390650
486415
-345093
-469704
309335
427345
-249836
-527292
186672
542388
-156711
-555050
129546
542318
-60859
-556574
34383
590360
11169
-522776
-50981
572948
3454
-594818
-135021
505748
122916
-512890
-226305
541171
237557
-429814
-295488
396842
353796
-471232
-321979
378728
369901
-356271
-350403
328982
396531
-339151
-391572
314312
372658
-188814
-438936
201777
420112
-131989
-527597
107365
506683
-126115
-492089
26850
471270
27063
-420457
1253
423438
96690
-444615
-158953
476988
135193
-431404
-218581
451088
177024
-432852
-312673
390961
297709
-281466
-281567
280760
276739
-276823
-447328
221093
325344
-259033
-394288
191056
436945
-216098
-418557
99936
380553
-110339
-442169
111717
463308
-40667
-446875
-49567
409292
66775
-428632
-100849
327295
61401
-383162
-130714
377124
152911
-350902
-171449
370227
276739
-325828
-288887
295626
303657
-277986
-268404
234849
331970
-272044
-330723
222126
410704
-225706
-324100
171565
389317
-146254
-354762
106251
365595
-45999
-311320
10019
392904
29732
-348622
-6650
366276
35433
-390070
-118164
437131
120754
-321307
-172741
389975
214956
-353905
-157504
276168
183702
-304305
-262320
256161
235773
-195902
-261957
244002
200454
-184955
-268053
129146
318080
-97781
-362284
152796
332632
-103599
-316070
122070
350683
-73483
-352249
23613
349098
-8643
-308071
-39271
408495
80790
-301956
-48785
325287
60910
-250652
-173044
299170
136740
-322436
-166928
268681
151622
-280758
-221122
238617
223698
-167401
-197101
166955
285381
-203222
-238616
178191
266155
-111356
-336422
92621
272344
-147736
-260849
64320
361587
-23291
-253472
7074
299324
-40289
-332193
-37193
352527
64132
-293502
-106591
230250
62604
-286612
-112637
268353
94443
-238036
-157062
224452
134082
-203371
-137957
207007
167146
-166998
-263201
189000
241179
-85118
-242461
130968
221859
-69498
-185150
102731
273477
-65233
-271526
5719
281088
-9379
-313812
62696
294910
57517
-262698
-59101
269421
58738
-219023
-107978
290754
105246
-238693
-110040
207927
99036
-253863
-105503
199389
153611
-150894
-170818
163394
156087
-130529
-195273
144247
216592
-92965
-193251
122228
176669
-105268
-226807
82879
176518
-22275
-232718
111572
260145
-22521
-292105
55495
298862
70791
-252749
-19962
225879
19784
-275461
-141492
224308
111130
-186961
-73144
171452
113637
-116519
-103385
151427
144481
-188295
-177098
143465
124403
-68672
-166417
138477
169970
-127625
-226904
115430
265563
-116629
-238607
22517
188868
-102973
-254449
33675
184334
-12334
-188364
-6884
285024
107472
-179608
-44889
197809
9457
-222732
-78136
193895
137060
-130708
-50366
243935
123290
-186039
-149083
240567
104358
-181928
-137245
161152
100691
-145107
-186128
92302
200516
-105803
-149130
95676
190373
-109240
-157192
47877
175909
-31860
-181287
59490
161579
-16347
-244357
-3102
148646
31130
-193119
-108234
205520
1878
-150431
-59569
168713
104546
-171844
-99282
157745
106963
-102064
-102585
142082
146619
-186298
-57123
134394
145263
-97971
-139692
