#SpinCore Technologies, Inc.
#SF in MHz
#SW in Hz

[HEADER]
@CLASS=	RADIOPROCESSOR
@FIRMWARE= 3087
@SPINAPI= 20130917_x86_64
@POINTS= 600
@SF= 0.000000
@SW= 30000.000000

[DATA]
-144995
-101961
164557
158730
-188717
-112398
174046
159835
-131593
-129537
157956
110377
-88088
-146584
67730
207254
-100251
-139904
46231
239133
-28258
-213441
30166
156165
-35154
-202945
-83201
212779
-2396
-224467
-56188
198198
36099
-217986
-8381
228635
89463
-241559
-68796
182333
122689
-222435
-113056
177179
134080
-174028
-182910
192316
153875
-156294
-207936
155992
196919
-100405
-205583
98385
194846
-120601
-218258
60953
266368
-81931
-231445
-7126
241242
12028
-299611
-61270
195430
22964
-256917
-15307
274832
38196
-189228
-67541
298295
89414
-201690
-93631
216968
137638
-197805
-199704
220750
152555
-235948
-175232
237861
163871
-106584
-184413
115903
231036
-102419
-203678
75947
187386
-108607
-206562
62762
177401
-64741
-241325
56544
244239
-42263
-279225
10627
266359
48990
-306532
-50998
284989
62940
-267258
-61885
301462
162079
-208572
-120069
246628
170899
-225854
-135719
207236
205802
-211917
-226393
192383
304612
-162637
-237791
102668
258504
-111304
-192669
119281
329082
-112747
-249214
115791
287341
-59116
-265916
35412
273191
35619
-268906
-30603
305706
40042
-307981
-64280
377986
68364
-275196
-52890
254977
108478
-282189
-151422
241216
201707
-235689
-185396
221682
243128
-226722
-134076
224687
255648
-251677
-252493
135827
311648
-109723
-290306
140075
287729
-135181
-324879
80530
266631
-24403
-289589
-3021
331030
77624
-394473
-27575
328824
78802
-367695
-47218
304369
93617
-313474
-156176
379178
177399
-279977
-173085
311706
179308
-336779
-241992
226855
225457
-241437
-286481
239275
297063
-225171
-342516
226071
310409
-163728
-340620
103091
367230
-92243
-330361
85659
443820
-55514
-342777
56639
368405
15317
-395975
-43256
360947
69527
-398709
-106369
353390
96844
-415835
-158557
302511
233689
-379085
-232312
375999
304942
-291641
-244912
288799
282017
-295326
-300946
229631
384875
-213726
-327068
182569
350650
-124882
-411019
158101
427629
-85940
-445017
6430
447067
-28742
-473080
17865
448126
26067
-421730
-58730
496179
117280
-442035
-145471
411457
174198
-425187
-222755
361573
245371
-346334
-342683
354325
352346
-359265
-306716
336519
391222
-320312
-409835
271858
422640
-238980
-464950
262814
520052
-205783
-466776
161491
523618
-82073
-570135
18736
492793
33558
-532590
21093
496311
45843
-539131
-101777
533107
122201
-467897
-235149
466340
302531
-429041
-279733
460871
310323
-499548
-360238
382930
495995
-360043
-464061
384863
449212
-323949
-512294
235939
516390
-225651
-569620
223031
587624
-97262
-610175
144095
523548
-35867
-639690
-47764
595015
70151
-663138
-139213
649231
248991
-687474
-218802
600770
264651
-649656
-282490
587469
291084
-555882
-453917
517636
512547
-526235
-517749
467430
627300
-424191
-596863
439205
601843
-290211
-618228
276680
701454
-235051
-740116
182996
746674
-124708
-741614
48147
715615
8393
-772192
-18788
766726
117921
-733130
-155334
787016
239349
-748984
-300226
690759
333909
-713758
-481932
688422
462749
-616872
-489944
561680
618689
-533364
-572224
528069
768906
-439823
-710311
466240
764971
-290596
-774872
259700
841497
-224887
-875585
151812
871293
-70478
-852351
-47585
987870
118028
-870283
-177695
828117
224292
-944091
-295578
918732
367333
-819069
-445385
783881
461325
-777625
-700103
737883
646027
-714966
-669893
637778
802501
-620837
-808068
496336
859730
-479137
-905194
401856
956420
-357145
-960089
308462
1019273
-190207
-1060627
57613
1056096
-6742
-989640
-62814
1067424
140085
-1036427
-287767
1078025
344049
-1012192
-420309
1030037
491042
-926590
-572578
927988
620149
-908467
-729118
840372
792715
-742068
-948341
637633
949490
-544959
-979673
549189
1087047
-440401
-1119416
314461
1212224
-262200
-1191482
144549
1142987
-66548
-1253827
-46897
1225014
168144
-1308530
-253105
1203154
341190
-1232000
-481657
1189419
547517
-1210473
-693394
1131568
690578
-1119254
-874765
1002226
904419
-979905
-984614
883122
1087671
-842883
-1138575
744292
1297292
-664886
-1308088
537020
1336657
-388553
-1370631
352253
1403045
-203063
-1395629
72785
1452827
21134
-1373696
-115244
1457562
249080
-1437915
-392053
1357475
521699
-1323876
-652190
1285681
706077
-1247352
-813503
1229812
952453
-1136299
-1070321
1046200
1090689
-907880
-1203559
856043
1282543
-785080
-1455048
637056
1512703
-541319
-1478189
390791
1540934
-223686
-1558696
154044
1588079
-1999
-1633706
-138840
1638158
176990
-1585480
-372739
1607898
532889
-1577525
-586822
1462602
774645
-1470599
-831695
1252131
954642
-1296312
-1086998
1263688
1195061
-1203648
-1322813
1023863
1402229
-939270
-1412839
772293
1446515
-682040
-1541856
456479
1561802
-434914
-1587107
288436
1611590
-106779
-1604581
778
1554253
115094
-1593580
-204848
1492714
347479
-1474157
-419949
1454631
601327
-1413233
-688529
1277829
822355
-1216080
-898762
1173146
1020826
-1090115
-1100737
928174
1191830
-849200
-1265639
717074
1264486
-618343
-1318558
489780
1344319
-405607
-1473431
293296
1390265
-110255
-1394051
71892
1379981
56733
-1445127
-190483
1442336
313969
-1393967
-384598
1337528
515444
-1253872
-576335
1179849
718422
-1139863
-776879
1060406
882470
-1085460
-905080
1005393
954835
-838561
-1050600
715177
1113275
-685825
-1151969
549801
1164332
-477123
-1224741
409268
1221419
-296467
-1267990
113435
1271949
-15873
-1210658
-74376
1150508
173064
-1133933
-265542
1159529
288490
-1048482
-399741
1081328
457555
-1007031
-603362
1008426
662387
-876463
-687835
837322
729295
-763749
-758441
679910
804240
-606222
-866330
544230
977309
-402712
-961398
350693
1042022
-260053
-1025830
162090
1009369
-128647
-1084772
36733
1026059
73139
-1032092
-173996
962915
166848
-970350
-346533
932061
346962
-860475
-435962
906873
493998
-796513
-581397
736705
658195
-717283
-615227
682903
733524
-524207
-758240
573561
780832
-470656
-826605
375300
801948
-319954
-890943
313818
861425
-207629
-920986
135349
833280
-53261
-835039
-56521
846519
87615
-811231
-157742
804032
200278
-749817
-220208
749414
284570
-689066
-418053
699917
435475
-656543
-457577
590333
465153
-568169
-607511
482499
598037
-408936
-662012
332731
650377
-300567
-704642
230054
729198
-200068
-716880
119980
797114
-29463
-751225
7969
733318
82333
-708221
-126666
680487
149678
-658405
-229662
647729
271718
-637413
-329401
632403
379640
-564067
-426499
591482
482964
-520594
-442280
436545
500841
-475389
-555770
335289
545473
-335810
-496762
325619
609923
-256153
-589805
210208
638834
-155360
-623324
103079
719437
-63199
-617603
35364
618731
88033
-624937
-121631
580717
104270
-588838
-161349
533308
327001
-524785
-332594
476230
332594
-517839
-357682
401949
390945
-358786
-444532
338659
456046
-318206
-503147
242837
446643
-274984
-511615
140491
498527
-118651
-493043
107571
526428
-18325
-464412
90481
568557
20034
-481843
-57851
571111
85398
-536805
-174172
454809
138535
-451179
-169816
451183
319675
-356388
-377176
339986
293832
-397980
-369506
280529
332125
-248615
-427394
284819
374595
-262920
-406971
272573
375401
-168420
-463518
152300
434301
-133785
-437473
58030
443772
-4030
-466302
19490
414352
102873
-483146
-77903
409610
62086
-413800
-128997
416102
120547
-396060
-173685
427064
205598
-379325
-221015
336973
283039
-274586
-312566
281478
286648
-218886
-311825
235000
345296
-128335
-380070
123122
393681
-74711
-368644
-9334
382775
-78897
-386750
12177
406259
51774
-336252
-38664
384546
57177
-391112
-120214
351071
157062
-341882
-166223
306114
283814
-285606
-115760
277625
244871
-312867
-265233
253536
237540
-236365
-247049
208881
295983
-228490
-290297
162743
325324
-130299
-321236
107144
363632
-58737
-312601
76302
336461
-27577
-331151
32680
252811
19979
-352226
-84133
372894
112331
-343908
-91234
334419
133300
-284436
-134717
282416
129023
-261548
-117629
218206
217447
-276513
-194867
228740
268914
-183575
-206528
171881
305688
-116999
-315425
146520
272917
-44987
-284515
74817
287600
-23991
-283794
47265
294638
13503
-256840
61846
381522
25163
-316927
-41558
293403
111734
-306320
-60799
220704
97076
-224505
-121670
268732
145827
-214889
-100553
282724
163209
-221124
-226506
189653
222659
-192570
-193254
181246
200814
-175760
-224538
138468
264452
-89191
-256550
71928
234051
-121378
-220094
-9432
248863
-77744
-301464
-16366
273891
4265
-232940
-4850
267747
73558
-233901
-109526
206143
129638
-204522
-137746
143130
189386
-202925
-133217
168068
183982
-140627
-183370
220287
163533
-118840
-168839
107514
159158
-164996
-207970
109531
204668
-54007
-216978
54202
207461
-64993
-140802
41940
204693
-13037
-275265
-22398
233320
18848
-205714
7909
212331
51186
-234240
-29010
256308
89563
-214060
-140278
227231
121720
-181243
-150013
145115
179625
-150376
-170841
136504
178382
-125169
-181406
96939
248955
-120978
-172946
95089
186331
-60277
-230638
9991
241057
-102262
-190574
26018
145452
-50994
-258416
10520
235608
53297
-174150
-85980
202794
17166
-199382
-35041
202071
132015
-130923
-47840
171871
88273
-189565
-153813
215889
138381
-153900
-115039
157329
221933
-139058
-129797
118569
158621
-17014
-132000
