#SpinCore Technologies, Inc.
#SF in MHz
#SW in Hz

[HEADER]
@CLASS=	RADIOPROCESSOR
@FIRMWARE= 3087
@SPINAPI= 20130917_x86_64
@POINTS= 600
@SF= 0.000000
@SW= 30000.000000

[DATA]
-216745
-111599
282354
75996
-263250
-151727
217706
128574
-226966
-144082
202419
175821
-195035
-179876
183082
187832
-185120
-216310
179317
293767
-67970
-263107
92227
266361
-24198
-270278
48444
260104
-52327
-239173
-54747
322464
6774
-354165
43173
225375
35493
-316018
-43085
260757
126002
-235317
-121239
269835
125169
-305952
-184634
210130
151303
-227141
-174392
220007
194918
-141025
-283261
150443
249097
-141611
-266049
153848
209676
-122095
-291548
135510
273826
-72800
-304189
69705
351810
-78340
-309377
20928
309392
-2865
-304161
20369
262251
30790
-243611
-44951
281142
127548
-271439
-164737
284945
143811
-255055
-165568
294502
215327
-209977
-222737
253856
216956
-184502
-232002
158060
270578
-149694
-237451
133000
311905
-61289
-305361
34026
274840
-60761
-289234
38865
288967
3901
-332239
-17908
346864
74632
-347874
-58828
366415
52035
-326691
-96445
267924
196098
-259715
-131538
304306
169056
-259295
-185799
256716
306642
-292490
-279925
279447
294847
-219583
-330368
156096
322834
-239113
-295596
49731
334710
-116824
-364358
25276
372702
-26441
-351342
110087
334479
-8121
-392896
-21198
377230
48654
-389731
36690
328202
120697
-336893
-142774
323902
144659
-328578
-164984
320199
131531
-252848
-207287
239099
264756
-229283
-254410
179777
246868
-223183
-324904
225627
348166
-187528
-322497
128555
318811
-70208
-336265
85933
387083
-13215
-363746
30357
381057
-23596
-324543
16876
368777
132700
-352974
-109601
387343
143073
-367471
-199959
405728
191019
-374097
-246286
325088
241744
-332797
-237844
306708
316979
-278715
-319911
189922
365639
-213851
-345004
173319
369260
-159650
-379739
216934
382500
-99560
-398977
77339
471492
-41233
-428435
18393
470804
48101
-430641
-62636
443239
83029
-426510
-184079
397100
101138
-420437
-188349
388806
227228
-328682
-255680
330327
325209
-280136
-377504
321488
358760
-291145
-381840
271688
458139
-223872
-401118
223522
433490
-117134
-502122
122025
405441
-64502
-523417
27657
550022
-2830
-496536
-50805
500535
79971
-552617
-175085
578062
141969
-472283
-253624
476702
255626
-494578
-310486
448867
384873
-415462
-381038
391191
378120
-327275
-512779
322923
447481
-312749
-482852
289237
514323
-227176
-543504
182051
583207
-131623
-637896
126824
577016
-89552
-624105
39721
556289
56454
-591710
-104367
636781
143039
-545837
-164664
644722
218186
-505586
-301623
542256
333191
-476506
-346027
458510
375371
-473205
-473553
450316
486408
-417241
-554962
329372
550110
-301361
-645879
191997
623189
-217422
-582741
82796
660583
-84769
-719281
8508
654705
103769
-717750
-60018
767951
162791
-651811
-158866
721687
307188
-712326
-291747
674402
408005
-619613
-457230
629910
488610
-554760
-539128
619507
585142
-495662
-613814
424628
686321
-419726
-671227
348661
723016
-345419
-786158
184361
777462
-125243
-803648
122540
833513
-59560
-838163
41984
849047
89766
-841053
-133091
787042
202353
-829077
-352456
803784
299059
-761066
-400204
836164
534349
-703832
-546783
680667
578729
-610651
-637422
562946
750446
-472340
-794880
418325
821864
-370197
-923828
310371
879269
-270011
-862560
124951
1017977
-143824
-927057
-27418
978999
103779
-954000
-178932
940503
165192
-971006
-318013
998917
433360
-978124
-475315
894888
554332
-892184
-571428
821567
728415
-825215
-772390
748748
909184
-701029
-992491
609150
992151
-589578
-992249
511460
993844
-397440
-1071207
351887
1098635
-203723
-1155760
125039
1202740
-107218
-1270638
-42550
1211115
206392
-1224831
-278390
1215608
311930
-1176533
-510541
1165016
507908
-1075957
-645700
1082765
747681
-978335
-840001
935356
954162
-833150
-952866
774645
1059010
-791176
-1106342
588231
1245559
-504088
-1250409
432021
1295128
-262872
-1333971
166696
1376315
-118732
-1417367
-49795
1456189
164872
-1423486
-248442
1443164
417275
-1388189
-538234
1420291
620581
-1393681
-779521
1325790
884024
-1307347
-1025730
1193730
1126322
-1166125
-1226134
1045535
1335308
-945233
-1395194
856903
1478348
-783464
-1552489
626907
1589889
-511704
-1605419
425417
1773609
-318411
-1782425
107460
1840707
-15683
-1822311
-169470
1854480
310993
-1782707
-517441
1801123
659163
-1730174
-794881
1699274
973541
-1587776
-1110739
1584464
1224662
-1421489
-1351595
1334072
1457922
-1241666
-1619069
1116663
1788658
-973124
-1916327
860308
1951952
-624363
-2016401
499129
2092956
-300650
-2158734
176756
2148926
112649
-2195026
-254486
2144428
433129
-2172905
-593810
2141499
752014
-2127545
-925718
1986172
1139866
-2022260
-1270697
1905924
1450697
-1796440
-1588141
1646660
1758593
-1553570
-1788449
1374836
1948290
-1215761
-1993542
1061783
2104987
-886497
-2188395
722692
2199219
-506488
-2185824
311411
2253286
-79843
-2219737
-28469
2211335
227012
-2109624
-372183
2030588
587516
-1931066
-742792
1903390
913956
-1790126
-981367
1685238
1188645
-1501329
-1327825
1520609
1380332
-1298356
-1520750
1205291
1586850
-1033859
-1639749
891325
1703198
-748291
-1745006
619190
1747613
-406492
-1779921
259199
1816646
-149310
-1771035
-46505
1764185
185551
-1740328
-332925
1705861
464247
-1663475
-587528
1662402
684234
-1525580
-817091
1490096
865229
-1332131
-914815
1288447
1038604
-1189703
-1179881
1010933
1236649
-948379
-1236225
836894
1321768
-685670
-1399297
609327
1369955
-480848
-1489170
352429
1478927
-272554
-1446868
109018
1420168
40
-1399376
-95809
1373770
228605
-1330264
-291754
1280101
353152
-1206537
-516955
1144894
612957
-1097414
-693875
1045694
783571
-940571
-882875
891203
893904
-776135
-989024
727678
1030385
-653229
-1141777
529424
1119292
-396733
-1134602
358110
1219030
-272623
-1156590
120099
1223060
-58638
-1152781
-66687
1222427
164967
-1103004
-213472
1118116
328009
-1099169
-403155
1034406
521027
-923885
-590654
909277
647874
-912965
-681091
804168
755473
-783020
-808088
739486
807169
-625441
-908124
592099
1007593
-503878
-943689
378101
988135
-360245
-1044868
215471
983480
-112701
-961629
37923
934581
-17694
-884258
-103279
960713
198876
-949451
-259934
900094
314920
-864665
-367113
784033
381390
-770663
-533688
730331
591980
-628046
-582028
569934
601282
-490794
-692714
480272
697446
-389054
-770014
345470
798870
-238609
-807603
177125
777632
-167055
-820184
28743
864002
-20138
-785608
-69382
828640
163775
-771455
-134590
768179
325371
-772759
-305010
671609
311108
-659745
-393344
622010
448833
-583956
-518641
594036
491321
-506489
-597314
456862
560049
-451905
-649884
351644
642570
-363952
-644774
250015
664518
-171462
-726786
155253
696427
-108186
-648820
5130
724178
118437
-681711
-88152
674413
148751
-639391
-216705
598995
258812
-619538
-312321
564001
394271
-544805
-440152
483888
448546
-444640
-457774
375862
490908
-449601
-472543
290166
576769
-324378
-569550
253911
523115
-149297
-532378
83775
597650
-85957
-619668
-47259
630708
29183
-583520
-31663
576016
135524
-546029
-127621
546650
247454
-549683
-231028
549034
319278
-472955
-296955
464623
347654
-403395
-412441
432520
459159
-358441
-424471
379523
389406
-286277
-526115
224392
469178
-228456
-477627
172647
518804
-45404
-516337
109926
587398
-23710
-486072
-17378
460566
32580
-467393
-19489
504292
119322
-534347
-184509
398591
252138
-500965
-270393
452870
218920
-357668
-281294
369482
298978
-336516
-301667
308520
351211
-283326
-387263
195068
320963
-195949
-426298
229837
400836
-181994
-415768
53717
436619
-68767
-392546
55068
422946
28219
-466271
-46504
466595
66214
-435331
-139726
440169
146883
-376501
-173969
394204
222339
-349559
-247617
327894
247121
-341093
-237628
298331
294223
-284954
-290821
230355
324040
-205791
-300630
152090
371356
-205180
-388701
94343
360925
-97710
-375651
55227
400146
-62922
-345211
20810
361925
30690
-422534
-38895
303142
90640
-369323
-158956
368988
114383
-327585
-174665
327124
237487
-352290
-180754
255093
308837
-294702
-241408
257810
282644
-173299
-284276
212634
247924
-218475
-351901
171084
319523
-99577
-345848
44277
350808
-97926
-361199
7519
337756
-41627
-358953
-14821
334326
38305
-340806
-36099
334165
111163
-325476
-89551
309405
149491
-293807
-234223
267427
194636
-301290
-247736
214335
233192
-242328
-245987
189179
261812
-199443
-274016
169450
279382
-162356
-325684
130677
334299
-71677
-306631
90312
280026
-36500
-299423
-13768
267126
130
-345970
27305
317260
-961
-316183
-27446
284993
107734
-263938
-108907
261275
160363
-259628
-165934
224444
179037
-268015
-183259
262130
227225
-202382
-204366
194699
262749
-139260
-265057
184449
264942
-136678
-304049
79487
294599
-14436
-263582
69158
289486
-46758
-275873
36465
252902
18566
-262278
-41671
267231
4506
-290055
-35057
274207
76226
-285190
-81666
297938
156559
-236892
-75277
231108
206428
-171799
-205395
176185
187718
-141297
-207297
141792
197543
-94832
-261433
177523
258314
-119856
-231522
119854
238526
-76323
-311789
50570
292368
41754
-256576
45605
249939
18424
-216121
16571
271922
37902
-207496
-88774
333744
78870
-172498
-151907
239115
128186
-182993
-164527
214573
119507
-214795
-191982
137942
189714
-195894
-144382
140354
216438
-99644
-188495
99751
292825
-74201
-276420
80787
209586
-76591
-242328
