#SpinCore Technologies, Inc.
#SF in MHz
#SW in Hz

[HEADER]
@CLASS=	RADIOPROCESSOR
@FIRMWARE= 3087
@SPINAPI= 20130917_x86_64
@POINTS= 600
@SF= 0.000000
@SW= 30000.000000

[DATA]
-69741
-161263
118129
158593
-128492
-152597
107346
212858
-91089
-123547
110884
169764
-50794
-239108
-24284
180757
-53940
-216953
53729
225318
9855
-224743
-25429
204632
45467
-240819
15888
169244
84983
-196223
-99292
186908
133300
-204904
-105172
112142
130901
-164439
-157700
181540
153106
-150812
-168898
91533
234966
-147674
-170379
126431
212878
-135827
-147329
72077
206713
-64781
-166998
59295
253706
-51268
-261862
56623
193010
-12629
-216359
33249
261251
29068
-275077
-40327
210202
40176
-250605
-74021
141911
44407
-220358
-21420
261021
70764
-142668
-164498
194401
178502
-203693
-161177
196500
197712
-194086
-201846
103855
206421
-105122
-172305
105856
233630
-72581
-185712
106197
211778
-66218
-290807
70456
243548
-57970
-290996
3302
321140
36615
-268937
-29773
239380
91002
-254673
-63244
266980
75876
-178466
-123185
264825
109447
-198308
-163887
222092
142998
-195272
-211258
176285
214477
-163101
-199020
228272
215315
-129486
-223463
105599
248755
-115706
-287498
114586
247865
-124655
-194940
80035
249016
-56210
-274673
-84653
261761
21888
-311494
-49156
253964
122129
-290804
-98001
293218
115563
-301876
-101344
298084
145652
-255201
-137638
247437
154142
-182940
-235238
247289
192078
-162110
-222068
214569
276361
-119405
-281550
190689
280156
-115374
-285573
36325
266362
-50494
-296795
47741
335382
40062
-289732
-22460
309321
44855
-327865
-92094
356431
48762
-294827
-61021
300160
178103
-289509
-102643
278962
239282
-316463
-226899
271237
338417
-255636
-294414
266563
286935
-210204
-268027
166696
331256
-190357
-320162
135679
398987
-118667
-416513
60987
345212
-62878
-363355
18404
407019
-24370
-355795
-49341
350969
66532
-360990
-37343
401078
122785
-374186
-99037
365869
158140
-325383
-214541
257568
230605
-339195
-241416
279899
276321
-255035
-240880
288966
303759
-283742
-322489
159609
395652
-174226
-472533
188630
361256
-92742
-445399
54314
466703
-5974
-370578
18112
426628
66961
-413634
-6782
372444
136048
-477574
-90619
389447
112162
-369675
-253503
423150
233867
-364562
-310611
327303
313070
-375564
-390799
377319
349568
-232060
-374990
257424
426844
-295801
-425247
187844
433788
-174041
-474603
145801
464642
-94684
-468372
137813
518617
-49137
-424320
-51212
505597
31057
-490966
-116873
438129
94344
-473705
-135221
503177
188915
-495837
-236932
401156
245938
-397293
-347438
468615
293988
-336925
-366756
335295
401492
-257003
-393375
315944
576508
-331859
-526289
227131
517454
-216147
-491463
100538
515671
-72894
-527270
-14451
575146
-27739
-534771
-33872
560115
105970
-590162
-171417
593922
186615
-595208
-220583
543071
287152
-479254
-362443
551567
342167
-492304
-377906
378768
404224
-422419
-488228
378112
571663
-361188
-615899
356071
602067
-283328
-553088
240585
600933
-172336
-703483
119528
622293
-122392
-676241
42512
672781
42354
-655427
27429
639939
149269
-687947
-165375
620691
236550
-564548
-292330
617583
336412
-594969
-436849
517457
500863
-527033
-482416
468894
525716
-418069
-536760
462594
605318
-354566
-580912
253424
722574
-221146
-675966
224900
770610
-70770
-783612
76243
720954
10761
-769244
-89650
783795
176047
-756604
-152815
752761
222237
-758082
-328214
687724
386386
-685020
-504683
718710
429790
-612999
-581241
632751
602578
-599344
-728991
536875
732116
-457747
-769787
448448
743484
-389303
-820084
320366
839778
-225560
-865094
208272
863045
-209123
-889341
101093
843591
29467
-874737
-9771
863906
177134
-826385
-233484
833316
364594
-864219
-373512
851218
465838
-806580
-532966
694310
601335
-721853
-674149
666003
723964
-545787
-734474
556398
788738
-474975
-948518
391900
819293
-317077
-930158
199756
961686
-114220
-1021342
123478
954994
-40817
-934424
-113200
960439
207773
-1018205
-236836
974587
309700
-976280
-401187
910925
429634
-986923
-562537
828358
637570
-809429
-622361
834601
755701
-736155
-769978
697056
867291
-623386
-941204
538351
940723
-478446
-952622
375305
1019406
-317530
-1097208
222978
1070532
-179468
-1072356
85617
1084761
71599
-1015227
-70485
1020057
190634
-1018054
-290380
1027355
401751
-949129
-470774
967384
525277
-942869
-590479
918337
727769
-870864
-717504
674149
806126
-686723
-881621
625689
962626
-497125
-929884
441705
1004163
-352063
-1074803
220543
1124398
-225843
-1130356
143852
1092137
15438
-1142064
-156616
1107820
167039
-1145712
-279800
1158857
398323
-1098934
-477843
1001254
602346
-1034093
-593990
964620
670625
-920322
-743463
812211
833216
-801653
-853773
711339
950736
-622012
-986316
594062
1046979
-488429
-1114184
411753
1109472
-328537
-1180551
214092
1154183
-145550
-1074956
-9104
1115737
47885
-1103460
-150192
1091967
209705
-1069486
-357410
1054669
409925
-964562
-503442
951366
614999
-923401
-677867
827669
707292
-795781
-774587
709512
831440
-640103
-895462
499671
915744
-500729
-988794
378391
1025948
-342355
-1033420
233168
996750
-83821
-1145733
59506
1092502
52045
-1088125
-48573
1070563
202387
-1026842
-311921
1015547
421720
-903745
-424288
970139
466364
-905683
-620229
809720
673756
-769569
-702228
743283
849211
-693710
-797881
623626
862863
-598523
-887377
420777
934653
-488768
-951683
308085
936737
-239579
-985313
121996
920637
-48434
-988197
-28350
977535
68923
-942215
-148918
941274
201945
-924941
-298666
907286
387775
-854992
-464120
851997
473362
-683030
-580607
664493
622275
-612221
-698093
581759
674664
-546370
-729724
466145
827255
-336862
-745728
368130
887766
-283705
-858799
148143
821072
-102309
-848384
-4695
896182
-33682
-801799
-64253
886345
188792
-825441
-177613
810431
260383
-839708
-364177
752984
398758
-725332
-442767
662433
549016
-636257
-620016
598252
590977
-548058
-625352
469334
683995
-419116
-714247
441382
711445
-350025
-730805
257253
737149
-297988
-732906
129703
693855
-121596
-775521
-33320
774294
44693
-702923
-69422
718037
134205
-737919
-231675
716429
261271
-656249
-372628
657385
393197
-615282
-425905
496452
417431
-462288
-488634
404045
561526
-414720
-517662
347497
537376
-366772
-556094
302838
585902
-268728
-612506
138495
622640
-129025
-652274
74093
632662
73266
-633125
-70093
639946
112444
-618969
-167196
592627
236184
-603096
-282431
611223
247690
-551255
-385790
481000
378852
-475942
-448319
489285
480523
-405922
-452842
381251
487844
-368059
-488902
276048
537205
-295461
-530438
233285
557649
-196908
-568345
104398
596649
-52134
-629599
56781
506799
19611
-553977
-1249
541661
88761
-544251
-132693
458004
203721
-523970
-222982
427551
271399
-427927
-324918
356181
293985
-357666
-350398
332079
387688
-321264
-452673
251621
432462
-301444
-464639
192382
439837
-204301
-440210
205893
465912
-121133
-498256
100062
477219
-11264
-516233
-22142
475874
90660
-503630
-59948
490215
74957
-520789
-157834
444421
195716
-436690
-228508
407735
276661
-389515
-322867
352920
350990
-391043
-317720
314258
375984
-298573
-405391
270287
417431
-204326
-433155
150725
362342
-155088
-452296
127543
439005
-110502
-449986
12343
377973
-3767
-432135
-61603
425511
65576
-394664
-67990
435047
52755
-315034
-115051
367440
187571
-332023
-264013
313986
229005
-249636
-267963
314380
295701
-287303
-341771
245762
284052
-211153
-305332
121362
366041
-178305
-358865
65563
340717
-79161
-425696
39571
368316
-7861
-341165
20826
347852
-8982
-361658
-50343
319078
67711
-347197
-80282
339404
167056
-381048
-211984
332527
190584
-301974
-164711
343662
256950
-302774
-218911
258282
192019
-216636
-221325
242374
271079
-199441
-270685
137901
314715
-129824
-333292
68634
295238
-47639
-295485
22952
332882
-53469
-346668
61234
365367
72892
-327906
-34921
396155
80292
-286789
-105785
281095
98071
-306108
-104906
294092
129116
-231869
-210064
216674
154494
-155741
-198598
154339
224053
-197517
-252431
175720
283280
-173036
-217544
132949
277249
-46617
-234429
101090
263626
-20007
-270831
30997
298875
-18230
-322224
-2102
310325
64108
-255838
-86254
270801
154614
-205038
-116940
263832
123670
-276684
-91159
304311
81286
-186074
-168595
218939
203969
-176028
-189595
203439
166787
-177255
-238288
147102
235118
-115052
-211986
192727
299917
-112164
-253480
61869
227477
-40255
-234031
-16485
184252
-37563
-218719
-28867
171127
72141
-243267
-116927
259857
66272
-227907
-25572
222735
52498
-168333
-55198
176366
142948
-168848
-102592
178362
137072
-151354
-215404
167602
180650
-130524
-188350
156312
169908
-119873
-159697
120926
221229
-64415
-223598
71075
204019
-52453
-191733
29008
288712
3325
-221421
-17891
211973
40607
-172974
-15505
291048
68244
-225373
-94598
190092
47809
-219679
-86624
155731
112317
-179360
-198568
150466
168858
-175746
-144056
194216
135394
-119970
-195576
45821
157310
-52296
-225105
20183
215886
-36398
-203499
34041
203707
-50693
-135266
38201
212211
17820
-254049
44649
177621
68408
-213862
-79094
145480
6597
-136792
17112
115203
51973
-209252
-131269
193554
137471
-133616
-154973
151334
110383
-174246
-110843
154264
132837
-79961
-201323
