#SpinCore Technologies, Inc.
#SF in MHz
#SW in Hz

[HEADER]
@CLASS=	RADIOPROCESSOR
@FIRMWARE= 3087
@SPINAPI= 20130917_x86_64
@POINTS= 900
@SF= 0.000000
@SW= 30000.000000

[DATA]
3399359
-2467248
4485300
-2301811
4861506
-1569017
5134403
-578410
5166902
229237
5042436
1144735
4686496
2005816
4289978
2769325
3633914
3515508
3034368
4006492
2280197
4543080
1387574
4866344
501161
5010633
-312142
4937146
-1167209
4811555
-2047961
4483672
-2757665
4089281
-3449636
3475758
-3957437
2815634
-4346670
2075347
-4596765
1259845
-4694972
386383
-4676941
-414929
-4492001
-1198995
-4189377
-2020817
-3786392
-2661094
-3211365
-3258793
-2575116
-3771822
-1850067
-4031657
-1051119
-4335387
-250498
-4385653
546593
-4341935
1270775
-4189290
1967899
-3822902
2658843
-3399428
3144682
-2820593
3603346
-2243768
3876780
-1525095
4082947
-808680
4165279
-54637
4024411
670711
3838116
1356241
3485481
1981383
3016621
2597559
2383040
3050275
1879730
3433918
1222121
3722240
505551
3747956
-166563
3749490
-819758
3574068
-1476989
3427085
-2097474
2993187
-2486376
2611124
-2941925
2071083
-3261630
1428059
-3462994
929145
-3516307
287946
-3457824
-432563
-3351175
-957802
-3090430
-1664241
-2622799
-2103405
-2240885
-2526129
-1758048
-2859481
-1192492
-3030874
-641361
-3203978
-81816
-3251290
604023
-3198436
1097381
-3048803
1614708
-2741459
2099792
-2368938
2449619
-1964540
2760918
-1494180
2986407
-932383
3063046
-370899
2975122
181093
2890453
671231
2741611
1240789
2467531
1710462
2074968
2029572
1661106
2377120
1232226
2626723
738643
2755917
169189
2796876
-226806
2803684
-759858
2697888
-1231832
2463555
-1700551
2173406
-2010032
1812205
-2258796
1413156
-2490745
958574
-2509799
507125
-2603490
92549
-2524099
-446506
-2349325
-806872
-2169845
-1312148
-1925741
-1677879
-1561386
-1911663
-1219595
-2160140
-800171
-2322766
-375085
-2338671
-34090
-2385736
485663
-2341747
899916
-2144074
1222609
-1954538
1570183
-1635636
1813077
-1297619
1999396
-1010457
2094739
-612182
2196301
-249978
2183982
193271
2083036
514328
1897671
886814
1731606
1176531
1519814
1488915
1197167
1799625
890483
1820538
501029
1970646
173486
2037812
-263467
1946267
-587972
1853751
-899120
1758558
-1157124
1592552
-1377552
1290159
-1611603
996330
-1728153
670518
-1815832
381431
-1815981
118062
-1816762
-283049
-1685630
-551121
-1610371
-905289
-1410215
-1130042
-1158445
-1327946
-818551
-1505117
-564391
-1559128
-322126
-1676740
-22671
-1690024
277378
-1623059
589515
-1524022
826942
-1446725
1107739
-1199784
1303638
-1032697
1457219
-761840
1547178
-424421
1568822
-193654
1547890
29713
1477729
375225
1366215
594561
1233351
817277
1084853
1007828
860577
1141990
675905
1300858
404529
1368307
201236
1377535
-52567
1375057
-313720
1381945
-515182
1212832
-778036
1101821
-980843
946859
-1075276
821011
-1161659
601253
-1224560
280862
-1289234
130989
-1238717
-84540
-1236754
-335312
-1169334
-563003
-1057169
-701682
-852180
-914476
-652704
-988522
-520374
-1100419
-247871
-1150721
-79739
-1108459
222434
-1178287
390356
-1108525
533609
-1007425
615493
-878719
835798
-773353
933290
-571239
1108401
-342168
1046763
-261697
1065223
-53449
1011676
176264
964407
311839
948105
561265
825459
698926
713206
768012
500890
862510
309718
919874
174289
961133
1147
956272
-207251
925807
-329223
858124
-514679
803620
-626415
702974
-646104
574802
-785670
467819
-855955
290363
-869857
127522
-900219
-41211
-842922
-170156
-770466
-381605
-715715
-500940
-653743
-594514
-460709
-793239
-312084
-674743
-223972
-763583
-43242
-820389
141170
-753007
215111
-753268
347866
-688205
458583
-543962
565910
-531918
617517
-321084
710531
-295682
721044
-105491
726063
65816
672681
61906
659595
273252
592549
373087
552345
448660
376401
526405
353690
528881
240566
711924
8298
578288
-14200
643436
-145216
658678
-213042
527693
-329640
509607
-414081
425814
-490121
370017
-529761
245434
-550409
95129
-540891
41938
-600609
-11428
-511687
-202435
-500349
-254834
-415845
-296958
-339048
-398652
-295464
-409666
-194823
-472327
-139166
-531513
-17314
-505754
26552
-480984
155104
-465197
196169
-352653
280267
-375277
379980
-282625
381969
-173392
437983
-128319
450995
-69378
459174
47523
410535
120305
400169
166554
285433
228184
312378
317659
199814
297956
168363
382829
96546
403737
74529
345011
-34389
350010
-124725
358708
-127159
305003
-147060
277540
-264119
150571
-252729
156794
-319098
123564
-303105
54211
-301983
35848
-406213
-32701
-269291
-153230
-261013
-94415
-214774
-227449
-182472
-191906
-138307
-249684
-123166
-185510
-10414
-239338
79924
-270084
65704
-234994
171769
-191829
145372
-169456
204329
-219075
216232
-109706
165210
-94977
223911
30202
166558
3792
227925
42376
237531
7008
133277
98701
141827
170838
113254
131229
859
237002
35089
107907
56596
150108
-18323
98551
-26512
160698
-2140
164879
-119825
95322
-158182
86686
-68920
72814
-137055
46454
-169170
-34132
-88742
-24158
-120776
-25754
-87515
-52530
-141380
-24455
-70678
-58029
-108373
-124332
4944
-98387
-59010
-145403
25787
-88799
-20410
-117778
64337
-130938
70891
-70575
16436
-82990
32935
-65640
94677
-9297
133058
-32974
79963
16950
55909
16340
60020
44105
52160
99529
84563
53604
-8126
82511
40987
105417
7510
68825
-9345
59480
-72033
55042
-8792
57062
-93675
3485
-33969
27964
-103821
-15338
-79783
27391
-42245
22017
-24648
-8585
-61849
-52054
-29346
-69638
902
62201
-23022
20493
59970
-67306
13400
-30408
31575
-20817
43884
-67996
47334
-16005
39335
-33620
58170
-9076
95762
27867
4014
17736
43768
1871
-10641
33308
17220
70230
47965
142171
14091
66192
-69273
44697
27865
51277
-39867
21659
-24643
43953
-62485
51712
-130026
63557
-73839
6261
-68365
6753
-96043
32702
-81315
74920
-58671
-3807
-77637
-77745
-24323
-63006
27191
-108913
-45426
-149220
-20240
-108823
-38267
-101772
1839
-50312
15757
-72623
14979
-83612
79164
-80548
117720
-133553
91165
-41536
73428
-2059
101396
-624
75448
124919
52680
3485
98784
108930
39516
15366
75956
75578
6088
85023
63144
108664
34423
41730
-38909
175093
56502
122680
-32441
90341
-98017
77697
-105443
34301
-93842
94818
-107522
44747
-121249
44784
-173512
-16555
-154354
-28903
-138949
-47038
-85339
-60242
-66653
-66147
-96707
-99985
34966
-89451
-36351
-169447
-27138
-122298
-10773
-73169
8819
-104307
109198
-172342
71567
-118344
139836
-91693
130512
-44666
92167
-42881
138318
-98847
168815
-8486
100334
59377
123839
5210
155834
69251
122292
94512
120352
166868
82964
88660
56085
115878
38275
150996
-14697
100952
32342
99495
-63458
172844
-118008
125470
-111031
92461
-159372
101534
-105852
93131
-213423
53343
-172662
-3946
-178705
-17865
-193436
-88185
-206098
-136383
-165238
-118253
-92139
-66939
-123371
-154379
-50741
-139674
-2612
-77164
-43526
-178461
48277
-230266
110632
-119435
30357
-120087
57293
-104834
76613
-111769
136312
-111797
157005
-85448
196678
-48995
197970
-64867
224266
15523
154721
52316
142665
140643
202491
149546
106077
145519
150040
118788
101618
209390
33196
180445
-23269
222007
-46540
161823
-38331
233199
-96650
142958
-100343
157641
-166437
102179
-191018
35141
-169325
164400
-161683
30918
-138844
-14559
-185481
-49483
-225030
-126091
-102240
-123455
-104011
-187422
-111334
-153426
-129388
-136480
-40102
-216607
-27361
-126861
127361
-157333
53644
-222231
84913
-173654
143374
-141256
143142
-56665
208039
-87444
201283
-34786
197696
-17820
213089
24769
115552
33884
155099
85774
119334
63027
144250
72548
94660
107002
79369
136208
62731
154482
25302
165386
-45392
195777
-78103
116847
-38399
180514
-45193
148003
-149969
147091
-193488
13851
-200477
86352
-129490
20971
-198797
-6099
-193286
-52918
-178849
-98206
-167347
-148267
-97999
-90560
-77774
-153087
-107458
-189118
-49372
-163191
-53049
-181768
19864
-97326
-19460
-142507
57790
-106711
129720
-100240
97518
-105735
153808
-86657
186186
-44473
213585
-46125
196594
29111
145798
24750
129478
48437
150278
85069
148495
77253
116151
136710
-24680
184880
73394
144009
38901
163184
-6980
131783
-25134
154610
-93336
166328
-80168
77460
-51824
104956
-93002
152744
-144908
61276
-141929
-6326
-86052
-14891
-133667
-21684
-103938
-66054
-88221
-63793
-127299
-26284
-108765
-60615
-118564
-80748
-22070
-125457
-39951
-80393
-20493
-99691
38851
-110285
64601
-125987
64824
-84292
102102
-148006
19435
-79997
111982
-86706
113637
-57268
48595
-11161
121101
-35333
153290
46516
49727
48210
-1887
33101
34294
31440
34960
67932
49680
78428
-15100
48151
-17745
124183
-26829
84250
-2027
64628
-10449
117261
-45937
65291
-72792
87616
-81774
16870
-63242
27878
-106042
62270
-87112
21472
-67336
-19037
-345
-61207
-148260
-63871
-5860
16257
-9410
-39653
-37345
-9355
-42698
-44921
-36709
-95175
8742
-18062
25452
-107563
42239
-29014
54338
-24321
53852
-48508
63408
-34281
26319
37727
63861
-75853
93642
6634
49042
24109
64971
-3381
25104
34208
33577
49923
20580
64288
67326
-30938
12998
62815
13558
79679
-17310
72339
24550
34816
27306
67769
-17465
25339
-21577
3924
-10170
30959
-33455
18778
-38235
-25487
-84184
-27881
2649
-45920
-36597
-27602
-21264
-9403
-30969
-26071
39755
-37018
-8121
-19155
10364
4591
23790
-83095
-42746
-18896
26748
-18154
-7024
-40051
65781
24754
-6848
-31106
-17296
-11430
46197
7122
37117
-20995
-37686
14558
22729
83250
25428
-19937
-27025
53137
-62479
64385
4750
29671
18051
7873
-5910
20006
-32070
-13678
-32058
-52204
-12163
38066
-26627
-2512
27465
19834
35542
14416
-29171
-68666
-96195
27864
-8926
-13864
26883
-3300
63628
-58552
7812
-54331
-11009
-55298
24318
63298
58440
-73153
45142
39241
-15102
28770
17428
55654
663
91687
-18105
15920
-85186
58831
23714
28428
16157
79407
-23337
-8931
-18195
54045
25083
-18451
-29657
45677
2544
24078
71515
-16620
-30634
36812
-58647
-26055
-68715
-3117
22860
341
-84944
-27899
-41407
-42666
-81184
-20892
-45360
-20196
-40279
-20959
34172
-63880
49069
-39375
40730
-40978
41705
170
-4532
-64245
32136
-54803
76400
-71666
82988
82655
-34327
3686
105485
-23447
34596
-19181
57364
58745
30056
-45652
82558
42363
58547
130724
94809
84629
-5529
51730
-6960
94738
12377
56403
-56051
67362
40898
107826
-85311
65669
-21720
-9273
-77609
-11516
-55421
-26172
-64337
19618
-23512
-61222
-59851
7057
-46521
-37209
-42725
-16281
-62169
-61348
-11652
-40228
-75936
-25268
32510
-82371
1479
-74758
22157
-29638
18880
-23314
28268
-137200
62016
-12737
57374
-20951
31023
-51105
-22825
-73816
75868
-83157
79890
-46169
52071
7758
44702
10700
107692
29374
60432
89998
68249
58322
69195
63429
56803
64059
32933
102915
65277
97280
-62006
133686
-31454
69981
-6013
65388
-37194
76272
-94932
52854
-87594
39137
-73106
-5391
-43198
56146
-20390
-19389
-113696
3247
-84256
-14956
-105912
-19944
-91333
-53221
-109532
-52406
-9312
-40569
-7356
-62140
-31354
-46992
-36316
-105002
-12182
-98667
52749
-35213
34438
-90692
-26875
-44437
48972
-80847
73050
-15087
30956
-32778
75797
-428
106019
12308
87179
15429
23527
6450
13654
48160
82406
101857
5957
21197
78896
99192
32776
75058
-63485
110270
-37207
71336
-94877
102560
-121166
94055
-40736
21052
-12082
63462
-65541
64168
-68083
40413
-54670
-51001
-131877
-5172
-73517
5533
-90569
30898
-42372
22831
-29886
-47954
-87043
-70085
-8307
-39645
1914
-78560
-29245
-94954
-50311
-36426
-18654
-143502
5886
-79846
42154
-70757
11989
-107817
7103
-27636
89084
-25871
44281
-30469
109060
17734
117245
-23415
67822
-3805
36386
-14525
74217
62402
44358
-14593
97221
103452
-17219
77117
53806
46271
10921
78636
-56496
58148
71283
42512
-55664
95031
29130
27155
-11820
76115
-85718
110400
-190147
39917
-50228
26076
-71433
31113
-56129
52409
-79611
-34301
-47177
-4721
-12008
18619
-88576
-7384
-62577
-77647
-12991
-31226
-103312
-70491
-10756
-129375
518
-40444
35918
-18787
-8532
-23221
49698
-56909
55991
28693
-5475
20958
-13710
-54330
87079
-18695
81378
-36005
40016
-20675
37374
22180
27599
25293
60116
44043
128060
18581
-25209
45366
1091
89336
-6674
102328
82337
74427
-26858
39109
1731
105483
-52941
84885
-105764
-5204
-337
22628
-3483
10427
-47121
4260
-77658
-2086
-75814
-56857
-1742
-38465
-79414
-26980
-38220
-95356
-72309
34939
-47693
-34732
-19913
-14560
-49570
-58944
32406
-34659
-31646
-55116
43360
-104495
-32699
-86087
42438
-57611
40391
-33663
60670
-40946
17714
-379
71313
28268
27440
-58145
28626
-11426
-12700
-10588
29553
32787
4929
58944
80293
-32306
124584
51088
24988
59795
17215
28496
9560
50108
-40174
23949
-19577
25874
-1258
60311
-8645
-11094
13153
69113
-35130
79081
-61998
62863
-99826
12776
-31279
16817
-88627
31216
-51418
-73639
-84390
-26879
-32580
-24476
-81277
-72260
-62636
-5364
-3928
-129338
6990
-43277
-32294
-67004
-39839
-28160
-1331
-92059
-94955
-71468
68887
23376
73649
-73417
16630
-86522
-22816
7218
47347
-34776
53927
-15617
59619
27552
52583
-25865
38462
-54601
82882
-21977
36664
36620
36326
-6523
63437
-9599
28190
35637
57900
50572
-45774
68009
-54617
-13207
-14093
42324
-15358
-45113
-9874
30691
-31781
17718
59027
92429
-53635
43039
