#SpinCore Technologies, Inc.
#SF in MHz
#SW in Hz

[HEADER]
@CLASS=	RADIOPROCESSOR
@FIRMWARE= 3087
@SPINAPI= 20130917_x86_64
@POINTS= 900
@SF= 0.000000
@SW= 30000.000000

[DATA]
1049254
-810636
1452585
-789331
1577427
-508166
1684485
-198076
1691942
45791
1588786
319737
1547843
663571
1398697
943494
1235721
1073941
1009024
1325707
781049
1437638
467342
1539346
206143
1584389
-99649
1600156
-369259
1540259
-597665
1540538
-837948
1325471
-1084397
1174435
-1303005
844105
-1338642
692042
-1488430
335918
-1506558
159312
-1485679
-131922
-1481032
-378245
-1331467
-622605
-1200909
-881281
-1008919
-929508
-900354
-1180503
-622025
-1293455
-379034
-1409633
-112144
-1419775
148152
-1475705
449004
-1333992
657136
-1222365
779147
-1054085
1021790
-926514
1127014
-702096
1293384
-473463
1289437
-295269
1266514
-82668
1258008
208998
1201418
429041
1084696
616793
974180
811881
820082
943477
553068
1099136
374043
1187539
184829
1209309
32035
1149787
-219155
1206124
-457480
1032902
-634361
1019107
-777737
873435
-910602
681449
-994799
485264
-1065266
243468
-1060181
49250
-1066540
-120656
-1046084
-319427
-957546
-456956
-919633
-704016
-708306
-798441
-514691
-858658
-445262
-991135
-218923
-1007756
-1136
-1058241
167264
-1042110
335905
-941172
518397
-879854
683260
-788527
775057
-584781
869127
-435166
933037
-288671
1010830
-123771
955232
38106
870173
201990
825141
397105
824971
548955
690067
670390
497691
795744
386005
840318
229703
868806
77301
855963
-9784
934883
-204185
885905
-373805
746709
-550908
678620
-676126
553557
-743643
483031
-774152
309353
-832556
144340
-769037
57435
-811356
-102371
-700915
-281351
-710568
-377963
-597446
-514302
-538805
-572787
-335705
-657103
-283128
-728843
-123425
-741518
17053
-782705
141328
-607188
246381
-707433
405050
-634915
522268
-520316
523563
-463724
641495
-324679
657738
-174655
649425
-120068
710542
68685
630078
138466
714186
260777
529538
282692
459414
501048
369923
600137
311264
568312
233779
638336
-26958
606898
-133270
617333
-193306
578299
-248414
541251
-332448
486797
-488995
431203
-489824
277105
-536469
202122
-554391
140898
-569295
-5372
-566608
-122288
-562947
-164451
-434056
-218035
-406358
-354904
-339102
-406268
-250569
-478826
-162611
-564914
-19502
-528434
21664
-573561
137341
-543164
173697
-537643
266733
-486546
367738
-421250
420521
-361413
431856
-240761
453838
-150931
480744
-112149
525671
17620
443530
103403
398154
181224
402411
315203
340538
326652
331260
427069
240947
400089
160623
433478
44308
456556
-57655
523838
-117788
456113
-163952
428534
-289900
384935
-267904
275087
-338199
245579
-405205
221000
-430942
115294
-470253
32778
-383867
-36179
-429483
-90223
-393776
-205142
-319669
-197367
-314789
-263418
-177475
-314806
-76292
-360024
-51149
-334725
-46005
-413778
46653
-348841
63700
-353323
81443
-285601
209680
-284251
228639
-254121
294684
-132511
375119
-77891
339146
-76090
331818
-2865
343434
28374
264096
146037
290756
190426
336289
238593
231809
219227
143646
306701
99050
317729
796
329857
7399
312554
-102239
352421
-147799
254850
-149870
318767
-182676
186852
-212263
169177
-234093
127980
-335676
90757
-358353
97602
-323829
-25264
-227212
-95683
-351761
-65877
-296656
-148173
-178394
-204331
-149956
-250543
-89937
-290073
-34615
-236115
-37467
-225256
44462
-241257
67562
-274644
101992
-224600
165905
-154290
171656
-178067
245172
-168901
253595
-55209
195574
-14753
212078
40948
287043
38653
233655
98961
176029
92640
208273
178441
150425
162839
133524
194730
46713
169264
51609
233029
36598
216598
-18488
192783
-73463
150322
-124182
161733
-119647
76862
-106217
121725
-168277
106949
-178457
24097
-151817
78923
-173457
60404
-124911
-83421
-133005
-89863
-115859
-58449
-149705
-128522
-31249
-164871
-19138
-110460
-65803
-232240
27066
-190172
30029
-158807
55599
-168855
59943
-110640
95285
-122008
41280
-82890
89679
-106913
141714
-39024
101688
-3262
137681
8478
108419
52834
93812
96979
121167
87418
37781
73547
55791
132680
108308
96844
54432
138163
65138
108448
59888
119148
-52688
178865
-83798
85889
-122671
148205
-136913
78986
-119816
33363
-171038
31520
-89629
-2842
-116871
9942
-105754
840
-119896
-23092
-91840
-57410
-80620
-42974
-65843
-46298
-114281
-12550
-54400
-73135
15112
-128175
11120
-21631
-2569
-31287
48974
-49173
93596
-111485
23555
-27043
20496
-66960
145186
-34892
70274
-11627
81837
8893
73456
-26054
119290
11329
27290
105000
115166
84880
9736
65050
76080
20697
95899
36111
6937
108656
-8967
87621
-28310
64046
-31968
64577
-4781
52778
4313
13202
-39974
14390
9170
91988
-109229
60928
-7253
-33938
-5882
72109
-13756
-4914
-84623
-790
23424
-5605
49181
-64627
-66123
-47657
-34031
-51657
-25016
-79993
-6278
-65466
-43002
16869
28427
-53067
71255
-17033
-4743
-104570
45671
-26034
22948
37198
78282
-15845
4558
2781
-21593
-9712
-11863
14809
-31801
60790
62537
-22050
5574
2135
-23007
75904
16659
-7097
-16519
77632
-53739
32441
-7605
-48705
11379
30904
-24825
68326
-53293
-43819
-8403
-20419
-43140
-12648
-44915
-18088
-9682
36867
-19159
-35832
-12245
-14760
-24782
-11972
18206
-88309
13192
8291
-40450
-67709
10533
-38864
-3302
46213
27850
-8119
-4883
11250
37493
59815
-3729
-5997
58186
-1643
13328
37925
48486
5570
13297
-36066
-25168
27637
26098
-21147
33075
77049
-44712
-4423
10913
59262
-40579
7316
-20151
-12814
-38001
78482
-1101
40056
-3331
-38453
-44118
-10432
-65346
-43214
34700
-14513
-30736
16989
20184
17788
-56300
-57654
72730
-27564
23091
-22153
42823
-64039
19381
-65095
39261
-76107
-21980
-24532
13685
-12316
56852
-53759
-38596
5403
28149
76197
15365
-15704
85130
39143
23711
-4194
13894
20074
44787
32679
29484
22239
-2843
28132
-34524
39590
-23097
51612
-59543
-25852
-73757
-28973
-44857
60583
-79783
-25574
-4977
25314
-48653
456
-100612
26470
-120021
54368
-23257
-24169
7765
16442
-84855
-54448
15955
2839
-31869
10438
-13713
-68193
28418
5237
-15986
-6674
31007
-11155
-22876
-44692
5355
-94214
80492
-76719
25841
2982
54171
-20836
58016
-48035
108316
26045
22949
-15926
62183
24692
112026
16068
23773
34757
28132
7648
91320
19078
-41584
91505
-25314
29068
12304
82800
-16521
19528
20776
6259
6702
88707
-60504
48423
-37479
19125
-14075
38448
-49077
13386
-12494
1576
-132441
9440
-69091
14401
-44490
-55730
-48863
-21623
-66663
-48236
-61533
-85123
-52101
-42698
-22970
-74402
-48757
-66599
-81072
-21074
9081
-57326
25374
-93636
96330
-2883
21801
-63871
42875
-40845
58834
-80388
-12355
-1251
81880
-4779
66378
-47657
54759
30293
48439
16841
2284
30413
123493
37049
-31201
20651
100717
46830
76959
115715
5683
31937
33143
92250
-90245
23011
25172
99614
21475
76409
-124552
40403
-70929
8651
-48520
14132
-134681
-25846
-55843
-26467
-105461
13599
-76277
-68191
-57413
-55590
-80102
-113358
74612
-19555
-36580
-16984
-70515
-28273
1474
-49950
43530
-73217
43625
-11006
63648
-133835
88972
-41954
-6465
-37903
26687
-5560
44362
-818
30906
-27242
67989
41669
91175
-25381
62169
-71860
4416
111313
98917
-25780
33187
53670
41894
30357
-11482
54234
-23606
8367
-20292
54713
46595
66000
-33475
37439
-18499
-17802
-45703
27705
-15204
53360
-29811
-43767
-108088
76389
-25676
-23385
-58426
410
-122707
-29085
6259
-37836
-103005
1186
-17829
-33777
45367
-67549
41856
-36320
-59543
-20765
33436
-35022
-34796
-25847
48412
-65189
-46608
-55734
44731
-40656
-13388
-30365
25176
-11280
49555
-19556
40730
78129
18640
-23627
48855
-36285
83765
1820
61305
62906
-51602
41801
381
44952
-21894
76543
44230
70295
29951
24405
25787
44703
-38258
95194
36582
24376
-31808
27908
-156322
-4779
-47782
15953
-65201
39012
-53206
33646
5205
-54948
-31071
37972
-63309
-19684
15694
-29326
4071
-12694
-51263
-32245
-27858
-60089
15409
10446
-47027
-33403
-360
-56734
-34071
-2869
5192
-26265
22207
-78292
52089
-15228
18450
-26316
64321
38181
85191
-9374
7631
-67034
37137
-33430
26932
20018
53459
-6001
42681
12429
-48751
516
32401
59847
53074
23036
26980
-3412
23680
46966
-38907
91237
44509
-37695
37954
54158
-68310
61148
954
11102
-30369
76580
4972
33103
-39090
-17087
-15498
6659
21840
-47351
-30790
28766
-96996
2529
25376
-91084
44052
-47749
-49654
-18360
75988
-47139
31813
-48636
-28228
-23460
4069
-28588
67937
26686
-55273
-32070
4265
14941
50907
-53478
32281
-5128
61439
32455
-40361
69747
48250
-43075
-27607
-44838
37572
6551
8463
21814
-14388
33332
21016
55657
70060
42683
85001
131678
-33054
34140
27177
-20978
-10564
84063
-35651
-1996
13657
59482
-52705
50944
-10850
-93891
20489
-1454
-4108
-5279
-553
-13755
-38003
-29015
70087
15917
-4395
376
60507
24392
-62020
62788
-29676
-1565
82160
29493
59995
321
52430
33438
-1361
22024
-16256
-62233
13190
10550
22787
-20080
25453
-13498
44381
-24192
-38612
36368
-29587
-4256
6361
-38353
-36006
23160
-1941
17499
-12556
-23759
-3956
-69132
18434
41710
3939
-31726
31912
-8334
29666
-38128
29356
38747
-5907
-53836
21830
4961
995
-12717
-60059
-28369
-61665
-11398
-19656
-4562
7632
31070
-20790
43986
68420
-44340
-54329
-40065
-9074
-53263
-19148
9106
-23222
17388
16857
85699
-10999
37331
-56230
-13391
25859
65603
2062
-23341
-964
2758
435
-53993
42671
-11082
34043
-20022
-29211
55375
-13137
-33185
19419
61016
-71992
9300
75137
-69814
-6183
76335
33748
18150
-7560
16020
-5788
-68406
-45178
-5798
43892
-85591
7747
-43926
2977
-50105
-48574
32187
-31546
-68153
46660
-38442
-24249
3963
8383
-14664
94517
-10106
-10317
-83483
-25316
19485
35735
-10028
27294
6075
-6305
38976
-78957
-77938
-6847
24406
-11341
-36206
60722
35320
8298
38764
-12203
11165
58824
23241
-55116
-23040
57458
-60662
-29138
10762
-41418
-56766
-34431
66821
-34607
15731
21346
66521
-35176
-37539
-36245
-52584
-27695
-28319
-37086
20696
-27153
-18958
25413
12362
-44386
-31611
-83361
-60824
-7848
49593
-15269
-5187
-30286
-38553
33010
8059
-19808
16134
34064
-85351
75040
60814
7179
-15453
90763
14354
-7903
-82811
54794
29827
44602
10902
-9151
-14474
-6312
22960
6921
19009
35808
39464
-11867
15607
21124
-19894
3740
49835
-27699
-42829
7006
-18539
4418
-17165
-63606
-18245
-4200
-9701
-35313
7696
38400
2984
47136
1540
-3829
-2156
-33762
17392
77673
-31865
-48127
-40659
43736
-42867
-60783
16951
-12794
3648
12147
-17095
44027
-82832
22317
-64740
49272
-14648
31851
34185
-15401
-23693
10483
-1369
54453
9127
41988
-83655
61281
-46788
-51622
11925
14225
5424
23285
49689
-18963
-36464
51636
20181
-42786
7575
2297
-23446
-56005
33370
-6043
-11436
-51168
38632
13174
-11258
-8202
12861
5711
57996
7734
-11883
-7832
58938
-36383
2903
-75293
15771
6597
-21996
-79886
-19111
22672
-48136
-15422
-7934
-947
6894
8979
-3588
-15290
-23935
-40514
20180
-8040
-27194
-7049
-48885
-19709
9333
11747
-14020
33572
-43317
34458
2171
-16127
3615
17754
4251
22682
-69878
23049
-212
85699
14778
15030
-17909
64296
-13330
20308
-37618
62780
20458
21817
23901
-5412
83498
34070
17663
-46692
-11830
-146
23451
50528
67232
-21499
44622
36882
34821
18053
-45766
-21262
20796
-84257
18043
26725
20109
-78333
-28124
36558
-36750
15758
32197
-25774
-32028
-79152
7276
-59239
-45137
-66463
-26058
4505
-10437
17941
33821
22002
1046
82884
-68554
13
11629
16606
-75138
-50334
-51635
-19274
-18403
51254
-32348
28858
-25937
33166
-56049
38006
13286
36291
29580
-20479
-39260
-33823
58343
-29155
-22141
66703
9367
-7204
32360
-56291
-35621
-9293
-8515
-14606
-23469
69319
-31489
7142
55989
39552
33128
-21124
129384
-27112
-4475
38401
-18235
-20673
17960
-67603
-16944
-14361
-9219
-2098
-5807
10311
-26264
-49671
-29678
45106
44081
-23877
42561
25975
-70573
-43487
-81457
14621
-28031
4184
-4277
35096
23217
34661
21883
-29108
4678
2406
-49705
-6951
-21710
40655
19574
31555
9241
-899
-42615
-19455
-41100
-54217
55977
-25035
36668
15276
40685
103370
-49961
14575
35125
11620
-76098
66864
-49782
4825
-15481
-4453
-5925
38872
40431
-27374
-43118
-68787
5239
56721
66543
-60008
45687
51656
62051
-33899
-33384
7506
-7717
-71030
-36497
33159
8321
-9278
27203
-60552
11295
-49637
-4052
-36969
39275
53775
-24297
-63118
34429
6876
41021
4996
1117
-13431
-30900
-30934
26248
-18220
2185
-19903
-74284
36705
-69302
81705
32225
-72325
-35968
25529
33228
2236
-19458
38493
-19404
41571
-12188
68025
32501
5361
-24645
49180
30013
-46831
46787
146
-28750
23588
70555
-44959
11025
22043
58347
-8829
26081
27112
-9215
-50215
34535
1149
-5530
40267
16390
8862
-34179
