#SpinCore Technologies, Inc.
#SF in MHz
#SW in Hz

[HEADER]
@CLASS=	RADIOPROCESSOR
@FIRMWARE= 3087
@SPINAPI= 20130917_x86_64
@POINTS= 900
@SF= 0.000000
@SW= 30000.000000

[DATA]
7681230
-5706839
10102987
-5206553
11045219
-3441430
11601062
-1365768
11611443
680946
11408613
2731445
10770789
4723664
9711480
6384606
8488914
8022191
6795678
9370887
5059979
10390147
3117028
11058213
1150222
11324413
-843866
11398741
-2905208
10987706
-4684692
10208699
-6398657
9240395
-7892178
7870564
-9033269
6419322
-9986577
4618729
-10577094
2808211
-10867162
877781
-10711462
-1080720
-10273806
-2813196
-9558441
-4636889
-8445884
-6211617
-7251347
-7583759
-5701359
-8690967
-4081443
-9441275
-2253670
-9952448
-475763
-10156732
1335654
-9974795
3038298
-9453861
4598550
-8707655
6114496
-7621562
7290936
-6379937
8249473
-4955375
8888081
-3349396
9305702
-1695483
9347566
7029
9156279
1656307
8607413
3218303
7810470
4725980
6769656
5953804
5587731
7014415
4156907
7887894
2654535
8410507
1071312
8668885
-499025
8651711
-2033655
8385660
-3436545
7743437
-4802387
6913963
-5869271
5944431
-6797200
4708142
-7447225
3338407
-7870105
1854008
-8038853
433966
-7942472
-992229
-7563291
-2370685
-6908816
-3683083
-6075044
-4827399
-5077820
-5814735
-3899102
-6544845
-2658432
-7124880
-1313294
-7374431
44381
-7440117
1358334
-7345395
2631831
-6792041
3820591
-6266323
4828404
-5359902
5669583
-4420631
6361123
-3300157
6771791
-2006470
6903448
-794531
6956091
438032
6639690
1686448
6241263
2830842
5545460
3885860
4668659
4737632
3828306
5468962
2709021
5980352
1537477
6291497
405118
6509429
-796581
6374628
-1847722
5979316
-2869650
5560715
-3821180
4944201
-4616640
4088710
-5187590
3177068
-5609206
2202869
-5942699
1180431
-5948992
-2571
-5741956
-1008802
-5549453
-2023899
-5004831
-2976164
-4317590
-3738276
-3571481
-4390382
-2709400
-4971380
-1788943
-5284063
-800740
-5448921
291750
-5438056
1223337
-5318603
2077228
-4961055
2920786
-4433430
3628851
-3769668
4193295
-3095208
4641646
-2208598
4902062
-1369461
5061348
-479217
4972337
510131
4777158
1210226
4434203
2132708
3916549
2802522
3418229
3436609
2641732
3961745
1916882
4303261
1103514
4500289
232696
4653123
-578328
4436672
-1389499
4356717
-2179945
3959184
-2725775
3494475
-3249076
2969672
-3732325
2211918
-4048401
1512065
-4189393
833352
-4208802
5761
-4153183
-635495
-3923405
-1444387
-3536304
-2051293
-3070363
-2601672
-2579254
-3077053
-1935385
-3493021
-1311674
-3761248
-601124
-3871808
102972
-3900675
778243
-3734874
1365759
-3568462
2037062
-3202646
2475685
-2727495
2875419
-2266380
3255332
-1675222
3463744
-1023980
3482085
-451664
3533796
204933
3387591
881372
3127413
1350638
2889604
1851702
2499637
2463223
1994432
2662136
1455828
2966426
870068
3130608
274744
3185144
-257553
3217846
-816700
3123153
-1305025
2858274
-1842911
2528838
-2214790
2166263
-2555884
1742746
-2725461
1224834
-2927258
686120
-2981505
150210
-2888138
-339398
-2769163
-837799
-2563009
-1343536
-2275963
-1692274
-1850917
-2110225
-1476330
-2411341
-994353
-2466085
-516086
-2698019
-50565
-2737673
369362
-2624507
849424
-2487501
1259889
-2328642
1660598
-2012666
1939633
-1632076
2159849
-1276153
2398559
-864046
2439906
-419335
2496268
-48756
2410015
401200
2299390
883211
2070724
1290665
1799741
1553505
1474817
1849970
1035881
2060686
635466
2122766
293700
2278390
-135064
2175818
-539250
2157381
-876727
1966676
-1200569
1773879
-1476783
1560241
-1762440
1236067
-1949085
881577
-1913041
516410
-2024620
191849
-2039077
-188678
-1939609
-513912
-1755192
-955651
-1562189
-1046677
-1302105
-1388513
-1017977
-1590676
-702053
-1758553
-389848
-1811514
-25095
-1864955
260174
-1784523
560604
-1676780
834123
-1579819
1093082
-1334259
1272353
-1115501
1460845
-857072
1589748
-610398
1680210
-228708
1661822
-722
1538296
247911
1548322
604079
1326500
837138
1190146
1000118
908047
1228305
675088
1327692
458956
1383088
194456
1464108
-78122
1437502
-332006
1416218
-624484
1272472
-813143
1134671
-978985
925294
-1134618
789956
-1201898
474024
-1299532
310544
-1243085
86749
-1229107
-194213
-1206787
-359315
-1124377
-610067
-888193
-755270
-738607
-928199
-566504
-1015410
-432164
-1134787
-232595
-1141549
67349
-1120454
281832
-1084230
447339
-1055967
590979
-907695
710506
-753283
852719
-679747
958613
-421800
1002731
-237133
1016121
-112943
1013343
117989
923203
341450
884948
338094
761554
578587
644690
669768
503259
814060
335877
782259
200484
839952
37757
853616
-154365
776170
-273457
769824
-433029
760882
-495598
608621
-570955
526800
-710037
416541
-743692
252842
-687237
68073
-682473
-6755
-706796
-119233
-607407
-320587
-464484
-351096
-496927
-456042
-344145
-562006
-204101
-629436
-141418
-583596
-73284
-586793
144131
-594489
210543
-551850
288308
-519217
372557
-392776
412483
-370191
454922
-232525
471327
-155664
541033
-41904
484555
-12474
509432
79945
399888
172751
310487
225693
323076
256882
252475
404839
143424
368347
11153
388076
-8725
383321
-34221
359199
-68270
344855
-307798
320558
-202161
268608
-294021
248748
-331801
144360
-275198
35179
-260322
-26640
-275360
-34086
-286602
-134049
-281301
-163824
-218294
-127392
-176318
-191243
-102876
-247831
-62163
-215917
72147
-290372
35430
-246357
44661
-182931
135062
-273443
217406
-110980
99508
-122854
230987
-117369
127608
-16222
243104
-1565
226726
89276
154943
116284
119139
73491
110458
147016
107670
177530
9136
142041
24010
178016
-18132
82976
2378
90990
-39436
121430
-166758
112974
-96630
25651
-68635
63172
-182293
10325
-81415
-84769
-74161
-6044
5795
-54579
-36065
-60104
-62678
-66769
-19333
-91996
-50837
-148246
5129
-162332
85136
-61534
46847
-122699
97136
-108268
101376
-116264
158872
-19687
137892
2946
185749
9288
157975
91575
136999
118245
130926
26509
67242
66789
43740
186067
5704
177921
-36523
102862
-59071
132502
-117970
173025
-123331
148548
-134218
108560
-107268
155876
-230209
61414
-225874
8981
-177401
-26693
-197730
-71053
-197195
-97436
-136923
-177602
-129636
-84611
-58625
-159371
-28203
-188457
-55233
-210504
-29563
-211942
98173
-251217
139680
-196387
118092
-134344
123726
-170168
250660
-100283
144692
-87168
207014
-67228
286583
13132
269788
-892
228173
136892
226229
182659
137288
211378
99501
248480
101292
199010
116246
285925
-51305
330976
-12858
276952
-91280
225976
-153024
341023
-186024
233124
-224631
189735
-188527
174834
-296592
124815
-278468
118177
-295259
22944
-325294
-77026
-299894
-102105
-251168
-145454
-268130
-235552
-181952
-275741
-206389
-251291
-76100
-330666
-61720
-342871
13575
-339908
94888
-332454
150027
-294200
260267
-279110
278601
-241882
202929
-159341
289818
-125062
365407
-77689
345421
-78390
377154
46016
388010
102125
370679
177588
349626
224204
245817
253318
181876
282802
191860
354715
34706
452011
-78531
429242
-38726
379789
-152254
337335
-172104
344490
-257983
232118
-280970
213683
-313034
140484
-443782
149137
-433086
-13954
-349656
9276
-419842
-97625
-335290
-118180
-323318
-192119
-254176
-247268
-238896
-365814
-188006
-392993
-97158
-372546
-23643
-386839
60743
-406439
101172
-412203
180561
-292174
257369
-343928
312354
-329021
334788
-194004
353509
-155204
457971
-41000
442396
-2280
400201
32796
461149
65268
379706
277819
342933
316500
225291
346545
190290
434765
163260
432813
-6625
442342
-65236
481273
-36164
411329
-214322
406190
-208260
349186
-291226
294207
-354921
297132
-389429
96729
-417270
97909
-476051
-3683
-446753
-34789
-440331
-150168
-443990
-221315
-351525
-302027
-260560
-353762
-247355
-371755
-182940
-404515
-50446
-464574
-11261
-383511
111453
-446638
123120
-409122
212092
-433213
341620
-363245
353740
-319093
386151
-210551
379195
-71085
439996
-39114
409520
27427
457404
74209
380590
93037
296186
209495
314014
303980
280538
356410
128415
356122
127852
374468
16710
414336
-89601
420044
-166927
402813
-224115
359329
-307870
282902
-324798
309986
-332250
204018
-374642
171928
-355539
53168
-386292
8320
-383227
-95436
-384980
-163271
-379276
-234959
-312637
-255541
-207545
-301048
-208100
-347418
-138421
-396861
-63213
-305417
6368
-344337
87670
-350265
153852
-320923
234046
-306694
287424
-252526
340744
-152342
324194
-190816
352614
-37497
378860
6557
343237
72107
380707
166116
350698
275603
190566
192168
219859
262296
200268
296809
79596
322890
53190
327392
-33693
339759
-117764
386569
-201985
248360
-176036
249703
-292929
241274
-263223
211998
-274407
145462
-317247
82884
-279055
57153
-305572
-48070
-230279
-41125
-287002
-132951
-248140
-148829
-196157
-120737
-101009
-279658
-88733
-287321
-77290
-227101
-80857
-263202
103293
-323946
116060
-175725
146445
-221841
258728
-179168
189174
-73307
197154
-100825
264833
-80110
242325
-41999
270011
-68509
254574
67554
226241
133961
256897
100728
207335
116964
152378
240597
36085
203539
107827
212471
28866
195068
-54409
205848
-95670
200443
-94640
191551
-74523
88929
-52986
159853
-123550
137828
-172788
60603
-187362
80743
-175897
-13505
-179164
57113
-180582
-79587
-125419
-62122
-93759
-122454
-76781
-126814
-43568
-150192
-48336
-118715
-49636
-148900
22280
-157159
22332
-107903
16419
-132506
33854
-111508
41449
-62354
80785
-46590
127514
-123759
62598
-74163
154051
1000
132995
-44123
98290
15819
113496
54196
56404
9276
84689
109650
52428
55800
66734
60377
15920
105666
54995
98287
-6093
90438
10618
53782
-34490
68343
-78440
62398
-62301
28190
-60236
-4432
-77364
65032
-47751
21842
-41771
-82
-94994
14390
-101820
50484
-56580
-30577
2647
-37186
-33642
-52944
-85326
-63119
-12884
-67223
-14042
20126
-17870
-102079
-13128
-12764
24912
4574
-76554
22004
-15347
4847
-50198
10317
41114
-48979
46636
-23606
29602
-41507
-10548
-2884
-24512
41441
6705
-51759
-14569
-29595
-1427
-19831
-35215
-15113
-15860
-41642
-5337
44013
-36833
12548
29590
-48317
-10835
-198
31341
-51225
58870
5868
15823
-19875
46939
-76963
90744
8280
89098
8330
-15096
14738
41680
22583
37348
62261
58658
10126
-45466
120197
35702
-34563
70500
73792
-23027
-12373
17804
51114
9928
100195
30885
88862
14447
-7486
-8432
41273
-106616
-22020
-63684
38766
-75000
47762
-74127
26081
-63395
-56609
-36042
-39993
-110034
-14292
-112888
-49853
-24873
-82661
-95462
-50426
28005
-60157
-34163
-116118
-92941
-24058
-48098
-81421
276
-155615
17119
-84407
59219
-63634
62144
-68090
118976
-135462
80335
-4419
44048
-53382
92785
-10653
166555
-36812
99035
28351
65189
73487
93026
102402
67613
69337
103853
130285
10171
109010
-15954
111524
21500
65545
6520
109374
-60177
113041
6148
142608
-43190
57248
-102102
127367
-133690
83439
-67673
49173
-88892
75531
-128907
-64730
-104073
-38803
-115300
-36539
-145749
-28982
-84574
-108677
-85899
-122107
-118820
-156767
-105767
-171393
-65688
-191422
53599
-101717
-14481
-137493
48887
-168363
102275
-117702
107094
-178070
161529
-117518
124432
-89380
129656
-57513
161483
-76257
124305
-2249
163069
40649
184160
30327
157974
57767
129830
90561
46855
80327
74750
175038
36677
147547
90034
71993
-39000
205055
-62528
130888
-11983
73962
-78205
158255
-59713
79285
-88474
162787
-184780
97808
-181155
92247
-149198
7359
-163210
16564
-155625
-42701
-157586
-26078
-154783
-150672
-118522
-121102
-94400
-125167
-90398
-140621
-74504
-173018
-62765
-130732
-35404
-168624
38154
-173596
151961
-150054
135922
-173406
151705
-146509
195326
-98436
168145
-61094
115882
-42638
190638
-21809
178849
-8515
169702
12097
216808
43607
180242
136331
103524
136081
89683
110051
88712
160263
70480
183068
-40348
150623
55520
206617
-45440
101232
-128559
110734
-64300
98404
-103812
187122
-183454
44075
-154669
99988
-147691
-29418
-215503
-46446
-216867
-43115
-168703
-68730
-224731
-52759
-173528
-145592
-115258
-190618
-14637
-161722
-91214
-176527
1107
-197102
80409
-194680
30525
-137629
84943
-216336
78006
-168833
140184
-73385
67008
-60460
173601
-140955
158919
-49828
142306
-74373
180131
12062
141299
27993
141485
119253
138507
173386
192264
95103
171233
165256
94121
113945
86348
196100
20553
188765
9001
95350
-44758
163832
-102331
137994
-72942
127110
-108345
109604
-139722
66049
-188891
78318
-215484
53561
-191729
46086
-145357
3726
-242075
-4415
-117441
-124775
-78663
-126919
-115615
-70822
-110281
-109133
-35976
-143362
-39157
-203085
-13344
-140935
-15491
-149247
27971
-194532
120264
-196194
60297
-131138
98083
-97101
147615
-134732
99184
-65483
110172
-59275
146925
111
136269
-15527
120726
45601
70599
35073
100222
152149
75891
124825
53148
170434
64263
66838
64149
107111
-62388
139958
-55516
110222
69872
119449
-43958
123558
-72227
120476
-135458
99322
-81599
89279
-111698
103816
-84383
-17809
-70308
-66023
-150700
20753
-76778
-46690
-180244
-103169
-111144
-65771
-103235
-136391
-113940
-55643
-69375
-86709
-65488
-206894
53109
-112588
-44583
-155043
68152
-146883
107738
-49739
84477
-81889
139640
-129946
163095
-9514
119130
-30307
145922
-85289
96203
90663
135329
-18307
131738
-2931
186730
51966
74540
100964
83564
16754
53415
105835
18838
122405
64661
94314
18311
68521
50577
126936
-23507
165854
-49688
35716
-28216
121629
-119230
22351
-78155
100525
-148519
74537
-64439
2449
-76000
63476
-100495
-60746
-129292
19329
-94393
-68091
-67403
-88443
-104775
-66951
-33179
-73894
-71559
-99624
-42535
-149945
29417
-125268
52249
-122928
9754
-124019
-2591
-139624
18305
-109093
129676
-46367
68454
-40702
57016
-73097
161753
-48110
130310
-121275
56297
-53696
16139
-20699
98731
-2686
41635
11437
126566
49962
61998
68909
73007
94674
-34126
130424
45866
35283
7235
89134
-22986
111448
-43749
71398
-65153
89252
-28947
157787
-35888
40352
-57229
78162
