#SpinCore Technologies, Inc.
#SF in MHz
#SW in Hz

[HEADER]
@CLASS=	RADIOPROCESSOR
@FIRMWARE= 3087
@SPINAPI= 20130917_x86_64
@POINTS= 900
@SF= 0.000000
@SW= 30000.000000

[DATA]
7885617
-5905644
10565433
-5432936
11538699
-3555144
12006004
-1485938
12153678
713964
11765427
2820247
11148616
4829308
10107230
6704329
8728359
8410842
7174541
9709361
5243477
10802755
3315107
11494246
1193748
11861980
-827373
11806732
-2962447
11427795
-4814173
10657640
-6565039
9600808
-8199952
8310566
-9407533
6554545
-10376432
4838644
-11029010
2843706
-11231739
839469
-11123582
-1065155
-10673242
-2911890
-9988568
-4849910
-8846775
-6390553
-7525627
-7887075
-5996911
-8975209
-4277664
-9798601
-2436535
-10370911
-520753
-10569906
1362682
-10286422
3208360
-9894624
4802026
-9027757
6300684
-8001295
7561241
-6676096
8562010
-5162981
9258758
-3491589
9615667
-1798082
9748041
-47917
9449484
1676297
8970638
3293791
8198309
4876427
7032193
6195249
5779855
7278449
4342954
8135361
2734230
8732028
1138218
9004014
-493745
8915674
-2005644
8678965
-3593971
8091265
-4916762
7198057
-6155534
6134317
-7054799
4893661
-7767793
3482040
-8200350
1992936
-8312423
590746
-8236410
-986303
-7883626
-2412915
-7268582
-3774794
-6409693
-4953357
-5294022
-6008360
-4025708
-6814659
-2793692
-7396905
-1389793
-7740602
-27390
-7745208
1384173
-7581878
2797103
-7149483
3947474
-6482005
4996794
-5580919
5888856
-4547493
6586809
-3383803
6963802
-2216672
7238322
-898047
7123225
416626
6939895
1790390
6491583
2887987
5720989
4048343
4858445
4891815
3928700
5650380
2832367
6311087
1599829
6600953
413556
6596738
-810151
6647929
-1937595
6275431
-3125935
5779250
-3901896
5122618
-4785578
4295112
-5437045
3345802
-5915165
2264896
-6079555
1167177
-6188774
94349
-6087315
-1026529
-5702026
-2048575
-5255600
-3121761
-4528471
-3883927
-3653112
-4567141
-2788172
-5128184
-1868337
-5483679
-804861
-5686647
273953
-5685888
1212336
-5497397
2141067
-5145655
3091081
-4557680
3797901
-3948350
4325393
-3250106
4849980
-2315862
5104448
-1431674
5188969
-544736
5222032
481622
4991329
1378277
4580074
2166301
4097761
2951292
3456229
3596536
2766829
4144017
1966469
4494232
1114212
4735463
237373
4787087
-539910
4716631
-1406702
4462124
-2201297
4179039
-2816280
3591348
-3442775
3122351
-3902678
2353076
-4139509
1620010
-4370137
875306
-4379466
32352
-4287416
-684487
-4039441
-1495677
-3733600
-2081316
-3176006
-2735122
-2638224
-3183276
-1970499
-3674112
-1325619
-3882219
-654068
-4059256
133693
-4057013
858127
-3909945
1440964
-3650556
2040346
-3341314
2560078
-2867571
2968903
-2319285
3428305
-1755889
3562023
-1085119
3655982
-444753
3682869
165473
3572519
902079
3257978
1407557
2966005
1985263
2532400
2463933
1984958
2814920
1475123
3192827
865095
3276986
257824
3463128
-289441
3377708
-888385
3191593
-1475496
3051015
-1913881
2598237
-2297392
2270470
-2687481
1762304
-2939954
1205766
-3000268
714156
-3063420
221161
-3009413
-374850
-2855752
-931803
-2657610
-1339050
-2379623
-1878747
-1921372
-2135540
-1606848
-2464543
-1033078
-2618579
-487015
-2785615
-11738
-2805714
445296
-2707335
851385
-2609478
1329526
-2329828
1737346
-2051993
2038723
-1704684
2292672
-1290333
2477884
-882812
2554228
-459285
2541356
13933
2484944
398018
2343783
851884
2118671
1309603
1815948
1644879
1422557
1865302
1168150
2084407
690053
2330375
260414
2286130
-134004
2304534
-505190
2280543
-964334
2089129
-1278240
1845046
-1524685
1568435
-1777177
1296906
-1958086
896214
-2036777
584917
-2139677
169026
-2073400
-182801
-1984432
-570414
-1909430
-910813
-1622913
-1220389
-1377753
-1402648
-1071708
-1656203
-781598
-1829996
-380403
-1914716
-125138
-1912025
207949
-1875040
636096
-1757944
873644
-1651277
1145553
-1396988
1343035
-1143758
1512867
-825131
1679547
-588259
1701312
-281309
1642556
60815
1667543
251749
1541782
645137
1362016
836667
1199724
1098602
936387
1244776
712906
1384931
510864
1496933
158044
1544811
-76035
1471955
-422836
1488378
-610919
1326909
-886420
1190031
-1002134
959884
-1163486
812556
-1301681
578108
-1345005
352171
-1379647
132770
-1312527
-121975
-1271059
-451109
-1141521
-639139
-974870
-795900
-853057
-1026509
-647910
-1005047
-442189
-1169236
-152104
-1195758
79473
-1160953
245640
-1131356
387073
-1103423
671045
-992669
731879
-800900
886520
-699080
1004984
-522241
1024172
-295702
1059261
-157881
1047764
62819
1020868
267926
858756
430899
820256
527154
651694
711488
502249
807349
326534
864239
133386
864486
21580
863520
-142637
892798
-334979
754894
-404297
731836
-462368
597732
-647798
541092
-651354
399579
-702553
298332
-770144
49699
-736174
-97962
-728310
-186081
-598271
-290347
-588252
-399903
-519899
-433285
-381334
-532092
-228602
-607969
-150508
-635397
586
-658359
84023
-491990
198835
-488377
269671
-497267
339695
-427357
412577
-353594
475345
-202455
479259
-169595
489013
-82417
510113
-15922
455042
129613
437261
232751
347198
343810
327840
306178
224100
342038
151148
388794
90589
426303
26917
424064
-105961
410584
-104077
342876
-206924
368264
-291537
272008
-284638
160836
-227715
148748
-358471
104642
-244310
1565
-348595
-11430
-291456
-84121
-272472
-132684
-248515
-112855
-141569
-177178
-172167
-227264
-48872
-204958
-50956
-268682
1282
-266882
118883
-294934
99526
-80290
160216
-119445
184114
-128893
220286
-90021
226148
-44936
193087
-75930
208411
20816
149859
109490
101777
100061
110738
147000
110758
181350
73868
131016
-4007
125085
65764
122473
-49593
129944
-59818
71319
-64922
191272
-92680
71337
-92410
-39274
-98959
-11450
-168569
-58424
-86440
-87479
-74192
-94367
-157614
-60587
-43466
-180185
29304
-134644
-29268
-81487
31797
-152882
72385
-87503
157792
-150377
108281
-49980
123848
-21093
147732
-5998
149383
9874
97917
35372
105695
46929
77726
38091
36952
155318
148175
128538
32277
69981
57128
159397
-35248
126869
-74223
214755
-92206
192013
-112949
91066
-218671
153953
-65948
54651
-193386
60405
-227651
4511
-281819
-59919
-173092
-132356
-199735
-115775
-163006
-76432
-199286
-205107
-114540
-159245
-82733
-203801
-18884
-208392
-35926
-223843
63461
-232160
125673
-208719
177940
-238549
212887
-93666
87784
-164229
193802
-56687
189131
-32734
232559
30101
220378
114561
263275
47314
239490
118668
243898
124725
168859
209184
78187
250555
78267
266445
63942
316924
-56585
215138
-37005
287645
-124564
258861
-154826
259222
-215765
171800
-256286
195177
-281536
113274
-297028
72485
-286566
-15766
-268238
18471
-340892
-115264
-351699
-109760
-289380
-245957
-247503
-221858
-155781
-317727
-104867
-349012
-24873
-297084
-11298
-359229
34590
-344736
176996
-318294
191500
-288913
257513
-248812
303032
-195779
321071
-182252
375347
-162678
462120
-43701
350147
10107
365317
68987
355566
190994
301112
226901
302576
249456
138223
272172
138835
301423
64338
358863
56398
405471
-46028
400527
-186656
362365
-106656
321567
-266170
313702
-340810
216822
-312338
244203
-395655
111105
-420460
103996
-405538
6970
-364995
-105055
-356366
-149880
-448418
-195656
-268460
-257488
-249330
-315655
-190982
-318395
-52686
-382692
-24980
-438548
-86852
-414243
82175
-439181
151599
-386523
253664
-356786
249141
-317258
308837
-258196
376500
-226666
446089
-115105
416772
11447
396815
73845
393506
108656
420407
122350
396422
316131
267347
314087
290817
351826
161134
384295
81333
467338
50308
410088
-13081
429609
-133182
423336
-218394
454460
-343951
396018
-356028
267583
-389975
240954
-413263
108370
-428119
10125
-452379
-84181
-410566
-123208
-418052
-269933
-392207
-194412
-313612
-280193
-260720
-358132
-153121
-410303
-116463
-404963
-63739
-431451
83139
-451248
128084
-391089
181105
-400878
285852
-383980
394290
-304068
377138
-236578
431579
-175957
508476
-89168
455517
-78499
475428
84554
387838
146229
381262
234593
301705
317099
250051
335977
263963
386625
37479
458034
54825
442628
-40660
385436
-144931
409041
-207899
347148
-226870
307836
-276976
342486
-276764
235236
-389656
145555
-387530
143694
-389279
-66224
-458212
-60179
-409733
-90785
-315548
-207399
-313909
-320536
-315637
-341692
-217143
-318779
-110507
-390621
-100601
-427176
55693
-402574
65419
-381537
196502
-339425
266397
-351736
260177
-216933
337837
-235865
430081
-198756
387813
-173915
426500
-65228
370594
66078
333535
44527
372770
151005
333708
199395
232825
276597
62235
278395
167914
290848
-25445
345350
19087
378537
-77388
321932
-146088
354202
-241718
328818
-201791
248444
-271595
200616
-294097
177456
-357711
93948
-338204
68648
-324241
-90770
-335099
-36866
-283128
-73281
-283646
-146929
-209843
-219039
-90516
-224996
-110156
-258977
-73244
-374083
-61422
-270276
40011
-330403
30016
-314855
84681
-237000
214642
-181364
262554
-203262
258513
-101197
180124
-77542
259243
-42532
254388
-25721
242661
54189
168081
74425
283315
69002
196030
154050
134167
172239
152502
181743
62654
199971
93642
169711
46525
231360
-1168
244052
-106270
169256
-126838
164027
-134604
172999
-228122
151707
-185275
74874
-190140
89394
-162835
82305
-234821
22982
-253754
-69828
-121994
-109354
-104496
-90302
-147577
-88041
-122540
-125596
-97904
-176004
-25446
-125106
-83555
-179489
37214
-203944
74970
-118735
70623
-72890
139733
-158256
113014
-85928
134097
-110848
107014
-68723
165012
863
46648
-8054
129014
27624
146687
86538
106119
49169
99867
83022
42852
85084
51819
18711
100222
82493
9009
159214
-9999
116411
-12005
86837
-25478
51760
-12078
50228
-98196
76823
-62331
14766
-19983
46014
-98282
39145
-86026
-2436
-83350
-3826
-49711
-22345
-49358
30041
-30233
-125417
-47764
-72714
-17062
-10715
53398
43958
-12283
-49073
33493
-19804
16117
-22254
26722
-35848
-35241
-35933
37039
25402
37457
-2978
12225
-44786
76999
-4858
-4933
31216
-26971
-49641
-22928
19571
55592
912
18019
-15565
19190
64688
58726
13489
6221
-57328
-623
-26601
-28511
-24353
69553
-40747
32409
-22132
14759
5436
23461
-10693
47042
-12481
43807
-47755
16348
-41913
94350
-12050
66409
2256
99479
10078
16726
41323
53364
-28281
4482
35370
42633
81969
-55780
49901
52211
107744
53520
90829
-67397
112886
12314
34370
11937
112334
-124162
84901
-119343
-52608
-23842
60994
-89408
66762
-51667
7303
-114480
1904
-69697
-41671
-74503
18188
-118887
-19539
-108861
-31798
-67893
-122172
-53603
-130100
-81381
-66601
-69155
-39142
-12830
-91051
-4970
-66129
53297
-69419
50558
-99492
70547
-80323
83297
-121779
82184
-93271
29697
-107993
95014
-67636
74054
-6483
131104
66202
77764
2091
133576
-38391
54463
67294
47822
91483
116507
126762
1408
120035
29051
82487
-7790
171400
-37849
144505
-82678
107308
-82844
147196
-47553
101304
-113297
44300
-53486
126122
-135991
107165
-126131
-23907
-121562
-49902
-140514
-52772
-47280
-11351
-138533
-643
-102665
-98639
-77536
-134168
-117351
-97279
-92174
-170948
-38941
-188340
81616
-131727
115922
-119146
27992
-210513
90302
-171590
159610
-42263
109870
-63729
103351
-40437
128382
-35404
177065
-16118
127738
-10744
149199
11946
229692
75629
157308
166627
81545
64286
122687
82674
71112
179206
57300
130772
63860
108203
-59847
202228
-120490
182549
-42160
170819
-77154
105759
-84464
144564
-148569
80364
-193316
60291
-186052
83385
-167008
-37284
-155725
-16201
-178922
-15026
-212670
-56764
-143667
-157663
-121913
-182875
-133794
-213036
-30501
-195362
-7423
-176640
7226
-244481
9047
-139613
-9212
-147470
134901
-159229
139525
-124285
157576
-123787
146970
-108222
201858
-54850
257249
8506
130085
43929
171479
38507
208217
126207
126907
109233
141718
99503
187030
127987
77300
165466
85149
136612
-14561
289384
4303
172443
-82654
178243
-64526
133086
-135384
154026
-147108
155216
-165469
149160
-169950
139546
-200083
146160
-195206
42118
-132779
-38982
-115504
845
-221826
-54559
-173069
-120142
-89241
-136224
-131231
-200585
-80866
-178949
-32317
-139467
-5246
-193409
103260
-99540
66729
-213052
114363
-145788
50597
-161189
160159
-77666
137262
-75294
106494
-60058
164286
-77278
211607
44823
199536
53537
190945
97623
203679
157183
108270
135858
175278
76215
142314
164530
14532
186884
13153
224322
-18350
150018
-5815
218402
-110816
201704
-96285
116818
-144714
116001
-103772
140415
-154208
95991
-186946
43748
-137870
-37765
-144639
-11659
-160940
-6761
-178884
22824
-149230
-130894
-115746
-88170
-104783
-157232
-80375
-190474
-22166
-178633
-67501
-71959
16138
-183355
28607
-179662
37282
-132194
63715
-56315
146948
-161896
146633
-121584
170499
-84569
177072
-20441
162042
-22231
171732
22442
150523
105647
108254
89696
208925
152638
174097
82833
46000
78642
121753
107743
89693
155193
34006
178170
-39461
129083
23935
114698
-94831
145523
-107609
148365
-55306
104008
-105618
68482
-81625
85991
-110421
26774
-114282
72492
-163265
-12140
-159545
-24330
-121828
-37896
-210604
-54955
-31990
-58743
-93069
-67850
-90712
-90338
-136689
-115160
-38248
-210578
42296
-132341
56425
-162719
27292
-188503
126104
-109959
88717
-46923
44690
-85099
112825
-55310
113158
3255
75151
-22706
128885
553
132280
-17298
130180
53861
45828
24714
140458
13471
139775
134806
87922
182927
48630
122195
44998
137551
25428
93863
-11440
108466
-8500
108043
-14065
113339
-86823
156575
-81445
111260
-65142
-10645
-85941
108771
-149763
5664
-97188
24311
-129776
-31007
-126595
-35388
-68482
-28456
-100355
-56922
-73891
-106062
-68535
-121619
-73114
-93833
-75418
-122931
-84139
-132611
53549
-115745
24163
-84901
28434
-97047
88370
-22724
69475
-20152
50087
-91289
88835
-27966
103997
14883
108113
-23343
188300
-26629
42193
50928
92128
9840
158524
104034
30399
72007
80196
72011
117804
101961
8879
124596
27376
146068
-28877
113040
-20063
92524
-31790
102587
19123
89855
-49156
13436
-68196
71201
