#SpinCore Technologies, Inc.
#SF in MHz
#SW in Hz

[HEADER]
@CLASS=	RADIOPROCESSOR
@FIRMWARE= 3087
@SPINAPI= 20130917_x86_64
@POINTS= 900
@SF= 0.000000
@SW= 30000.000000

[DATA]
6127247
-4583209
8220137
-4276900
8877178
-2722440
9349137
-1123669
9397250
532215
9188174
2147849
8627228
3732138
7867814
5279179
6779609
6518438
5557202
7603238
4086241
8385757
2598694
8971041
910614
9179827
-654298
9184373
-2287147
8838565
-3720542
8269076
-5133152
7453481
-6328966
6378582
-7352113
5152548
-8029438
3793567
-8525263
2183882
-8723782
626896
-8649977
-883305
-8258449
-2301665
-7710307
-3759044
-6855448
-5085360
-5819891
-6101673
-4549695
-6991071
-3292202
-7650968
-1819520
-8067034
-371934
-8234815
997528
-8005757
2480441
-7604352
3778615
-7024740
4900398
-6180903
5898744
-5146582
6627262
-4015105
7222083
-2705831
7490466
-1367696
7570845
38406
7264242
1362680
6947457
2648587
6280484
3812638
5382681
4797019
4416800
5700120
3244762
6312034
2110079
6768022
824523
6965686
-446755
6947803
-1678790
6626356
-2849375
6213442
-3879749
5590737
-4785569
4768811
-5507202
3738422
-6024092
2701497
-6304892
1489029
-6425902
376609
-6386543
-866796
-6024368
-1975273
-5511795
-2940828
-4879637
-4006837
-4116778
-4660405
-3105158
-5358685
-2043035
-5819294
-1011514
-5964483
27880
-5978731
1176402
-5869896
2228094
-5513333
3086145
-4975097
3936224
-4323339
4585335
-3492432
5128150
-2579568
5433699
-1562881
5590625
-537094
5567826
435857
5351259
1435029
4925390
2378781
4479158
3195763
3752053
3881439
2986037
4422197
2123280
4847579
1252373
5109722
200903
5249351
-727115
5127644
-1580156
4884301
-2428837
4498576
-3101117
3891416
-3766027
3311476
-4226373
2502998
-4539976
1720750
-4734592
867717
-4789270
-93763
-4606281
-869624
-4427299
-1702197
-3940593
-2392274
-3422788
-3102076
-2823861
-3580734
-2099985
-4015467
-1320644
-4341278
-505446
-4375175
282472
-4386880
1044620
-4225411
1778167
-3955675
2413697
-3550311
2915109
-2943923
3360592
-2381170
3750105
-1740839
3996410
-1033670
4066214
-321240
4035516
423523
3793444
1178559
3504776
1814883
3104323
2349668
2658395
2821417
2062700
3270277
1429207
3541106
763511
3656391
114894
3693985
-570320
3586662
-1174687
3399586
-1800153
3182828
-2260910
2727214
-2767552
2345456
-3005497
1687816
-3301019
1092493
-3409458
558037
-3443683
-82659
-3326261
-612070
-3075170
-1244912
-2817836
-1753468
-2428733
-2149036
-1886910
-2577910
-1518181
-2857020
-926021
-3029636
-352140
-3097520
252084
-3171324
690843
-3023213
1318525
-2778320
1695125
-2492488
2049801
-2152331
2427371
-1693623
2614795
-1267350
2815709
-799622
2881524
-170776
2808624
262603
2704343
722636
2537389
1228510
2270886
1574223
1964662
1985944
1469568
2227605
1106263
2411498
635936
2581042
214872
2569872
-374810
2616858
-789222
2400305
-1151805
2251717
-1533243
1991760
-1898986
1708157
-2125255
1298437
-2301939
913157
-2383764
468325
-2397052
69198
-2393643
-356997
-2193628
-807591
-2015783
-1089234
-1764072
-1499503
-1420881
-1703864
-1054575
-1966911
-715127
-2081938
-375079
-2185103
49530
-2133260
471995
-2121111
763497
-2017956
1080263
-1766238
1400142
-1501902
1587424
-1216969
1790865
-942116
1946759
-621622
2027806
-236926
1973650
147404
1867293
436148
1809188
766493
1573923
1077757
1301788
1292355
1071766
1509153
835679
1691071
486878
1753196
136951
1789858
-173191
1767153
-505520
1741457
-762355
1621927
-1030727
1416775
-1256198
1163804
-1394133
943342
-1544975
683542
-1611047
336876
-1616429
40832
-1680224
-315442
-1455097
-531563
-1429328
-689048
-1271413
-1016963
-999482
-1160896
-869020
-1289701
-510980
-1460686
-246833
-1452321
120961
-1518223
298353
-1426615
451004
-1382239
770161
-1269868
997240
-1059304
1150771
-821236
1156700
-604044
1242093
-427953
1390814
-130172
1337411
82005
1231890
260608
1186087
528861
1035171
717265
881586
970822
721475
1024871
451541
1160717
276561
1192543
61095
1229134
-169591
1153171
-284178
1125281
-567630
1024733
-646066
833143
-887025
764397
-979594
514207
-1007297
382919
-1084744
225077
-1063478
-22088
-948771
-194098
-969115
-366931
-842364
-501786
-760518
-666392
-646630
-758247
-446075
-887828
-236348
-886091
-115050
-873858
47458
-943408
185032
-855491
438188
-801421
513443
-778683
620397
-666669
650542
-494311
785640
-404520
768869
-161951
825410
-113398
752695
140663
741849
234648
689612
377959
567067
515529
475182
517099
376064
656476
174914
658064
85539
722705
-38017
670378
-131278
717894
-308466
641759
-346924
499408
-457804
477755
-449324
378320
-560320
276079
-628164
165562
-628429
56806
-594194
-64249
-513398
-174012
-505556
-272834
-406141
-292518
-376984
-464363
-258105
-503980
-227381
-461402
-146010
-510828
28461
-490519
100610
-433428
83459
-454484
286869
-344186
284253
-322171
397382
-259378
401477
-136398
437555
-117183
460396
-71685
407302
41711
275886
147252
372376
188589
207169
249814
314518
263200
160396
266942
131488
314095
80363
339732
-33391
287897
-74724
343954
-117584
296971
-146938
264857
-259654
253599
-200588
150279
-215378
116677
-289791
29193
-256671
-53635
-275132
11789
-239084
-111975
-198098
-146094
-150417
-238284
-122481
-146596
-72633
-184509
-44095
-218524
25447
-156801
16911
-236064
86762
-241107
74219
-198314
157269
-150114
163337
-98559
174236
-75262
183059
-38336
158060
-23573
134891
43828
134338
42578
132115
61658
67374
121769
81843
74984
20246
91369
7938
95078
-5729
118254
-48511
89111
-95438
60808
-51801
67110
-56043
22257
-102873
9689
-109361
-35317
-153498
-18421
-110975
-70960
-44572
-35100
-108932
-95624
19845
-55864
-11793
-60557
36502
-103285
-425
-126483
36655
-77173
55118
-89381
35277
-39824
95201
-42697
159046
30312
128920
-10519
66380
-3008
75416
55791
78581
109297
113720
50613
-9451
119735
17348
109491
-14965
45472
2327
129437
-54258
116941
-6569
44032
-89349
49792
-87068
61287
-53204
56335
-123750
43718
-181942
12664
-157427
-86100
-180934
32804
-191365
-49465
-134561
-162966
-87180
-102596
-59506
-97704
-20261
-171351
1147
-181071
-25542
-212653
28141
-215663
61129
-177490
123317
-171221
108456
-175633
194567
-62600
170163
-60234
236560
-40992
128477
-880
164786
30122
227895
87752
200128
109148
98872
113384
36027
208342
93025
186389
90312
238674
21043
185550
9726
267457
-108965
258410
-107068
179515
-96268
119451
-207475
203027
-155289
107464
-204013
127488
-241737
67159
-219912
-2344
-198782
-90694
-228949
-117273
-197988
-131780
-274560
-183239
-210883
-208192
-90500
-208824
-109771
-251509
-69882
-285811
42248
-249348
16620
-281605
81569
-282858
204840
-240799
240129
-171757
276521
-194229
260417
-89430
290530
-68650
262396
6889
246869
-14780
187751
64385
202954
137529
271716
190987
173930
191519
127170
307399
30191
281240
57676
320025
52915
337642
-58322
289327
-135132
261310
-115714
267946
-203232
259367
-264350
177436
-215182
202065
-338554
116080
-240821
72120
-342030
-400
-357653
-51630
-256764
-119996
-326637
-125033
-264715
-232668
-168071
-275902
-132254
-331042
-76656
-330909
27502
-347773
6498
-373509
104143
-309273
76931
-310440
200792
-248659
209691
-248697
222054
-126255
261057
-73175
312801
-53596
323351
-5324
327800
11535
323838
111741
190977
137163
253047
211330
211085
270767
182721
256349
140016
349990
58812
275290
-23041
373218
-59806
324645
-148091
393165
-263472
292329
-288281
281268
-332257
183846
-313125
156943
-339644
72341
-355459
45287
-337836
34886
-313120
-122277
-247241
-103900
-292112
-198247
-248356
-188377
-163313
-334543
-89226
-340197
-72881
-349717
-34084
-315964
86402
-336920
97970
-325894
211877
-273160
246116
-223503
279041
-192831
277906
-183514
368972
-85199
294394
-21127
365159
102781
308049
57357
321515
123176
274225
122130
297629
183622
191655
238172
113820
293170
45795
347620
-44777
380844
-70573
316863
-108352
335222
-134909
281945
-172992
265448
-254289
240471
-312118
151188
-292339
119776
-368815
93673
-342845
3368
-347601
-71898
-225509
-83272
-312952
-155944
-213812
-211002
-132249
-264226
-102111
-315714
-83130
-321711
-51266
-352643
41609
-297544
32469
-281357
107660
-278241
188472
-257043
196024
-188179
237682
-180942
253566
-107709
278436
-112817
230650
-9528
243246
-30489
340219
97449
262076
145046
201852
171211
192527
162505
128345
216537
50899
250790
107824
272615
9004
274655
-49338
230759
-155003
230628
-127647
216597
-154275
237235
-227842
174015
-245259
118080
-202417
-9951
-252160
16922
-274626
-33855
-254596
-82331
-159526
-131238
-239654
-94365
-196344
-98268
-63058
-195795
-121236
-246415
-69177
-185019
62330
-262292
40798
-212316
64179
-173204
40997
-180969
89309
-171093
199810
-65381
190946
-89608
186806
-56074
218090
-64033
216549
59581
180889
687
213408
-14311
194374
101737
78369
53576
127046
142640
37283
182600
63511
190127
1143
174320
49814
97379
-44443
221689
-81181
134216
-50101
96393
-121165
98292
-195596
30394
-154504
27474
-162587
22504
-150815
-8797
-120911
-87156
-114642
8539
-97132
-63970
-128719
-137650
-44892
-75969
-78082
-56767
-54123
-137909
15984
-134425
-25073
-38661
-19485
-175062
-20153
-53713
73910
-147530
110266
-100250
99183
-69933
87131
51430
45823
-12517
101263
-78345
46383
-445
97865
40087
61988
6968
47814
95770
72004
8941
31880
33723
19962
57618
50938
50907
-78710
108341
5042
39243
-19647
37942
-24679
84513
-12221
61201
-81370
24685
-16275
17892
-1296
24217
-24365
-37859
-25411
-16400
-41198
36115
1733
-10670
-67491
50259
50318
4146
-33269
-19228
-52662
15725
-60629
-64277
-6679
6996
-18998
42470
46144
-35640
51799
-30017
60695
39450
-28966
24422
22064
30659
-20197
-4734
10615
11494
-49190
11432
-38842
48165
97481
-77684
-47989
44346
-30048
8420
359
-20739
40776
-21191
-25016
-98165
10429
-16609
-20630
-59929
65896
-32925
10841
-17382
23489
-34128
23522
-27211
-12548
-14630
25804
-14937
7206
27363
36670
29427
-3986
-32937
95024
-41300
45916
-19135
48249
54732
23487
52034
-263
24547
-11504
50435
-48773
75764
46789
-1737
36652
30794
38331
-23452
-15294
41277
-53057
33796
-55691
111945
-60779
16798
-28911
65685
-48872
-773
-71328
26383
-18829
-7128
-52071
516
-87344
-47474
-121313
-77906
-39719
-25446
-101879
-65610
16979
-122859
-24881
-58899
-28022
-66343
-45939
-98889
51319
-88090
-11357
-107157
18788
28363
38746
-27871
39702
-31920
102503
-27811
49359
-60420
100308
6111
74522
10567
72038
14790
22674
75140
72948
86552
124732
79403
47639
17530
47261
31247
-16176
154009
-61209
130402
-75677
140205
-42388
68078
6633
106922
-104476
97435
-133099
96079
-113338
66334
-94098
59802
-56827
21857
-153900
49220
-110036
5119
-110616
-48517
-155137
-57908
-24151
-110740
-76810
-104758
-58081
-141104
-51136
-75458
-17501
-96863
13183
-38507
34552
-159646
15216
-123412
140188
-71554
88209
-80856
50665
-77194
99489
-76272
110490
-78441
97206
66200
114870
53147
80883
75678
67287
19891
141749
48925
3937
144063
102667
61488
11234
140562
35324
94122
-64949
143403
-70241
155178
-68277
114839
-99437
130594
-117084
96378
-165225
117019
-167556
79525
-202616
22193
-159568
-7129
-90911
14690
-100461
-70132
-151613
-40606
-123652
-50875
-135207
-116959
-89183
-84866
-71955
-191545
-88016
-241785
-9316
-72128
-66823
-137850
24226
-179920
52835
-93272
89162
-137589
27943
-113496
100400
-98089
172728
14618
111297
-24491
232632
-5560
129482
25075
120928
58614
121460
95896
94180
96751
112350
98474
57678
176047
37528
196878
35500
175832
-19706
167356
-66798
152058
-64040
171911
-74995
132434
-99745
92648
-89088
62056
-143067
134150
-116228
-4969
-164541
32746
-137328
76956
-127916
-84511
-174274
-35968
-102795
-63297
-61399
-84449
-93537
-113649
-116362
-158479
24929
-146862
-67263
-111804
-54137
-162669
-3865
-105412
9588
-140399
98406
-159361
91909
-64787
72832
-34098
113378
-78964
221207
-98812
108593
-9827
153762
-37874
160272
29004
105310
52539
105899
118221
102870
195721
110326
86877
102617
130215
23062
101384
44728
61100
-9678
145249
-21799
142982
-2921
141355
-37819
108638
-63808
74911
-122521
52143
-103159
337
-94452
3546
-187528
-23042
-103752
-16584
-68424
-43674
-160235
-84192
-156634
-71929
-31555
-115747
-26787
-47160
-92596
-170848
-59038
-87214
-23041
-75341
35432
-188155
61728
-117071
43822
-89460
36374
-67839
111829
19056
74557
-77773
122515
-38975
110830
-69055
149849
11588
108419
2247
115139
24855
102679
93300
63895
34032
24976
126966
64852
108987
-25862
89796
42685
157553
2283
76226
-59191
137520
-17516
139508
29038
111698
-73002
108566
-84700
92668
-132909
10147
-116744
24761
-119649
26638
-74695
73146
-167932
-16320
-14985
-84580
-102588
-67287
-96234
-38990
-25569
-68216
-49998
-63779
-3149
-76616
32065
-45290
25998
-61419
20039
-120118
85143
-57234
47058
-80775
46285
-82587
79957
-100252
115094
-56026
125249
-7893
84057
-30765
13775
44872
148031
118
98826
30072
55443
59419
52405
41499
74519
11417
82154
69721
27269
64474
14635
120074
35961
38562
12343
100404
-52082
119611
-83673
60912
-21801
59490
-69105
46343
-49697
28103
-91306
55507
-66807
-14858
-106821
12653
-52822
46203
-110853
21697
-29324
-2941
-53020
11345
-69068
-43966
-65539
-115211
-89108
-94087
-30700
-82209
13274
-88746
1168
-84158
20504
-92628
76321
-73026
-19423
-106707
108079
-34367
34546
-69614
24466
-65708
87415
-64701
94177
32762
60690
8639
90094
39640
73206
-9351
95938
36736
92855
64660
53521
114067
88286
109059
49974
134509
-68633
109370
-4986
17905
30602
48168
-19890
129975
-16687
146059
-32877
91281
-43259
73388
8244
14656
