#SpinCore Technologies, Inc.
#SF in MHz
#SW in Hz

[HEADER]
@CLASS=	RADIOPROCESSOR
@FIRMWARE= 3087
@SPINAPI= 20130917_x86_64
@POINTS= 900
@SF= 0.000000
@SW= 30000.000000

[DATA]
8419389
-6192533
11088462
-5739054
12142170
-3655821
12653869
-1602730
12866034
781928
12485636
2964461
11756949
5101465
10641271
7043175
9240769
8795737
7485606
10308270
5620385
11484693
3513765
12133347
1330981
12504168
-871387
12391312
-3101153
12041733
-5138576
11339073
-6960551
10153782
-8596228
8746511
-9848567
7048627
-10926477
5146281
-11582568
3112010
-11918816
1060027
-11865749
-1064705
-11362735
-3104183
-10491638
-5056620
-9476114
-6767943
-7987517
-8214364
-6384672
-9458230
-4635499
-10384838
-2671045
-10880245
-688489
-11121021
1330264
-10986151
3226777
-10412600
5036325
-9700952
6552236
-8544496
7925827
-7164607
8980974
-5589131
9737090
-3821075
10208121
-1995119
10242810
-179449
10053713
1697880
9511142
3411279
8640154
4977559
7570331
6339817
6230706
7655335
4710923
8512020
3055238
9110785
1317792
9438465
-380427
9508523
-2078896
9125640
-3605791
8579733
-5117983
7746135
-6333691
6575199
-7404681
5280955
-8116132
3924483
-8590643
2286218
-8779360
655865
-8691669
-839648
-8303156
-2419183
-7705208
-3885499
-6808851
-5134651
-5753444
-6213474
-4517192
-7121032
-3072871
-7766287
-1571600
-8151168
-142559
-8194796
1288835
-8022887
2738301
-7536928
3997188
-6914391
5138886
-6117819
6148531
-5001744
6836284
-3832487
7304006
-2424567
7605016
-1058456
7609975
249089
7385479
1623986
6885824
2932790
6195202
4029939
5336397
5004682
4293233
5894436
3153021
6494057
1873933
6879284
665151
7101377
-607186
7036746
-1879183
6803825
-3021913
6254546
-4014628
5494141
-4835032
4690260
-5664593
3784060
-6146804
2637745
-6384892
1445900
-6466312
328408
-6421854
-799108
-6089850
-1998258
-5565880
-3000593
-4884545
-3936146
-4126438
-4691385
-3211176
-5285738
-2177683
-5688673
-1044474
-5901996
-33385
-5984036
1029940
-5929496
2112818
-5562445
2974292
-4955344
3828901
-4401538
4388995
-3576835
4964063
-2712866
5273063
-1786889
5478420
-779907
5482665
184161
5295568
1188093
5001782
2107780
4575829
2926629
3821686
3623006
3075215
4145392
2341694
4647662
1508154
4931347
492333
4936910
-340945
4994764
-1271662
4790943
-2075753
4486760
-2797433
3965067
-3378817
3478243
-3870216
2755566
-4240784
1964466
-4573923
1123539
-4577454
326887
-4542714
-473023
-4397745
-1285944
-3966082
-2022790
-3497818
-2714311
-2993555
-3297625
-2382233
-3655666
-1662888
-4047630
-904190
-4224043
-85464
-4216283
524903
-4096788
1219296
-3964673
1978069
-3637471
2552531
-3168921
3057527
-2692307
3444463
-2071780
3721573
-1438131
3870399
-729016
3889401
-54876
3795842
614391
3510103
1231157
3276050
1848976
2856693
2390626
2428709
2782072
1816568
3255133
1205129
3459676
531249
3515560
-114174
3504248
-708927
3410670
-1234596
3139305
-1828908
2974557
-2260970
2506567
-2648207
2075531
-2850257
1529133
-3161512
950286
-3193965
372026
-3206833
-70842
-3121078
-653235
-2941427
-1140395
-2641849
-1772850
-2266874
-2138169
-1848707
-2436865
-1448788
-2616052
-831665
-2898125
-303022
-2924660
228954
-2906737
710953
-2797312
1248264
-2643631
1652545
-2369030
1991116
-2037672
2341537
-1547555
2525543
-1182727
2632160
-704493
2726824
-165570
2654560
289907
2568286
768040
2298584
1118541
2078040
1580912
1780227
1862113
1340305
2115060
906783
2319187
515555
2400380
171500
2429395
-268329
2358350
-710658
2294161
-1107660
2064186
-1448198
1784157
-1873427
1576773
-1965153
1180771
-2077915
802355
-2165510
337787
-2180052
-41302
-2151935
-419545
-2048366
-746936
-1884420
-992130
-1610385
-1398371
-1298624
-1609771
-985739
-1838250
-648759
-1943057
-235410
-2006742
85306
-1958902
393357
-1980648
718931
-1865019
1030598
-1559602
1249162
-1377443
1468855
-1130043
1664106
-832316
1788695
-464768
1731955
-152310
1800277
151784
1724476
445038
1631299
749317
1329200
1014471
1231727
1226323
937210
1415275
630848
1452345
373797
1609409
101039
1617301
-190068
1556025
-501523
1502232
-727841
1331240
-1005398
1122527
-1117054
1019403
-1274107
736508
-1387029
546737
-1463729
268201
-1424473
-43174
-1388208
-204072
-1339594
-483072
-1097108
-714147
-1041003
-872127
-825495
-1044132
-580096
-1121675
-411812
-1218090
-94844
-1302945
112647
-1198002
322613
-1253221
484454
-1084354
712461
-916263
873166
-821136
964617
-621518
1071073
-503476
1129700
-269042
1074657
31106
1042275
180426
1039428
332594
986174
512324
820442
638707
691953
806162
462633
889965
360888
830218
189712
891876
-34035
965795
-172267
920635
-362488
851017
-550403
700725
-560518
657373
-669504
494708
-735579
319614
-765815
181682
-778378
81150
-725461
-56804
-753722
-236513
-644031
-387147
-566898
-398264
-493230
-532218
-415888
-648995
-250748
-679667
-77040
-614967
2273
-635028
61591
-648841
180723
-577769
347349
-548272
403467
-398867
479511
-352124
538985
-294710
584081
-184673
517488
-94452
584118
43445
531638
81708
476032
245047
367751
284426
393013
339036
241940
451263
139516
446015
98066
475213
-33583
426126
-94702
372912
-140565
366314
-222477
294219
-228007
239504
-338096
141080
-318803
114009
-352573
6526
-407188
17278
-306545
-80270
-355043
-185814
-274111
-148178
-187476
-232005
-212276
-224628
-100252
-328571
-118225
-248389
56256
-242325
73955
-219688
131920
-275365
126865
-179547
173579
-149928
178431
-134231
179162
-119634
263360
-40948
169182
8154
233015
44813
142222
51586
168598
109030
93727
126231
67671
110634
50839
135694
-28434
205396
-126313
181046
-96681
126242
-121881
29473
-151501
90186
-132592
22049
-47294
18870
-108376
-43890
-146258
11908
-228377
-11793
-131551
-130327
-10044
-40270
-116735
-65227
-74397
-127160
-46943
-93919
32078
-126772
52003
-117788
129798
-88225
100200
-64497
203385
-61547
230214
5442
143837
-3187
93416
63569
157767
76762
92541
96376
124547
120905
129845
201601
-12941
217133
-458
173547
107393
173544
-48853
160340
-93413
181702
-132533
101555
-141298
124674
-276237
74950
-172452
53566
-184606
63204
-224107
-64278
-232473
-58447
-201339
-154963
-153735
-154945
-132620
-97124
-93129
-134453
-40107
-230312
-44690
-254324
1261
-267891
60488
-209030
174083
-212986
121558
-195778
162634
-175638
226417
-113488
290179
-140886
185704
-24009
255533
-69624
299280
-39078
331481
158217
204467
153859
183679
231436
179940
193473
100912
320980
37488
315474
47610
299614
17186
238196
-72221
370239
-153853
331211
-167796
301960
-272853
255267
-258213
178481
-277994
125069
-371060
66410
-294641
76372
-339078
-8190
-404346
-118745
-249308
-223965
-213743
-243845
-239170
-322395
-247487
-293983
-111319
-318365
-35974
-431002
79032
-309898
-7512
-344361
145284
-399934
305775
-304099
303098
-190902
310718
-206367
334377
-175265
417433
-104096
363543
-6991
402950
14252
405535
121993
273992
141280
318727
283977
252694
335184
212880
325730
190885
411743
93782
373497
126582
441773
-5654
385099
-54092
442267
-274867
407119
-236760
282030
-295007
288393
-329503
209403
-407110
160924
-407181
81218
-485020
31644
-360027
-130198
-430301
-102809
-387794
-192595
-367850
-299926
-289534
-369407
-192575
-421257
-154165
-426585
-121692
-431794
22770
-474876
118125
-402392
231567
-411100
263914
-383475
393331
-356809
360723
-223203
450639
-175918
400545
-96584
459101
-102148
431419
38662
468020
176704
460653
251255
359147
257712
356309
285603
320423
501646
157956
412047
128562
431498
59002
464095
-97061
475922
-226693
405953
-222074
400906
-263566
376937
-383400
373960
-377648
195795
-403444
126487
-439782
105032
-530158
-25191
-488446
-119880
-399967
-160188
-391032
-291896
-359321
-350924
-289042
-410118
-148184
-417587
-81778
-432724
3523
-508687
96095
-478700
149601
-454500
209676
-433319
239445
-373021
313163
-294199
431331
-299738
467558
-136831
459523
-96800
428917
-31533
465223
81851
402114
187505
422027
196341
350280
282601
234387
399290
207573
439741
118747
469684
80898
480888
-38879
476784
-128494
498351
-198605
377475
-242592
359182
-310903
311755
-365101
299008
-365864
160301
-437396
106021
-424467
16016
-459391
-102521
-425109
-143188
-383438
-156513
-407899
-252700
-252290
-323280
-172868
-328721
-161238
-401392
-104235
-400941
-29039
-403463
163285
-377070
174458
-368036
125692
-403534
343337
-320595
297111
-216090
354398
-185435
379082
-98327
366318
-103316
379355
48494
379992
74552
354339
186791
327386
228828
261160
309674
236661
349242
174477
423075
51264
364390
-34955
314217
-831
349857
-104423
355334
-179997
258833
-223950
306734
-284448
218366
-279274
140550
-323568
105512
-366327
57999
-415600
-28204
-289993
-74962
-342514
-101310
-290335
-174136
-205451
-228379
-177397
-244642
-222481
-313599
-101591
-362636
-12697
-243330
82777
-293843
107063
-334253
135951
-225201
180206
-267077
194091
-209605
222641
-130368
214968
-106395
358193
-36631
292180
24249
225022
-7568
274805
112516
285570
114349
198974
178592
198694
225361
120459
256103
46637
235720
56791
192132
29036
262843
-60882
240393
-66790
191457
-73040
192460
-203821
125824
-187977
112834
-173544
79900
-239478
101873
-149792
37394
-157166
1962
-198027
-19889
-163826
-126580
-143781
-63041
-54196
-126145
-172527
-119994
-82042
-188921
-2840
-142154
797
-101358
-238
-152102
96011
-214977
-6520
-131249
95906
-197886
111037
-132387
146155
-67319
48578
-21117
102552
-62752
154275
-3738
68632
16446
155489
67296
76768
38370
81385
89869
108504
113866
73144
29520
14200
54380
24558
79235
41033
121079
18891
64672
-62567
75043
-70120
49206
-23746
71054
-73772
53038
-38819
77040
-65214
31749
-84309
25819
14671
41834
-32775
57322
-83816
-9630
-23334
-27991
-13915
-51104
-27077
-69024
-32346
-27879
6430
-30164
54695
-19515
-40418
23544
-53045
-14397
-6612
-67798
33948
-48848
6375
69524
-10497
4708
-27053
-15658
-53475
-27141
-48548
-11033
4726
9518
-5056
-1114
-3593
-56797
-36594
3963
-11734
62861
25854
77588
-164
-101185
60568
-86985
18144
11452
-34876
-42876
-4122
-59472
2407
-31530
56490
-43246
18357
-25171
52432
-17323
7223
-32815
69626
-7080
59713
11440
78155
-50036
50167
51052
-5047
26523
73341
48727
53248
46320
10696
46652
22812
100028
-46830
30739
26332
50065
-73770
-11770
-29262
18949
-58662
73899
-55563
97065
-71704
56103
-97453
-2089
-113666
17229
-83330
41777
-114957
-19365
-144636
-26573
-62623
-160790
-28899
-105900
-45571
-18281
-78016
-87469
-24215
-103537
-26044
-174657
-26080
-110044
-20255
-81106
96721
-134081
61359
-49196
80220
-54102
60233
-70824
65621
41247
133208
-82027
150364
-11412
54649
16767
83735
21079
71997
90694
201018
81953
82921
36220
98989
77275
114243
153010
71842
127160
25274
195428
14023
156910
26002
123489
-18302
200410
-83355
130441
-101823
200123
-110445
132052
-128752
96301
-149094
79107
-185623
33601
-202811
31179
-127617
-26110
-158119
-96458
-94114
-108970
-170919
-81358
-153819
-198675
-49
-156907
-45380
-124605
-5816
-181473
-59750
-147725
122581
-154126
84297
-103113
111723
-133801
137548
-210415
159716
-113167
161039
-50974
211225
-46882
167062
2020
194726
3238
200526
34607
145518
77738
137713
89955
124347
112626
132444
150955
89975
205482
-9706
167697
26612
178276
-13357
196953
-54689
166630
-65204
189615
-94193
132046
-178794
125738
-238930
134310
-177466
38369
-163538
-39252
-246541
-70570
-230296
-84747
-237204
-96488
-179793
-44378
-91890
-129993
-118831
-196383
-34712
-158582
-86684
-160796
-2268
-152687
12566
-234394
55197
-152966
104828
-181471
134566
-183635
74397
-207860
144525
-213144
202307
-77893
187173
-53002
136202
-16071
247681
25834
171848
44842
201318
26434
145068
192806
89929
162130
80012
168341
94879
182768
92410
206444
-56627
282578
-20767
148415
-60240
158992
-102261
200093
-129495
185572
-123436
168116
-152061
89701
-203143
89351
-249326
-13523
-142937
4969
-196576
-15936
-173862
-107953
-190568
-35922
-113197
-131144
-182741
-169405
-133440
-182376
-73132
-212149
-25311
-168665
-20109
-166214
22662
-201539
110277
-200577
106534
-175495
168138
-155747
177797
-110892
141526
-138028
195161
22079
201102
-61659
161949
13225
216623
70641
200971
122925
199018
93733
136521
155102
144131
159684
12990
160192
46100
211950
88671
140075
-7642
270254
6174
138336
-49686
201847
-74344
167267
-126671
174413
-158760
115608
-148473
33502
-191853
87620
-151022
32611
-245176
40453
-130720
-23887
-164541
-99777
-125858
-45187
-151812
-132222
-43962
-183082
-87028
-118682
-116793
-117980
-11531
-195016
62883
-207144
61839
-168668
27746
-152002
41845
-119945
109844
-160214
121017
-130327
103109
-108666
181929
-91248
176822
-96225
168485
38890
250109
65642
153871
96998
164030
87034
150885
171535
131201
148301
51985
136083
49819
131780
-4942
109402
6979
170370
-20164
167168
-42422
132155
-64306
119059
-56089
107600
-99540
96563
-133368
84075
-146253
90444
-79824
-481
-163378
34030
-142336
-74260
-198111
-64662
-135467
-49567
-179148
-36480
-48847
-56533
-72908
-138378
57659
-154132
2537
-187254
-22145
-134410
-5949
-140551
-33759
-124977
68762
-195227
120782
-76727
105997
-159575
120602
-58764
85090
-20803
131538
-15076
198610
-42986
60015
26545
109475
92472
93614
90100
155386
113599
83967
74359
44070
82852
69785
101869
59315
181164
-2218
142348
1469
128429
53007
75767
-69203
142011
-91365
116488
-86380
32635
-54308
141480
-160213
65788
-110701
54644
-164252
-67639
-83756
1340
-125052
17292
-52272
-19764
-79550
-29446
-83266
-67306
-91343
-177529
-38754
-97008
-31660
-133088
-43528
-114613
67078
-92657
39100
-119546
35530
-118051
94166
-144906
87384
-103746
71831
-21935
120709
-55508
84534
-42179
87001
-8589
104608
18756
112970
-25444
102321
-11103
96619
54278
24226
-12426
28689
152860
51186
109935
22050
34911
33619
122827
-34099
135731
-48641
138954
-5566
144100
-95860
135316
