#SpinCore Technologies, Inc.
#SF in MHz
#SW in Hz

[HEADER]
@CLASS=	RADIOPROCESSOR
@FIRMWARE= 3087
@SPINAPI= 20130917_x86_64
@POINTS= 900
@SF= 0.000000
@SW= 30000.000000

[DATA]
7045542
-5233990
9359411
-4838213
10171169
-3102937
10630441
-1247539
10699928
662669
10539810
2506757
9814801
4331287
8869762
5968823
7671132
7382947
6219247
8628448
4582166
9541612
2853797
10205418
1019515
10507254
-817394
10456930
-2661752
10086096
-4406761
9379285
-5942041
8372633
-7311870
7217122
-8363867
5747510
-9199227
4177231
-9754121
2476465
-9983871
657946
-9900636
-1133693
-9421284
-2783404
-8723578
-4363701
-7747653
-5799744
-6504802
-7100324
-5171197
-7999153
-3580438
-8744353
-1935788
-9122760
-299064
-9344583
1378531
-9078107
2951795
-8623935
4430343
-7952937
5765104
-6930592
6774817
-5733486
7654609
-4373183
8237232
-2898805
8562694
-1395321
8617143
128786
8336581
1729813
7789638
3109465
7121569
4444104
6096158
5710528
4973374
6583774
3627663
7288266
2149798
7802759
802727
7930599
-633232
7889294
-2005434
7593189
-3391317
6976420
-4562651
6181767
-5555189
5243129
-6330562
4131377
-7003131
2844801
-7272087
1582523
-7332812
222803
-7247355
-1138881
-6930017
-2439864
-6254013
-3614629
-5446829
-4697228
-4446691
-5488139
-3467983
-6140422
-2230456
-6683288
-870384
-6844716
303979
-6811373
1485489
-6618398
2651648
-6176775
3722975
-5574801
4627034
-4770865
5347039
-3837217
5999702
-2704170
6279151
-1644223
6389637
-482494
6360760
739874
6052143
1817986
5567892
2903408
4920767
3760300
4148374
4535689
3216524
5232985
2211980
5566218
1191784
5930329
48732
5930676
-944033
5782360
-1990386
5506218
-2868915
4999944
-3765153
4336104
-4401927
3605270
-4963515
2741298
-5323002
1753645
-5451631
768208
-5486378
-256322
-5311725
-1175802
-4924091
-2112253
-4456458
-2878184
-3796125
-3676061
-3093910
-4256932
-2208171
-4667766
-1278707
-4901512
-436716
-5066956
448767
-5020853
1356792
-4771374
2216648
-4346667
2891187
-3963271
3500658
-3322153
4017200
-2620885
4347590
-1809970
4609910
-971411
4699004
-125123
4589715
673693
4306149
1448237
3924520
2151759
3518578
2806877
2955292
3380919
2235811
3804606
1493993
4082416
699563
4297170
-50141
4222274
-812042
4135480
-1513970
3895885
-2150382
3504072
-2736266
3066309
-3161875
2557822
-3519999
1888317
-3779114
1219370
-3901225
478989
-3881879
-223396
-3728945
-810814
-3472030
-1495667
-3180424
-2110634
-2690581
-2598719
-2169613
-3113300
-1549210
-3267483
-947195
-3495806
-277914
-3585366
335911
-3533590
898538
-3404294
1453386
-3115948
2024718
-2760705
2468006
-2408278
2828386
-1863335
3051206
-1296265
3218937
-730774
3238555
-148467
3229959
408920
3000901
1035477
2853658
1463643
2464781
2004073
2047049
2273939
1624603
2587866
1200188
2784377
620988
2974804
75265
2912197
-450607
2930979
-1045008
2801906
-1494490
2512128
-1768621
2177602
-2236688
1877462
-2430618
1399114
-2632499
939003
-2709450
505602
-2722522
-101018
-2623086
-507284
-2567867
-910731
-2282838
-1396501
-2058983
-1759159
-1578548
-2020992
-1234561
-2313287
-771337
-2445200
-318782
-2455697
140184
-2448632
551776
-2413225
966406
-2223998
1323744
-2003706
1658755
-1716895
1860044
-1324673
2120570
-1007786
2239379
-595255
2218608
-185211
2210575
162020
2169040
589979
1993854
963815
1799971
1279234
1507739
1588378
1151942
1772529
822388
1896132
452584
2030926
168815
2092578
-203417
2054496
-593572
1965969
-1014543
1785880
-1170597
1553182
-1431390
1279341
-1696774
1046549
-1779914
689228
-1855650
428416
-1848263
54639
-1834635
-279377
-1694168
-603374
-1583721
-933679
-1377726
-1206556
-1146547
-1398567
-810075
-1567345
-532113
-1644666
-222091
-1667588
40325
-1690703
372844
-1669807
687659
-1503241
881739
-1438651
1080888
-1157370
1247948
-889812
1418898
-726115
1513928
-392776
1489486
-155151
1578276
115516
1459322
424323
1349429
653147
1149969
813278
955529
1009831
816760
1224140
549255
1278757
302308
1495581
45392
1381219
-186260
1348342
-398152
1265761
-710574
1140993
-839387
1012292
-1043030
811438
-1061006
611535
-1167693
422724
-1228334
152446
-1137985
-35747
-1188678
-215761
-1125974
-359325
-965647
-673058
-793359
-763664
-639422
-900332
-407669
-982525
-306837
-1037368
-43376
-1095729
64207
-996379
292376
-1014121
438871
-875830
575547
-828533
738736
-668749
800161
-516195
867924
-411149
939753
-137758
952163
13354
958434
140245
810249
274861
809934
526763
658313
535458
520393
745266
385848
765972
274024
804932
85547
782570
-101915
848565
-117187
798255
-338044
672952
-388873
592895
-515852
568325
-603710
442007
-660175
271265
-705464
172978
-702654
16943
-635535
-91245
-623830
-87862
-531351
-329249
-402146
-455757
-330180
-467701
-307771
-544242
-208742
-565466
-144421
-533466
-22251
-608020
106044
-542022
186477
-441162
278122
-488831
362248
-422206
439990
-324896
477035
-189759
415848
-83572
444360
-3664
460659
51034
413770
88811
391985
263285
342642
290696
237853
305907
185977
303764
108492
379474
46859
426359
-46185
416957
-50561
311250
-163663
244955
-121563
234408
-213013
227825
-306913
150358
-333145
88931
-288123
76827
-306626
4020
-311057
-23131
-250785
-80015
-220145
-135701
-212065
-164700
-134299
-203893
-73794
-219938
-20572
-284388
3976
-243041
69850
-247059
95041
-190197
55016
-155772
133182
-90387
147176
-130676
200560
-71943
171201
21927
156694
-22019
228117
48462
83572
42565
139877
73342
68486
168218
38891
119410
26428
97688
5923
92320
-71159
126661
-10768
110620
-56204
114539
-42125
72298
-63822
110209
-144193
47570
-75506
-8268
-88357
2624
-103643
-26295
-52845
-120180
-80640
-64514
-35476
-94767
-67435
-32854
8322
-116243
40168
-102402
94031
-109226
77757
-62392
85150
-55070
145143
-88221
115584
-43130
122445
-27393
131844
-39992
128353
26360
77829
61810
124719
112611
62694
116287
34812
137586
-47097
159602
-61386
224481
-44349
150844
-72212
156181
-69285
137225
-137420
3596
-125218
53402
-160611
36875
-141609
11500
-134680
-54142
-220585
-35167
-172551
-108013
-138612
-81865
-185229
-178583
-114170
-141756
-45140
-160850
-52838
-251689
17980
-215463
126981
-257886
74281
-140898
123713
-195185
153554
-115234
148345
-117893
232987
-47485
240239
39318
170987
-4160
199322
95656
212401
69655
185091
111968
186142
138830
91899
193983
67695
257527
106240
244642
6074
314339
-30277
265644
-61977
287496
-160763
251394
-176610
152855
-146608
109869
-245422
125385
-276481
22604
-223801
98692
-284360
-67589
-266888
-22769
-249510
-83552
-199619
-154002
-212435
-208633
-199316
-197027
-189286
-295175
-44223
-218541
8707
-322216
68260
-273041
69129
-241886
104627
-299903
226367
-235773
222116
-205394
278052
-115392
241894
-48562
324234
9766
306199
16219
365488
80932
360471
144036
270593
239696
265241
195045
227139
301389
169744
285145
149122
342609
46781
355942
-31226
353127
-92104
380689
-111693
336176
-211297
274286
-171338
215267
-218912
180898
-375177
106593
-378261
40821
-393884
31323
-340951
-43250
-306694
-122609
-292622
-158841
-279961
-187779
-257625
-280602
-148959
-322820
-135622
-386108
-136437
-411383
-4118
-353526
88256
-336486
117227
-406193
205789
-348791
281221
-289123
331033
-238653
317612
-203375
364341
-75549
419657
-52112
395739
82965
358104
66788
408165
135459
302787
218227
259018
282076
207407
351250
200824
386632
53336
379837
51133
376505
-23767
369352
-50543
369681
-172235
390542
-204987
296996
-254665
222718
-385335
212255
-363614
72828
-384705
43767
-380436
-39796
-400637
-45033
-399452
-135207
-309023
-266439
-331443
-239401
-198960
-276630
-142911
-390822
-147398
-399436
-91760
-376589
41020
-432879
68084
-349493
191828
-370190
176383
-306723
282646
-219881
373845
-197387
426325
-81298
380866
-71113
384768
-64676
372769
59944
419149
141561
283500
190045
284840
222424
230556
326700
192707
296790
135699
362903
59808
347782
-10773
323203
-178288
349210
-123665
363244
-251507
268573
-247373
303344
-306032
160722
-366241
144758
-347358
103581
-416820
59814
-421209
-82296
-297398
-90736
-381632
-216658
-300552
-249243
-267325
-276908
-176220
-314516
-173111
-325229
-32105
-270538
6106
-364686
56768
-279837
134356
-290784
174398
-265938
274215
-264203
196725
-158045
281066
-178595
346324
-74427
361860
41202
311197
4489
318108
61986
264594
128033
286887
197807
180382
271944
186643
214815
119738
256950
25979
210973
105664
274640
-50947
326979
-93773
266513
-144326
260377
-213425
230670
-202777
137915
-258052
111400
-283366
74470
-243991
12861
-293799
-82825
-293636
-83112
-297322
-176784
-284973
-132281
-161155
-215779
-98325
-164009
-176513
-259132
-21231
-241833
-8353
-254842
-2179
-235845
98168
-192324
115102
-188306
97067
-237801
165212
-104903
197589
-70808
256666
-72325
226229
-12274
267349
-15042
240963
101203
232466
47827
167288
138242
142049
147010
150717
216433
111285
153173
54775
166917
87183
160815
7411
217466
-39697
115572
-92027
116516
-77829
207364
-93841
117772
-59922
114785
-161692
50574
-166970
67217
-168348
27889
-166094
-64801
-191782
-120103
-156868
-71008
-102561
-117727
-118334
-68044
-105860
-106606
-28446
-133157
-9214
-93996
-29436
-170877
49137
-150461
11502
-121882
60947
-33309
96806
-88235
92460
-46710
120177
-28850
87578
-77446
106301
-34460
158487
39797
69737
41308
99102
15609
100855
88428
42557
137992
47111
74646
22213
71726
17591
86558
13529
65828
-42588
61835
6223
52653
-39860
59548
234
11182
2887
38553
-128707
84083
-77210
26576
-22274
-51691
9985
-19767
-60461
-44385
-96187
-21716
-60385
19537
-8280
-54545
-98420
-62655
-36046
-39314
11651
-32163
5698
-14170
38277
-83135
-6220
41949
-1242
41143
-52409
-56950
30224
-42515
73388
9408
61984
-63189
2009
16302
9875
4019
71681
54145
29040
-12412
38742
15308
17936
27088
-28568
1236
-4240
-43706
39841
-6416
-3342
-46400
-30353
-62725
41616
-44234
-16500
17419
-25749
-44029
17213
7043
27855
-13579
66754
-6669
26576
18317
85872
16719
-32203
-70559
54601
-31609
46455
24108
-19278
68486
53528
15301
63537
32706
48707
40791
93423
43007
38589
96569
-57900
28649
29018
43416
-81810
48243
-59420
10718
-66020
64245
-97935
58498
-64827
25389
-76925
34945
-64463
-17456
-118340
64271
-73478
-7817
9286
-11223
-43075
-86010
-57857
-35141
-5602
-75395
-20224
-77099
-59172
-36403
38419
-135278
-11115
-61402
30216
-64293
38143
-52638
104121
-153864
78488
-114118
136349
8653
87989
-72175
107069
42289
78718
-5198
158532
4655
74314
67365
54219
18176
74710
86356
51030
125298
32207
147271
71943
71096
-38943
93148
-32311
57904
-102369
74963
-14486
167284
-137403
45882
-123166
17193
-73877
124591
-111690
80832
-96351
70447
-62841
54760
-164183
65568
-166864
-95074
-132238
-21992
-150687
-89586
-155574
-123177
-12434
-105724
-50200
-138435
-7001
-113822
12814
-195360
-40463
-97477
38378
-140687
107755
-86194
72993
-169373
113065
-112433
69347
-27082
168987
-38376
124024
-23796
128497
43475
147088
61112
137211
5298
174611
67938
63287
77697
98835
177140
70761
162376
76143
104065
8172
175004
-18193
153471
43025
181194
-56335
119161
-160711
153740
-115969
137924
-142570
90653
-172369
46024
-125572
29259
-142395
14865
-142919
12871
-185300
-1983
-174949
-69917
-133026
-77928
-188880
-138965
-79801
-208465
-9531
-90347
-76038
-218426
4213
-157519
43054
-153889
-29303
-171724
162097
-99981
56101
-116412
140319
-54255
179626
-110154
138731
-43027
193852
-109406
215781
-49551
157073
-8532
161038
39070
123151
38545
171628
59866
107419
77610
114035
160207
32150
215525
74289
195743
-52496
149434
-37068
185882
-44115
155559
-63388
105338
-140144
165717
-121391
103613
-107496
53499
-215878
101467
-169144
-27066
-91286
76427
-151580
35136
-144101
-79519
-138507
-19025
-145430
-92120
-53381
-74700
-95972
-116137
-35819
-192775
-54509
-122045
10426
-194762
54485
-111875
102336
-193067
81699
-151990
143913
-81844
163942
-117539
216464
-67703
110257
-19697
159566
-55731
221041
60156
115420
20911
162843
20733
77361
87777
100235
123835
53769
139127
67800
129039
35524
126214
68686
186287
-35691
176238
14720
142409
-64174
138329
-121861
147495
-96076
147662
-88501
119035
-155581
85135
-202156
29785
-156324
37242
-108250
41337
-150390
38248
-235379
-71053
-66137
-89353
-121369
-98796
-118840
-127279
-52596
-95971
-952
-144767
-17054
-135901
-50761
-119766
56615
-124790
97821
-87614
102968
-165435
58421
-84251
93774
-183455
195074
-24268
107370
-57734
49253
-62266
145302
-10476
95882
70786
83431
43472
58216
55593
71803
86473
96819
90953
54464
132954
20591
146613
23167
194498
-29243
184025
-44362
137584
-121205
110042
-26805
115680
-51106
144398
-154608
20937
-199625
55500
-112828
8942
-180920
37968
-98414
6929
-169147
-36707
-109021
-65608
-71925
-112120
-92956
-126546
-78144
-79216
-42931
-105820
-7093
-94896
-4944
-35496
23843
-136374
8205
-146847
45359
-47544
61168
-121443
150715
-93758
29404
-60311
135889
-121456
122939
29368
35354
-737
85229
74230
118852
24848
183910
18002
108813
67958
83721
96673
36111
148456
14676
129674
34084
115815
9935
85450
-62685
160495
18354
119248
-55695
123505
-93937
123222
-58194
81094
-62811
41665
-86632
44565
-37661
88482
-127437
-9366
-92387
-29549
-39528
-71508
-117821
-44214
-57746
-92656
-92412
-49883
-95356
-97421
-110067
-90958
-54379
-123070
7700
-64819
-34054
-85352
-63869
-26493
31842
-122453
80315
-61592
21531
-37852
1343
-98619
85129
-24014
29814
-785
77965
-98996
106880
29742
15167
-26390
72181
39752
63964
22727
101097
60328
129036
52818
13794
73422
73024
110074
-15434
77367
27362
67996
20234
67821
-47040
119537
2430
70620
-22264
80674
-104545
90036
-100889
108215
-80743
7090
