#SpinCore Technologies, Inc.
#SF in MHz
#SW in Hz

[HEADER]
@CLASS=	RADIOPROCESSOR
@FIRMWARE= 3087
@SPINAPI= 20130917_x86_64
@POINTS= 900
@SF= 0.000000
@SW= 30000.000000

[DATA]
6432567
-4784275
8531995
-4456034
9355022
-2825938
9789797
-1147385
9888819
630101
9559271
2304893
9092151
4016219
8268219
5484567
7091606
6850003
5710196
7993226
4224183
8791135
2698336
9392183
936110
9624202
-740868
9582442
-2444161
9268989
-4035531
8713751
-5473932
7760331
-6664768
6655595
-7700918
5390737
-8437549
3836897
-8939548
2289748
-9167553
691274
-9115830
-942365
-8746807
-2499552
-8120808
-4066573
-7195446
-5279065
-6070520
-6430353
-4767273
-7426630
-3360230
-7985890
-1985596
-8465138
-368171
-8598046
1169835
-8368091
2609643
-8051852
4052004
-7393752
5176981
-6397130
6213870
-5359881
7026788
-4071745
7608055
-2797609
7833721
-1352457
7914501
74948
7656748
1464643
7257848
2877462
6647377
4085135
5657233
5128534
4624228
5979388
3442710
6706997
2173943
7122854
776432
7298881
-500981
7281543
-1780667
7061294
-2992471
6455853
-4123785
5787687
-5144271
4930438
-5829816
3892956
-6375098
2698014
-6734557
1493974
-6883230
290087
-6755387
-999763
-6343017
-2107106
-5806775
-3228618
-5110870
-4180867
-4290719
-4992337
-3235416
-5607864
-2200794
-6032816
-990800
-6345818
208363
-6280653
1246912
-6182832
2362228
-5736381
3353503
-5169486
4246478
-4463597
4947706
-3630198
5402301
-2683725
5746486
-1625704
5867166
-528560
5835251
535170
5666705
1617249
5199706
2520315
4658638
3357599
3917209
4210503
3077574
4668842
2158599
5178635
1158769
5374225
75529
5517662
-774384
5400208
-1766631
5120131
-2587411
4610211
-3290958
4113399
-4052946
3392457
-4452895
2590423
-4841119
1678585
-5075808
793562
-5010733
-104341
-4915405
-997060
-4630080
-1864223
-4164969
-2555624
-3531679
-3288160
-2906517
-3802765
-2086321
-4257695
-1309973
-4511209
-544107
-4637482
322071
-4659871
1093273
-4462379
1928519
-4083837
2557421
-3628994
3168179
-3110378
3599979
-2534608
4017302
-1813487
4221532
-1008903
4261870
-289572
4214311
523711
4036571
1275457
3625856
1928714
3277430
2498863
2704141
3100847
2104916
3401978
1504899
3675986
763162
3931593
-10324
3888092
-607799
3785524
-1293229
3600326
-1891994
3303583
-2443232
2881043
-2930910
2335536
-3187380
1785477
-3424598
1119672
-3631050
492052
-3575255
-114568
-3453087
-727341
-3281742
-1399268
-2931343
-1888814
-2565937
-2353836
-1995375
-2714933
-1548429
-3057293
-968379
-3185324
-377944
-3252661
254129
-3250450
834928
-3182988
1367642
-2908308
1820833
-2596366
2233617
-2170949
2576771
-1765922
2794363
-1255676
2967449
-751209
3068828
-225150
3004196
397965
2829263
866608
2596905
1341384
2317718
1725155
1956459
2115018
1491996
2410649
1085869
2668376
577001
2717002
67809
2792016
-401367
2753542
-860403
2585074
-1285970
2302139
-1663684
2016115
-1925644
1740455
-2208783
1243606
-2427943
900035
-2490074
455734
-2450294
26979
-2416571
-439276
-2361616
-955961
-2033483
-1269631
-1815441
-1634308
-1448180
-1908904
-1163816
-2128361
-674951
-2193351
-306260
-2303977
86008
-2307813
502297
-2189539
908172
-2059685
1222503
-1854945
1525330
-1606603
1746449
-1300203
1930643
-981558
2082987
-548802
2075162
-221684
2122243
164424
1938359
502384
1874029
797779
1651936
1219036
1327245
1427923
1156080
1602930
842929
1840012
466479
1893487
107735
1994418
-239785
1854731
-591783
1803980
-891652
1627232
-1158952
1444325
-1338389
1221228
-1581937
940271
-1648572
637818
-1733449
394093
-1767237
27694
-1706899
-269600
-1554728
-528787
-1529612
-827260
-1240990
-1137678
-1068541
-1294456
-769854
-1402402
-494327
-1550228
-256995
-1540471
70791
-1621717
370583
-1506145
572479
-1431822
879351
-1273118
1016464
-1077472
1131554
-895597
1295839
-616951
1366309
-404841
1372427
-82490
1403170
146104
1317023
359898
1203298
572277
1157843
791462
936494
968870
764040
1096901
517944
1195415
288953
1236269
40805
1295765
-177655
1241282
-433264
1139803
-537743
1075803
-762839
932195
-921616
774535
-1007418
539689
-1057215
355320
-1171505
138100
-1099304
-38547
-1002694
-251786
-988388
-408518
-864714
-546190
-751423
-666104
-627495
-846241
-424522
-858437
-258024
-1022952
-8148
-982924
150325
-989978
286915
-869346
402686
-858972
556042
-736929
678413
-639154
720670
-440816
818232
-390545
909972
-86641
868626
75224
889242
146950
781500
322494
710983
445925
517789
460824
473735
626363
349884
745737
170257
716353
38521
782064
-76226
771379
-154363
710402
-268429
634348
-441067
558345
-467014
423938
-514592
385127
-586440
229722
-646512
66057
-602019
-2295
-561153
-87329
-614558
-163866
-471192
-307311
-457126
-368581
-351888
-365629
-266936
-533514
-146466
-554606
-45744
-548209
-11153
-516103
53785
-486548
206691
-466968
212274
-379665
288112
-302822
419724
-246709
402236
-174541
423587
-80710
427894
4175
438586
47577
355496
132461
336480
193258
305239
255860
189964
304212
184928
271159
152030
325890
48971
326450
-76206
314319
-28498
303414
-152612
312551
-194010
207396
-234318
242901
-237005
140921
-240446
55975
-282238
98299
-294864
-95351
-215898
-7502
-226512
-107604
-180025
-167984
-160448
-205359
-117365
-132346
-91609
-167739
-47294
-151431
10117
-245557
4342
-164864
98139
-164629
127136
-99665
114197
-175047
135233
-42958
184514
-56306
115203
4839
202248
4846
205749
51933
109312
57964
123177
108752
171985
105708
73698
96600
-17018
124449
-63795
153025
16841
118422
-88534
139148
-71348
29077
-75315
95122
-96339
35712
-158439
-3195
-57488
54907
-155135
-13491
-178169
-69464
-36003
-70938
-14355
-79563
-46036
-22433
22803
-140816
-21793
-96220
14046
-119435
70314
-34737
99448
-39210
25622
-18143
89630
-34121
178746
-23057
60983
17040
98618
43633
122399
79301
70897
94788
98208
134209
55062
119870
16133
163137
21614
153177
-13743
144977
-48142
169987
-17620
68124
-65372
83002
-139390
100049
-100378
100633
-121417
93610
-160387
-38965
-120586
-35289
-129558
-152396
-78090
-12196
-79712
-112698
-108406
-139640
-41791
-159604
-104653
-187045
-17924
-138114
-21856
-179006
63301
-165136
76629
-107685
111319
-162514
185075
-230535
168659
-85575
192314
-144549
198293
-11837
187381
31500
187167
18315
134770
127314
164665
128714
242555
195933
16057
200525
150538
220967
39165
193767
67985
254863
-10269
193506
-88202
210434
-57919
213777
-126389
208887
-187154
156027
-179779
136631
-261738
88648
-233553
-24745
-207007
-4687
-284568
-48441
-295731
-123241
-223266
-127785
-167604
-154982
-143194
-197542
-95026
-296975
14476
-236322
-66222
-204323
-16162
-283088
87215
-236269
76082
-247050
113943
-205263
180055
-150822
284307
-133285
222073
-115126
349662
-56791
306675
-5592
291860
107856
356526
124426
278787
154777
254386
198460
208256
193428
183690
288457
126930
262713
34198
338866
-59792
307280
-112676
302580
-87088
331814
-228560
246081
-187229
274352
-270919
174346
-318851
102314
-354845
39971
-328318
70669
-340482
-57069
-380512
-47840
-268536
-65155
-305151
-249638
-268310
-237310
-156430
-341511
-99832
-319291
-76296
-325855
25411
-329392
120342
-303709
138807
-332268
242888
-327196
214280
-276351
317012
-195415
269779
-160332
349279
-123600
369266
-66102
367147
25033
337520
107718
303237
154430
260782
220021
289910
212322
231974
319964
184239
311192
88189
337011
35910
418572
-58387
331015
-125802
358542
-173860
345371
-247302
245204
-239517
244642
-337680
211079
-368542
131644
-350826
30191
-356901
36773
-351796
-94913
-368654
-160876
-335771
-202252
-284126
-290723
-212153
-304746
-210510
-334886
-86935
-310358
-66415
-410824
-52230
-290080
138963
-358934
200299
-319425
143524
-297755
243627
-264615
324748
-220960
371467
-134910
370775
-66985
322058
-8033
358036
-3819
315860
121504
271903
176693
345831
198861
236932
314825
149829
243224
134894
357968
50200
318654
-34245
361350
-78185
359126
-106199
302601
-206776
273559
-236358
335689
-272553
225057
-346453
207500
-254691
74147
-351909
34055
-365114
-56298
-352651
-109092
-244242
-192711
-267009
-239416
-237736
-246871
-137111
-248629
-123348
-344409
-102047
-368840
-21975
-282240
70118
-314436
134565
-295466
120927
-203514
216613
-162172
241858
-196535
260537
-124264
429975
-73136
289800
-66726
316344
-37082
271717
59913
205879
30393
251755
128563
240637
158434
162948
202260
92056
245305
141482
326487
-24837
247750
-38982
266127
-129144
262044
-138270
204758
-232214
279375
-154616
174812
-223446
171941
-207413
39942
-266918
13070
-278516
-3945
-185026
-3330
-212293
-92640
-204411
-23734
-161963
-153263
-116333
-206358
-174824
-270036
-5633
-239801
-33083
-250749
25884
-269458
56037
-160200
107245
-209746
80756
-216820
133619
-150373
169933
-94130
220665
-104537
192021
-34627
223576
-23074
184658
41692
238511
-5037
221117
54987
187980
149533
98339
138976
81853
196592
77551
236099
40839
211789
136
203623
16996
149897
-60587
140522
-38686
138054
-85017
119804
-164719
93909
-98122
90214
-120369
55204
-130228
9412
-148423
19465
-181170
-44499
-182696
-84472
-177001
-62175
-67265
-98528
-73473
-95722
-69728
-119505
60015
-143260
-48124
-223667
-44612
-135816
30065
-103024
10654
-83990
26097
-71779
97140
-60993
113450
-68456
114137
-44357
108503
-41283
105138
-22626
158747
45985
112792
24755
61367
58939
89573
77126
112742
3527
19561
109092
71922
80273
9439
114204
12028
71893
1970
43810
8767
33518
-80485
97323
-63829
6079
-42468
69875
-40750
48966
-10745
22740
-7046
-15635
-55116
-16708
-24386
13522
-51984
14553
-70630
-55555
-1696
-54997
7406
-5341
-39250
-51071
-29619
-21863
-39547
-19017
28947
2303
-70961
-26668
19639
21264
-13945
-5553
-34821
4639
68325
-30833
16035
-4628
2542
-46651
-40466
82
8294
-15716
17576
24598
-40055
10923
-36907
-7631
-10854
-30316
9477
-9035
-48057
-36230
-16432
-27586
-2815
-39734
15488
44090
26480
6694
19978
24615
28222
-10842
-25900
17635
73055
8328
-2834
-21486
28501
48143
31711
6608
120266
42422
47645
32840
38125
79950
14463
26419
10015
31787
10426
-28232
-7458
45490
-37994
-33784
-10528
18069
-40204
70485
-43123
81136
-7921
6853
-94332
61302
-56574
-46211
-38922
34042
-36371
20947
-83516
28348
-84131
-28916
-80085
-11371
-96282
-54826
-11556
-22412
-69579
-32818
-94248
-124088
-101403
-85444
-34961
-90646
17012
-123034
-2131
-96751
59577
-85884
31921
-51567
88999
-77530
69498
-8087
125140
-88572
122167
-79476
125354
-20893
122159
1259
105950
64143
110040
25844
88118
63869
80524
59590
-3146
50143
79518
113889
60331
133056
12234
121045
-37692
168055
-21836
136544
-88403
136831
-43663
113708
-67579
49147
-79336
7605
-95595
110097
-87958
49317
-126820
-87165
-86672
-58706
-139212
-72266
-139737
-120974
-115752
4417
-144578
-91932
-58678
-94154
-72744
-207568
-18266
-179677
-14220
-122505
7871
-117571
82871
-105254
69981
-143040
115377
-94641
112439
-46397
170467
-52136
106246
-72177
119626
34154
141757
6454
161400
25736
161731
43537
155856
119618
68168
128433
62751
123284
48663
142920
43244
90423
-18020
115365
-17187
137342
-58229
118892
11696
81212
-167389
182634
-144214
36745
-151395
83999
-240925
65575
-183363
17146
-229884
19320
-113353
-19155
-112028
-74179
-164099
-106370
-68827
-140067
-53412
-159946
-108561
-82647
-77969
-185759
-31875
-176262
22790
-105063
31556
-184915
104906
-130284
54227
-148407
154170
-118569
121815
-97597
112938
-73394
96441
-15295
150114
11648
186603
-25438
133067
102857
114993
79265
107679
88832
69594
56063
93378
185444
49365
94684
34688
183803
10643
157643
-37146
172967
-69173
191499
-73041
100534
-99041
60427
-137514
84669
-151146
40902
-95105
95935
-178598
-21982
-165479
-4166
-172744
3728
-155592
-96143
-59240
-17573
-112359
-109650
-157053
-115740
-94135
-123444
-90496
-113683
-75912
-185439
-26188
-145744
37747
-203543
64722
-188258
142909
-65417
31821
-123618
60853
-85058
108120
-63475
100172
-78897
149777
-12256
143586
45181
174519
43480
102475
73585
99117
92558
82685
50815
109883
89967
46923
215975
10165
107007
69969
157469
-19255
149579
-44503
134295
-88630
86137
-79137
69024
-118273
79713
-170434
135536
-128356
37041
-90433
3198
-167656
5329
-131906
-73164
-75789
-75978
-143884
-31962
-37305
-86420
-44339
-140588
-71598
-123958
-8733
-136632
-19652
-181468
18289
-69842
28396
-85851
87969
-91795
48444
-93602
77009
-58732
68822
-103425
74723
-121933
80420
-86551
134031
-20160
120428
-17994
67709
33986
111747
41425
127232
38392
114922
30890
35061
129977
92626
151043
40845
90495
66049
84817
56698
154429
-41524
85016
-46941
137710
-81606
123985
-106729
47392
-79512
116797
-99306
113894
-43985
46018
-100043
78970
-108062
-14770
-107261
18552
-84325
-7044
-165815
-28314
-144662
-81057
-89648
-65781
-61189
-140911
-31377
-152303
-42308
-69347
-34550
-114897
69565
-123993
53436
-49831
48752
-66179
55324
-89760
131493
-99361
119187
-18160
117907
-19654
138349
5312
84440
-52519
100998
60342
71059
97866
58622
33310
119190
85070
25115
103806
73398
63647
30844
73632
-30523
83524
27233
49638
-48307
73859
-64311
95100
-58085
30887
-44731
83763
-85287
22253
-86372
106523
-59126
116160
-100005
41327
-117138
38269
-62631
113941
-82134
-39730
-102106
-39130
-93935
-89970
-75273
-1792
-123672
-38522
-62663
-88853
-28977
-71148
-26885
-88859
23740
-130757
33860
-106904
67137
-68876
-5393
-118693
66211
-63003
109735
-27480
56771
-80647
85594
-103530
105485
31996
49557
21287
72560
-4629
96809
49433
35988
37380
87225
34746
119827
28498
49880
34272
64097
44238
70643
117103
8101
94605
47877
122971
7825
139889
-14665
134659
-109593
31843
5359
105786
-75923
42525
-107503
44413
