#SpinCore Technologies, Inc.
#SF in MHz
#SW in Hz

[HEADER]
@CLASS=	RADIOPROCESSOR
@FIRMWARE= 3087
@SPINAPI= 20130917_x86_64
@POINTS= 900
@SF= 0.000000
@SW= 30000.000000

[DATA]
4460574
-3352101
6026264
-3099953
6485402
-2045291
6795732
-781031
6811167
384772
6701772
1668401
6284576
2706408
5744074
3824303
4976479
4715023
4000171
5514488
2983134
6087833
1883747
6537608
685152
6711252
-485850
6620382
-1671211
6458929
-2709448
6095001
-3741597
5413651
-4589291
4675199
-5352694
3747418
-5869392
2732687
-6219407
1644918
-6262665
474071
-6313415
-578887
-5969465
-1713212
-5607051
-2778289
-4940525
-3636630
-4232493
-4457663
-3331561
-5111887
-2362336
-5513997
-1297870
-5907392
-190716
-5921551
833224
-5839051
1841133
-5541679
2819431
-5121217
3575552
-4457558
4283318
-3741838
4871106
-2882991
5236097
-1908106
5502833
-926859
5493217
36884
5392386
1016082
5051234
1983364
4571632
2889952
3958807
3576078
3290987
4173702
2354626
4620578
1464206
4972237
523043
5124855
-314654
5021107
-1249362
4880279
-2127916
4507015
-2927235
3903537
-3502391
3349993
-4081110
2687851
-4436022
1897965
-4725024
1085287
-4687058
168902
-4623920
-652233
-4381060
-1491903
-4003294
-2222674
-3485684
-2879335
-2879932
-3517029
-2213692
-3861532
-1414008
-4211040
-631878
-4356448
142594
-4434499
979458
-4265990
1735773
-3988877
2290724
-3637026
2928517
-3077013
3392735
-2389763
3775372
-1862755
3992260
-1096783
4091971
-355893
4077769
391554
3874218
1132742
3589451
1757209
3174818
2423945
2718049
2905723
2116395
3208898
1458687
3556144
777703
3775917
113439
3713884
-592733
3671751
-1226141
3546441
-1892086
3198809
-2420083
2782643
-2854031
2317029
-3167753
1748700
-3382247
1162894
-3509220
540006
-3466750
-92019
-3360608
-758404
-3111446
-1290948
-2874479
-1886726
-2500276
-2331474
-1985612
-2671872
-1441783
-2944424
-901873
-3050895
-332626
-3196199
277293
-3210481
804361
-3057281
1375810
-2866895
1849316
-2557003
2232492
-2138599
2604000
-1639767
2738701
-1157521
2825897
-695795
3006528
-119692
2919663
416675
2762603
868677
2567192
1379201
2239648
1781182
1845537
2086270
1410439
2381680
972699
2563323
460682
2724024
-84888
2659141
-529697
2621462
-889108
2453659
-1368509
2214103
-1725640
1967915
-2060287
1551493
-2194359
1142717
-2457586
796984
-2426493
306696
-2503616
-113526
-2437002
-552958
-2196538
-997776
-1977165
-1299789
-1698878
-1601682
-1364887
-1912974
-1074064
-2155411
-601949
-2203548
-256112
-2283201
207818
-2246313
600438
-2155636
1009180
-2022220
1229062
-1745597
1535589
-1498388
1798782
-1140798
1940926
-862552
2086010
-496278
2115739
-100897
2097812
386166
1912541
654967
1838064
964497
1618224
1284377
1309865
1493349
975805
1776037
680288
1839701
355391
1950837
16005
1880978
-333769
1842364
-626493
1800159
-961562
1579517
-1164172
1393223
-1373247
1110060
-1590963
909349
-1681234
621544
-1779970
217068
-1805432
-39795
-1704905
-370152
-1611471
-650107
-1469282
-934395
-1249194
-1116096
-1026642
-1275378
-712640
-1471135
-484260
-1563390
-186451
-1666958
151349
-1516125
388939
-1499893
607991
-1422173
833164
-1294432
1140927
-1043769
1266254
-847859
1351956
-642447
1428874
-301079
1466048
-168839
1437388
182564
1404836
381539
1312766
600773
1108463
816270
970671
1014634
700621
1189192
497483
1265169
316695
1306850
-4969
1288838
-225276
1312474
-390209
1239489
-639650
1079130
-775808
1025241
-1018349
774794
-1038995
626155
-1133071
388148
-1202210
307478
-1182187
58915
-1184994
-183474
-1127080
-454492
-1017165
-624852
-878727
-790407
-685344
-898747
-531685
-987682
-314149
-1075888
-179181
-1093425
56392
-1075217
225538
-1020643
500492
-949363
618859
-898376
705823
-696949
838441
-610154
876493
-299505
888939
-193875
980158
-56462
960554
156268
867425
307542
848737
436640
669889
587032
579030
712227
520550
803155
299806
890403
147633
823362
-1253
868163
-226915
841052
-261500
802916
-502549
727943
-576319
610115
-664050
427473
-679839
371025
-780146
255590
-707771
115924
-714838
-83167
-716117
-199333
-703280
-395495
-628074
-459409
-536216
-534068
-361613
-547088
-347165
-675780
-132146
-686903
-19947
-606789
76247
-723982
214664
-597923
338209
-550766
388970
-486128
522039
-433772
559751
-329273
575438
-231009
594304
-137995
635431
56040
522021
128762
517446
240564
480536
310026
401038
347316
309401
416118
223702
474213
88329
480839
73170
529920
-101545
496009
-219387
531438
-255708
438307
-308461
394611
-357637
308498
-353020
296657
-431088
171801
-474899
110558
-491535
20663
-391479
-119160
-350101
-121543
-382377
-227024
-244237
-308432
-206040
-324382
-190392
-397588
-104233
-370696
-58385
-353056
29301
-430221
121602
-308939
138504
-321837
244807
-270813
258938
-214192
266305
-145780
242353
-126532
258822
-39920
265589
77393
298816
19525
277733
124991
272551
170264
175861
113322
189775
183819
98072
265546
45907
250095
23893
234011
-63839
172843
-104500
217662
-93087
192552
-172030
157702
-164435
123823
-216236
94045
-265819
124535
-229327
-51973
-191796
-10245
-197998
-91781
-196563
-91332
-95180
-119801
-75226
-115912
-18421
-186838
-38867
-134954
-31982
-231414
62456
-159624
58297
-114170
119401
-103712
26200
-76845
66221
-95897
183939
-84762
33970
-67648
125777
-23485
84763
39023
102233
66514
67741
41012
53287
45796
22598
65818
120898
49709
35915
37828
30034
82162
22114
150213
-34714
65031
-66268
100424
-82468
41274
-48150
76127
-108174
50345
-80293
-13074
-92156
432
-95512
-101486
-76399
-16947
-26442
-16338
-103751
-18293
35583
-103381
2376
-34893
-4780
-62583
-16523
-17333
96012
-125712
69753
-41651
35211
-11610
124718
-15539
52171
91324
109235
17618
109060
9842
143212
40103
59791
72520
-6374
46981
-4665
83252
-46922
155462
-36233
23522
-81088
95782
-89323
43158
9836
71116
-121964
86438
-18830
32555
-131951
16599
-101431
-22509
-103267
25021
-124316
-13943
-86726
-13160
-55057
-55299
-87103
-54803
-66074
-103613
21268
-95456
-47361
-116051
7128
-88601
42035
-172676
48075
-105898
51391
-79099
89212
-120989
134331
-58881
188752
-88445
114023
25907
124605
7415
221480
55754
102403
68644
72963
133424
115435
95520
15304
164888
89943
78732
9346
119855
-36217
239034
-86669
121585
-55162
157023
-139788
116663
-135336
129923
-107744
79651
-165142
85588
-116489
70501
-172206
-31682
-144833
-21524
-195250
-43273
-111922
-113988
-178845
-77046
-96270
-174124
-60844
-96328
-65943
-183399
-43813
-190879
38105
-148385
-16248
-160461
45323
-179869
64276
-171403
112490
-154055
136073
-127721
158615
-111572
217520
-90879
237597
-80555
178439
-14078
264205
-6509
191113
142155
185625
81655
165614
150460
58581
152649
86352
215546
113832
208946
-21042
255101
-59736
182792
-65587
188876
-71292
234450
-110548
119689
-199765
120741
-185948
122029
-263435
97424
-221928
91010
-277154
31966
-230351
-5110
-184364
-63622
-255595
-90289
-165160
-191516
-191169
-174182
-123534
-181555
-109767
-232951
-89106
-165928
-17141
-321753
100626
-227504
102195
-210517
85481
-230133
159431
-142953
189953
-152665
230408
-130790
218624
-42262
204789
-25042
196600
11716
220797
4583
244872
157483
207377
130181
254950
142933
26259
230740
123452
184642
26840
265368
-24971
276520
-21261
222386
-78653
300553
-124663
211565
-166500
231120
-157779
187989
-165165
91566
-220380
42441
-299731
58476
-148696
-33613
-256989
-91219
-299383
-121795
-181076
-107022
-184772
-218489
-127445
-206633
-53341
-154012
-33284
-223480
-10768
-217655
46615
-289765
1745
-173464
66786
-222900
188527
-149867
194869
-203284
264374
-180990
201733
-69024
262572
-65837
214248
78309
220891
32218
281830
69709
254289
153372
171224
144487
142853
141744
85601
218908
64483
267195
7390
203956
47244
257077
-24048
227517
-152990
244112
-120759
192298
-167020
206162
-164743
141994
-307490
171674
-223162
46785
-204434
6904
-294214
-18713
-192582
-62442
-144187
-138790
-192414
-157204
-159194
-137898
-149853
-227900
-8832
-219140
-73349
-215684
7090
-216493
39319
-182075
10454
-219233
120045
-160488
119891
-168990
184113
-133773
125583
-121741
226166
-56935
216463
-6514
141043
13937
221830
-18371
195220
91379
167956
133969
181780
136088
52391
172061
62846
199036
27475
199422
10524
272869
-20324
135868
6830
197171
-148016
142003
-117606
154089
-109436
111723
-148106
89625
-177593
104544
-199395
96565
-161599
-26809
-136172
-44314
-191957
-66627
-63341
-89451
-84759
-139884
-146304
-52278
-110874
-197257
-21379
-243489
6468
-221346
12016
-172209
28589
-178866
114826
-160749
151990
-125634
144112
-87711
141971
-53560
158805
-52761
144332
-21218
183763
37948
108459
34876
117859
41929
106636
126977
76585
94682
101745
85063
-9096
121735
35184
125215
40887
139527
-34804
-5582
-4380
102483
-60346
178223
-36107
93559
-112533
47647
-107897
38025
-117788
33138
-52840
47148
-163151
22009
-84770
-6644
-118370
-55281
-82004
-1402
-134115
-13355
-51313
-36597
-84746
-97987
-80682
-26851
-62496
-68044
-9166
-110622
9259
-44390
-6336
-78737
24213
-75715
-17000
-78008
10664
-65568
70072
-40803
34136
-32593
21516
-48357
7904
18693
41933
49085
29803
56206
610
31559
57122
81060
51342
42107
28331
30281
-1509
61677
-78818
38198
6793
25013
-36258
51826
-9641
57565
-77771
21184
-38411
10486
-30308
82472
2845
-72186
-61386
-44872
-32865
-11179
5697
-14300
-57032
17197
-67127
-36620
20198
8406
-4554
-2098
-61689
-56727
-35913
54383
-20014
8770
-37848
16369
27151
-24573
-38674
-10516
23780
17098
-36023
-9968
20023
-65571
24636
19853
-4493
25874
-16949
50814
72706
18488
12097
12110
49440
51471
-27239
54458
-77674
26087
-1527
19864
6958
-42458
5319
29115
-23122
-16721
-5523
-30996
752
11171
-11260
-34466
17830
-58278
81440
7746
-20594
-4550
62145
-16832
23523
-9746
42781
541
31547
-42699
46915
84254
148770
-39231
26802
33509
-1600
18907
2367
16955
-6729
17988
-28837
29909
-2743
62605
-45166
-22315
-28551
47725
-40815
26648
-106954
22948
-26956
48455
-63347
44819
-24518
95354
-82053
2699
-54651
-62222
-48013
-32855
-71691
-24764
-76086
-25423
-17078
-84458
28395
25206
-8392
-89213
12769
-5149
-33178
-66192
-7275
-78970
9238
5047
13492
-136139
42588
-37907
72245
-48217
50153
-35766
16909
10461
58323
-51341
102121
-17066
80460
63537
107172
56509
89610
-28514
73501
84671
47052
69418
70251
71249
4144
77590
50899
69881
-34007
63503
-61183
34405
-8925
75230
-87276
55882
-99263
133613
-75285
100222
-107699
72787
-117778
45294
-159851
58616
-120783
41747
-105835
-41893
-41722
17420
-22974
-80266
-37036
26860
-74621
-72516
-61402
-53059
-47798
-86288
-6905
-72595
40689
-103633
-23207
-59137
20742
-72323
58093
-57725
61904
-55570
91201
-45452
84955
-44474
96921
15672
156687
34081
73911
18737
70254
-29435
36033
127281
66688
68865
105489
44461
60225
52645
63810
61543
-43652
118739
-12413
127316
-23621
77823
-6146
55383
-57331
88314
208
45359
-6925
53645
-100763
-27692
-121678
15648
-93248
41024
-141411
2575
-15580
-56811
-120819
-61230
-76487
-28950
-58844
-59904
-89594
-94093
-23026
-116358
-19905
-84300
-52699
-122888
31824
-85510
38901
-40657
40556
-72434
86310
-49331
123573
-57711
78998
-27081
82786
-4305
59808
-61469
89231
33460
107646
22233
60559
59673
107373
27925
38991
71514
76084
116409
61146
140279
10437
70783
8066
132298
24016
108980
-24486
42257
-31909
108326
-32407
66794
-126388
120761
-18881
52987
-95514
106912
-118304
33836
-112405
-3215
-97421
66347
-109472
64237
-136613
-96024
-137900
-1107
-98246
-64877
8110
-110640
-44598
-100519
5304
-34257
34959
-117259
34078
-131656
16185
-56836
32228
-104674
67222
-82235
76113
-46661
132669
-61275
61734
-91598
7053
-11347
48358
-101754
121099
4869
124282
55361
119115
18881
80136
42498
74988
109219
656
66808
9120
99570
47340
87998
22233
91115
48901
142828
53185
97675
-28010
116588
-37807
25704
-17304
39341
-54778
57069
-57648
54507
-82936
78304
-44851
-4037
-44402
-30799
-57244
-28164
-22752
-112532
-72455
-102616
-66983
-125767
-59706
-64467
-20116
-94619
-9738
-96341
-60798
-100472
25877
-102951
41360
-39513
8908
-106383
117963
28554
87564
-24923
64804
-49540
109107
-23131
29942
-30908
110185
-37953
185493
26132
57666
34101
33560
-18384
112571
42712
47030
85468
14135
62057
75409
120189
-10282
50006
37770
80420
-38988
90551
-64256
96793
-53123
119514
-23135
61051
-47443
69254
-84724
39131
-41383
-20943
-94877
-50853
-87455
16635
-90084
-43101
-120304
-4317
-85210
-40450
13745
-82688
-45388
-56373
-68483
-107368
1020
-80352
-79385
-84094
941
-59841
-50361
-72225
24231
-16247
15345
-75682
52178
-92173
33022
-112087
55096
-47493
65240
-20912
132413
-35153
8184
-14939
44782
-21307
55829
-4805
27138
14290
77177
-20973
29057
9199
47435
44638
37688
65750
3794
89981
16406
87950
-46728
69994
-35405
79077
29969
57642
-38685
48746
-60848
24712
25000
93102
-40231
76812
-43681
35684
-47116
35522
-38487
3598
-60105
1237
40049
1954
-32123
-53101
-47465
-49374
-26919
-119509
-10321
-135835
-17166
-49537
-19309
-55371
-47999
-17849
8752
-23111
6324
-60000
49074
-84249
37397
-14875
21288
-20524
55151
7691
30246
-60565
46705
-1114
-24827
-18405
122138
58760
58728
43520
28399
-9666
-9212
19879
28434
88226
55220
33905
36891
122732
12189
37498
33221
74445
-22935
1189
4780
52002
-44015
11705
6849
4813
-11290
63143
-61725
74695
-38750
38314
