#SpinCore Technologies, Inc.
#SF in MHz
#SW in Hz

[HEADER]
@CLASS=	RADIOPROCESSOR
@FIRMWARE= 3087
@SPINAPI= 20130917_x86_64
@POINTS= 900
@SF= 0.000000
@SW= 30000.000000

[DATA]
187928
-175103
157435
-61450
198793
-73263
229263
-11994
203936
29993
238726
43286
181056
44846
177722
141497
148376
155819
151582
73966
56016
117627
111768
161213
85283
217416
6087
181879
-104033
194901
-44395
191345
-127238
202183
-80740
113002
-105849
121572
-145781
99699
-158554
20774
-181378
102037
-191748
-15181
-172654
-87027
-116150
-60709
-151907
-117667
-196689
-81513
-43534
-103472
-44628
-139828
-64099
-148964
-30886
-158455
-40702
-140776
-13281
-184904
35402
-122098
66573
-109552
91364
-96699
128611
-88605
92201
-54047
98749
-89573
169399
42117
100621
33878
111001
-1021
84343
119089
182960
38182
99119
98918
128061
96598
61544
92580
65145
105417
-45684
134972
-70191
38441
-6123
118929
-25474
89637
-84885
134261
-129159
102824
-84926
24103
-152656
56246
-91432
-8489
-123559
52805
-104980
-4156
-106362
-49648
-73154
-104270
-99054
-74396
-72010
-86391
-79309
-122727
-3386
-113838
-11214
-104401
38160
-22907
8174
-86629
33125
-104560
79994
-55678
89890
-51645
96285
-96550
57517
-5374
164243
-64644
131923
64269
81749
5964
123834
-4
80857
36548
62147
55619
23935
92215
50950
2292
15097
96303
47884
67087
32787
90111
-41378
80179
-19454
11398
-51229
121361
-34607
77562
-12438
38553
-78525
17180
-87700
34956
-94329
10026
-64583
-32074
-51013
8243
-71290
-22014
-69910
-54849
-79283
-44312
-25650
-43824
-53084
-119782
17060
-53433
-70749
-100535
31597
-102150
77103
-65609
25198
-96808
81638
-68993
43981
-59941
36068
-10376
93211
26376
65447
-49568
56841
-45670
49879
-7108
109880
-13749
73302
102960
20699
-51080
41685
43269
41096
43947
12885
31372
26228
17029
2713
72981
-31024
88483
13172
44495
-54318
25601
-34884
52099
-80816
32015
-7479
-33824
-122189
-6325
-144972
24834
-105704
7845
-29424
4126
-40994
-73307
-59262
-4279
-35163
-24722
-28124
-45508
-30666
-57882
-13418
-71743
-26613
-43705
90037
-147076
48521
-70489
-7957
-54107
13377
-94145
-46003
-112956
60171
23077
135410
-15975
36542
53813
56606
-26011
109821
65343
25109
7274
67233
47159
95414
58431
11878
45084
31493
34761
-12291
56852
2075
56712
-2969
78677
2119
84565
9123
5380
-47520
-4986
-50194
113453
-61471
54350
-55265
29955
-27964
38863
-29389
60276
-99248
-39329
-5822
-8969
-20438
-20101
-66484
-3898
-44749
-36678
5967
-51135
-24766
-102617
576
-62946
-36933
-93135
53089
-4427
2285
-40214
41631
-17685
-28950
31475
87671
-42968
20817
-23492
2863
23902
-17026
-26455
22408
-4973
35945
19792
-7214
-4243
52593
-13988
32793
59500
-10439
-19982
656
72234
40109
67267
21586
15051
-27648
4028
-33253
69367
-73540
-28373
-1642
35833
-88287
18506
-11043
30154
-37419
67767
-75130
-28673
-113974
-1398
16312
-42550
-47060
4927
22034
-93247
10231
3349
-57540
-16341
-30869
-52400
-11669
-30391
-80952
-18175
44107
-14877
22244
-1123
48281
-59524
50358
-51618
25497
-39085
84889
48289
23694
-24190
-11187
5394
39414
42415
-14423
-80513
20464
41238
15678
466
118758
-56287
18932
-35843
59931
-40693
11011
29268
-48289
1782
-8571
-18099
-25102
-4037
-55797
37902
42013
48356
-77640
14405
-97729
27875
-42227
60788
4519
-37708
-25470
13803
-49165
43118
-957
9904
-44373
-60682
7598
31728
-62097
20481
-37400
-48623
9082
-1993
13572
-19819
47100
-10598
-56069
-32844
15348
-33765
42173
-8470
-9916
-33174
36922
-37670
101491
-20295
-36279
-48450
39294
-41947
-45706
32240
14533
-4506
-77703
-11380
64722
-31474
60503
-24924
55067
44857
80091
-25101
2322
88023
44599
32981
51425
-1761
-8788
93075
66847
17511
50872
2778
-43202
-10177
-8425
989
-21547
-18830
-21301
-22535
-38689
11107
8703
-8409
-5163
-21301
7530
46688
12223
-16519
60229
7974
-42814
-95291
-32955
-26810
24415
3832
33382
11049
72868
-7176
67678
-44436
43009
-44316
37665
1905
-35315
-11649
-29498
-48458
45234
-7431
10832
-33187
17959
21558
57480
61945
45526
-33911
63211
-10202
16360
32000
-65340
22963
12094
15888
-69288
29304
-9042
8995
-25232
25211
-61902
-43943
-19328
17162
-45699
30515
-72332
24506
-56279
50620
52109
-21419
21976
78702
33533
2787
-21270
60861
-64797
-29559
21763
45863
-35813
-428
-19076
73442
-73842
-46215
6488
-17563
2508
-53958
33879
429
-31538
-8452
56307
-12837
-7634
13513
16552
-24906
-41407
-63140
31761
9632
9720
17830
-16426
-16008
29891
52736
-19769
-32654
-9527
2601
41990
-13300
16180
62489
12115
31319
23423
25522
2999
-58030
55888
8211
-37399
18281
-13629
-31317
77122
9899
-88793
19520
53685
-22149
16016
14925
-28327
-37299
57587
-8523
-7681
-42141
13044
14563
-26593
23798
-31656
-41019
-2164
17142
21659
-85843
47189
12122
-2831
-56203
-15896
2575
-40851
-24509
-21783
17504
-7860
20827
7150
-9892
-21604
-34270
3429
23352
-11356
-8785
3479
49435
42927
20297
-26748
-34061
7014
37100
-21248
20837
25985
-22250
-46114
65777
-31645
-20477
-46939
5188
-40195
-8935
30512
-29494
-5399
-7261
44467
-24107
41542
-28416
-34786
-13547
-12396
-36403
5561
13133
28712
-58650
29446
-39297
-22983
-14196
-66218
-43026
65568
14172
-7518
-10646
-32051
69691
-47246
-22876
48431
-62358
-110005
-98489
-37079
18692
-42416
-33925
41729
-41378
1813
63705
-173
-9604
-37813
-6216
60420
13609
22263
-68952
-33100
-20007
13654
51431
320
15406
34980
-42554
1833
-38438
24479
28039
86469
-27667
-10022
-5809
-10790
13917
-53787
-19889
20436
6773
-36647
50676
-8793
2497
38731
-59521
-12605
21578
-39082
-96624
-16094
-43456
-60295
27560
-31382
-39124
-29532
12079
18180
41216
-57282
-63012
-3231
36041
12740
60017
13107
26
-34354
-17277
-32356
-51321
3148
32414
-10431
11127
23204
-3144
21268
31580
-56272
30993
-29346
-67554
39493
-1491
-7482
66745
-68331
-67410
25914
30267
-7968
-44650
6684
-45641
-15073
-43345
-20344
-21142
-19813
43965
-36329
26138
-8807
6976
61850
-5176
-29417
-24271
39214
-11685
16281
39450
60218
-20462
-25383
-16575
-45171
38870
50970
-58359
-21696
17558
-6118
8003
32262
-13203
-20119
18102
-35937
3471
62909
-20322
-14336
-6094
15151
-72118
29108
-29413
-22565
-16093
-31814
70735
-28067
8995
-9469
21389
16220
15813
-30539
15847
-7871
13740
-2159
29890
84787
-20288
-7725
-8855
-20204
17965
38388
-12173
-15503
-1384
-30222
-53305
31239
-11259
-58963
18080
38020
-17694
31102
43670
2626
43938
-29813
21273
-41798
21769
-15433
-47115
39756
49793
-13711
-20581
-42911
36197
-18646
19617
16096
85299
-25110
-3915
75985
9775
9686
34840
1151
69987
-63023
22455
696
22791
12787
-4895
22254
-16456
10142
42799
-89167
49085
49925
-41270
-20449
23783
23855
106004
18005
14597
-32359
-21580
30440
15085
-5074
3166
-38001
-11601
-18164
20137
-60729
-16940
-14836
-18569
-4122
7337
27148
14260
-25124
-40127
45350
15849
39392
-24713
-7474
-4283
43105
55269
-31933
-118184
-10199
-8321
-28579
-9864
10946
-28366
58378
-26096
-29777
106929
-29813
25788
-22821
52130
-51486
-23021
-3965
-28644
-42241
-50957
20582
30374
-38366
15243
20636
-33462
38515
-3493
20216
8061
6426
16081
13418
-45244
-72996
-2786
26350
-57233
-79546
-32156
-1010
42458
72984
21549
2501
-13439
36278
9440
-25075
34203
45364
37725
-5735
2058
35988
-26591
21045
4687
-43707
-9745
-14856
-18910
-12387
-11180
-52761
-10894
10714
4007
-8924
-40956
-91662
1539
11526
15798
-26870
20097
23829
-36962
19953
-39920
-38802
15849
54528
14289
30130
23609
72327
15801
9587
-2993
-45625
34563
-19938
50914
-21325
6654
-31772
36477
52513
-15042
28807
13970
-8819
-49157
-89
2089
33476
-31244
-10979
40125
41999
72759
-52267
-43368
-4433
-156
43555
32784
-59635
15033
39678
-15777
-28255
27483
34414
-8453
39396
27077
-26225
-26057
-54003
8520
-40431
37564
41506
7271
-16186
-6229
-4141
4137
-32392
25880
11032
-42812
-23461
24509
34737
16471
88588
-39572
-8960
24600
-17809
-6052
1728
46887
69473
5922
14839
-58425
61389
-7605
43951
-55335
-9531
-19215
-25497
27638
-10921
-27473
9923
1216
-26864
-18611
-17793
-689
9325
13378
-12495
-25699
7241
8465
-31073
14312
-10550
58497
32975
-21481
64306
1608
805
17519
17795
12044
-57327
-66912
-13017
-6664
41909
-2232
31056
20863
19778
-35020
-65892
528
26002
-60525
39360
24439
-5286
-6631
27956
-1963
-18782
28737
-40653
-6608
30661
-18268
-11421
67831
30866
-49360
40487
-15607
26023
41026
9004
-30705
16613
-14081
119528
-9425
-4434
-49998
-65901
31854
-23947
-37436
-27259
44430
-7759
7503
-13191
22877
-12158
49902
28110
3922
-110
19529
26708
16322
30194
18903
-21077
-7077
-41180
1497
10774
12759
7487
61143
74845
19272
56285
-20118
7668
22191
-24216
20587
-70800
24154
13671
-26795
25642
-18234
23795
22720
79544
-51823
8063
15716
-25707
40864
48156
-14789
-26529
-2471
17795
-20893
38704
5598
-14039
-34233
53714
-12519
21019
-9719
36163
21597
-20204
13282
-55533
12078
27088
346
-538
853
-8405
-1503
-31309
8396
26423
23274
49404
-15711
-15184
-24240
-7210
15212
59986
27423
-28102
59860
-59412
-50010
87963
51828
-37563
-56390
25728
-37606
-16459
-44747
-18665
-5291
29979
-1830
-17840
13337
9065
49527
17129
-17205
-15765
13552
23707
-85445
55897
12170
-98109
-5591
-15466
-20834
-3195
17056
18497
27089
-23114
-10937
-15767
-33459
2821
24608
17372
-3096
-19538
-13630
-32734
-408
43900
43887
57463
21771
99075
44233
-276
2760
-9811
35618
4522
580
-17232
-42118
-4014
-20453
-492
-33181
-48656
-10291
-11610
-61766
55813
-5533
-37283
10270
-27348
-5424
6702
11269
32247
47050
1255
49433
-6079
-31397
-39591
-25942
20373
1638
47207
33188
30789
22113
25499
-19439
70837
1008
-60501
-24151
14891
-15495
16155
36877
-27962
-3842
19181
23735
112966
-25851
8814
16335
-43625
19771
62789
-30006
-57039
54652
-48004
-13785
69662
-2530
-21660
27176
-29326
33039
-15301
25617
74561
-39999
-13887
6465
-27004
-89228
7721
37642
-10551
12912
-12325
34319
23258
3745
9718
-52801
1965
38197
8513
-58851
-15046
8584
-20509
65279
50066
29991
-20030
18550
-15463
5291
15901
-20661
37168
-4676
20479
-52642
18241
94099
5424
33122
92099
4610
3536
35835
-54599
42383
40346
-46400
-28888
29216
39161
-37001
25160
21596
375
26658
17368
10399
8624
-18024
60862
-6622
-21964
29830
23361
-36244
34830
-54260
38008
39394
-23331
64890
11616
38010
-16140
-8731
11459
-14540
15627
9532
2779
-15661
9793
-65294
46038
13904
50257
102448
-2900
7561
-65149
32430
-684
41180
-41143
26903
1261
20172
22015
27591
1882
56966
28312
10779
-23613
-69040
2312
-4277
-10620
31318
67074
-18024
1669
-3999
61536
-37778
-3787
56903
-22590
56052
40858
-80297
1859
97845
48386
64442
-10123
3222
-4710
-24781
-3548
31459
-49884
32209
27762
-33370
-47821
53604
11060
-7958
-19799
14265
9375
8223
7838
4279
-18459
10076
-5401
-68552
12600
32379
55745
-19660
3374
-16908
-59870
70263
34626
8451
-17919
-9256
-21814
38289
7412
19985
15842
29015
19506
-35895
-13480
1805
-16831
75239
8156
21205
-21500
-52796
11689
30273
11317
-23787
-16763
-5344
-24272
33140
-27440
28140
54568
-15202
8146
15962
-9715
18890
38096
-29314
-7756
21839
-41566
-9079
-53289
-13553
-4382
112
34509
16108
32661
-94206
-68324
2448
43339
-2380
1556
18294
7052
-26458
-47724
35569
-14387
-12416
65985
-6716
-8529
-42332
41608
48983
-63926
54393
76965
-16443
37377
-11294
19384
24025
-33264
40120
27997
-29425
50432
25922
4927
31387
2545
8604
16851
15444
-26669
12513
-3929
14079
27688
-7458
31327
-70637
49941
34622
-7753
-37033
-18261
48329
20030
19811
-34762
23304
93254
41209
44332
-92627
20615
78684
43768
-71790
49546
-20593
-18811
3063
-20256
849
31926
53945
-73729
17628
64282
30065
-12101
-30806
-11488
-5924
-36165
15208
17662
53542
-59177
-57342
52431
27783
29573
-11922
-6249
27870
-12908
1947
110287
34448
5442
-36486
18307
316
6902
-9535
24777
-76032
-58989
44461
29251
-9692
-10685
601
40288
-15104
8135
-6823
14784
-8845
-67992
13058
10346
-41032
14232
67777
-6376
-49893
-24003
44958
-64300
-25368
27620
-7486
74632
32004
-5840
-15317
9173
7228
