#SpinCore Technologies, Inc.
#SF in MHz
#SW in Hz

[HEADER]
@CLASS=	RADIOPROCESSOR
@FIRMWARE= 3087
@SPINAPI= 20130917_x86_64
@POINTS= 900
@SF= 0.000000
@SW= 30000.000000

[DATA]
8359210
-6133450
11073634
-5737418
12043222
-3755848
12606000
-1448556
12649115
753671
12360503
2971748
11542840
5077215
10479560
6992354
9099722
8784561
7428031
10112511
5486882
11295650
3474020
11931407
1333046
12346863
-964827
12369192
-3109621
11938935
-5059115
11179952
-6920289
10075909
-8586947
8578086
-9826580
6900372
-10759679
5060818
-11446727
3097165
-11745858
936022
-11680694
-1115051
-11184503
-3108624
-10323153
-5045654
-9234506
-6681089
-7781504
-8141658
-6284869
-9334588
-4463882
-10290035
-2492375
-10788341
-597264
-10980418
1426262
-10752057
3226021
-10337544
5037067
-9474802
6467858
-8335289
7808412
-7010134
8932536
-5374939
9628086
-3642878
10053122
-1900984
10200733
-89476
9928282
1797906
9298071
3498049
8504057
5024011
7369195
6395403
6061568
7590411
4549383
8471559
2881246
9078708
1201749
9379491
-558726
9318007
-2094874
9011385
-3728467
8406142
-5144530
7585142
-6381556
6457554
-7312987
5111188
-8068075
3747270
-8556790
2135114
-8665345
528326
-8602681
-986890
-8202404
-2510162
-7568870
-3923222
-6753492
-5170350
-5582842
-6231200
-4314180
-7100202
-2939258
-7639765
-1474977
-8085862
-58662
-8071544
1400135
-7898658
2774115
-7485875
4083201
-6783240
5179491
-5895303
6142351
-4839364
6818578
-3641716
7259588
-2300277
7565846
-937671
7537334
364216
7280488
1772897
6727670
2990489
6061711
4130612
5230563
5065780
4197954
5900674
2940238
6503484
1761222
6880115
479596
7057545
-855923
6951198
-1932619
6618561
-3038019
6098540
-4025265
5393370
-4920411
4566597
-5629350
3553526
-6115153
2542809
-6415124
1316123
-6450607
174068
-6325370
-977002
-6018416
-2002668
-5468966
-3076825
-4755182
-4004342
-3934923
-4745783
-2971641
-5330252
-1990580
-5623338
-957617
-5936589
170202
-5855113
1092436
-5808298
2199547
-5423401
3045970
-4854695
3829273
-4234618
4505612
-3426940
4939874
-2483206
5319911
-1665162
5488534
-634970
5422776
384142
5126830
1323900
4888822
2125139
4317264
2932871
3769447
3659127
2977459
4244471
2221683
4679773
1281175
4938290
371477
4966199
-501133
4968016
-1311913
4736599
-2228958
4349849
-2855797
3878136
-3428261
3246238
-3981439
2502479
-4288974
1755474
-4567975
971271
-4548468
109176
-4470346
-664286
-4332186
-1397461
-3865844
-2149126
-3459896
-2784393
-2844802
-3291871
-2192301
-3708150
-1494196
-4015446
-755816
-4109717
845
-4169780
705923
-4097470
1436551
-3882276
2089498
-3487355
2668246
-3027195
3105929
-2528075
3479031
-1962226
3767952
-1287433
3806671
-613590
3826211
86512
3690215
767602
3540463
1409110
3180804
2018531
2703988
2474831
2206488
2921733
1682518
3268947
1106339
3436147
419719
3514464
-255136
3512286
-774736
3431112
-1356629
3159791
-1889851
2835362
-2369010
2414525
-2707428
1983867
-3010772
1372244
-3139742
944193
-3226455
328904
-3192364
-212627
-3089897
-808117
-2807742
-1327805
-2513111
-1813563
-2111628
-2166386
-1724956
-2477781
-1279142
-2746605
-724832
-2862891
-236138
-2852634
297131
-2870428
814171
-2808860
1322682
-2561474
1667775
-2253045
2025180
-1896267
2341139
-1510128
2506402
-973963
2617463
-542537
2640877
-48176
2638203
407738
2472180
896918
2231772
1280221
1998013
1555223
1669232
1968198
1309008
2226040
857637
2318698
411426
2417729
1044
2458583
-428100
2283536
-871148
2201330
-1249685
1980968
-1505156
1732303
-1756005
1423545
-2060282
1112724
-2149267
700694
-2210489
340918
-2219279
-76925
-2167632
-453188
-1954639
-843591
-1680244
-1122709
-1539898
-1474388
-1231719
-1698424
-843743
-1864576
-497195
-1953840
-140043
-2009599
126617
-1940336
528226
-1933370
855582
-1718462
1102019
-1532050
1384737
-1329890
1592642
-986027
1710236
-710532
1743706
-371034
1781118
-59702
1734572
335478
1634207
546632
1506538
785001
1318924
1133610
1092700
1224385
810329
1417353
542396
1559612
231783
1590051
-18899
1567993
-315833
1542712
-583037
1396512
-767387
1314016
-943199
1158867
-1160641
990571
-1279312
648580
-1400407
435375
-1378315
190151
-1450362
-101487
-1374051
-386597
-1233511
-641209
-1127307
-760352
-901184
-886168
-778948
-1104276
-545219
-1249554
-205178
-1291998
-53439
-1245554
125008
-1194805
391426
-1062841
596875
-1096237
753159
-865102
831524
-698141
914046
-605424
1095608
-451839
1102528
-157423
1086062
10649
1017536
193549
974322
376171
881170
587476
771838
736413
585586
830954
443353
913664
249987
941364
72422
892128
-121918
905823
-303539
876066
-373468
831617
-613142
653041
-684327
594222
-713173
456612
-717096
312090
-840788
176313
-809382
-31
-753061
-63301
-710706
-215404
-619604
-395690
-483470
-522586
-436163
-582720
-354409
-581620
-223851
-619321
-10682
-666098
56881
-635562
179599
-602500
296857
-561344
373846
-482400
500309
-371541
453911
-273630
397016
-209005
562854
-96083
517693
-67600
561063
117306
461455
196293
449495
249548
338101
344553
322002
417094
212380
417807
200853
421753
78438
474269
-71728
478544
-142324
397423
-194385
368567
-208101
283709
-289901
226246
-344435
147864
-281040
39911
-347541
57147
-302059
-12680
-316796
-32926
-285964
-183381
-254736
-236051
-220052
-144666
-145570
-269795
-115439
-319897
-37136
-232706
38996
-241465
69743
-209363
61978
-255197
169718
-181483
207143
-127924
259173
-116527
239377
-75865
191058
11192
211096
182
148013
6067
97330
89731
94547
153342
107236
171278
53906
147142
14035
184012
-4095
149597
13269
239970
-122090
131989
-102948
124596
-148403
72714
-119505
62204
-188272
10218
-135413
-15356
-113445
6905
-158444
-51643
-84184
-116515
-51128
-141892
-67821
-108829
4440
-171434
-22957
-119147
73453
-116044
48846
-115685
123984
-105095
148624
-55941
194651
-92011
158890
53306
154037
28041
178846
-20046
143421
97072
117050
114990
55145
92842
31024
164327
89180
160257
-57298
190725
-80749
180862
-115002
136874
-72675
167608
-153650
103082
-190778
127248
-213485
75279
-190376
-9394
-170625
84277
-152761
-39985
-227277
-114843
-105947
-130672
-164854
-143368
-126513
-170158
-101052
-207533
-32991
-220637
-9378
-265197
42535
-253697
114666
-201670
61126
-219233
165414
-221406
263862
-138743
283690
-72036
207503
-93942
263583
-133380
269688
2237
266431
113078
278172
133416
202352
223614
189376
230939
189078
224217
149209
225132
61913
355152
-38352
273639
-76123
307647
-87999
271272
-111927
257722
-181714
215366
-250907
180747
-261942
182627
-294831
107390
-296853
14592
-343550
-53291
-321377
-63367
-328674
-229901
-296079
-211532
-176656
-305876
-179552
-333809
-143547
-320045
-92235
-355045
-83127
-335167
83040
-414272
110352
-360457
189802
-306497
215402
-254884
258393
-258710
345298
-205946
348647
-65756
386242
-136273
359041
-9282
380469
65660
366168
135696
365950
121933
290448
264568
296395
334234
226990
364800
136381
318651
108923
418913
-23283
437294
-57431
382784
-172211
385230
-265413
263544
-283370
263955
-316222
282964
-412662
156744
-452864
74838
-454018
21062
-462060
-34089
-418489
-224771
-360454
-184780
-390563
-215223
-299549
-341425
-211619
-410848
-181980
-420165
-182278
-464435
-69818
-479978
58626
-413084
200022
-414804
313557
-404897
319418
-241004
304761
-307454
348500
-240038
445924
-95383
394820
12978
530845
-27374
484984
147292
393924
168195
355404
247292
321805
324897
290587
431320
163249
387751
147835
425197
-2457
460374
-82383
432564
-195612
408430
-203088
413029
-366370
369029
-355094
357845
-437528
206920
-443149
132472
-544789
70713
-451156
-8145
-472707
-35938
-480014
-264079
-377209
-264322
-381194
-335078
-256511
-365651
-124023
-380736
-138801
-421010
-60832
-504125
64010
-481821
159549
-465394
175075
-387112
291347
-388910
320184
-284012
407444
-278317
417707
-212224
463944
-78333
405397
6347
496417
73115
453633
122289
401187
239334
337027
285010
335660
358314
215636
415074
174501
407432
72937
411322
-24615
446430
-60646
422226
-237908
386035
-146202
387274
-252735
350945
-347855
333584
-419978
198435
-444984
160676
-476947
60835
-454744
-19928
-447806
-165098
-350834
-212052
-414687
-193312
-297783
-295755
-206319
-332627
-138492
-409443
-87178
-382142
32627
-394947
39061
-452621
112563
-366929
153668
-442916
282100
-307439
272628
-246333
334109
-211949
453521
-84181
396703
-67502
425245
-6701
411476
71471
383291
171828
339858
244022
290916
307295
234862
272492
149648
334684
117686
395132
68631
371652
-18306
376173
-154718
339376
-147899
331173
-226894
280527
-241416
235453
-218735
193251
-369430
91863
-343678
67565
-352157
-25779
-321599
-31885
-296091
-119865
-269778
-148587
-187623
-221222
-122546
-187618
-114901
-270043
-22623
-231262
-33052
-253966
-27894
-271189
88722
-327826
136701
-297515
163585
-199697
210615
-190707
161345
-198704
273452
-167289
232888
-73136
250294
-25666
246744
23312
316237
78257
217289
87688
206609
173304
161364
148571
146209
88582
89999
308940
88320
245673
-10834
167653
-13635
286919
-79069
216172
-64047
162647
-150778
149444
-133708
91561
-165485
121554
-154084
93204
-181728
90774
-162645
71771
-163743
4070
-170231
8481
-214976
-89738
-119994
-212652
-141677
-112666
-67913
-196832
-89420
-87300
42079
-181142
28070
-120988
88339
-239654
-21059
-182785
76126
-71113
132117
-76315
105044
-85796
76345
-90623
136520
-63276
198046
1499
117855
3645
150250
3808
74262
79801
50072
48269
85558
39790
117114
95807
26951
115549
46368
33501
42771
83528
-19618
67938
-57854
96505
-26530
77178
-53574
10735
-76998
90614
-48784
52494
-134364
13465
-71506
-4863
-63452
-39170
-108046
-9336
-77516
-33404
-49431
11530
-94131
29139
9314
-12822
-9027
-19188
-34863
-78662
-65922
-181
-2269
-71987
-10738
-32061
-21640
-34779
-12703
-55
38586
-37155
25577
23054
-13544
-37836
47446
-8187
-18140
-6901
-26664
17882
-21832
-47725
-20173
-8828
-12346
39854
-43130
-1640
-52812
-24307
4678
-56333
11762
-88239
50727
-42532
311
-88192
-13549
-121718
32839
-47314
-43189
-30999
21134
16635
43506
-48618
45218
-22984
20591
-10289
58955
20434
57805
9938
55662
30368
-14919
24356
97022
44583
40032
61262
40634
96887
29049
20943
-1588
74724
66372
18186
-52684
53452
-19579
103984
-94904
113149
-83747
75870
-67144
25574
-108759
7250
-112480
5867
-141314
37915
-10251
-11788
-30322
26481
-134661
-40565
-59721
-115757
-41930
-33618
-32512
-45015
-40200
-96912
-4741
-95462
71933
-75792
10856
-59897
30381
-99593
42513
-110480
87311
-104819
76907
-83150
122319
-102076
114725
28928
138629
-6867
119107
28331
131389
12789
102686
60503
153699
55331
37717
85264
94038
134393
104934
139464
81205
184452
7206
169598
-55444
160508
-32267
43850
-36752
114306
-34665
118949
-91002
177539
-132788
82437
-137412
94169
-94742
55513
-108605
-19927
-161285
16120
-177694
37065
-136471
-41949
-60625
-58629
-69756
-100522
-130926
-103857
-53652
-133400
1688
-120398
-25825
-174611
-29609
-167925
66894
-107651
134743
-139027
91130
-145664
93237
-75757
119398
-140390
178893
-59267
233944
-47606
157206
-6500
150380
-16948
209953
87699
170481
70224
196133
162584
144454
137937
31428
159297
45725
179944
-16196
172663
-5271
177192
-64051
106532
78547
195546
-82441
213325
-191203
78505
-138238
140513
-181869
59814
-170082
2892
-189606
32372
-175717
52212
-167545
-22954
-187915
-27054
-165006
-94032
-138950
-77278
-172781
-125042
-148531
-223241
-67179
-199615
-21876
-230430
21314
-187347
41687
-205765
10488
-217316
102527
-195433
178718
-128778
158407
-129651
134994
-121163
221106
-53152
219479
83365
142416
25401
220722
41114
237673
34993
180865
63638
200860
145306
100744
187109
75465
206875
109299
175229
9122
274307
-30985
291241
-43952
155577
-87211
174557
-150688
207655
-157497
109556
-167193
88946
-202409
81057
-160064
11593
-202550
-37509
-185346
31679
-199812
-11982
-102129
-113603
-148076
-151227
-107877
-163591
-73967
-210569
-44878
-154817
-19117
-117120
-15941
-197644
-13165
-210300
92942
-166012
71037
-142403
120568
-118951
82258
-127195
200694
-88019
165847
-113763
253673
-25452
149057
35827
221012
-7167
200618
67721
156000
121625
76647
114500
57078
189599
40915
173468
71921
122608
60256
185639
-51130
203786
-36721
182823
-88719
189375
-163885
200536
-166961
99297
-125920
86442
-152765
69582
-143402
70443
-187727
59438
-305405
-3373
-157525
-95094
-136827
-174384
-138756
-108247
-93395
-98541
-58442
-121765
-111246
-139559
-49485
-189806
-26562
-153386
83888
-148011
5837
-140522
75804
-141549
49836
-141140
157630
-114928
116250
-88528
135430
-34735
208848
-71205
174660
128
164738
17452
118163
78501
88875
101342
98893
95152
144025
80993
58453
70059
116296
177846
10520
194895
-13287
129044
48994
157988
-84936
96048
-46624
111647
-65326
52654
-118615
112882
-79911
86314
-84432
48564
-161165
41699
-208866
40463
-120391
-46592
-132360
20641
-190308
-75706
-88397
-72412
-68922
-98928
-72063
-13648
-63170
-96914
-95820
-114969
24850
-101359
49745
-111679
7312
-164871
39816
-138776
67138
-160866
134175
-97881
94768
-117134
102121
-80841
91508
-27783
174922
7210
125283
21212
96964
93973
139292
12035
156385
92748
71315
135756
75630
64978
8412
21082
45272
201308
-10462
189245
455
134915
-11240
74430
-30865
111251
-59759
164450
-106073
98310
-41905
65752
-124652
60575
-81298
82376
-126574
12597
-125049
-19500
-118456
39932
-159176
-15573
-38640
-36881
-54507
-48761
-69915
-3255
-76809
-113921
-14053
-117584
-4010
-139993
14931
-144313
-181
-172205
21203
-119791
17126
-78115
81182
-122344
107651
-110490
93658
-67343
74937
-63658
81100
-40505
154508
-128008
113595
-2632
72019
20755
118991
73667
71331
24076
159054
116536
120866
103471
57902
124833
114999
99077
-52299
100329
29136
102852
22929
110373
-25560
141897
6844
94628
-41618
135066
