#SpinCore Technologies, Inc.
#SF in MHz
#SW in Hz

[HEADER]
@CLASS=	RADIOPROCESSOR
@FIRMWARE= 3087
@SPINAPI= 20130917_x86_64
@POINTS= 900
@SF= 0.000000
@SW= 30000.000000

[DATA]
5801342
-4264025
7729708
-3994352
8361288
-2632262
8778714
-1068388
8883960
490268
8781300
2069923
8113469
3564186
7370600
4902304
6403827
6117017
5187078
7136250
3894151
7822892
2458857
8492500
904386
8672687
-676834
8603491
-2125422
8324216
-3484400
7785834
-4805540
7013369
-5914711
6061962
-6875383
4873662
-7572047
3500913
-8104227
2141439
-8224001
680771
-8144906
-752563
-7917588
-2176568
-7250710
-3478296
-6495543
-4699565
-5524939
-5747173
-4379566
-6571283
-3129455
-7212706
-1826457
-7566780
-423853
-7688138
978318
-7533094
2232785
-7199960
3519087
-6599673
4591307
-5813835
5517627
-4884559
6260625
-3820959
6724210
-2602650
6995223
-1308444
7045010
-71102
6902770
1181418
6558069
2419286
5952918
3526432
5164225
4557792
4256248
5324849
3167049
5901454
1995334
6329721
827792
6567006
-285159
6544208
-1492683
6279983
-2601997
5897437
-3586231
5228235
-4437861
4485927
-5142741
3623566
-5654039
2535475
-5961800
1521855
-6096759
387940
-5987255
-729877
-5765612
-1791502
-5277942
-2801315
-4647492
-3635853
-3864523
-4392975
-3019642
-4969190
-2078785
-5370484
-1086683
-5637730
59716
-5749741
1015366
-5511952
2036394
-5196585
2923114
-4745407
3621047
-4136705
4238458
-3341450
4840106
-2517842
5159010
-1509538
5264335
-600497
5353430
345327
5044588
1232263
4727656
2072648
4229682
2907321
3641917
3573189
2862103
4048081
2069541
4603711
1198712
4822762
360902
4876355
-531394
4883804
-1409821
4531291
-2146002
4260792
-2943437
3743644
-3509402
3074609
-3947160
2487201
-4325683
1700937
-4483747
882651
-4519413
96843
-4463384
-735050
-4175811
-1480740
-3811195
-2206640
-3321322
-2778649
-2735649
-3317900
-2110110
-3654228
-1326337
-3969208
-668465
-4094863
106932
-4204557
861646
-4001611
1492775
-3790331
2180646
-3369627
2714736
-2858490
3165044
-2364929
3486436
-1736265
3728818
-1057037
3793536
-399603
3795459
372509
3617547
931202
3382892
1624561
3067867
2147714
2613754
2640114
2022612
2949717
1469211
3314676
797345
3426340
213928
3455035
-409497
3430975
-997407
3274103
-1587959
3032071
-2072525
2682127
-2483597
2227187
-2767381
1747812
-3026158
1234162
-3144901
619810
-3180559
72120
-3170829
-566483
-2952268
-1074541
-2638344
-1539395
-2323536
-1974927
-1993867
-2334619
-1483125
-2654375
-952243
-2788860
-475158
-2920103
22906
-2984645
592547
-2868632
1049618
-2695065
1526966
-2454374
1929335
-2106328
2239257
-1728850
2490995
-1223709
2656409
-818719
2676203
-309174
2652218
80271
2615082
634412
2418704
1059210
2162279
1415035
1900671
1760765
1464076
2001336
1149739
2297153
630105
2468704
254144
2468537
-237275
2470878
-627578
2280931
-1011362
2200392
-1348867
1976529
-1664793
1664034
-1938650
1346584
-2113424
973488
-2223603
523858
-2220593
153749
-2181277
-288503
-2118228
-647055
-1950387
-1054178
-1685968
-1276137
-1418013
-1587624
-1132214
-1771493
-849742
-1895378
-425145
-2035790
-66749
-1971956
340436
-2018971
625662
-1889085
962528
-1761987
1246923
-1509889
1415787
-1303190
1703221
-959850
1763276
-651199
1862305
-313507
1830224
-57330
1832807
382632
1644095
644923
1502758
978593
1323842
1140218
1113132
1426402
775043
1524701
500771
1683507
217719
1678439
-114665
1680480
-375879
1583176
-655518
1502899
-864860
1412425
-1108247
1175011
-1314491
901588
-1433978
689676
-1451852
430990
-1578829
191754
-1521142
-164141
-1464386
-417525
-1329091
-686739
-1201812
-823368
-1046065
-1063820
-810565
-1222168
-580969
-1287538
-309571
-1349719
-1921
-1366516
197075
-1356602
417125
-1321979
667000
-1169079
849130
-1042206
1023411
-872192
1027158
-579470
1226667
-353481
1235396
-204920
1326611
32703
1284366
249839
1086215
443140
1004629
661255
919478
751197
699683
924161
558279
1008652
385497
1148500
141901
1072381
-112844
1176548
-281769
1092459
-493502
968794
-678737
836606
-795403
742685
-865606
531752
-957679
403871
-936039
234529
-991281
55439
-988022
-115243
-890066
-276287
-854927
-409147
-699297
-618598
-626261
-706900
-438170
-828168
-274821
-826709
-130859
-871535
-20637
-931740
215703
-812197
374052
-762408
402100
-715407
547971
-601689
631636
-430769
755392
-304267
805464
-247344
791926
-93129
772667
96451
755600
230732
661359
312847
571263
467327
429794
476082
404437
569247
231472
638303
197661
604460
5412
737468
-75993
604935
-217097
600923
-331189
535322
-398823
415150
-425870
314111
-550713
279582
-551817
186610
-534732
51720
-518891
-25340
-489608
-148074
-545639
-199724
-383626
-332722
-292445
-394759
-296767
-403488
-184342
-399702
-51027
-476113
-1884
-524948
65655
-439156
142356
-438366
259828
-392106
216853
-323130
312306
-250894
347202
-197460
313681
-104536
333949
4606
375439
55476
342935
85308
338657
66861
267534
173683
231288
232956
194846
210435
187637
275006
79277
284323
-16713
283032
-47323
315809
-138519
273389
-142381
268955
-226960
199769
-275320
153822
-274283
41573
-266659
-28300
-227694
60277
-261435
-1275
-188004
-81512
-166900
-55485
-207771
-133851
-70449
-131032
-102311
-124598
-26639
-162778
1327
-183530
-9821
-179714
-8676
-123386
95809
-185593
119029
-69915
121742
-107868
166269
-57060
160577
-16371
126721
-2876
137167
53990
102548
78475
191859
78194
76411
30638
95674
81904
58255
82835
-18203
103745
69485
87159
-36793
108433
-48012
58337
-49891
51426
-99102
18662
-132713
30099
-170466
-34407
-8610
-44271
-48060
-57236
-40308
-62503
-53524
-93912
-45191
-66001
-29362
-82594
-20304
-79423
-8842
-82110
88449
-29749
46075
-54854
2407
-57147
56796
-58857
51650
-27713
82514
7823
86692
-4722
116512
78137
139346
47860
83157
83800
102697
103933
35414
86623
29163
162689
9249
131118
-123569
171600
-59471
103290
-129463
124174
-126225
30828
-109679
61031
-132381
32850
-110997
11157
-167899
-47798
-105682
-43231
-207764
-114009
-22538
-159688
-74854
-100985
-73918
-130907
1239
-133783
-33922
-213385
34778
-204367
43192
-160083
25611
-133445
157355
-68521
99366
-90601
182886
-93511
188994
-44585
182950
-9669
186875
42807
151591
93430
188060
45676
176946
61508
78853
117070
44906
123278
110353
204666
37727
141187
576
184739
38672
239871
-142840
148573
-71470
212914
-145029
143505
-226159
165909
-165078
126172
-273159
53895
-200182
11904
-241616
345
-227357
-49013
-236523
-165306
-225212
-132377
-155742
-177665
-137165
-284269
-111552
-256617
-64999
-270838
-21434
-253447
-58932
-175202
153907
-212389
87545
-229985
174264
-176442
222055
-183009
242361
-158907
295404
-127984
241815
-75423
221709
5619
258896
26771
233497
17338
307746
176264
207705
199137
195402
201786
194833
237233
90844
256522
88922
280562
-55308
324459
-51182
283761
-102308
279171
-126601
217619
-190612
191296
-210484
170969
-323767
139862
-267432
109575
-387892
41208
-367750
-24621
-242194
-68175
-309641
-114591
-264377
-163183
-218972
-179727
-144664
-235337
-91789
-280613
-66062
-320274
-43479
-333890
55813
-335024
95536
-357920
147049
-205469
167815
-245428
250972
-219833
245856
-146038
213799
-7244
322606
-54415
357122
18148
318971
62267
299703
158486
323475
141144
231963
270886
204445
263806
147255
269589
80603
299391
59404
329352
-33383
290880
-84297
311973
-106461
280768
-184934
204442
-269943
253099
-234993
112602
-278652
164632
-328526
12951
-338442
49718
-296618
-51023
-316276
-107560
-230202
-162902
-226112
-155399
-218955
-264892
-210541
-271006
-151180
-272020
-104468
-337112
57942
-319908
27789
-302384
232463
-353072
198596
-278017
236575
-250329
253231
-215590
205706
-154415
356964
-132124
357188
-12771
356906
73364
345144
58333
290248
126357
271753
130378
198679
278514
120327
220147
82614
282906
39172
256448
51405
273854
-112302
294095
-130494
315331
-69823
278765
-236524
279326
-246283
188034
-267249
174546
-276969
133326
-329039
85739
-357207
-24064
-260226
-109653
-205114
-110900
-204340
-139419
-215068
-204663
-165570
-277831
-91514
-267036
-87248
-290682
-4798
-263128
-68970
-259012
64619
-229535
120197
-226502
128426
-221177
197549
-202521
201283
-166517
236837
-101847
210762
-39640
295072
-14627
302953
103481
236572
91338
244231
115161
270098
173733
186621
171686
60157
215901
94864
206732
41022
258953
-63201
232205
-25230
230643
-127020
245877
-100371
193934
-173639
201242
-222403
215097
-307313
139387
-188689
121727
-220592
48774
-311166
-43847
-169689
-80633
-224953
-84639
-147225
-143529
-178637
-134583
-138299
-285029
-79697
-188656
-90008
-211091
-37514
-238756
15647
-214758
61316
-177246
74752
-132076
117298
-69283
134885
-163722
161566
-138483
133185
-72143
187090
-726
185378
-45017
179452
64589
176630
82328
157858
77241
119660
96360
63114
147245
-18449
67261
-11148
179019
73399
138322
-18680
116935
-24110
184435
-106469
188214
-101954
133072
-115504
87242
-81610
125212
-146716
106683
-88485
-8219
-60610
40919
-203701
3336
-93926
41905
-123565
-58772
-134512
-67385
-141206
-90127
-22677
-43260
-71505
-171799
9217
-97776
4716
-63376
112557
-96237
92184
-41686
78630
-77189
50476
-14363
13001
-54240
104721
-7187
136891
-47972
74745
6780
12562
-22829
64045
-21860
113444
41416
112060
71549
66658
80630
41678
104102
22360
40837
46997
87518
-41190
22713
-5775
40554
-12191
149464
-34743
77335
-24212
13712
-35921
40137
-86625
26777
-45824
35396
-82275
24387
-48616
-22778
-62924
-19739
-59656
3536
-12806
-33030
-45522
3143
-56926
-44426
-6373
-13967
-8012
9417
4983
-104840
12754
-33888
16379
-19189
-7547
-33952
-19430
-35010
-5787
-20529
-29540
5352
15969
-23396
2089
-60684
7370
-64895
-400
40061
21062
-65477
20670
-73883
19260
-63243
-17944
-54231
-26064
-6154
-4048
-17918
4837
-69603
7782
-11000
38760
44222
-42886
-12388
44255
-60561
12444
-37165
47748
-1349
-4281
8983
79370
14495
26941
-7835
12161
-5243
80653
64535
63221
20549
53911
31199
71838
84533
16406
101722
55921
90634
-26239
-44112
8110
28908
-4587
6507
8173
16165
-90564
27992
-37812
57561
-30992
4756
-3151
35208
-97013
57838
-53491
74537
-5323
6517
-78510
-71734
-33306
-62357
-143592
-18096
-88474
-75060
-20990
-17904
-42119
-53159
-44201
-85125
-55150
-61387
8943
-137104
31982
-107191
12850
-69696
39208
-113088
87558
-65452
77340
-49273
41486
-79859
33879
-50923
76023
3207
101398
-38506
19763
50957
54640
-10807
34997
29462
98652
52667
99068
57312
18559
49729
18204
103595
-15871
127663
36754
157877
-3551
63680
-24898
43733
-54580
110307
-16121
41458
-79245
33541
-153867
75908
-98533
4157
-101416
45394
-137807
-10174
-57800
-54510
-132583
-74476
-92878
-25207
-53786
-65884
-52039
-69996
-83684
-128330
-3425
-99993
-32980
-153519
28616
-98743
52059
-137703
65107
-110489
90580
-120816
68959
-100861
87412
-25432
107986
-22942
150608
-23585
119554
18641
132396
44155
106709
45794
137262
101914
95414
82628
96797
75364
55605
87443
11265
60197
-51575
120511
10917
152843
-45213
116218
-52235
161178
-27194
137102
-134779
61050
-140201
58499
-81269
124481
-108362
44216
-154080
47929
-126489
62251
-53849
19957
-106549
-135191
-169709
-97585
-171711
-99702
-76680
-70074
-30541
-149602
-25583
-115945
48915
-83759
64348
-126236
44269
-54925
59112
-160048
102791
-53732
134711
-107239
113748
-81154
198545
-56580
125657
10594
168550
-29817
140408
-1540
51034
60852
146884
80478
82691
59723
188995
80192
17846
123045
73033
141407
12620
105345
-27572
169805
-23652
180425
-23878
140241
-71908
88124
-71709
108725
-143892
87452
-165833
72063
-151852
10646
-150760
-49365
-68654
-3963
-167802
-28370
-65067
-60122
-159295
-32192
-112394
-81153
-25913
-118830
-44681
-105520
-74273
-144109
16162
-154699
-61970
-120925
6474
-166388
113206
-104240
41594
-152790
84392
-76442
104641
-24858
54294
-81398
158077
-17467
124072
18001
187262
-25918
150988
1292
97147
62708
99261
79236
65874
143783
88453
106732
115550
152491
27665
21217
28488
114278
-138156
183723
-32181
106878
-84523
137390
-73914
155507
-100774
35493
-101479
68944
-101004
72857
-151101
78420
-100849
3312
-157391
-3968
-106620
41346
-145386
-53826
-108180
-96062
-85723
-34435
-62969
-139001
-5807
-101853
-23492
-76123
-23512
-115859
-20262
-77246
-1428
-46510
46619
-91952
48287
-153917
107305
-104466
85012
-38214
92567
-2469
82104
-6256
111688
-11463
67258
8320
68036
54809
75453
55124
14793
23445
71778
49733
118995
66096
51558
128173
-27731
96472
3628
134436
-89980
129611
-22241
92998
-37172
77597
-71412
65761
-49079
39478
-80151
53439
-118524
127195
-162883
59509
-118641
-2178
-51989
5328
-59496
-32886
-126088
-48510
-61316
-90735
-6375
-94299
-90214
-41812
-91639
-76160
7201
-40324
-15854
-88898
5042
-102898
34607
-119794
33477
-87445
-1405
-46907
143589
-68527
67570
6882
81007
-5059
77846
-54086
71239
2155
81314
-42672
110313
8520
86242
28300
124552
60800
72039
92626
30354
56741
26082
47592
-1211
49386
-17
113217
27765
63222
-22389
62460
-57853
75523
-70086
-777
-43097
133069
-95042
69292
-41575
13980
-147039
53153
-57219
-25980
-112404
40506
-120666
-35413
-99484
-71838
-73725
-18607
-79116
-103455
-41027
-35661
-32555
-76371
-38861
-82633
-19224
-45125
-40467
-135394
51544
-101505
24428
-88866
2466
-120338
99555
-56263
92705
-58418
104600
-55447
38451
-18612
63912
-45032
82227
-48724
55323
1476
99187
72905
43722
7813
57886
25417
54133
103816
-3210
105007
70910
47010
25863
60905
3276
109242
-13181
114744
-51671
100571
-23079
97063
-19325
77269
-53379
94881
-6867
48543
