#SpinCore Technologies, Inc.
#SF in MHz
#SW in Hz

[HEADER]
@CLASS=	RADIOPROCESSOR
@FIRMWARE= 3087
@SPINAPI= 20130917_x86_64
@POINTS= 900
@SF= 0.000000
@SW= 30000.000000

[DATA]
-6356427
4627463
-8473084
4350675
-9237571
2781524
-9647077
1187993
-9743822
-598394
-9513444
-2310351
-8907920
-3873636
-8107729
-5385985
-6954529
-6739667
-5717333
-7882853
-4225720
-8666279
-2609952
-9285008
-912757
-9561911
757487
-9484981
2412506
-9234606
3984711
-8574767
5405456
-7723302
6627539
-6579726
7683872
-5233573
8418747
-3893799
8899977
-2280117
9128811
-669017
9018263
923067
8710661
2409058
8123270
3899638
7223106
5275348
6096202
6349313
4827405
7250005
3385485
8012914
1909679
8395250
424788
8570363
-1136392
8402580
-2562941
7994840
-3926390
7354077
-5070526
6473083
-6149198
5397976
-6963856
4178716
-7468729
2835258
-7848501
1438142
-7894936
6054
-7698128
-1331303
-7200099
-2769848
-6551372
-3909012
-5717169
-5007304
-4686263
-5911529
-3523833
-6618905
-2221464
-7097617
-917081
-7287045
362424
-7308476
1700962
-7044063
2940394
-6563683
3973646
-5913274
4993783
-5036378
5702117
-3938545
6285762
-2857353
6621008
-1596108
6822583
-446501
6665928
810538
6349651
1978744
5847015
3007981
5238397
3992710
4355713
4864469
3312919
5485149
2288650
5970044
1081323
6265912
30385
6274369
-1134713
6159325
-2172459
5750525
-3148075
5284726
-4028320
4632486
-4789666
3702274
-5295757
2740014
-5724630
1807846
-5850353
720041
-5814017
-364187
-5589697
-1336558
-5202518
-2313592
-4720259
-3181191
-4047369
-3944228
-3158816
-4568846
-2278903
-5031328
-1363831
-5255936
-383350
-5435509
604781
-5394001
1478059
-5104062
2353720
-4731236
3163872
-4189559
3812848
-3577516
4365631
-2714904
4711318
-2017315
4983318
-961889
5040479
-146307
4948709
783346
4664760
1643616
4199034
2369466
3755716
3093163
3056664
3786416
2296959
4113259
1518453
4472927
720653
4585687
-164785
4605125
-912794
4496254
-1669545
4190221
-2392563
3824795
-2950461
3312052
-3469359
2672889
-3897814
1892477
-4133849
1248483
-4216578
428473
-4131427
-272817
-4076601
-1034896
-3783323
-1734924
-3342954
-2346185
-2899166
-2879971
-2302069
-3235013
-1722394
-3597018
-975662
-3787018
-339219
-3875224
376798
-3875590
1085507
-3590095
1683567
-3378048
2214174
-2922296
2696881
-2560179
3114848
-1953399
3326117
-1337157
3549788
-757325
3558652
-137887
3531081
526150
3375948
1125292
3013829
1645530
2713970
2153477
2207767
2589432
1742754
2800184
1168948
3134973
621863
3303846
3335
3262851
-613055
3170797
-1114269
2998546
-1565151
2739550
-2005311
2356679
-2401271
1952807
-2616786
1513202
-2902365
953929
-2970119
446497
-2987662
-57845
-2915601
-584674
-2745573
-1066090
-2496776
-1605342
-2121473
-1906194
-1733874
-2253612
-1298592
-2506418
-775374
-2650429
-288949
-2794150
191956
-2755805
620603
-2614855
1104081
-2432516
1473218
-2234789
1828030
-1847340
2097414
-1515866
2299809
-1129342
2442310
-648239
2567122
-236169
2413917
226751
2356909
639252
2294394
1092493
1995524
1368060
1698168
1691501
1309071
1966413
935288
2082842
549476
2257441
114722
2280440
-183397
2267435
-660973
2125237
-1052335
1972184
-1342367
1719267
-1548839
1521590
-1828503
1165540
-1922082
758525
-2111692
435810
-2080088
41383
-2017463
-281809
-1931190
-728758
-1800921
-964925
-1549629
-1268685
-1176009
-1526458
-908862
-1666156
-641880
-1839254
-323269
-1864282
107983
-1896280
381916
-1808403
692321
-1681328
1022902
-1562070
1184757
-1327895
1386526
-1061251
1556238
-778336
1601234
-523576
1710994
-188315
1711973
101138
1678744
371873
1488844
750577
1360155
915119
1217056
1208906
917312
1304701
648018
1436657
445317
1549810
164447
1507086
-119405
1521016
-452282
1432613
-641489
1366185
-907271
1154885
-1059256
1001468
-1191263
794122
-1298841
575887
-1453918
294073
-1323849
-381
-1404230
-246296
-1307525
-460015
-1208319
-683761
-1030310
-855497
-824263
-1007083
-588702
-1075915
-358878
-1178756
-189147
-1248445
80028
-1276929
281151
-1181588
558186
-1080178
651079
-951600
822420
-882721
903064
-665547
1030229
-498426
1066353
-317320
1098057
-100293
1049585
67007
1106055
268899
972421
455626
859932
596373
721108
789089
556396
860953
397029
910393
281720
990319
3473
965554
-146585
907083
-301151
865406
-492390
779000
-576874
717657
-626558
614074
-759315
423608
-825629
306704
-801554
104736
-801111
-13984
-865471
-195085
-724219
-283531
-588663
-421181
-601181
-491350
-422149
-645451
-287478
-642757
-220091
-734035
-13787
-749980
99238
-711029
194449
-678586
336482
-628274
405083
-531639
551896
-406811
588441
-356718
552232
-187815
593068
-132519
586679
-39297
588907
112385
575961
278842
516954
301720
472030
339150
326501
488253
201843
459526
180252
526751
58436
477157
-23669
520887
-133713
453888
-258344
422663
-313734
342805
-394212
323742
-370076
234908
-421935
164095
-428157
94433
-429895
-13345
-408017
-46122
-328943
-152398
-309301
-121333
-235359
-292739
-308371
-342533
-141997
-325749
-79015
-341138
-12790
-324171
75401
-336778
140137
-319711
129687
-281574
137127
-223621
248444
-201406
348051
-105388
231482
-113242
295113
-68338
217220
110843
239826
48824
194039
166932
229481
121965
196460
179085
82250
176345
55485
159539
19922
170848
-50338
212172
13371
214278
-157769
191060
-140356
162096
-74736
144552
-110427
76395
-181515
14231
-127993
27527
-101282
-14542
-207925
-36090
-161954
-79712
-58294
-115866
-84676
-142033
-46332
-136555
-52076
-127169
26949
-137468
48622
-73570
115935
-154844
31240
-80671
42563
-36936
160303
-59029
112194
-47581
121934
24247
104988
24177
105521
74904
27504
71463
10695
144748
22359
112154
21930
83007
17596
48616
-17490
76259
-132647
53008
-130082
12742
-112279
36400
-121477
48897
-162904
-6426
-106731
-34592
-145996
-11059
-124088
-92826
-89644
-47506
-79985
-55443
-11721
-182774
-12826
-194604
87011
-194499
105438
-126910
37355
-147162
127840
-206492
124946
-147001
147173
-109473
159808
-80762
177019
-91934
130253
-20004
227467
-640
178296
97249
188236
75765
133212
169549
127325
117549
164360
192899
49539
155639
73835
143496
-58004
176859
-86700
201468
-52802
106962
-171287
138707
-154508
126517
-238866
96204
-222053
-4467
-228118
-15001
-206976
-86584
-212238
-21810
-221434
-83185
-185836
-247700
-149681
-174400
-207770
-224668
-80917
-239602
-37565
-234173
53729
-197734
83064
-240077
121681
-233479
151605
-209732
223579
-162928
160911
-145677
232761
-143462
238131
-4449
298737
-22741
298525
-5587
225534
137439
217912
157064
172702
154451
152675
241309
140857
243530
79647
265635
77594
253637
35903
336712
-10379
301363
-146875
289141
-128147
242578
-156016
186472
-237878
175061
-298708
116569
-288829
92029
-286104
55725
-330242
-11317
-330668
-39221
-254256
-77010
-256340
-255181
-181879
-263313
-103949
-214465
-118032
-304126
-59537
-295353
18550
-262914
-20217
-324626
105609
-272470
188138
-234533
179532
-269391
269868
-211081
345867
-159385
333723
-184517
323486
-14311
365885
-64013
352263
72228
388967
125859
279362
159829
287998
287904
176888
252505
205374
294622
107195
334785
14683
374611
-2628
375312
-64963
360526
-168539
339399
-115036
339895
-234372
264655
-336534
198807
-288778
80360
-380389
68113
-366033
-5453
-405101
-26668
-359852
-103291
-352848
-228880
-317575
-233271
-261450
-286177
-146343
-240841
-98171
-350201
-34789
-408898
-11295
-358274
85767
-359784
155054
-360741
192253
-359783
202712
-270530
305747
-282078
332962
-156738
370431
-150557
396035
-40905
373565
11066
377245
111157
345401
161694
279140
187756
304358
231407
255339
298360
192749
285697
156663
367864
22879
346423
-15650
413737
-113583
377442
-108843
301338
-205037
312315
-258629
270445
-307565
148347
-330365
190260
-333705
77058
-406386
13737
-360629
-89072
-338861
-102775
-306920
-231838
-273035
-243239
-218969
-267993
-111369
-277455
-145560
-330779
56088
-419460
77453
-347562
88918
-364897
206824
-287066
233685
-327804
298267
-242196
221031
-194832
339773
-137286
377978
-39466
329437
-78478
376604
13264
342016
119078
358558
108007
284325
203465
270636
296153
196313
240231
136928
301337
52459
272743
-53855
306915
-64301
325937
-141518
298833
-135590
204714
-206680
222234
-212481
163740
-297874
184186
-366038
-8474
-319814
27674
-314251
-24951
-293462
-56090
-259497
-136409
-254890
-183915
-242309
-197670
-116614
-236517
-115848
-286027
-42558
-312343
6087
-331127
34871
-300177
87124
-294990
211987
-206748
216969
-197618
189490
-214718
231743
-171086
238627
-72188
259538
-177052
267814
43322
204354
-17378
308858
116232
228949
119347
238903
155635
209384
272213
128645
180120
55114
220540
34279
231312
34322
213673
-86290
207052
-118483
261989
-126600
163986
-99602
167738
-131849
208690
-240517
162667
-235852
49389
-194491
41960
-146301
-68491
-188370
-43170
-184584
-131397
-155535
-120941
-135571
-155018
-95207
-163778
-114127
-158643
-28522
-211452
11544
-264255
33437
-149450
74575
-151412
58849
-148693
140888
-122676
202938
-128600
138677
-147970
215675
-44822
197301
-3119
198267
-59843
144582
89538
147830
40394
177172
94862
136474
110801
145962
133620
56298
108682
-20202
192041
1210
172669
-2391
107302
37924
97580
6619
153392
-70795
123032
-130233
65882
-37538
59553
-127388
44011
-145281
10810
-121263
34094
-117569
-15619
-89448
-26634
-59091
-64785
-66537
-42234
-29644
-92515
-54478
-13112
-98349
-31250
40332
-81510
7271
-69041
61510
-121683
33921
-68437
72902
-116458
20923
-80934
47145
-29291
57229
-16612
11050
-19723
130176
-54863
67602
-10737
57374
-15017
21675
-10630
93703
-137
43768
50665
101769
66579
-13769
47357
20783
-21013
63375
-14785
-22561
66981
-47930
54093
-45768
78150
-15984
-7519
26696
40137
11653
-12720
-10990
42353
-21772
-4779
2274
603
19246
29624
-7617
66459
-7778
-13566
-15205
83086
4816
-37863
-16094
-28762
-45343
-24473
-4206
62336
-17678
-49625
17761
7867
28261
-14929
16010
27784
12591
-31599
-49841
14185
66166
9555
-22258
4851
-88733
70580
-48891
-70407
-30950
-14903
52276
-835
1907
17237
75182
-38427
40262
-60114
-15964
19040
9153
-147485
6857
-49593
33481
-23000
35063
-24960
64091
-60423
66486
34492
55748
-31363
4436
-64087
139843
-23740
62066
63125
63312
-10599
41246
-55148
44636
-52426
88757
83531
90640
108019
28654
43485
-43283
49904
-101072
61450
35786
133432
26570
81114
45745
49951
-54520
44915
-19294
32810
-44009
100641
-70852
61874
-33251
104579
-86006
42749
-120788
42344
-10135
32264
-49118
-11346
-140641
-76019
-94004
-44756
-128632
-44187
-86299
-84059
-20059
-152407
-27820
-60237
-33527
-102429
102860
-82327
43417
-97823
146856
-64062
25954
-123241
134761
-105692
96448
-30209
117725
-109212
76241
-8699
60939
-33636
181830
-76618
201430
12970
103821
59392
87427
108055
85661
165040
31449
110928
77447
125584
34656
150874
-25855
103595
-22240
74217
-27722
167994
-66134
85143
-90541
45707
-85718
95034
-147623
58707
-136032
22917
-175064
-32587
-90671
25548
-109121
-40834
-118628
-83392
-101560
-86908
-83244
-157703
-73694
-131675
-26035
-100351
-75187
-141544
46962
-155841
8715
-174607
27249
-98583
69947
-186179
124706
-133129
78438
-90093
91919
-172637
158159
-39350
192944
-50448
138858
20006
174919
65527
175231
59043
84491
102752
142018
98994
70888
107393
120583
139045
69023
150201
19886
180716
9545
174491
14496
214414
-569
122003
-151420
141090
-82134
127920
-116305
107085
-96225
99055
-102350
80348
-98253
2914
-150050
42061
-161904
-15776
-122845
-49954
-151060
-44183
-206995
-104205
-75064
-206784
-74186
-195317
52856
-165392
-60107
-136183
9550
-135366
23670
-202160
86417
-176415
102382
-99421
101865
-140592
105712
-79198
135451
-99657
111155
-63909
188926
10386
156267
-8522
134749
69482
158247
43927
76603
95314
137557
174957
93355
85336
86860
189129
31698
195144
-9992
115286
-18195
136451
-25305
142817
-140390
199614
-85859
137448
-165312
82619
-113263
52076
-163330
59537
-209056
-72171
-82078
-5454
-169576
-22451
-172871
-115436
-105124
-39095
-105551
-111570
-87591
-93174
-81633
-135780
-5443
-166359
-11296
-149298
8545
-174159
65174
-170669
83996
-54513
107070
-138778
142926
-65887
149278
-79214
134082
-4110
170732
-29603
147767
-51084
181113
72361
136578
74113
110477
93183
166015
100802
86602
59383
102376
143063
82733
195727
11726
194079
13805
183269
2385
167170
9290
131390
-79326
88819
-75352
139627
-106549
101027
-144044
116330
-162969
-2012
-85423
22059
-133502
-41033
-189480
6438
-79040
-21784
-113204
-47600
-133968
-103149
-57096
-139846
-100813
-128146
-32963
-188187
1296
-100839
-2206
-91624
40711
-134245
22603
-221910
111484
-193788
112425
-98533
66942
-42102
66143
-63087
208328
-103969
153587
-46377
85796
-4471
159260
51752
104979
42190
104495
34476
86985
98876
114625
47206
107592
100434
106518
63102
45150
53016
32939
27275
8893
94495
-58448
119783
-40412
180675
-86215
110538
-68132
13067
-85829
8200
-90509
159493
-45097
31196
-148510
92002
-137388
-26045
-41182
-41202
-69442
15303
-71004
-93232
-103318
-67688
-138189
-51395
-49529
-112498
-51907
-37181
-4672
-93319
4440
-106241
87648
-106462
33283
-11994
130494
-70144
131116
-90057
74239
-35204
61100
-47490
76917
-4556
110506
-43927
31235
23799
135271
30529
75556
37206
83487
110451
82935
43346
37124
112221
41616
114435
27577
59645
82685
95278
60053
99937
-24032
93400
-66141
113783
-33385
111840
-50187
86069
-50320
25722
-85765
89506
-81309
66216
-118184
17368
-51958
-22201
-146274
-20558
-7782
-94631
-79589
-10964
-57107
-46297
44960
-51226
-15493
-83979
-41575
-62903
272
-173127
61658
-74309
-34940
-76563
98868
-89491
87286
-56936
75352
-150763
25197
-45317
95596
-37615
