#SpinCore Technologies, Inc.
#SF in MHz
#SW in Hz

[HEADER]
@CLASS=	RADIOPROCESSOR
@FIRMWARE= 3087
@SPINAPI= 20130917_x86_64
@POINTS= 900
@SF= 0.000000
@SW= 30000.000000

[DATA]
-3308800
2372592
-4357578
2341398
-4816839
1537831
-5092162
657515
-5139611
-254055
-5009579
-1173518
-4698108
-2036450
-4309267
-2767354
-3804074
-3505638
-3014342
-4088100
-2246162
-4563384
-1329425
-4899235
-515797
-5051536
320105
-4998325
1219073
-4893005
2039277
-4548813
2763416
-4101484
3415519
-3503456
4011569
-2811906
4432756
-2057478
4690487
-1242017
4809945
-349845
4764399
422296
4581953
1262195
4204107
2102228
3808325
2719169
3265071
3432774
2508562
3868050
1866231
4197083
1031789
4439652
245972
4531649
-519789
4393605
-1293725
4235646
-2044949
3847190
-2758905
3421428
-3273184
2827805
-3615297
2194490
-4003342
1499991
-4097584
776724
-4113534
-15657
-4095231
-714525
-3754272
-1476090
-3427934
-2120372
-3002950
-2717960
-2445773
-3086074
-1863142
-3520907
-1174017
-3685480
-467033
-3868830
179897
-3892981
890692
-3744788
1563180
-3478273
2134763
-3053200
2652707
-2574760
2997433
-2075143
3328336
-1413478
3509395
-819534
3572515
-188045
3534623
444504
3380295
986288
3061560
1594096
2780939
2090540
2261346
2644292
1726509
2925775
1145105
3158958
602356
3290542
-7515
3316707
-613556
3254012
-1170541
3039103
-1677425
2700454
-2132918
2455003
-2498444
1947170
-2753101
1481568
-2954333
962897
-3131983
261049
-3047585
-172647
-3006244
-784329
-2685208
-1248976
-2501053
-1687898
-2101650
-2151290
-1600569
-2450555
-1138221
-2628297
-693154
-2803557
-140662
-2794192
332740
-2790118
868239
-2676380
1292870
-2465293
1721722
-2158405
2100372
-1824070
2348483
-1314148
2528170
-956224
2654895
-496885
2655670
19360
2586080
450468
2413640
943062
2206835
1255021
1956816
1753042
1600861
1943182
1169335
2189857
845110
2324100
354303
2440467
-128423
2394609
-557211
2348891
-894185
2173265
-1373765
1960138
-1595099
1674960
-1873704
1392392
-2052823
928789
-2164777
638753
-2207787
184084
-2157804
-250357
-2085270
-590999
-1966993
-1000368
-1743812
-1214716
-1428629
-1525460
-1198941
-1761395
-841966
-1931590
-441154
-2000199
-87272
-2014105
281536
-1970461
629785
-1874888
954799
-1712084
1207007
-1562019
1409678
-1259348
1681815
-985205
1850521
-657845
1892321
-317820
1849586
-48277
1825456
340288
1699940
645032
1596460
896425
1398664
1153551
1103000
1355892
825012
1518739
490474
1635871
274923
1692427
-44589
1719477
-389332
1695132
-573225
1591612
-838742
1397457
-1146637
1146884
-1234120
1006480
-1463121
812715
-1519494
449949
-1517688
213053
-1525336
-105170
-1487648
-370322
-1419013
-635361
-1204437
-858389
-1048810
-1073255
-801995
-1208873
-613402
-1296302
-386185
-1426121
-155339
-1460602
86298
-1376422
351932
-1299889
615272
-1243039
860316
-1050078
988192
-897123
1066934
-786448
1183330
-535318
1282687
-278037
1315967
-102176
1222163
200976
1288940
377039
1114917
605802
1028289
724879
788476
892328
644663
1073063
426149
1174115
262129
1180188
48789
1167691
-135905
1168724
-476563
1065736
-601706
945075
-697838
851756
-823349
716204
-933997
586207
-1020313
391583
-1042662
232525
-1091198
-1966
-1044053
-196878
-1003048
-329406
-990595
-493304
-728720
-712988
-636770
-798911
-478706
-918507
-255668
-904297
-224571
-971923
51479
-979614
251007
-920064
404001
-940031
547854
-698638
616944
-719596
853938
-539823
799173
-466967
899708
-225110
883857
-73906
950148
90108
894984
217771
741728
355042
691258
501786
558992
618217
479281
642274
342366
715576
271874
768494
67077
737235
-75429
833612
-247883
728582
-349022
653133
-484596
635602
-569522
500712
-589614
319852
-675608
339060
-657078
191299
-670113
-21906
-692761
-112535
-670102
-228619
-506325
-359826
-513863
-509011
-423361
-490693
-267843
-642003
-145460
-608826
-121488
-580401
59752
-616566
188941
-612473
191992
-543734
287148
-563734
386537
-443686
578096
-346485
499604
-196052
577178
-141881
560368
-23891
578538
5662
560436
126723
443816
200846
414105
320215
372967
404988
309022
419537
198760
473151
154410
483692
54044
514236
-56621
436269
-88063
509011
-197034
411684
-235724
416123
-333055
309247
-395600
194552
-430769
148966
-376953
-36287
-423332
27592
-384928
-166205
-317882
-163088
-308060
-206114
-289067
-256799
-218301
-330065
-139485
-330219
-59118
-408674
-2143
-372185
51567
-365058
127548
-361910
129855
-319289
259893
-293428
265115
-248913
316671
-204488
238532
-102813
312180
-78932
283750
28771
292659
-9989
384090
111544
274431
179848
179437
207085
183866
195206
200016
256601
74729
248376
26064
182443
27414
276394
-59825
221074
-104611
170220
-165635
266782
-160713
113024
-137365
70247
-191532
79102
-242526
27518
-263972
-30871
-187370
48736
-246403
-32918
-180139
-92379
-100859
-153123
-37142
-125673
-84213
-187641
-78546
-167136
-60765
-91939
-12875
-151080
38257
-160135
153171
-215542
82899
-71266
23098
-175552
143800
-53132
107610
2121
90731
-63137
57632
9610
154439
101197
100010
34610
132148
56684
79132
70343
80392
52564
27731
122607
9335
91192
8578
117567
-25606
45231
-67889
93439
-79178
31784
-109855
23965
-55143
2420
-108754
19366
-96772
20303
-77196
-11948
-79741
-55541
-25800
-69000
-51009
-37484
-31353
-30048
32447
4512
-17912
-35176
41347
-66456
-16436
-67970
79381
-44762
62747
-22839
34145
-42764
63374
-3950
66773
-10858
20497
9052
84074
69789
46365
58535
13040
38098
82102
22060
23140
63492
6167
91399
-28105
45063
-38621
100564
-30329
-14590
-72599
-4880
-104980
54589
25056
5715
-47905
12688
-77221
-31871
-38267
-13175
-59737
-68760
-24664
-47783
-72540
-130412
-28577
-47928
-5823
-50108
35840
-88557
16090
-44148
22813
-83354
88177
-72342
4372
-21515
55724
-19247
152945
-37951
184854
-32730
39795
8686
70362
58726
51544
996
132426
-49393
29665
74665
52290
28393
17857
107354
26760
128765
-25178
111352
-48756
110962
-45206
104361
-25696
61324
50259
125089
-76930
151785
-54046
71281
-93708
-7044
-126601
36420
-71956
-77202
-90546
-9764
181
-111607
-118842
-122952
-80234
-114827
-46365
-57498
-19183
-144891
-48956
-164427
70667
-91088
53052
-185287
144387
-109495
33574
-143832
83419
-77823
124729
-73709
85081
-30627
160816
-49844
96952
-38468
163937
19747
111920
-14132
141896
24764
81365
42755
139083
106927
64857
128699
122476
88028
10878
115756
-5519
139750
3887
148503
-3136
143245
-971
155261
-116474
120029
-96451
123754
-122264
67250
-127114
27752
-161074
21935
-193964
15967
-148997
-13611
-106289
-17910
-207994
-57813
-163289
-112316
-137660
-34802
-108957
-163363
-34628
-166327
19642
-151451
23214
-191332
41316
-170351
118336
-123009
121257
-196599
138604
-105609
146557
-102498
190792
-87874
212214
-88160
203565
14687
138839
49373
159561
22315
157185
68519
128470
83526
172088
138136
107387
186809
84958
145410
17006
186453
-9678
173136
-13774
212189
-27610
156085
-81121
142842
-88358
118630
-100762
139899
-119615
78881
-143238
67322
-192853
33110
-185706
-61445
-155796
-68665
-193057
-105663
-188780
-126108
-128480
-185198
-61563
-130788
-110574
-115974
-52315
-159988
-22405
-218856
22486
-197886
53432
-182428
164138
-143248
67295
-130777
103215
-186063
188142
-100063
196802
-116568
168061
-71161
239351
-2688
239551
32391
147079
60644
125762
103095
219091
143661
57184
115066
68696
154593
78434
147268
17905
172780
23069
216096
-19422
182291
-54618
208390
-43205
225261
-102999
143823
-154365
111312
-129661
83412
-149130
57280
-185329
5331
-152621
-608
-164852
-69342
-160444
-51890
-104808
-137788
-80524
-83560
-163028
-152547
-94187
-248973
-15584
-146145
-48777
-168714
6065
-207084
168048
-153366
71697
-171574
101957
-137605
101001
-135734
163673
-69961
191788
-43725
217369
-67904
179070
58967
156775
2435
144105
86733
96546
32373
103872
32639
71992
115563
135816
122990
64459
134461
69849
162936
12115
151288
-30306
64106
-44588
150107
-87152
149873
-134386
169419
-168215
35892
-171094
118564
-108722
512
-152237
-37933
-159708
-34028
-135996
-28463
-160015
-100263
-101116
-144763
-87571
-121363
-114811
-112973
14930
-220820
35911
-208225
18136
-114783
119954
-178788
60421
-184381
139545
-113436
147612
-87647
70070
-102160
135625
-78166
113447
-16218
164543
-26721
216142
-52270
124376
99551
90976
52116
93571
68483
106541
89770
118191
128049
75354
187406
15299
188092
52623
83256
-13950
48933
-9854
126312
-35683
41571
-10231
17072
-74036
167861
-97130
53721
-70890
1830
-80619
62202
-1548
-28850
-110165
11350
-68135
-76927
-75341
-161891
-38026
-13820
-12830
-92017
-68216
-89838
-28163
-83948
7607
-128359
902
-58042
112585
-47592
43690
-108127
18445
-70228
62219
-13826
42380
-56407
71664
-37351
54444
10670
141480
-64983
152011
61396
66447
29612
33882
26576
76183
34214
57639
45782
65358
58025
-11163
27308
6025
53899
-37573
94344
17258
3513
-39316
77668
-16657
-30630
79457
17852
-65349
28222
-591
3516
-60262
57607
-34983
-21193
-34499
-74914
20857
-26390
-11543
12612
-15239
-10401
-18917
10907
-43830
1969
22656
-6730
42378
-69369
57858
-74494
17521
-19240
10798
-37498
69358
-80168
15018
-66661
55351
-47455
125537
31205
84913
-27159
10817
-7907
76258
69089
29740
-61923
114522
-19504
-655
46475
18051
42581
-14501
20829
36222
2128
1961
-6616
-12590
65791
8822
-12043
-31117
-18022
-14932
41505
108753
-16927
-3289
-15236
-51042
-9893
-18221
10072
-16972
-27994
-47870
-12190
-38924
-4707
4606
-1186
11083
46337
29825
62787
-24894
3268
25614
-25933
25263
14107
22944
48553
24962
-10627
-87888
-5087
-38367
-29527
-5580
54769
-30269
2901
-16860
-46040
-19451
-38316
-13875
21823
-11168
-13414
23466
-29567
12310
-42048
-15640
-21407
-34057
-36215
5602
-63223
-37442
-21201
915
83193
-11951
-24215
26560
-10521
18433
-79788
-6548
-79674
55479
-104407
36920
-36171
13675
-19981
70726
20523
31669
-19764
-27822
-22252
-16952
-82673
117587
-980
51963
38260
130842
-33144
31805
13371
47462
83853
63248
83746
84081
7711
-9334
69541
-28005
26317
-22870
4668
-50970
60697
-14531
24305
22130
65000
-55162
75698
-32828
12381
1059
33352
-52946
6482
-81609
46794
-50686
3788
-38863
-21765
-33548
-25495
-80098
-38399
-16170
-42013
-29611
25704
-28617
-17378
-15349
-36039
16527
-81318
11491
-68839
72082
-69790
21361
-13593
23775
879
72800
-40982
75602
-19840
85328
35574
27847
-1021
62420
48293
67641
39213
124520
-46545
75327
43712
71331
16556
76909
62882
29164
21642
20735
49979
17457
80998
19513
32990
13738
50913
-27429
54977
-67022
15774
-93199
43587
-41251
44225
-78501
48475
-60364
59300
-40244
-49535
-15795
94128
-83566
-27593
-74878
-19867
-72046
-25607
-88097
-58322
-13271
-122300
-30466
-25834
-23857
-160318
11887
-94959
76481
-81940
95272
-93219
120651
-72663
93280
-58035
146641
-75150
38436
-45361
51308
-94504
130997
20010
47825
66069
51852
65352
82689
30447
109047
86358
63333
39697
36166
50299
38715
35457
68337
141046
-3751
25029
-16997
90416
25951
91309
-50578
63804
20676
55331
-113807
22675
-54841
51946
-61218
-2732
-63262
22291
-53839
27278
-56633
-4668
-105948
-64217
-72503
-34507
-101665
-14355
-25835
-14629
-21428
-50723
29115
-74090
-4263
-102781
11952
-93720
67902
-70013
668
-69461
17715
-128104
53006
-81891
40093
-114358
108306
-48209
131960
-70451
98488
-36346
88660
53129
61921
17106
65304
55806
116630
33638
71284
49559
63866
134737
35625
95444
32397
88403
30631
68351
71997
75854
20613
159391
-24906
47923
-35797
12774
-20672
59501
-50008
114106
-91831
50110
-27897
5445
-116003
23343
-95607
-12905
-61004
-6131
-88044
-20583
-75212
-86824
-57464
-7253
-13066
-56196
-4934
-13175
-21692
-53734
-44665
-143770
94877
-118078
23520
-41432
-8003
-60648
68001
-684
11572
-35078
102702
-38677
72436
1757
53113
25123
43168
-34587
76370
-10380
47257
61669
98676
25803
119089
-326
82823
-332
1871
25493
-10825
100980
55387
62173
-14643
102683
18865
74226
-19352
42154
-15758
31027
-14448
103537
-115085
57379
15760
6022
-64352
72250
-23767
5332
-79064
43783
-19896
-79524
-54636
10374
-103225
-93942
-12416
29469
-55692
-73212
-39248
-62060
-26526
-50413
-26335
-55355
-21494
-22359
9583
-17612
-12119
-43334
-16757
-34282
59554
-69313
12628
-32866
145437
-62004
50222
-8728
23187
36924
27794
-7287
82212
15811
54784
42938
24324
4030
-4461
23593
11345
17388
6126
51303
70267
-2415
23144
-5395
-23630
29961
5324
72370
99775
-30155
-50874
84000
-62472
61359
45152
32704
12628
62439
-40472
-2741
27891
14544
-85198
27033
-66174
-25903
-60336
15760
-28927
11470
-9769
8363
-37894
11710
-2769
-120407
-78422
-19670
17470
-33692
544
-27945
-16375
-81024
11849
-132261
51696
-16421
-49740
-61793
21287
-64812
45991
-20762
41369
-5143
26132
-7696
103871
-10933
77118
33591
31257
-70560
38463
-35821
75109
13734
40065
-17640
84156
89935
20781
52323
19693
66113
-1082
39862
43969
30750
-10570
30264
-4346
48205
-746
92523
-49638
59551
-37205
63755
8810
15711
-22055
47065
8117
15969
-32234
-636
-69177
-16712
-5914
-26466
-114062
25172
-27496
10825
-20015
-56500
14687
-25966
2890
-5443
-20953
-77014
-24717
-48887
32543
27423
22069
-46416
14390
-14590
-22019
-39310
59683
-76101
