#SpinCore Technologies, Inc.
#SF in MHz
#SW in Hz

[HEADER]
@CLASS=	RADIOPROCESSOR
@FIRMWARE= 3087
@SPINAPI= 20130917_x86_64
@POINTS= 900
@SF= 0.000000
@SW= 30000.000000

[DATA]
7181486
-5410242
9677782
-4995494
10552189
-3222623
11029286
-1311070
11065356
639458
10763771
2571827
10087154
4443363
9221532
6165437
7895982
7683736
6429730
8944000
4822511
9858877
2972789
10441136
1064151
10870022
-875129
10774454
-2681329
10417025
-4503276
9705102
-6129629
8694511
-7473465
7447034
-8675646
6032459
-9450877
4289040
-10032900
2625216
-10312700
791555
-10141420
-1156317
-9799897
-2843365
-9052355
-4475402
-8057687
-6011418
-6803992
-7290420
-5378678
-8280226
-3737970
-9037165
-2096370
-9528764
-349252
-9622941
1366372
-9476826
3067495
-8947922
4571489
-8289631
5844380
-7246827
7027407
-6015424
7903099
-4589410
8488711
-3103718
8814225
-1429989
8953918
159108
8593651
1749562
8066031
3147766
7366587
4578717
6237225
5806931
5114945
6680542
3865615
7541590
2282767
8006785
867510
8173006
-656077
8185350
-2052460
7840797
-3443050
7284338
-4635198
6452412
-5656263
5509217
-6597500
4325433
-7182524
2992180
-7522098
1679081
-7677358
233193
-7511087
-1055250
-7138838
-2446018
-6462408
-3721785
-5656220
-4767780
-4693076
-5671903
-3551934
-6310873
-2331230
-6817824
-1097276
-7052577
219544
-7106639
1489499
-6909819
2692177
-6430885
3777242
-5806228
4728530
-4960470
5486167
-3974859
6088024
-2930069
6434335
-1790710
6605591
-538432
6495231
553755
6288289
1811162
5803074
2896953
5166005
3802986
4297945
4688404
3359171
5343410
2381013
5802108
1287104
6087223
150294
6143180
-934154
6072578
-1958808
5722553
-2928420
5197047
-3771366
4564804
-4473221
3844523
-5061270
2887213
-5362077
1858718
-5676806
948568
-5703928
-151118
-5489314
-1200408
-5131765
-2086068
-4591267
-2911747
-3965893
-3697816
-3241859
-4291240
-2399966
-4805504
-1444221
-5069582
-578852
-5154859
428172
-5217214
1254150
-5032186
2115858
-4600582
2874839
-4127464
3573355
-3508372
4033433
-2812686
4526548
-1966492
4654892
-1101037
4782839
-320010
4744803
556962
4513935
1419358
4082998
2196413
3633054
2794026
2983745
3403764
2344526
3821581
1600525
4150991
850713
4304633
47245
4377348
-747635
4254584
-1457336
3993230
-2121748
3689901
-2725502
3207375
-3235320
2636846
-3587321
2047668
-3874826
1342877
-3999958
613683
-3983952
-130221
-3881749
-822652
-3625734
-1463641
-3278980
-2047059
-2846947
-2643895
-2306689
-3081109
-1687975
-3442533
-1115401
-3566305
-413097
-3671316
253740
-3608806
885335
-3571773
1463430
-3319689
1923802
-2989753
2498997
-2457585
2862475
-1973889
3128208
-1501955
3287385
-904735
3397056
-243018
3309014
340139
3153116
916905
2948291
1425570
2611233
1905165
2237798
2304854
1768802
2694134
1195877
2839857
712761
3021053
151602
3063781
-413230
3045078
-926121
2852657
-1405932
2634197
-1846062
2278300
-2185593
1976766
-2508177
1560949
-2706013
1009698
-2840738
519747
-2873068
5993
-2724954
-421511
-2591668
-892280
-2353340
-1369607
-2024621
-1702168
-1739414
-2036279
-1304804
-2308093
-872356
-2479349
-428603
-2578584
-4779
-2614242
480660
-2459805
870067
-2352781
1265680
-2135512
1642410
-1802991
1921832
-1466466
2104720
-1037615
2235172
-758277
2356932
-356122
2328295
139983
2279526
589070
2146641
885908
1958885
1252303
1626741
1529133
1292055
1770398
1031683
1888015
564677
2131322
105341
2139288
-230088
2137691
-561204
2064539
-890472
1891151
-1228360
1656796
-1481442
1433938
-1677875
1120774
-1812596
753683
-1876061
418798
-1978415
110106
-1854959
-321346
-1815307
-487326
-1682346
-864944
-1412060
-1097187
-1191367
-1329858
-1004252
-1603985
-593617
-1675202
-370599
-1760838
8236
-1711593
291238
-1682700
551263
-1610231
830844
-1527804
1104912
-1238564
1281868
-1086106
1485917
-805055
1479176
-480692
1564033
-235648
1572063
125527
1534084
406978
1403568
580228
1256055
927803
1020985
1080308
913993
1194656
593497
1291927
335516
1369864
159940
1436008
-133437
1341125
-340123
1313294
-631343
1187439
-833343
1079407
-949889
888993
-1090283
682690
-1217254
491227
-1229682
262908
-1267185
19590
-1218101
-175340
-1192676
-385171
-1037054
-563157
-836564
-817540
-682949
-854796
-509166
-989580
-386584
-1120875
-152991
-1097235
45101
-1056762
251038
-1047842
368078
-1006349
559117
-809011
669122
-701307
818864
-603451
879958
-461665
913866
-255011
923217
-2941
904613
134526
875220
303230
754601
430505
739046
563374
525235
679487
407885
703908
291707
796519
158952
861855
1488
760895
-136347
837715
-305759
823800
-456242
582838
-445454
575182
-631508
432827
-617122
353885
-647270
146441
-666127
10974
-667571
-41946
-681732
-203347
-578653
-284760
-530418
-329486
-443530
-443254
-386974
-544804
-214008
-483378
-168894
-582723
50114
-520229
182690
-524247
232134
-531346
290093
-506562
309285
-388555
422239
-340142
425505
-218496
444289
-114012
482557
-77821
500898
117021
432928
141097
365893
143107
349752
249775
294792
309726
170626
367723
44517
308020
53233
348949
28125
372905
-28787
347677
-125977
301602
-182573
278002
-210648
239892
-298906
216778
-255827
172893
-246645
139533
-232499
1760
-265238
4656
-288669
-87886
-205917
-127967
-224499
-169573
-87244
-151441
-125625
-240175
-39413
-249971
35126
-282516
54450
-199769
29002
-235472
88620
-172946
118549
-122383
176651
-133369
170208
-43463
239722
-17511
209574
-12539
155715
45170
83294
95974
129318
95063
57086
127266
36213
145844
44843
158539
-42600
166574
-73029
142714
-82482
233015
-132053
22492
-146556
129272
-132656
95148
-139382
69472
-112395
18351
-139902
-69502
-108394
5631
-53335
-31328
-91939
-132322
-79320
-109897
-16291
-101256
21279
-93197
130263
-104780
100423
-11888
28330
-83748
135057
-62626
145753
-49890
106785
-51557
99146
48704
143737
53871
98200
46547
139567
108353
126198
81897
5513
118576
-87314
90886
5786
106947
-26818
116290
-50761
136160
-111279
157996
-119719
131516
-165521
105140
-154725
60180
-206617
56274
-157497
11844
-116535
-21217
-132920
-62251
-202914
-77132
-154578
-146269
-128990
-136963
-73423
-154320
-53294
-212343
-55912
-220671
-8790
-189053
49436
-211826
107612
-191537
125672
-130612
198016
-131968
217006
-80676
249243
-95245
246548
-14911
220237
49636
248950
2819
215742
66311
181543
167809
92718
191268
149241
188275
125136
264607
93160
240678
62350
250798
-57931
320297
11118
295629
-140567
269237
-192455
190953
-139097
174985
-277099
131478
-308597
101568
-301978
34052
-268606
-13758
-264898
-93724
-287250
-91655
-199734
-151879
-220738
-204097
-145124
-234342
-99866
-298069
-112082
-267123
-50245
-245646
63317
-366796
61981
-288724
112276
-255969
183586
-293402
274545
-225557
334473
-177931
282192
-146574
277753
-51663
308512
-50835
409019
-7641
343679
115384
242118
210495
271850
234279
181572
296456
136251
332424
119295
260276
75843
338166
-1517
357259
-63147
353971
-105952
361493
-222495
346242
-243382
280302
-264669
205093
-382987
180458
-345864
64711
-318357
35533
-363518
7390
-378624
-129878
-281646
-183681
-331057
-231146
-247790
-263440
-156551
-335376
-154827
-347864
-139967
-425952
22243
-383924
46330
-382659
102734
-377903
156519
-368805
295595
-334096
247425
-189962
381724
-212783
389845
-83847
350700
9484
388819
-12808
407753
72302
376700
179365
289477
112944
277576
301011
325667
277474
162824
346072
126413
366903
67431
544763
-66641
409486
-132825
384034
-139259
409609
-259832
395144
-278004
320085
-329036
201299
-378010
158084
-504829
86459
-392541
-5700
-359355
-20858
-349643
-104386
-318333
-275511
-338521
-240965
-300626
-333416
-189824
-315595
-149839
-438831
52795
-459744
35207
-373116
39969
-377848
142201
-408787
212612
-344159
238123
-337688
331687
-271423
357117
-111714
394527
-110433
431627
-37523
464975
93970
360331
132335
367013
142037
366752
346347
264831
317407
237996
359317
175445
404651
116506
379302
27734
383634
-60733
407011
-178863
346293
-196001
365585
-268838
226391
-264174
193695
-328503
226886
-324323
139371
-314731
40830
-387982
9941
-415131
-67241
-397000
-185575
-286057
-273303
-254402
-250741
-271121
-277704
-138097
-285744
-92940
-360444
-914
-375090
67184
-391454
57656
-323857
177870
-285802
210016
-300171
268410
-196321
327317
-175208
329978
-71886
313421
-71780
359436
-14057
330146
104977
296423
177635
288581
209277
262835
258307
261940
254215
105895
308338
76104
352194
47791
289776
-7676
322693
8912
315120
-145726
278484
-228535
257775
-272201
189970
-264931
129249
-281921
30709
-284368
54809
-317167
31941
-281184
-16362
-359472
-88108
-249535
-164279
-206519
-147801
-197165
-215940
-142545
-250541
-72362
-172339
-73295
-257499
17784
-257868
43309
-238505
71272
-282189
116205
-187843
145742
-163568
184953
-131981
230015
-111760
276376
-22302
204756
-106042
219656
-27793
166207
99702
235577
90060
121693
114507
143859
153344
92518
224326
106485
217445
55919
197033
-29167
237299
-33313
170124
-45582
201434
-166683
181182
-100840
223276
-150314
135688
-145641
131107
-230661
37177
-175703
-1978
-150413
32438
-142397
-30731
-126854
-47581
-153144
-85990
-120751
-148413
-91542
-108803
-95637
-86500
-41387
-64690
-5373
-126544
6420
-149893
67539
-144773
71110
-86282
149934
-111494
134493
-114506
81303
-27005
60304
-51194
157805
-32636
89686
-15790
152664
21282
37578
117790
92024
-14297
118611
94766
-40880
75025
60717
89212
45546
135093
14893
26861
39640
88404
3776
128759
-76292
70858
-6858
60236
-18233
34073
21275
56647
-53120
42005
-85482
124322
-119679
7830
-42182
-22842
-91785
28875
-81997
-20872
-60704
-14409
10831
-49028
-35383
-41598
38495
-76795
-48697
-8614
-1776
-72083
-15580
-30883
-68575
-88463
-36232
-29030
29315
-52237
7899
-21613
21728
-92810
21835
-22234
-39413
-21771
44281
-23545
-9036
17627
-31619
-54387
-34253
6938
-6172
38877
-48734
-11140
26131
-56803
-52729
-16878
-44570
-22202
15809
-49963
9442
-22636
6443
-13078
35714
55929
44550
-12192
-29860
-48358
28554
-54520
1959
5719
-4773
-36115
64258
38494
57105
71466
55298
72209
56569
-1799
-25891
95440
-24296
59699
-3377
69896
-32943
86619
-74113
21050
41590
57147
580
102036
-38184
55294
-2118
19470
-51635
29268
-86114
32402
-64828
61190
-3819
-56238
-119539
45559
-59430
-18679
-55315
-33428
-36721
-35402
31076
-36488
-32319
-13625
-86131
-55180
-20015
-114940
-23490
-113015
-59762
-58343
74
-62223
-21012
-67574
22491
-59833
33090
-124163
141626
-32072
41768
-6165
107248
-31946
25000
-41290
191607
-65887
51146
44354
99218
31721
93309
105600
109467
48466
57241
160618
96216
102732
1919
99255
36297
115674
-21246
87940
-28497
133070
-82242
149667
-42429
59952
-53906
40690
-47221
67530
-74548
-20758
-156872
38818
-169335
-42348
-128202
-3170
-188750
-6552
-101256
-82086
-15736
-133261
-129609
-129034
-42422
-106136
-12276
-111515
-4777
-127293
17836
-153807
7285
-84155
-7083
-137318
80487
-124014
88733
-87747
122750
-10368
100318
-99959
185580
-13255
125899
36863
167996
36172
138927
101593
98142
18886
205791
52057
119158
113732
101536
164562
113248
83461
29328
168694
-11477
218736
-25138
140715
-63145
169233
-102622
134623
-78079
139527
-151392
96849
-151171
37889
-176741
120974
-220861
41045
-125666
-55161
-208482
-10876
-142204
-8748
-194466
-133143
-118286
-49327
-137303
-108301
-91109
-172798
24582
-76496
-95344
-194284
-24685
-191099
59603
-178337
24239
-134552
77515
-130528
144974
-142291
149502
-40536
192029
-80768
92878
-34072
135650
-75395
249564
38872
88242
6848
137333
75559
172627
75775
123501
121659
135519
91840
87435
149997
34314
175949
51877
232324
-78469
130991
-7259
180122
-66992
208601
-147379
142105
-119863
66946
-148096
137480
-190795
110898
-133328
49836
-118161
16761
-202825
-10901
-159578
7689
-175330
-105563
-140871
-38539
-63920
-154477
-69813
-159640
-40964
-139651
5253
-215184
-858
-90167
20519
-203822
56543
-106949
112298
-147412
118408
-107048
82829
-189547
160916
-107893
131241
-38726
163126
-105904
182106
-28764
129710
64012
144200
25483
192835
71395
117404
102812
175114
132887
81139
171661
68234
219730
107472
153923
21355
145245
-10436
146631
-67810
81334
-82917
191508
-109787
93472
-27935
127359
-148424
28227
-108753
99435
-155514
55824
-202319
-4076
-108799
-3936
-123208
-54604
-46608
-84411
-145544
-123161
-140087
-98558
-104036
-193396
-63367
-140560
-58562
-154644
7956
-174892
7504
-201898
54747
-178021
123382
-84918
113143
-125990
178432
-35020
87504
-44744
120705
-75573
97748
6996
173224
34388
94054
30569
132441
-27658
143599
80292
161182
139057
129495
79853
145260
97231
-7752
95748
58136
136202
5305
152664
-47561
110273
-25351
175174
-49603
116536
-88106
108711
-71579
184891
-70887
59341
-151930
63263
-59248
15645
-111993
-19079
-123911
-65337
-133961
-18847
-86868
-62787
-90631
-93963
-68218
-61150
-84778
-117542
-72636
-107474
-21170
-152933
-27976
-99611
69371
-134730
54811
-131394
5489
-94639
43731
-89648
129956
-35705
114836
-34972
88313
-63268
131724
-26048
124732
-22580
135150
21380
96199
51835
97615
27469
102772
106188
108345
50606
64320
62394
77781
121898
32755
104625
-9813
132626
51714
112357
17224
81582
-32186
70208
-111972
53117
-84234
41073
-70122
73502
-114991
57589
-149326
60278
-154682
6808
-116402
-47565
-53030
-50983
-143043
-82628
-39540
-80423
-74791
-51696
-80391
-115749
-45075
-51611
-78695
-121807
13916
-86675
14919
-163187
18576
-73982
-9462
-26018
19659
-94424
54012
-55056
76073
-36424
118626
35858
156888
-35206
82475
10840
134426
-1183
150561
-27714
80522
20602
49221
72885
29876
27670
45472
44074
73874
56105
72380
110383
12321
100268
34907
136730
19056
110430
19814
95181
-49294
49220
-47206
26864
-49113
73274
-15494
59682
