#SpinCore Technologies, Inc.
#SF in MHz
#SW in Hz

[HEADER]
@CLASS=	RADIOPROCESSOR
@FIRMWARE= 3087
@SPINAPI= 20130917_x86_64
@POINTS= 900
@SF= 0.000000
@SW= 30000.000000

[DATA]
5418010
-3956819
7211621
-3745807
7934954
-2313803
8189114
-948347
8306113
505075
8074579
1980766
7604961
3388283
6842968
4642432
5879896
5739778
4806120
6673589
3582865
7426766
2135179
7816701
755760
8058504
-749354
7983425
-2096557
7766664
-3450230
7204692
-4597861
6444000
-5642647
5475557
-6471094
4422392
-7197826
3197783
-7536523
1814877
-7698102
465756
-7578554
-903132
-7239332
-2155543
-6785825
-3404899
-5904832
-4467037
-5009250
-5494639
-3915781
-6217214
-2750210
-6708202
-1519734
-7109561
-146527
-7198104
1076055
-6993785
2212610
-6643268
3389304
-6058268
4393395
-5296151
5227474
-4395499
5917717
-3361375
6295361
-2193065
6629393
-1086506
6595700
193132
6450194
1344736
6006472
2520915
5372902
3540533
4641322
4374544
3737871
5103116
2768928
5671856
1668405
5965175
568311
6205444
-468427
6122195
-1583193
5781151
-2632721
5371627
-3545546
4777395
-4279070
4024851
-4920675
3167913
-5305583
2216513
-5610206
1164156
-5722897
127380
-5546890
-875743
-5304237
-1909939
-4793215
-2797490
-4207349
-3640728
-3540692
-4229925
-2630842
-4767044
-1683787
-5149270
-724325
-5301209
277017
-5279041
1178856
-5125667
2099123
-4809603
2924314
-4212869
3570421
-3624682
4147702
-2946919
4535416
-2074230
4802549
-1279228
4914493
-337611
4888663
568208
4700022
1405929
4321585
2253095
3789715
2959589
3191669
3478151
2430335
4034115
1652447
4346213
946359
4505360
75815
4538598
-792632
4497959
-1568373
4195776
-2265005
3872922
-2862721
3371476
-3370301
2721028
-3815245
2039523
-4104849
1332398
-4227222
562301
-4202478
-185104
-4020311
-930692
-3815688
-1691449
-3399157
-2261174
-2867233
-2830822
-2300991
-3190866
-1725140
-3623471
-1024646
-3762747
-333639
-3915609
425868
-3795131
1021115
-3633315
1667984
-3429082
2258400
-2957974
2646675
-2558403
3087853
-1971590
3393961
-1391762
3564502
-732524
3568836
-207219
3559828
520739
3328473
1134912
3039643
1735029
2631562
2191424
2202415
2500776
1657388
2928762
1142452
3133130
524929
3279268
-34420
3321897
-591928
3167235
-1166182
3000044
-1634235
2730074
-2095475
2320595
-2431613
1927241
-2725030
1464481
-2933852
937115
-2952076
362834
-2946611
-152685
-2812194
-740916
-2643767
-1209659
-2377016
-1625196
-2045952
-2017763
-1612255
-2239457
-1248388
-2489836
-756552
-2721727
-204134
-2777735
239364
-2731864
742109
-2606441
1173338
-2339225
1521935
-2146654
1960189
-1824136
2188609
-1421536
2394771
-1007281
2466396
-641065
2546273
-148641
2446068
311127
2350991
737382
2184642
1089571
1970055
1520813
1665383
1775395
1266585
2029203
889144
2182709
496144
2291343
3199
2294786
-404104
2274006
-796741
2165848
-1135202
1938114
-1410165
1669975
-1726082
1364372
-1847369
1125963
-1995286
727186
-2097078
249659
-2053724
2253
-2072926
-410307
-1959645
-775752
-1732468
-1011145
-1509840
-1353584
-1220056
-1608752
-982622
-1804252
-547262
-1882709
-293027
-1861897
66632
-1874309
491929
-1814600
711270
-1703226
1060550
-1553144
1290550
-1311928
1445095
-1109513
1680701
-722784
1652410
-448296
1772474
-114973
1714584
107656
1665172
394747
1579621
755527
1446878
1049229
1208771
1222398
899530
1395371
689606
1553645
454246
1571372
74028
1632508
-204600
1538077
-437505
1481660
-714725
1330553
-934535
1225390
-1059046
1046642
-1310752
753432
-1406480
522401
-1446482
212549
-1445232
-21547
-1337581
-214574
-1355461
-473227
-1156067
-674974
-1056727
-844479
-842125
-1062514
-629795
-1158388
-394011
-1214473
-199535
-1312263
42220
-1283828
241149
-1250341
492053
-1166607
707367
-1040278
857332
-911761
941120
-685459
1051033
-488157
1131494
-371606
1136188
-43867
1192113
115104
1075695
342334
1040249
510622
912808
698779
767187
818341
597289
947965
450885
982682
297205
1048576
43708
1011854
-150371
1017435
-262337
947031
-456760
877293
-685130
771050
-779366
603885
-820449
504027
-928037
336827
-907949
137908
-984408
323
-962484
-214274
-792335
-342187
-803361
-435970
-624680
-608257
-435568
-682726
-357396
-758963
-213125
-788702
-89729
-878356
135754
-848399
199529
-750423
389159
-743268
480345
-612441
504870
-519130
655211
-418224
689583
-302426
738053
-118779
703699
10853
711808
148562
623844
257878
599252
317657
489088
427577
414731
542311
341844
561346
187601
617686
112496
620085
-49430
644592
-151635
586750
-235977
520413
-342567
470633
-395638
356230
-403908
312027
-501955
216212
-543258
90068
-488447
16837
-543760
-30083
-505851
-183585
-356538
-241044
-381116
-283217
-369016
-394229
-251831
-449363
-197500
-445978
-62334
-421675
45904
-410212
78331
-397717
161510
-337253
157224
-308658
263662
-234489
333571
-230865
396812
-148086
390488
-107500
317609
-45611
425737
32973
392095
30740
260160
154090
317440
230013
178799
240647
161555
232238
118625
315573
-7389
308969
-92491
228037
-82651
269555
-105960
238542
-136855
227596
-188044
198197
-155634
90833
-246277
54885
-253098
74648
-234756
7095
-99518
6789
-206789
-86293
-186688
-112977
-137899
-154831
-88630
-135462
-84280
-143577
-78665
-152027
2577
-196452
85059
-154940
13929
-163934
130267
-64255
88230
-171295
146475
-60875
123649
-106373
163735
29671
64287
66047
104386
46240
106700
72057
77339
46148
143513
94009
90407
141728
-26068
29725
89321
74482
-24422
81674
-108474
97792
-116810
39928
54259
73226
-92830
31399
-117806
26680
-121847
-37043
-101207
1948
-113046
-2300
-86777
-79148
-54098
-94023
-47932
-131794
-40883
-91362
-4712
-100943
53534
-109657
31904
-47211
59165
-39344
73768
-68884
123648
-72618
93254
55423
103454
-12514
80944
36917
61940
117915
98741
57707
60819
150467
24902
150129
-15033
120132
8736
124606
-38856
74081
-56535
119076
-130731
89971
-75733
72228
-150792
127068
-102288
20058
-130992
45556
-115409
-52876
-54966
16247
-169678
-67919
-30484
-104925
-72632
-115261
-90996
-113621
-47597
-107345
-12429
-188116
-58266
-94605
6135
-203107
53782
-146471
151551
-110861
66831
-126898
99850
-49911
188670
-89009
248462
-35828
244178
-13216
198011
-43823
208682
20943
123291
3914
200231
73881
133512
118972
126197
191601
76931
222844
28148
237681
56415
189101
-87926
224642
-44541
137267
-118253
209398
-149939
204395
-126557
166710
-159167
95928
-222057
28534
-182140
-5795
-245682
-113480
-216427
-9581
-189816
-123259
-165748
-156379
-128864
-194079
-174911
-159697
-69424
-262594
-64111
-200632
-56920
-238141
55224
-205508
78378
-196965
122933
-232988
193066
-170571
208138
-139397
211778
-111512
207613
-73577
189245
-61060
212136
12077
259168
47372
263258
77156
131656
82035
114991
169812
168383
230826
12658
235271
52783
230482
57747
291832
-71871
297001
-71782
234292
-74062
271082
-133307
150149
-189582
146148
-196174
169841
-258098
133248
-280231
52317
-328606
6237
-271394
-85683
-286549
-103837
-187780
-145714
-252908
-163286
-116657
-241312
-136958
-199364
-109926
-290549
-2743
-277933
-39264
-255076
129996
-247389
191025
-209137
91819
-179418
190445
-238996
245138
-171560
243992
-199789
225706
-36979
300746
5049
268404
52796
337597
50883
252289
148298
275622
229177
225241
196205
142269
181545
78043
313505
53077
208403
35224
269506
-13570
328874
-125191
274922
-111804
329432
-265264
323894
-250775
191459
-268540
189868
-286248
107048
-261447
129385
-301856
12467
-335549
-92653
-281592
-64604
-254378
-205899
-190842
-232767
-176933
-268326
-108216
-284316
-41424
-322432
28434
-373827
88054
-276899
5519
-332796
198152
-271183
202551
-247408
206299
-222447
218450
-168462
295661
-152563
248779
-67904
338189
5456
313794
20408
303091
16549
277510
148566
253880
234763
263675
230681
98387
256147
160782
266170
-21887
282733
-96907
249294
-86502
312375
-168942
225363
-148919
256041
-195273
201518
-288503
134727
-314969
130504
-280058
22174
-240635
-15284
-283230
-42336
-286550
-67880
-246925
-133856
-246120
-273716
-172215
-180605
-190171
-235161
-76759
-252750
-18858
-290660
-27123
-319265
84861
-261248
32023
-250111
201544
-157916
206111
-116884
239206
-137263
251058
-67931
222722
-36441
246225
-16116
285688
47746
264306
63390
176698
128451
176498
117767
217974
191544
116090
134048
117581
184300
40900
271753
-6836
242650
5335
261927
-18501
184692
-101336
219756
-173526
199854
-146286
141447
-214913
98902
-202877
112041
-294720
53576
-141941
-74860
-214875
-14500
-177294
-106523
-197227
-158768
-95474
-208117
-161315
-161400
-82907
-214710
-47862
-175987
32075
-224682
121528
-266707
94111
-193128
77116
-193655
126599
-136775
70175
-90204
114394
-59718
152474
-76087
158756
-51288
173466
22048
196163
37436
135231
24618
169034
87538
106955
24662
124258
159639
102666
181101
11775
102061
59909
187488
-41068
119988
-24373
128294
-52679
161749
-90454
89514
-63007
42862
-128730
98163
-82677
17672
-176270
67934
-122415
20958
-149225
4724
-84075
-2075
-81951
-5360
-85545
-51196
-140220
-124156
-51548
-103316
-35720
-75807
-48514
-114205
47068
-76136
36768
-61289
16881
-92092
62386
-110668
36833
-41496
25352
-56495
50493
-24295
137081
-20411
146147
19774
96499
-3649
36498
-30910
110324
21692
57282
63882
-11447
32277
-29876
58827
34903
69141
-1235
38601
1147
43461
-27547
107001
-17003
93463
-2551
69849
10439
60297
-27728
23617
-34561
50803
-45617
-30196
-29352
60129
-106246
35680
-102308
-54505
-27029
-23626
-78725
7999
4556
-3003
-15515
-22547
-53671
-32406
-16812
-1948
-41764
-34886
28637
-59479
6663
-29898
-5371
-32590
55771
-42178
6298
-13695
62922
-63677
46204
-4600
24841
-8541
56588
39245
-14495
50138
-31854
6163
3468
31002
30749
56363
47130
-30066
-57294
-20701
-36296
-13722
-9025
19101
-21034
-23718
-15200
22612
7279
-29981
68693
24298
-11401
23840
35849
-24267
21543
-55945
73877
-3275
29561
100678
7899
7360
90109
-55396
-30938
83303
34149
-5589
21802
28219
-7913
73292
49594
-42376
9687
76062
-6941
12406
21493
41897
-9201
44990
44714
10516
-47996
95249
-52371
-4434
-74719
27278
-89257
19734
-15222
9680
-63493
7218
-44386
-40350
-78466
-39128
-95844
-50826
-76035
-62914
-48809
-50714
-9504
-119318
9175
-44055
-63960
-79457
18211
-21326
60404
-89544
46445
-48195
-6191
-92136
91083
-122171
112207
-16897
95989
-25159
74048
-27331
51791
-24890
50417
-16099
75624
518
-1178
32274
86374
15824
87625
14092
99497
87444
69004
117147
630
75057
-107
90639
-33101
148601
-65462
65619
-1030
90821
-79864
36181
8049
82500
-17344
56457
-93698
49993
-99326
15335
-53120
-12145
-145359
4000
-30415
-72535
-103354
-5581
-61175
-60630
-49984
-85887
-70557
-102355
-126497
-94692
63850
-102716
19989
-124682
15954
-112674
47463
-162631
19586
-76816
110968
-59826
84537
-54075
82708
-78565
96771
-80508
134418
25354
116536
-26603
134000
40932
73913
-18151
109187
63010
85594
62283
122789
101360
60925
113760
41850
168962
66239
89471
-12163
152500
-1924
128843
-34294
153861
-33047
99906
-116672
110957
-103004
117745
-107917
134712
-218009
57934
-114400
12692
-116074
25938
-118176
12422
-130352
-23788
-106843
-60772
-96726
-144178
-22155
-51099
-32102
-148771
-58376
-134459
9668
-102264
-35817
-93447
-61691
-124611
41465
-100583
38860
-64278
115766
-89417
106762
-82897
81029
-54706
87856
25889
108373
-56896
122116
21286
133411
4904
145569
40118
131918
88363
81930
109100
54675
76994
1510
137001
-9978
111800
44721
126555
-55899
140234
-78424
163413
-22240
66963
-58370
99159
-74148
44251
-72705
26128
-167525
72652
-153637
25521
-153410
15030
-122332
18935
-87380
-33320
-92709
-61182
-89247
-109160
-20705
-156743
-5895
-117473
-23125
-145274
20020
-180099
14555
-129316
8880
-83985
53364
-153287
102665
-86608
114263
-171564
99734
-60143
126579
-52029
132183
-34237
83965
-33815
144561
-17931
130295
43867
182655
47339
105947
73298
125669
116773
102035
133515
78457
65353
8916
102569
82334
132850
-40059
57345
-41695
139302
-32822
83598
-35516
81373
-58883
124664
-95845
94556
-176437
3114
-64787
40908
-205199
10157
-100202
1105
-70454
16650
-63345
-49854
-60974
-106323
-60845
-70925
-74544
-107524
-51291
-68763
21788
-140037
8146
-131702
-10685
-139366
86223
-140803
95748
-91524
60359
-94665
113675
-46624
80693
-50260
136519
39978
38643
12810
111816
-67001
114779
31551
87090
122014
120943
32059
80714
77021
55475
7369
64556
96830
-18283
92163
55032
57638
-2061
108251
6194
77543
-24001
34341
-49023
149331
-169995
10174
-52014
26805
-121669
67733
-51311
2612
-84697
-51988
-122976
23364
-79686
-6402
-75558
-51371
-76394
-109170
-63100
-48339
-105425
-81942
-45440
-89298
-56735
-73168
-16349
-128610
8958
-98821
14928
-106575
71841
-115379
51719
-161302
97171
-78441
64093
-98594
51228
3512
116309
-21458
117801
-33503
66371
16009
104666
22755
83486
-15136
86443
31001
114045
41672
-3564
28600
65433
29633
33943
66319
-28486
53245
17140
92451
-46068
21615
6882
63963
-128402
128049
-99006
17524
-14310
119968
-65636
15856
-47466
18547
-40338
13678
-40355
10168
-73434
65500
-41960
-12188
-60173
-61495
-46155
-39521
-20679
-134844
-50542
-52861
15603
-6253
-119330
-46269
-45576
-107438
103846
-78524
22463
-14721
33448
-93616
46066
-353
25790
-78008
36565
-44117
91136
-58280
48858
-27603
25225
19511
132183
-39582
47511
79732
56050
55862
9763
-15359
44388
114820
24239
21655
67072
68534
5289
101913
67575
30003
-40412
52351
3753
47067
4680
60418
-5681
64710
25434
43436
-103437
80195
-48422
22772
-46437
31120
