#SpinCore Technologies, Inc.
#SF in MHz
#SW in Hz

[HEADER]
@CLASS=	RADIOPROCESSOR
@FIRMWARE= 3087
@SPINAPI= 20130917_x86_64
@POINTS= 900
@SF= 0.000000
@SW= 30000.000000

[DATA]
-7385128
7327241
-10183813
7322919
-11584171
5435214
-12463068
3354246
-12935160
1131923
-12913160
-1205868
-12556556
-3466557
-11829354
-5628956
-10620047
-7568395
-9168749
-9353083
-7344469
-10798009
-5298852
-11917929
-3108183
-12624265
-815516
-12926807
1341909
-12833505
3641503
-12487456
5722394
-11603411
7546366
-10349874
9186957
-8782407
10655449
-7014081
11660815
-5146504
12257319
-2835283
12519319
-778704
12470688
1520633
11877254
3602933
11018072
5674136
9791345
7405383
8304506
8995670
6492938
10257803
4622769
11175067
2576669
11695873
463404
11957074
-1659314
11725335
-3661013
11175735
-5566594
10266859
-7222689
9066040
-8626488
7575442
-9771879
5868505
-10535385
3960474
-11036737
2024012
-11098947
-1687
-10853083
-1937233
-10218185
-3762156
-9347177
-5488063
-8162369
-7029601
-6679104
-8300935
-5018405
-9319310
-3279773
-9905076
-1438959
-10328583
402450
-10314598
2303647
-9968282
3943259
-9308560
5563172
-8371582
6923093
-7217762
7985228
-5785145
8854188
-4243946
9430200
-2555112
9530958
-820980
9456332
874818
9088004
2612885
8395176
4198268
7433063
5596593
6397128
6720946
4972318
7696785
3489272
8359003
1900742
8834882
228654
8944386
-1301721
8688253
-2870287
8327407
-4228655
7544248
-5518942
6650175
-6535478
5495570
-7440490
4138501
-8034604
2837591
-8242180
1243676
-8264365
-226773
-8041518
-1610599
-7456225
-3034510
-6856585
-4404731
-5892641
-5408437
-4772997
-6303547
-3515362
-7034961
-2190074
-7454806
-780656
-7688884
554483
-7620961
1969289
-7384278
3206977
-6834492
4273784
-6055081
5321760
-5134548
6037552
-4072034
6634058
-2965703
7006110
-1660408
7123247
-398743
6995547
870674
6693706
2047046
6125766
3207073
5338093
4257243
4555021
5103769
3566530
5804581
2429346
6254988
1255807
6479795
43443
6519799
-1046857
6405982
-2199388
6130096
-3197856
5441023
-4066137
4826673
-4860209
3992712
-5453755
2997741
-5809231
1954439
-6046292
885796
-6066676
-146762
-5829217
-1241597
-5486650
-2264100
-5037954
-3189731
-4310249
-3991963
-3452799
-4633736
-2600934
-5044755
-1591166
-5391521
-623578
-5594179
382133
-5544495
1358222
-5415186
2325932
-4936783
3055468
-4424889
3777637
-3704226
4382935
-3048532
4790825
-2173810
5008838
-1321922
5186736
-399970
5078833
560885
4845028
1440774
4484341
2248805
3997080
2897230
3374661
3584508
2716183
4094380
1837157
4468335
1084776
4682653
297744
4796381
-647050
4690010
-1473219
4434379
-2235349
4030182
-2816838
3655217
-3415668
2998345
-3794590
2341705
-4119640
1598929
-4331059
865452
-4363062
31635
-4290507
-742970
-4064951
-1445932
-3656719
-2055156
-3246730
-2708279
-2652531
-3199731
-2047813
-3540256
-1400987
-3866429
-658025
-3984379
89788
-4052851
711804
-3919471
1402443
-3663451
2036127
-3288947
2551332
-2834141
2951694
-2359681
3337316
-1766691
3538061
-1153274
3660132
-529866
3682235
182379
3508366
815096
3341106
1364497
2935247
1940429
2584460
2359712
2069720
2786222
1597333
3142474
941426
3210717
344417
3327777
-168590
3302391
-777522
3193185
-1409782
3028332
-1748394
2749771
-2260217
2290128
-2593064
1827602
-2821819
1301012
-2987401
795494
-3065314
252364
-3000080
-249319
-2916671
-800173
-2666792
-1348539
-2501184
-1771431
-1946112
-2162938
-1598696
-2415816
-1138087
-2679743
-683082
-2789193
-148993
-2864406
411089
-2750900
844262
-2599508
1270825
-2361805
1645462
-2176523
1957157
-1832683
2257167
-1377431
2420577
-1044891
2556452
-467678
2584396
-28385
2480691
424282
2298937
844725
2109374
1231839
1894100
1633590
1568891
1891733
1162129
2088625
813183
2238319
371722
2377687
-20056
2343787
-521275
2232212
-751449
2126067
-1206321
1961910
-1581107
1679360
-1735380
1343175
-1877322
927672
-1986577
658873
-2146525
283608
-2056417
-137473
-2032596
-462988
-1867979
-828761
-1681542
-1121550
-1390048
-1420572
-1144751
-1583561
-830158
-1723746
-471648
-1849891
-87855
-1920461
133592
-1864385
547159
-1730516
764773
-1627841
1133807
-1349643
1261575
-1157245
1503657
-977110
1595259
-692188
1657594
-335939
1640952
-28429
1640837
278438
1570671
511999
1429851
794446
1234416
1047197
984906
1182153
759475
1340858
517246
1451460
227818
1432389
-7974
1518781
-307730
1461742
-550689
1308691
-787057
1198806
-963550
1115260
-1042226
810627
-1221751
616218
-1259319
392314
-1292412
96696
-1179751
-106450
-1257349
-265712
-1164988
-569628
-1043659
-681194
-855995
-889114
-643696
-987767
-496912
-997570
-195205
-1090926
-95000
-1108960
160281
-1088848
326168
-1034476
517293
-989293
627496
-829716
664945
-747795
903399
-523140
948912
-306823
960619
-218664
925623
-6087
919173
123259
895605
289111
693066
461041
672548
631349
583617
662244
381827
790624
254878
768082
192968
780554
-25038
775540
-171930
760655
-317877
687932
-449372
634712
-457772
589951
-553140
423689
-616356
351423
-674933
151649
-698308
-4623
-631247
-40857
-569539
-211396
-488436
-318151
-496574
-372895
-328543
-462194
-337534
-431407
-274118
-546176
-87342
-522033
-34561
-505044
73724
-566063
210033
-478750
241901
-413617
242456
-367108
316303
-347356
427988
-209538
437832
-179605
426087
-81719
415100
27221
365015
123990
342554
153505
346143
132027
262685
219064
217453
305348
71810
296462
90093
327194
7163
251787
10245
248619
-66231
329716
-122631
182248
-82968
242866
-166427
134134
-213731
125281
-178827
105148
-222598
74211
-166945
-27113
-264156
-729
-192698
-75235
-149885
-83919
-17875
-93865
-147338
-118355
-48555
-193609
-34852
-102803
18115
-100795
-11781
-211956
81020
-114537
73880
-41552
34608
-126216
86638
-47620
66065
-44306
64041
38335
142151
12957
81115
17664
89538
-27455
-19723
30863
44053
15595
-51134
-7232
-35643
14567
-17681
11156
-60165
-33042
-13413
-70375
-39045
-16371
1975
-42930
-6050
-42774
-62989
21075
6546
-71031
18479
-34003
-43879
-143432
79136
-65395
64404
-62841
76453
-17438
151653
21831
93852
-14975
119141
-19250
154048
687
127034
79944
131512
-6288
90775
89661
41954
111038
81788
70204
51858
134670
4315
147398
-79214
140970
-30110
158326
-60167
219493
-156827
99918
-130203
121198
-172196
35477
-156226
18784
-173000
43749
-151799
-3248
-183694
-75420
-215678
-52240
-231454
-109252
-209791
-175045
-59264
-156280
-159434
-162342
-154419
-239548
-71960
-245088
28753
-281521
88256
-265586
100238
-211847
157615
-202800
208652
-168065
248920
-147052
267470
-123122
305023
-72079
276234
5913
328773
-25345
338213
96329
237042
184944
232036
241288
180851
220357
241862
242297
81898
281842
91761
351581
56
345425
-49847
344335
-168876
369389
-211207
303442
-170706
349625
-261867
207590
-280584
179369
-322375
223138
-312434
119384
-338373
-5104
-314516
-93610
-350507
-156146
-299663
-233102
-212923
-213050
-285396
-339743
-108618
-368352
-59488
-395388
-25276
-412896
-31967
-388881
114233
-421028
172704
-335988
216086
-332780
318053
-336166
306593
-158146
352732
-105108
472160
-72939
509818
-22773
384610
129227
425113
102472
361084
212292
340913
215961
345853
324942
234208
372827
156348
426832
89052
457264
29827
498086
-18962
408358
-144533
423856
-268103
373470
-274625
398851
-383908
327805
-447654
253168
-482823
154756
-443416
54040
-478498
8729
-457365
-138046
-361953
-212329
-420068
-261775
-427963
-343087
-286333
-414168
-190849
-490566
-64041
-425027
-47831
-461080
58496
-525277
111782
-398090
344726
-449765
275063
-338668
387939
-331392
471941
-265237
474045
-178827
538290
-102453
464039
-616
490038
16654
539143
159568
427481
277410
330968
324865
344700
381525
294878
452818
156116
470935
39903
548452
-61996
510251
-142737
558926
-176428
426631
-294872
458665
-353918
378245
-390870
313048
-446122
195627
-415810
159337
-525358
24407
-484742
-57661
-443342
-121257
-475024
-202008
-356868
-291848
-303637
-439215
-266168
-407097
-243216
-461283
-104149
-487394
15839
-511414
24158
-510127
204749
-446351
229694
-437662
330723
-372242
426247
-295397
434736
-215543
450472
-182343
475297
-82124
399138
-29259
503978
3802
496733
212666
407811
203621
364190
378668
309141
389566
164418
422172
111642
502119
44312
464011
1471
475920
-127336
455623
-214683
449546
-280398
384718
-406993
277717
-380754
188316
-417978
152256
-408023
119142
-440834
38975
-491883
-34317
-404367
-169808
-323069
-209738
-322029
-325847
-210285
-359001
-206116
-448922
-111126
-379809
16993
-489787
83540
-426743
65902
-353652
145165
-408819
240453
-313093
224462
-322540
362831
-205996
410726
-156272
377173
-44793
528234
-45992
410904
72896
383229
139043
356954
127298
331545
205886
258701
258903
174459
355651
197536
343491
102468
404142
12950
402118
-71086
356566
-152053
307522
-157684
336606
-288929
229955
-209174
222355
-214741
176130
-244318
85331
-317707
66748
-339444
-24327
-348402
-13033
-301322
-80175
-225208
-228997
-282069
-178789
-163147
-276251
-162331
-266565
-103092
-347644
17897
-326017
5341
-268992
13596
-211875
179186
-265414
192420
-253060
230831
-178096
285189
-96939
309637
-73414
297909
-67520
220938
-50186
258254
19837
216108
154099
269848
134925
278329
195396
213023
168262
89945
231095
111388
211144
92347
193971
7164
206386
5753
225631
-102579
183984
-134229
228390
-104614
137627
-132404
199863
-159464
121093
-193837
63461
-184099
40851
-154455
4823
-159372
-3902
-169259
-60914
-170572
-77525
-144076
-102437
-94371
-151300
-25773
-152551
-54508
-141102
-23076
-132858
-24980
-114840
21313
-142033
4091
-121476
84026
-123817
121138
-156251
138995
-72756
115935
-54209
137418
-53338
93864
36512
91723
-3742
148570
-71496
155078
83945
52857
23891
109028
90925
126762
73058
44265
121406
27264
38961
-18774
76420
-8083
30344
62670
37862
-16462
90347
12154
60426
-27229
74009
-57411
23895
-58111
-19237
9290
55585
-90274
68326
11292
30408
1050
168
-3344
26647
-70611
-8404
-60943
-37746
49684
-23987
-104251
54038
18722
-65896
41164
-34813
-19906
2188
17177
22629
-8766
-15517
-13825
-6366
74788
42290
4662
-44474
-6239
-1317
18416
-17105
-30815
-5945
-37056
68652
11254
-90898
-17588
-67818
43443
-31940
-51646
-636
-35416
-49898
132497
-666
-43507
-2215
58599
-53282
91185
-18100
36842
-35441
-17360
-24412
-755
-30500
82545
-18469
22753
6358
78813
-25452
75896
-59165
70991
41468
58760
3007
117979
76023
61510
85162
8592
65886
42983
60520
15231
46815
30940
112400
-39655
21036
31378
165433
-42628
82005
-79784
88583
-130960
86905
-56251
23490
-120250
47829
-124274
50241
-113288
-13384
-56009
43752
-76182
-78078
-25862
-96652
-80138
-68605
-3636
-134984
-50224
-98367
6475
-33569
-13282
-114799
-41328
-149209
79525
-68140
42646
-51335
81840
-140277
162825
-58065
71447
-82835
138221
-105078
121512
-21599
148080
-68838
100181
-57971
82701
47292
198848
84259
139780
40526
115203
164873
50165
156619
100616
78845
74919
106866
30917
138695
-25632
127892
-60188
161315
-21013
124217
-83778
169337
-82005
111066
-102900
80371
-142013
75436
-214086
80029
-209833
-8080
-226599
537
-69724
-69304
-125785
-38949
-69024
-114971
-146055
-100652
-109761
-194559
-71887
-176957
-3722
-210847
5593
-218970
9473
-134742
73567
-164451
149412
-162297
117541
-127160
106883
-112268
167275
-46116
140133
-37767
260024
-53332
168535
13599
167086
60032
142270
63501
162472
103082
137281
123545
145473
187398
106918
236637
75326
174664
92586
147891
-4821
193105
9062
203944
-114331
144496
-81365
180071
-114586
155818
-200222
144655
-176739
62297
-150371
72572
-200299
8459
-181430
-76100
-134685
-117156
-133287
-104422
-130553
-157786
-95322
-153962
-57786
-144666
-107776
-160707
-55000
-197182
-36637
-164464
45136
-202783
87252
-178615
90567
-146198
133332
-140798
189950
-121814
226386
-122745
182905
-94223
171652
-46502
177485
-43166
199768
8694
179797
20048
217206
103818
131357
116749
169794
184553
109105
214154
72641
156190
38097
203916
80026
260682
12712
198897
-83198
187221
-119462
150603
-134894
186564
-102225
139292
-198347
93917
-167888
37900
-102683
26241
-203620
-129153
-171891
-65293
-242752
-44667
-161009
-130196
-147226
-211807
-187710
-182739
-42439
-158557
-57885
-177621
-69533
-192754
-18442
-203790
43692
-146831
95539
-170722
95313
-110451
119555
-169404
141587
-155853
142414
-114507
141475
-79436
159408
-21954
209476
-5332
234926
22157
130438
127838
157580
127219
98062
131355
153356
134895
29266
288725
64182
178207
14376
178624
-33205
180356
-62843
133203
-85443
199462
-115279
66371
-104622
138145
-162143
53284
-119505
86291
-180185
830
-166988
43738
-140416
-55252
-205485
15355
-118789
851
-201540
-157671
-27720
-212432
-83388
-158771
-36895
-174538
-54879
-76055
-17003
-186140
3223
-157737
68289
-160988
14901
-149192
98014
-187360
112005
-129617
103813
-110398
178521
-29502
122792
-41394
204729
-29911
207860
78457
115156
-6853
179761
71075
195682
184265
113107
84093
97339
114982
116898
132014
25409
111833
-16413
127627
-12597
158295
-90493
114373
-15950
99564
-19369
107572
-127781
97159
-146037
126984
-163343
66132
-166052
7451
-125764
-75494
-108945
80297
-123008
-43758
-116355
-117959
-100008
-123262
-94441
-140915
-79558
-60500
-55473
-115198
-14889
-189486
47262
-140561
62040
-130257
53785
-113383
88685
-113420
35782
-152216
122255
-160879
121947
-116389
168563
-40310
156945
-41704
132645
5903
109211
12532
154677
72504
170287
31940
108406
89055
136535
125408
46988
76243
31535
96291
64911
65833
58976
144553
9563
99302
-1684
119168
-75073
143759
-47875
80311
-18581
52883
-76342
49842
-81628
64173
-131052
7222
-92503
26085
-133678
-8146
-87243
-51565
-149924
-22005
-104311
-49216
-105150
-111365
-75507
-77560
-41850
-163681
-125584
-160739
-20544
-116099
49392
-143583
34014
-80561
-51588
-104813
98736
-129120
83289
-71773
33145
-137360
