#SpinCore Technologies, Inc.
#SF in MHz
#SW in Hz

[HEADER]
@CLASS=	RADIOPROCESSOR
@FIRMWARE= 3087
@SPINAPI= 20130917_x86_64
@POINTS= 900
@SF= 0.000000
@SW= 30000.000000

[DATA]
4973997
-3595111
6666956
-3528423
7254144
-2239480
7534963
-838865
7615609
456029
7395417
1799547
6950437
3003190
6380609
4196889
5517863
5329923
4476708
6086615
3329729
6804855
2056919
7207727
782596
7400748
-571029
7347391
-1843282
7127091
-3048546
6697162
-4100024
6018336
-5148151
5164225
-5876171
4098352
-6528965
3005930
-6923481
1776899
-7065004
640626
-7004814
-720991
-6620157
-1940452
-6264384
-3035325
-5547534
-4058009
-4659537
-4937604
-3722694
-5603722
-2583915
-6194794
-1507928
-6460907
-328446
-6598847
856289
-6382579
1918625
-6217851
3023398
-5643368
3901937
-4983488
4741754
-4235767
5343827
-3249730
5813154
-2237767
6014609
-1081388
6102626
-24651
5942291
1109592
5597625
2153866
5046986
3086146
4428964
3897732
3628432
4586299
2662995
5137952
1761141
5478800
765454
5633482
-325874
5546987
-1239324
5397299
-2272948
5078988
-3088790
4560778
-3833388
3828426
-4373280
3136606
-4903065
2156618
-5091914
1227592
-5257900
306998
-5125050
-648275
-4893753
-1539818
-4474182
-2388570
-3934227
-3143799
-3288507
-3721818
-2607324
-4290315
-1731885
-4680504
-836638
-4818358
69036
-4816264
900829
-4780219
1738322
-4442381
2448286
-4086660
3173410
-3459684
3707274
-2873621
4061820
-2152304
4412240
-1342838
4530466
-554027
4511317
299358
4359684
1090358
3992781
1861798
3604851
2508637
3107300
3058734
2425834
3609209
1693759
3892268
1029902
4168923
283730
4239460
-469199
4169070
-1146273
3912819
-1959792
3602320
-2460794
3214041
-3010672
2666049
-3374441
2068397
-3721170
1425171
-3848152
739491
-3903215
66785
-3781706
-662935
-3568832
-1327245
-3246458
-1940203
-2804583
-2464774
-2310271
-2908566
-1788289
-3241414
-1141002
-3469995
-485393
-3472912
91560
-3539796
691537
-3507494
1305893
-3202903
1872642
-2887647
2357637
-2475665
2757234
-1995609
2999052
-1471615
3165372
-983405
3252914
-264417
3224713
283380
3133617
805003
2943517
1360417
2562621
1842824
2204059
2230704
1719984
2596506
1236262
2749506
731126
2943355
136423
2984282
-378748
3008693
-917242
2825489
-1323882
2548653
-1755030
2294449
-2139618
1894356
-2411496
1489142
-2556103
1025627
-2709130
616803
-2718099
44881
-2715678
-439540
-2556681
-893097
-2306403
-1394548
-2019117
-1613477
-1675470
-1962059
-1322438
-2223607
-821059
-2419703
-374963
-2515359
37995
-2549804
480297
-2398743
864264
-2327523
1231133
-2053970
1634743
-1821881
1895581
-1487131
2089383
-1087415
2243102
-711656
2314352
-270042
2346301
42262
2142260
477595
2084427
851011
1866067
1249452
1613014
1468351
1333775
1767883
947545
1928403
607103
2049068
217314
2166069
-194872
2065595
-520252
2080399
-844866
1788102
-1147785
1699218
-1437110
1426653
-1636997
1110283
-1764448
884666
-1946986
425612
-1968831
148467
-1911118
-152466
-1846301
-485862
-1630055
-825786
-1584445
-1063795
-1247382
-1380717
-929300
-1520466
-665770
-1641962
-428728
-1727205
-64656
-1759364
270657
-1760211
536340
-1631062
805004
-1512850
1065942
-1351410
1259104
-1105439
1389152
-779422
1434763
-642536
1594567
-308898
1591686
-31128
1544406
261108
1469832
468644
1299803
751257
1165113
976953
962136
1226110
741546
1359177
484271
1404180
209003
1460665
4665
1475082
-305283
1386145
-540831
1289844
-695406
1177760
-987659
952933
-1068090
826939
-1183031
649518
-1291117
299205
-1355060
109518
-1308945
-93100
-1267282
-353783
-1159020
-518425
-1008854
-743069
-859172
-902146
-738739
-988522
-510271
-1097441
-283786
-1190434
-17141
-1233199
206824
-1175786
353959
-1112326
604715
-1024717
689989
-855343
803488
-785216
969288
-540259
1017714
-345036
1049034
-153865
1128436
-91754
1043884
212553
924347
339567
851242
524793
728420
706728
619808
742181
545541
938019
323294
968460
100537
959522
-33127
976225
-149121
937875
-333464
850113
-534795
793913
-632294
670131
-744228
561386
-809959
327610
-786086
225259
-807454
93766
-820637
-32543
-771353
-232520
-735539
-343366
-628854
-408736
-534265
-613929
-446118
-630045
-289569
-667894
-170715
-781381
60152
-749792
133766
-671007
204480
-703199
352150
-654034
462547
-513277
497766
-509654
620769
-354716
628914
-196345
657325
-107223
661284
37138
596206
195822
549268
256079
468790
365725
435327
419669
319837
507942
259488
503786
103184
559131
22019
631216
-89860
579394
-202703
560786
-232290
449406
-336322
470620
-400256
359254
-425837
247992
-482349
176212
-436462
90095
-555829
35146
-441582
-83363
-368375
-209263
-378970
-267347
-328913
-273433
-270213
-311220
-155800
-356949
-83694
-384478
-48193
-437900
85806
-429138
118870
-368583
139376
-361163
203899
-300965
189737
-278758
280201
-189992
276404
-155861
327533
-9576
367437
-8774
344450
98551
246040
98139
243025
125109
203336
195872
140743
214399
121359
276698
93298
312080
-3631
215442
-1165
249974
-77625
184746
-149190
242000
-182585
195018
-230066
168815
-284440
149827
-125419
92808
-179248
-26213
-217216
-40635
-238179
-85040
-223051
-66032
-149474
-122054
-99622
-211008
-73190
-132189
-35163
-173573
25083
-195118
-18299
-132663
2720
-82485
150272
-178706
139468
-74921
109710
-126379
95920
-61411
179630
1192
110269
-29135
85740
10023
54070
63305
57542
91497
88934
87407
12335
77250
74601
49787
22076
124147
-56541
41916
18458
-16074
-81040
41254
-34262
30491
-27349
74034
-68792
30691
-66959
-17272
-36031
14934
-42353
-67725
-31099
-98410
-65905
-9204
-14321
-42820
-38180
-18948
12573
-86054
-12925
-34570
17772
-139106
59239
-111233
20530
-74173
31963
-38779
88237
-26293
82141
7535
85367
75567
115421
130660
79423
77110
71306
113843
9120
108996
7271
69210
12151
112528
-68984
131269
-45163
133756
13541
41592
-47828
82869
-117315
56194
-31760
65940
-117580
17631
-111195
48012
-179531
2308
-104049
-57023
-162594
-11158
-58820
-66868
-103521
-90443
4848
-67464
-93819
-78579
5849
-145389
-9331
-114504
34071
-160476
71857
-219952
90978
-178595
95966
-85474
140658
-32441
115795
-11875
158284
-56984
188116
49158
142791
35476
188404
40230
129826
131235
221849
62842
44621
81126
58240
158976
67974
202274
86407
144767
-43697
190753
-27434
191400
-46744
206737
-59256
144835
-169661
171507
-133098
84899
-188578
62434
-190310
53441
-177056
-20641
-175728
-44378
-204338
-12960
-164786
-115693
-142884
-146198
-178238
-93752
-96237
-246047
-47319
-199860
-68261
-243950
-88684
-245298
61182
-202922
36641
-209317
159194
-201545
125739
-188285
143692
-84134
252544
-73121
212763
-69864
197542
-31708
201319
73445
226530
105282
237994
121916
256415
127784
147055
146300
108674
149598
37996
244769
22487
226319
-12305
246025
-36899
268186
-49128
235182
-80178
207159
-155540
155236
-183999
174036
-262480
141987
-228268
71700
-273146
35798
-234223
-31263
-227348
-53383
-253519
-162245
-238014
-117219
-146863
-163418
-164388
-264682
-67905
-185208
-47507
-277457
-42355
-329138
20003
-246402
71676
-237190
90493
-217024
142366
-255099
244822
-164842
154220
-105456
249107
-119420
308967
-132666
234683
-59145
299737
45962
259963
84497
208046
118413
225847
219332
181918
147611
150675
289240
87899
240855
65830
213205
-11625
347033
-40237
234686
-62985
265365
-195725
242213
-194440
232742
-216230
120970
-253419
132657
-276402
24824
-328942
74025
-310788
-13405
-260231
-36868
-247331
-119664
-189441
-144506
-241181
-195930
-150941
-244875
-116196
-246610
-76106
-213817
-38347
-326304
67622
-275381
63552
-279281
125785
-271148
204550
-207662
274090
-166998
197706
-241058
273240
-26316
225815
-42279
265004
38098
243333
154466
250309
134846
145366
138664
156924
137862
178884
262334
153245
224354
15090
282809
-11626
293916
-26436
219791
-100251
283824
-124870
229725
-126838
225188
-159322
187591
-266878
124538
-226401
114045
-301965
44734
-197258
-15964
-263295
-71032
-193176
-113907
-226962
-148578
-252482
-154467
-159724
-171778
-102239
-233346
-75893
-275360
-13386
-255737
11787
-272316
62742
-186805
68566
-251610
118950
-281067
168105
-151943
108921
-121976
277393
-110961
231343
-95131
238654
-33123
248984
33272
182393
75899
142723
63978
249318
182583
129179
219249
132496
237157
64837
155089
42280
277949
-32218
227822
-99718
273994
-60626
162990
-106108
210604
-121328
45038
-130178
134263
-153294
99783
-176718
74815
-238109
61434
-188576
32552
-191950
-90917
-137226
-35810
-117416
-114616
-176423
-160124
-117492
-62750
-44651
-154192
-19404
-207885
28686
-162173
-62437
-151007
45544
-151150
46844
-127883
83191
-58595
177843
-82931
131264
-108331
151403
-59942
173840
-33824
183411
-66087
130079
17664
158284
46251
126392
49096
83530
150304
108318
138349
76357
94871
76798
166412
7851
140574
14703
144463
-24524
130893
-47598
139237
-48387
96143
-151215
158931
-124033
29125
-96330
125980
-126680
2665
-85071
73703
-135622
81915
-89061
-60513
-25421
-54338
-92438
-77790
-28710
-93719
-105809
-65542
-38558
-138549
14578
-82371
-21977
-77897
58587
-125744
31683
-134228
6949
-101856
44620
-98305
78178
-60836
87241
-66975
84390
-43561
78517
18972
52209
-46195
69029
-56028
40763
-27123
21463
54618
55495
65821
47311
95885
8682
72377
-21584
7887
-1002
-6941
40490
44417
-55186
7164
-5778
59395
-16494
67595
-49201
60870
-87606
20114
12184
70632
-82877
2876
4681
-19749
-45010
-20390
-80345
5394
7247
-12225
-27548
-26741
17237
-27524
-22325
17982
38373
308
-8306
-31497
-9039
80564
43788
3529
29799
69272
-28224
17731
25848
-57438
22993
-14513
-686
9022
15146
50458
9439
-5744
-4103
21281
63908
30093
-29785
-3253
16219
-32259
63827
1440
-15444
-46
38845
4629
-857
-7729
29361
-70239
41425
-5689
-17686
-7531
14591
-45924
31648
-19109
25505
18559
3828
-38093
33132
7816
68577
-5316
45829
18302
-29449
42614
51397
40154
88098
4041
52050
79131
33940
-12344
41620
70483
53063
57847
-38973
35263
-55794
31995
10962
52704
8336
68100
-34608
51120
-23827
-2840
-17136
36058
-51220
82130
-37666
-24137
-105130
114706
55889
2100
-56271
-4720
-27223
593
-87
-40770
-59938
3402
-6155
-73188
-98406
-25551
26718
-82747
-2351
-133206
-28472
-101605
20755
-155871
41311
-26128
250
-35379
66531
-38233
77335
-63614
75339
-10200
41408
-20415
79101
-63169
101689
-4549
111118
25035
21149
-36604
82646
-4190
37525
63378
61613
27115
58718
49759
-60966
85073
15439
91338
7935
141208
-51054
135581
41603
61385
-49514
70266
-65871
35705
-64428
73388
-42959
92292
-34373
-18733
-84238
-90105
-71147
-31095
-114448
7922
-112229
-75034
-99625
-5717
-172163
-34370
-50534
-118977
-64677
-131713
-22227
-19078
-1878
-121470
92007
-120299
53491
-42702
18528
-138947
47742
-66705
63303
-83353
87962
-42592
91386
-34431
108355
780
113344
-41419
85879
8374
80891
69782
89724
27915
89890
92199
80276
45089
58889
107259
-12139
70299
83497
117856
-4216
125552
-59374
65465
0
143598
-77544
144578
-36792
63434
-120210
86798
-77370
92262
-99083
108593
-168318
7327
-41648
-1974
-65608
4625
-82528
-107126
-53735
-77617
-25897
-54006
-87427
-112381
-5795
-94051
-52265
-77868
426
-167944
49057
-94933
49151
-130126
94803
-96274
70282
-86315
118964
-81542
90382
-18891
132300
-61293
84589
-12900
144672
-36170
127167
62649
92716
25686
87459
92291
2077
116320
108158
137390
72875
119515
31558
137894
-24736
145524
19847
111265
-13863
140521
-27862
48037
-73501
141797
-66016
133427
-28618
95180
-79884
9482
-141032
46395
-115129
20317
-189118
-40265
-138191
-1914
-104189
-77894
-141331
-138429
-60955
-107314
-89838
-132973
-63472
-54329
-1986
-138915
-41944
-126876
38038
-76991
65225
-127546
14964
-153768
101861
-67525
45062
-42230
155937
-19755
112311
-12082
131080
-64023
79059
-54781
105514
59815
50618
26413
40115
84354
165648
72567
151058
58188
3493
109465
44332
143580
24961
70862
-22668
83806
-56120
88520
-55078
62359
-88312
101370
-88292
140813
-59618
102435
-70998
69309
-127410
35777
-92114
61753
-123806
66612
-81938
3463
-106717
-68838
-69261
16796
-45394
-103112
-21178
-84256
-82268
-114803
-43785
-67687
-64840
-119315
58746
-121818
53404
-156605
44604
-114264
-691
-92096
78644
-46804
65445
-54028
131950
-57751
134624
-46842
76630
-87131
153013
45064
120772
60303
82229
27559
147781
40038
90680
89177
41199
54081
121115
127521
33023
74467
19022
157164
-50166
117987
10941
62519
-102582
32572
33805
31955
-24561
68670
-64073
25792
-33904
76636
-57423
72988
-100888
-43392
-90285
22771
-89353
-41222
-45814
-46068
-80957
-71135
-106043
-55077
-22750
-30119
27277
-25396
-14937
-22146
20337
-62938
23153
-51902
65771
-106568
56846
-38020
27721
-122206
20000
-112955
46647
-103292
80959
-28819
34094
-69938
117169
7318
51654
13613
46815
-29294
76878
35091
134422
-19678
151042
62855
71519
73097
24405
72959
51079
61281
31725
105960
-23216
84569
-8768
38137
-31104
85529
-11710
13170
-43368
101093
-43808
-2997
-92681
7521
-28896
43778
-58763
80798
-10398
38363
-3271
-35765
-43104
-37889
-26199
-24538
-58690
-36778
-3411
-118415
-12339
-72598
-51744
-130432
-33943
-93173
-531
-42423
41230
-98726
40548
-102942
43783
-71368
3283
-55029
-29932
-88835
81842
-37593
13688
102494
27736
3869
12710
-22473
18921
13295
79617
56956
110700
44649
67319
45125
88242
59744
64150
60400
-39231
68540
54672
63820
-42947
65571
-47805
50024
-33750
61185
32052
115135
-72027
159960
51034
-14962
60435
-40467
