#SpinCore Technologies, Inc.
#SF in MHz
#SW in Hz

[HEADER]
@CLASS=	RADIOPROCESSOR
@FIRMWARE= 3087
@SPINAPI= 20130917_x86_64
@POINTS= 900
@SF= 0.000000
@SW= 30000.000000

[DATA]
-916977
600470
-1234609
639990
-1242718
430776
-1355406
233503
-1415609
-48737
-1369362
-307519
-1319610
-482715
-1195678
-722241
-1011314
-908367
-837718
-1128028
-600008
-1256209
-395757
-1295074
-152568
-1368376
27168
-1380298
282960
-1390501
607397
-1259460
794955
-1165795
956199
-946557
1130652
-818826
1242679
-576847
1303142
-359320
1324578
-132055
1349382
100431
1314137
360731
1178648
504635
1088206
731254
925420
919947
760093
1071036
567623
1205173
349715
1198637
59913
1179473
-111908
1262586
-348061
1114871
-576378
1065188
-722415
934589
-842083
792602
-996457
635946
-1147922
414800
-1179449
210051
-1119362
-5216
-1197719
-181336
-1062864
-323469
-966832
-581977
-846298
-703220
-675605
-843567
-521718
-939197
-355130
-990916
-141557
-1078151
44355
-1102214
208765
-1030881
421456
-1010890
593941
-892518
723205
-794905
879932
-601300
944557
-356312
905860
-221664
1017622
-62090
971612
72598
975577
298723
908984
523332
740595
563160
622823
694266
460531
839206
343746
880687
163504
938513
-9828
908670
-154200
938242
-303195
859782
-436255
730723
-577124
659830
-736082
523788
-738391
400634
-792860
295716
-838761
102958
-853937
-69511
-833139
-207225
-784914
-353100
-688672
-466163
-561210
-525997
-549026
-634416
-340754
-729422
-151575
-768750
-72529
-823831
102872
-753381
238913
-687549
317096
-673720
457442
-626182
585596
-529878
622350
-386046
619163
-258421
720413
-147508
751843
-22173
747479
136076
662712
252983
718443
314487
562555
445960
476760
471534
333884
592134
239546
618362
77793
715875
5200
614701
-106215
672616
-262811
632808
-387059
587235
-421067
454370
-503258
356627
-535923
337038
-560053
160788
-546963
49347
-634651
-97082
-635635
-138374
-516157
-216092
-528136
-304005
-395000
-408457
-317253
-463438
-197294
-506129
-141331
-546647
-26291
-563758
95533
-583121
173616
-553338
293314
-422334
350261
-389729
363794
-407544
449927
-184254
522707
-248933
536798
-160505
482828
-8420
581274
28901
514848
250707
512508
164737
408781
280785
297865
361242
276633
408855
118241
453719
34248
511870
27548
448718
-33511
440877
-107257
463615
-194737
365760
-300038
336210
-328838
291806
-414215
213860
-368478
119557
-387878
79659
-377001
-43051
-410433
-89395
-375545
-121774
-336504
-217559
-280770
-283057
-236018
-325676
-171129
-418303
-81586
-364287
-25638
-451566
43248
-342723
184199
-345965
231235
-342712
244602
-285486
311341
-285879
332147
-221800
231785
-163963
370380
-78498
425632
-79314
358267
71878
395884
90551
337977
172516
210129
168091
275184
181190
117078
232416
167190
283671
105206
343733
15265
284683
-25813
352225
-140401
252480
-169515
310441
-204234
239326
-221946
248990
-249041
121471
-304228
124616
-304265
58235
-291161
11028
-229362
-27562
-247318
-107727
-215193
-172717
-230928
-217568
-149401
-257809
-127835
-194727
-37809
-219902
-13979
-264414
6802
-299677
47709
-256576
167582
-255547
113345
-188035
164518
-117942
222250
-170891
283119
-107251
217393
-64470
329807
-82912
229896
59931
247196
65347
155588
74877
186560
111098
164948
191775
130940
186887
105092
153844
94471
225429
-6892
203728
-3054
208755
-74629
185393
-73652
161417
-148890
128502
-191791
214503
-142131
88536
-140574
61197
-150634
50388
-205946
9139
-190256
27450
-129071
-5694
-173777
-59223
-153024
-141602
-190795
-157799
-112296
-149407
-130641
-144550
22927
-212036
36641
-152038
1407
-167740
73121
-179268
84990
-157332
85059
-86079
93166
-88554
121333
-92863
144556
-70042
153118
-33255
162626
57271
171169
31414
125060
40980
172920
97023
101733
151641
27137
111945
99199
145230
56641
158950
1831
195084
-16103
105218
24837
122660
-74141
103275
-117384
-14711
-147508
53028
-98726
62052
-137994
34469
-159316
16274
-117521
19451
-129314
-40267
-98616
-2389
-116879
-79126
-38348
-49300
-94496
-78965
20483
-58354
-64271
-79111
11607
-107383
2751
-119770
92970
-135864
36038
5588
114084
-171358
76827
-64351
103506
-93914
127225
-47983
87321
22738
120407
23632
130202
-14259
78817
-26504
91065
63982
15604
27436
122967
92627
85081
62459
38500
50549
34470
62175
7473
22383
-6757
104726
-21049
54508
-49000
10400
-46910
30545
-73629
47404
-29652
12906
-11434
83290
-73652
-2831
-44409
-54972
-32172
21406
-8100
-39915
3350
-7274
6456
-19933
-32768
-42730
-30849
-134455
-6718
-56938
81630
-48822
104704
-43346
-8540
-52477
-11993
-16842
67485
-45420
82016
-16956
47511
17686
33550
31986
37509
27376
97785
-26356
55118
5336
24496
28128
96439
52232
5777
-43709
94500
-58200
-55443
42677
-32090
26317
9548
85019
-33906
27695
-35778
-2298
54722
-16175
13011
-10768
-9734
-29718
9765
23945
-191
-24183
65642
-8302
20123
30093
-10813
-88640
-38744
-4373
-3050
6979
40220
-70057
-8065
38961
-3219
-13349
35172
-1989
66224
1950
-30027
34104
19607
-53061
29174
97703
57508
31991
-55322
12147
80301
-58969
-40435
-35936
-23976
-25994
-2427
11266
-21948
1596
-22258
44457
31572
-50081
-29978
4338
1410
-66813
-36995
71190
-16079
-29801
5266
-8841
-22613
-54577
23078
-27751
4128
43472
-51150
-50749
79387
-17943
-58189
33957
42572
-8171
53823
-17579
-2616
-7112
52748
25621
3535
-52042
34946
-84634
-55222
-37012
46383
-33948
20227
-38661
-11110
49117
26720
57080
119735
-22008
6610
29781
26357
-1844
1136
27977
-3792
108477
5350
50314
-28287
52046
-66330
55885
10117
64673
-48669
15467
-16069
48577
-41418
38503
-31539
-9066
2068
-3008
-14630
-17662
10848
-32222
-5354
-56484
-54730
-5002
55575
46556
960
-47558
-28595
9277
-690
-67709
-51007
-5318
-6171
-43379
28791
-1321
-55090
-41508
32491
-20427
78976
-26989
-16259
-45827
75792
19780
62822
8067
68527
-22706
69965
545
96301
-44529
103099
-10145
47113
38569
109885
31629
-10834
62204
51969
47766
90362
55231
-23407
51598
59428
-16675
-1969
47748
-60579
79828
-15283
45561
-72049
-42441
-51917
6813
-56571
1420
-63040
-1385
-82537
15500
-34136
-26181
-55980
-51860
-14358
-30774
-40108
-33229
3088
-47915
-41985
-101711
11182
-61917
29109
-64732
-48561
-35025
39121
-51827
-8223
-46568
23875
-53746
117566
-102263
31665
-55526
29326
35204
93045
-49766
91305
-10926
44202
-5119
39675
-4343
88270
-35720
78531
11705
-32692
92458
-29899
39365
96001
56780
-59260
53577
-23309
73602
10442
53887
-45011
48681
-15859
64072
-52403
91832
-72843
37265
-41246
34492
-52855
-10410
-81840
43129
-46270
-47506
-50425
14090
-13021
-25176
14280
-120773
-63699
-12583
-76626
-30234
-16696
-104140
31598
-36773
13014
-68530
44223
-52071
-20269
-69695
63415
-3309
94132
-119804
46363
-15409
25353
-79872
42019
12806
61855
53794
28036
31027
94895
32767
24592
39356
36747
21411
30291
40650
48005
94567
18902
101334
-31494
30665
33332
58180
-9335
49651
17942
-14537
31986
91721
-65874
63570
-7352
14529
-30168
16500
-62076
38014
-34457
69137
-65072
-920
-27436
-65012
-19933
-26791
-105748
1213
9582
-103459
-45811
-59710
-39213
-77025
-37657
-33369
27325
-110441
83224
-57236
27573
-61796
26589
-71150
116587
-54471
49791
-25818
43828
24943
73645
-37313
76896
-62640
25517
-34099
58845
-59537
99361
12974
-7081
40578
43832
79523
42529
5420
64124
48222
4493
36894
38501
46612
-28905
19235
-17393
35280
-11380
61389
-6147
67566
-58669
-54506
-16681
20185
-52249
-54926
-23791
33922
-10577
2044
-43633
34664
-70415
-59552
-10525
-77821
-84556
-127018
-29440
6898
19189
-43149
-8048
6291
-22042
-45576
50697
-39752
21537
-73955
67492
-65663
67975
-70079
58834
-49320
41702
8595
-36851
7901
5480
14716
52315
-14821
19112
40167
15966
45642
81140
48554
43382
58187
93047
48112
48196
24450
8534
43339
19818
-19835
-5090
107042
54766
40262
-97105
39202
55949
68160
-100444
26582
-29888
19514
-10510
14244
-79412
62940
-11588
-35126
-72764
57329
-21306
-112936
-13188
-16425
-76236
22141
-19310
-74182
-10518
28787
172
-102085
-57859
-34535
-43178
11672
-33763
-72392
-448
-28910
31181
-9840
-6369
-25911
25057
24246
-24402
-58935
91274
-42974
25744
73103
73531
29992
28753
-43471
63331
-12611
51805
25914
44306
36106
2353
18775
-29430
70836
31746
6506
60479
7265
74320
26354
-14280
34419
-28857
34914
-60788
91729
35123
25367
5445
-14373
-69390
56423
15524
65738
-16200
-235
-48848
16288
-37051
40545
-15652
4506
19482
-12738
29642
-30867
-12311
-32370
-8733
-23299
14251
5921
-10379
-14737
-36891
3838
45998
-10109
39956
30923
12372
-28164
6535
-20237
-10279
9361
-78172
-15542
-1506
-35676
-33161
4161
-26654
-80623
39803
17573
34718
44300
-9529
-17513
-28376
604
70477
60411
1964
-10263
23097
-5338
-24377
-29783
17327
-20846
23398
48201
53565
26120
25331
36325
14306
42476
-12685
-30876
34163
-4466
-50456
63058
50256
-24270
-39066
59605
-5786
6512
9151
-4526
72186
34507
-32233
13906
48136
-20993
33974
12627
7185
-47118
53375
13503
37321
45496
-3742
-47432
-6680
35722
-41180
-14440
-22127
-21420
20481
47857
200
-28817
12872
23806
-8748
45518
-59996
-23997
8827
1495
-2614
-38693
75340
34943
16456
-14693
28098
-28576
-10230
21579
9460
28132
68619
59884
-30522
-27562
90185
-58732
5558
-67642
-13681
26804
-26954
41485
68828
-54405
51768
17153
37739
66914
59015
-51309
-15170
44157
-21772
-24059
-6993
9481
-32068
106327
15465
21655
6612
6565
-9364
23348
-11013
-12532
27549
-16778
-29982
57378
36744
40134
-20954
34620
-13898
-47199
-20171
68076
11300
48541
-38409
-12551
-39588
78265
14523
-2427
3207
-9954
2610
28821
-59609
1109
-16023
-59020
1993
72317
10857
-42002
15006
-58609
-4160
-8647
41502
17319
53097
-28879
16118
41227
43960
-28901
-8449
3265
19450
-19207
52786
-5525
75268
18356
82338
6133
51651
20145
19121
61049
23068
16946
86877
98153
-16335
54907
-24355
4457
-36634
15050
-183
41154
-22874
15803
83458
73255
-16448
-13215
56134
-29728
29923
-1906
-38284
-12781
-25588
6349
19252
-23156
-43901
-11533
-33967
48522
-28969
70412
-40819
-35631
-79352
21523
-13884
-12681
27374
-30720
-48065
-23231
-23624
-50050
-14970
-18890
71
-6421
27842
-34550
-21807
14269
59952
-50289
50378
-13716
37247
-30283
-20440
3695
21801
-21120
65352
4239
51732
31226
105763
22561
5438
33508
73557
18929
34617
19006
30568
25440
9734
38146
-28911
-21071
7412
1548
-14848
48793
8310
11975
-32147
33970
16807
62459
-20663
37714
-14559
-9020
-16150
-27527
-32227
27737
-17748
-22256
-41168
13282
26152
-17460
-53395
-60550
-13435
-35217
90661
27086
22918
17488
16972
-64872
-8116
22691
-43133
-4460
-923
-36561
52632
-1018
-1463
7194
33754
-6312
-24998
-64432
43406
22136
59359
-8025
87252
69970
20464
2700
77690
-21665
34646
43407
-916
69944
31340
78308
3692
10450
-26779
73855
-60589
8430
60783
65344
-52370
29302
-29767
4851
13351
25765
-33696
36358
-48349
44176
-18999
-34524
-79879
23950
23081
-21968
-65645
54124
-7576
-70839
11212
-10139
-20305
-12522
34227
-56863
-16921
-21943
4501
-58607
852
23871
-18163
-21911
-391
9710
-5821
-27014
37155
-9171
-7388
-87181
62736
-7406
27427
2614
17697
-19447
34232
12787
34754
50381
52246
-18385
42106
6847
60267
36351
-7074
39456
-4354
19880
-85190
20088
-2727
-31153
-69333
26194
-6777
-10082
27532
46264
-428
47755
-35076
4081
37863
83996
-30285
25791
-31484
-20670
3671
79730
-6005
34550
-2608
20670
-9233
9032
14906
8357
20484
-13050
-31913
-46260
-29922
-26177
16467
-21356
-16976
15641
-27382
-40094
-32569
-27101
46260
-29479
-6223
-8162
19577
-20954
120255
-42848
-4083
-13961
31418
13382
23176
9936
-4322
-39834
17032
-9222
31079
41448
-12056
-43173
58994
29172
9613
30010
60438
20970
10189
22919
18047
27488
8773
76624
-11309
-11113
487
29537
-87772
93009
-16453
-1656
39025
11290
34647
35414
-8327
-36995
-5851
71411
-64059
-19510
57494
32988
30385
8937
16074
-42096
32730
17977
-59840
34417
-8574
-19773
-28896
-13598
-2919
59234
16699
-76112
-19742
20399
66696
26705
79592
30835
62751
47731
-2087
50634
-26838
-14738
-18633
1936
42604
31147
13195
-28628
45268
-13908
-43694
9265
13524
-14001
7863
-236
35808
38650
36343
24091
111428
23933
-18748
-2600
16794
19390
-323
75920
47665
-31634
-3938
32893
-55655
-9283
-53823
-3632
20322
-11809
18171
49498
-746
29504
-13114
35162
33307
-20493
-60595
-35315
-34777
-15782
-13487
21575
-13078
51375
-28348
28249
-25282
-26608
-863
-66993
32719
-13170
-41453
56991
71912
-28327
-11338
-16145
-27966
20252
-48767
-9648
5812
18222
-38182
-8181
