#SpinCore Technologies, Inc.
#SF in MHz
#SW in Hz

[HEADER]
@CLASS=	RADIOPROCESSOR
@FIRMWARE= 3087
@SPINAPI= 20130917_x86_64
@POINTS= 900
@SF= 0.000000
@SW= 30000.000000

[DATA]
8509032
-6209656
11320937
-5804560
12339221
-3667044
12813216
-1517300
13002184
788548
12591889
3054317
11848941
5238068
10744297
7227604
9257224
8948020
7570540
10378724
5568478
11492368
3468012
12259304
1226187
12582511
-1001272
12551062
-3182316
12176608
-5276086
11419962
-7168327
10196232
-8816097
8725336
-10027155
6951126
-11130748
5026636
-11683206
3076947
-12015436
871455
-11868556
-1317350
-11382561
-3377290
-10565361
-5224069
-9384002
-6927345
-7962911
-8481954
-6268960
-9654638
-4320115
-10466666
-2414495
-11017653
-404212
-11202092
1580900
-10977091
3455711
-10445843
5240246
-9564035
6850465
-8410652
8060092
-7004627
9244385
-5407715
9862070
-3623019
10349515
-1756916
10392185
124360
10056016
1985910
9435857
3722106
8594332
5277473
7440040
6702906
6073710
7858607
4496544
8761433
2807901
9316513
1025902
9544634
-724479
9544697
-2470475
9202723
-4059154
8448165
-5433302
7579370
-6616742
6426856
-7643373
5037912
-8239974
3628362
-8769710
2014427
-8893006
354819
-8728751
-1301380
-8251771
-2846682
-7612587
-4229001
-6686906
-5551956
-5406007
-6552830
-4253754
-7381219
-2777315
-7897412
-1289126
-8279889
325426
-8325675
1736262
-8044202
3168542
-7531208
4382179
-6852034
5480199
-5883188
6450255
-4669987
7098569
-3450895
7561952
-2107125
7733773
-677603
7648676
742639
7319711
2091235
6805871
3392675
6071084
4515000
5116299
5403955
4036784
6053049
2783299
6741324
1525496
7074457
204808
7189478
-1052008
7003951
-2300749
6652082
-3404642
6138351
-4436873
5324024
-5196761
4419475
-5855601
3422290
-6376070
2292167
-6602556
1015002
-6559176
-80513
-6392156
-1281733
-5985770
-2393481
-5406128
-3436041
-4624058
-4262901
-3835423
-5063891
-2796352
-5492384
-1759096
-5875270
-700346
-6100698
435218
-5940412
1546507
-5779296
2450755
-5415745
3387567
-4801375
4190571
-4067644
4776323
-3223010
5226914
-2309835
5491809
-1322464
5574332
-333268
5483421
671154
5278052
1633507
4754229
2502552
4256345
3257399
3550289
3984252
2795242
4422810
1869971
4826034
988349
5060882
66343
5126730
-862284
5053256
-1676701
4749944
-2493983
4301044
-3153201
3674630
-3816127
3134600
-4232955
2381487
-4543635
1591416
-4678158
685107
-4706156
-158959
-4555148
-944312
-4258768
-1702561
-3785962
-2468591
-3294011
-3001913
-2674350
-3558593
-2033478
-3954022
-1192727
-4157502
-478449
-4312047
250458
-4231243
1033417
-4051159
1682598
-3842815
2410827
-3452721
2892167
-3003998
3322069
-2334553
3647790
-1681521
3870924
-981847
3932658
-246307
3878323
352278
3709341
1093693
3454471
1637276
3094575
2219875
2612088
2789647
2082574
3078523
1520812
3438599
783766
3571451
195894
3577766
-469144
3540981
-1003766
3332782
-1603985
3104672
-2173154
2781882
-2578209
2296262
-2972390
1713855
-3115455
1260923
-3313773
651321
-3262699
-1356
-3172156
-538360
-3059832
-1097378
-2775773
-1637344
-2339096
-2028469
-1983303
-2391468
-1533824
-2707411
-997452
-2854743
-454833
-2984633
92616
-3024184
575982
-2923176
1123299
-2733618
1530521
-2391792
1954639
-2081945
2219000
-1700152
2529766
-1338798
2632573
-775055
2776859
-257066
2753286
204599
2660232
606125
2465075
1098814
2176457
1502577
1848931
1791973
1528613
2057049
1111595
2365556
637610
2412684
185179
2404180
-258945
2443600
-693576
2345761
-1111653
2167390
-1340078
1902298
-1664001
1583729
-1974127
1266361
-2177660
852943
-2205114
489759
-2265551
83683
-2217391
-351221
-2072625
-658105
-1919000
-1038591
-1664451
-1332453
-1419501
-1614126
-1046602
-1809576
-669589
-1931242
-320539
-1990823
88529
-2021862
385279
-2007370
713692
-1869914
981003
-1629844
1280114
-1447523
1441998
-1130985
1648722
-871739
1755240
-528873
1821148
-260757
1905061
103833
1770156
480189
1559046
749189
1412674
994308
1267958
1268070
996265
1355125
690489
1552912
384631
1639183
150798
1619461
-169491
1616522
-508033
1425861
-700285
1382933
-954552
1220307
-1131709
997938
-1264277
788622
-1368992
565229
-1461135
301167
-1498049
46592
-1447244
-263787
-1275926
-590922
-1167480
-694930
-1004960
-827055
-824706
-1021389
-604794
-1180839
-353143
-1206727
-161478
-1239870
111022
-1264688
328456
-1268933
606869
-1172994
718860
-1048653
873563
-853737
991837
-709332
1049505
-508241
1107377
-292814
1048377
-47675
1155059
182389
1053879
346521
962151
528575
782971
646848
636938
817511
455098
918637
351483
976797
170393
950668
-70107
888701
-157772
925509
-363584
857855
-498793
744590
-635783
604303
-669346
492347
-753400
410259
-805672
193427
-840705
59154
-807192
-101455
-727984
-251450
-676932
-339721
-612129
-484581
-545259
-581065
-375828
-641838
-190763
-623182
-83791
-682704
13379
-688151
120344
-584487
279245
-624709
307222
-481508
366011
-448525
489436
-262782
577552
-195699
526856
-132774
585955
-44702
558684
47545
535250
154242
474399
226207
381646
275638
346249
386883
235939
459693
131495
388083
110419
482839
-38166
475850
-86457
420154
-170788
372318
-237234
262550
-328019
244519
-262024
198310
-377098
128869
-331586
49068
-372363
-2474
-354346
-47352
-263269
-94907
-261103
-213585
-268075
-194540
-174645
-244905
-163590
-281911
-46467
-298701
17889
-242139
17964
-239825
121234
-216543
160725
-192665
209645
-129452
168465
-45544
210128
18472
227519
-51413
282125
118294
152456
99134
133094
92479
93071
107410
154324
73460
109079
143047
43791
133087
-8963
167422
-68912
102048
7249
174005
-100842
150356
-114261
73236
-128810
17755
-102488
94248
-130395
16625
-153277
-22959
-104349
-108333
-73655
-47844
-110520
-59945
-83746
-99867
-27109
-162915
17184
-117209
68124
-105429
142646
-80982
141724
-92196
123066
-50798
80821
-35140
140696
-26750
158539
-5871
199647
-10438
134864
80112
15822
135471
69338
96943
42715
159843
51490
167293
-12559
216275
22114
133946
-77434
209412
-52411
219942
-136852
137616
-211368
117440
-273754
-7489
-222120
70986
-251487
25996
-234699
-105999
-156238
-107485
-169518
-23637
-148245
-126566
-145604
-208083
-114444
-220977
-115988
-216087
-28251
-234896
8764
-243179
77578
-290332
102987
-221319
103586
-127952
197094
-177477
208710
-160377
310109
-64446
227002
-44168
180300
2499
209596
-49045
303109
82009
201672
114083
227919
241535
189838
217043
121113
282006
45643
242504
12914
272037
-12466
266042
-129796
319490
-133417
242068
-167227
201328
-288284
222912
-257789
177819
-306736
122888
-335407
73831
-332109
-94160
-318079
-114628
-390234
-115663
-313427
-202414
-295101
-227554
-228914
-285848
-158440
-290882
-55899
-437195
-77735
-284531
47996
-359679
61427
-309136
199521
-353395
233777
-280303
241000
-258353
311963
-199205
347485
-169928
349674
-81959
422873
32892
410713
-867
418076
110685
370448
223915
313916
233325
261907
347839
200893
400221
150783
411562
102521
362059
-35650
374882
-142844
485884
-235329
381958
-209379
396526
-253730
303296
-378508
287868
-402911
226009
-386448
131205
-342956
2964
-435110
-60414
-437524
-123242
-400680
-183224
-425743
-257901
-275323
-225462
-281294
-365283
-194919
-415444
-93374
-461567
52197
-404508
31156
-507376
121152
-419327
267441
-338649
312569
-357808
360661
-277581
353531
-166276
350962
-175607
478339
-114160
530018
118739
460893
151564
435402
140161
340618
210753
303942
303328
239438
397777
200830
377222
150941
401639
13980
474910
-61779
474143
-163842
465422
-230089
424232
-292686
380598
-385963
364652
-376295
205774
-429688
245015
-479635
37379
-453689
-8351
-450001
-42133
-436684
-152243
-463394
-259795
-327841
-323010
-317908
-358060
-291811
-399941
-136631
-481589
-52283
-419470
10347
-460857
100392
-467321
201410
-455221
234781
-370077
372340
-364344
378823
-267553
489122
-221936
431589
-106257
440176
-89706
485477
36907
464461
106008
464119
230724
371346
273178
371906
326933
257620
418795
157632
461329
112902
462146
-10855
389367
-109878
465403
-161523
362341
-248765
360633
-293116
372076
-391124
290755
-371559
224845
-403117
142833
-406375
5578
-462627
-14612
-429587
-70269
-359656
-114044
-368559
-248368
-322933
-264701
-233315
-364221
-188334
-437129
-85566
-407848
-48743
-405155
133290
-402222
106633
-393562
241117
-359397
254736
-381869
333939
-283771
337861
-178618
417645
-176299
414760
-119357
356581
-6724
366620
50801
360976
123360
333010
183087
264027
253590
248964
299408
148044
325736
56462
389607
10912
362742
-18289
346095
-46253
456448
-143233
358899
-264329
242634
-283196
216422
-267251
188637
-279404
181730
-325922
69240
-365232
-36823
-367268
-24483
-298736
-129511
-286997
-147354
-298867
-120149
-156466
-297680
-55475
-249749
-138026
-312731
-42552
-269181
-38351
-255434
114314
-339469
126855
-285730
160286
-209491
181438
-219008
200633
-190857
308610
-147670
230179
-97286
306329
-46247
294645
8979
255217
51971
193969
94753
271652
163391
188954
186265
141952
255690
105767
240726
93750
205128
23659
246181
-73789
229350
-73957
247199
-110402
187840
-87740
206456
-134405
175821
-250639
91267
-260171
90113
-181936
30715
-172693
-23147
-188269
-13824
-198978
-77293
-155450
-106997
-122067
-153014
-65898
-91951
-126119
-176635
-53628
-240623
29928
-151457
-40237
-226304
6394
-145492
28604
-193836
149380
-148120
150836
-99775
83034
-94714
97257
-53967
141557
-54930
106548
57269
120982
-1832
142240
57357
125918
30297
69407
73677
38111
31900
55078
82222
16396
41189
-59053
112919
69856
39350
-45769
96494
-146
71732
-50260
75968
-28192
68029
-75630
83749
-34456
12265
-79884
-30229
-50048
-10908
-127785
86680
-124948
-1402
-67701
-40978
-53502
-76073
23677
-22333
-24655
-42151
-15903
-61413
7913
-97343
-36881
-33229
9238
-3488
27501
35077
14221
67845
10070
-10734
-64738
2796
-41685
-10878
54848
-5604
29324
48194
28122
-7066
2544
12450
9368
34534
-23132
22881
-43178
17269
-11861
37657
-1890
-12387
-18969
-63505
-54510
4679
-50025
-41191
1797
-998
39210
-26059
5189
-41713
29675
-23950
41886
-58695
114823
21949
45292
-41071
49072
1175
46766
-30163
93770
-3438
54037
31041
113261
77914
32677
67199
33879
36127
47373
46699
66758
93065
34884
149670
-17099
48351
-21914
39349
-56886
58745
-64978
27013
-45785
80160
-33051
28073
-33195
26128
-52762
-5782
-26123
-7085
-143297
-29782
-93715
-58456
-49165
-77660
-58342
-127806
-114551
-46950
-73341
-63730
-25620
-81809
-1273
-54977
-4196
-91378
-29850
-88831
31433
-92450
70202
-116717
58556
-84646
95478
-92024
72579
-36835
97009
-51646
160691
-55998
184596
20625
125515
106816
138522
79874
43530
28133
126909
133944
40814
71533
9865
88634
18990
120202
36971
67523
15908
183889
-52735
120123
-47936
158447
-97205
69389
-134807
132889
-216375
137502
-94855
68972
-169583
12067
-132186
4606
-162752
-100401
-179605
-105646
-127347
-84312
-126375
-110164
-135624
-117120
-58486
-133852
-62457
-132617
-39100
-113837
-70745
-192649
54054
-189421
76470
-146307
81399
-151292
104969
-173896
146301
-65919
168327
-84073
139681
-122549
155541
-92260
140141
-28232
121776
18653
185043
32654
195592
58111
119292
143305
106603
191342
5150
112501
90013
165206
46093
178952
-5421
223007
-20645
151332
2978
180853
-91921
188221
-160421
129102
-167689
181131
-154374
21008
-189249
83070
-195343
9151
-196242
-24365
-209977
-38710
-149380
-54295
-139214
-64710
-175919
-134157
-140062
-187424
-32501
-172124
-60830
-194055
-56414
-220486
22316
-141022
101827
-197218
106353
-202729
145051
-138163
152322
-143226
138067
-115757
168127
-55284
240086
-57798
229863
36985
232969
-1578
156858
142253
151303
98311
143232
122086
115804
151783
109076
191113
90168
215475
85345
220173
17863
202790
-73088
236256
-30488
173347
-61179
127333
-137172
159821
-111345
116121
-146979
108148
-182636
48084
-189033
60553
-195734
-62227
-150202
-26751
-195904
-127066
-64523
-161455
-102034
-105859
-140903
-153768
-65906
-210718
-94818
-170462
-1870
-193457
-25088
-165850
36233
-200034
119903
-145362
112084
-121333
158134
-160171
218084
-83141
196740
-88168
177857
-38000
165689
-34732
193811
23086
181723
35457
175647
68053
157726
183012
94613
154429
92096
172386
100645
145138
27869
191143
-41150
168132
-60117
277313
-86524
210150
-136552
188401
-104819
159528
-131370
178398
-129354
124569
-185275
68907
-172726
46392
-211006
-23354
-181401
3762
-138536
-81657
-116513
-129384
-55326
-166636
-76278
-114252
-93567
-108354
1102
-117545
-13935
-228325
-5000
-179953
90529
-220792
62781
-116213
37742
-105178
71410
-85119
153536
-98772
162187
-110473
126091
-36049
112787
2096
115098
68338
101590
25096
99937
39302
167453
43808
100723
162842
63449
74201
129956
147185
3750
179191
17494
167429
20514
106984
-13468
123186
-10685
112728
-102614
130840
-95614
123675
-67613
113265
-70533
55094
-135431
3252
-166689
13768
-95592
32507
-159290
-38464
-134760
-47159
-84322
-104342
-148621
-78406
-32751
-115702
-83238
-86269
-17682
-108538
-22882
-144846
15643
-124518
26716
-140321
68331
-206768
123190
-151231
67537
-55105
69610
-76707
114580
-89299
118559
-37217
117605
-49527
110654
-16782
81129
-1634
248377
37392
172623
107162
27869
79621
127106
24948
118704
154889
86932
112246
849
153838
-30075
102944
33015
160620
-32985
76136
-22988
99075
-93185
115343
-63681
119364
-59606
53746
-58178
32569
-120093
3553
-109296
935
-97760
48828
-123458
-46316
-83650
-60420
-136189
-42781
-60808
-29247
-152085
-49385
-61930
-131603
26470
-102726
-33946
-146005
-25060
-130764
3264
-102128
21028
-55453
58100
-102173
-18337
-122221
98965
-56480
100194
58729
92768
-28363
34831
15743
85250
5338
96776
29892
88885
70603
120675
21024
101287
28792
49287
116724
36909
83174
55448
78172
36102
160243
-31272
89326
-8220
69086
-18077
42505
1091
88977
-177001
53002
-59978
48577
-92335
50283
