#SpinCore Technologies, Inc.
#SF in MHz
#SW in Hz

[HEADER]
@CLASS=	RADIOPROCESSOR
@FIRMWARE= 3087
@SPINAPI= 20130917_x86_64
@POINTS= 900
@SF= 0.000000
@SW= 30000.000000

[DATA]
6708009
-5007071
8923252
-4741300
9857086
-3020712
10286317
-1235641
10347898
572527
10062391
2459411
9530296
4120270
8588313
5742450
7451972
7184676
6014454
8275215
4483009
9194555
2761399
9764740
952174
10063677
-772208
10065930
-2511043
9735038
-4200855
9063116
-5706684
8060781
-7004353
6917364
-8113114
5631103
-8861839
4023221
-9362554
2450746
-9658137
647082
-9492551
-1019129
-9097301
-2651685
-8419388
-4209596
-7508786
-5517547
-6337578
-6705680
-5033046
-7727808
-3432864
-8320833
-2011546
-8784701
-364652
-8940243
1225104
-8820679
2800684
-8349889
4239617
-7630132
5415782
-6723843
6517532
-5540349
7377768
-4307958
7943139
-2879430
8228157
-1397379
8282096
101341
7999052
1560091
7626570
2978031
6887262
4277423
5909778
5372800
4837863
6277517
3566735
6999041
2214118
7446981
897626
7738180
-607443
7678969
-1958349
7337845
-3220809
6845693
-4307895
6038708
-5288036
5142541
-6153650
4037843
-6645068
2861720
-7045532
1598730
-7134668
229337
-6972191
-1026956
-6672434
-2223635
-6102451
-3345833
-5351263
-4342743
-4374698
-5213122
-3377340
-5860959
-2204723
-6342860
-1041073
-6552074
132752
-6631650
1350241
-6373537
2526531
-6018753
3410306
-5393478
4378399
-4690873
5141171
-3712905
5598734
-2781168
5932385
-1701429
6186412
-582870
6151962
524022
5881921
1646818
5461878
2624438
4799886
3503688
4058376
4341039
3229188
4954256
2217727
5369934
1278092
5615326
155698
5709915
-806437
5561859
-1741401
5365477
-2665469
4950156
-3506171
4206177
-4133214
3628413
-4743388
2705463
-4967390
1827872
-5294452
836607
-5321839
-84016
-5144184
-1000351
-4784681
-1864225
-4353549
-2802403
-3728494
-3415780
-3090731
-3983864
-2301787
-4415751
-1426152
-4715996
-603535
-4826545
280586
-4852054
1156678
-4645693
1966539
-4307552
2658993
-3792906
3303553
-3262539
3821862
-2539433
4193132
-1885121
4324519
-1096446
4485505
-327000
4411823
501426
4200577
1306779
3837186
1966974
3356134
2607353
2840792
3150813
2216870
3546895
1503236
3842297
856244
3975620
141721
4036224
-609078
3976929
-1348736
3803541
-1982697
3394772
-2493307
3005136
-3031620
2543689
-3351397
1903980
-3570178
1292303
-3726290
593333
-3749414
-75567
-3602463
-686170
-3328984
-1368851
-3030315
-1931596
-2676014
-2384689
-2187618
-2851279
-1657622
-3090572
-1038732
-3330329
-431966
-3447837
161874
-3312936
810663
-3316166
1356793
-3059145
1848842
-2751572
2295197
-2393344
2641167
-1894512
2924158
-1392122
3128724
-836242
3162873
-260095
3093946
328653
2935551
765129
2772586
1295239
2454338
1784477
2077094
2129399
1658251
2401762
1231974
2668828
695466
2827240
165620
2852943
-291391
2840766
-767131
2662526
-1256981
2495325
-1768935
2183977
-2020650
1790028
-2244782
1419681
-2506273
957077
-2549170
558907
-2615445
53962
-2530791
-338222
-2443705
-827603
-2247273
-1176648
-1942040
-1593696
-1612087
-1861268
-1196695
-2127360
-825054
-2328584
-372622
-2389241
27637
-2388427
411256
-2269537
868482
-2232516
1221457
-2004618
1535667
-1798253
1806717
-1448268
1986626
-1098327
2077750
-663829
2157621
-333785
2145880
129727
2123921
475159
1977919
813021
1786776
1073901
1537246
1432271
1224917
1707954
929097
1868243
609145
1958953
189261
1949201
-141467
1969387
-467539
1878599
-751515
1756501
-1155618
1575066
-1314503
1346722
-1521929
1046937
-1673390
725614
-1772912
419592
-1829222
93711
-1772109
-217798
-1681063
-503130
-1602154
-841608
-1316915
-1023954
-1177982
-1327440
-855864
-1415956
-569723
-1622884
-326191
-1573004
17479
-1676334
289349
-1590811
584765
-1442812
776120
-1367538
959560
-1146561
1164494
-972114
1314869
-687848
1413161
-434439
1439141
-230057
1388874
28955
1437932
285338
1242754
581013
1145016
695648
997384
925424
789766
1142704
618732
1214436
385026
1364344
79974
1315594
-112886
1287026
-383029
1291149
-537247
1126971
-661789
958148
-879223
857995
-991117
686440
-1115533
457991
-1186036
218342
-1128917
33050
-1049152
-169298
-1039362
-311902
-1024480
-575819
-845835
-700409
-681743
-842042
-537297
-919274
-347118
-955890
-146595
-965976
15147
-1067797
206974
-992718
352887
-845448
506684
-838569
635072
-681183
836451
-561012
826990
-313980
850102
-290631
871631
-73498
817568
96738
834925
182313
786669
412641
664605
452238
570672
592617
430287
679642
276838
726419
73593
759876
-34262
752121
-136182
721935
-302605
733040
-387712
617770
-457824
515755
-597044
396922
-638479
279541
-614474
212959
-708252
95102
-592133
-25216
-642342
-178775
-628507
-249655
-528417
-407155
-387851
-393650
-312906
-549350
-159124
-438409
-138798
-513369
-29117
-554755
60158
-538682
156698
-455687
199919
-489506
308962
-412339
367773
-311563
427539
-273069
468215
-72309
443824
-93650
412272
87654
350293
54857
366392
132139
358058
238809
242272
294697
184702
348020
169354
333562
70063
422706
5629
295230
-7344
286327
-66779
277248
-227667
336160
-268925
192779
-218834
143652
-314511
111140
-249215
40352
-273856
48265
-277286
-70294
-228642
-89826
-234248
-67974
-180044
-155952
-145120
-199364
-107704
-209027
-6184
-247239
-50285
-243529
53035
-165697
9891
-211675
163815
-190764
155339
-73318
103188
-110975
193853
-48932
162627
-35720
156776
-39461
208193
39368
133846
25762
143938
21203
76235
139547
97901
125355
91383
65925
-16799
124643
-4067
124673
-58469
150739
-67929
86973
-55467
154938
-68063
78796
-148859
49753
-128785
19888
-89297
-19432
-122733
23211
-85994
-90225
-69079
-159325
-60339
-164836
-33179
-108140
-17302
-108080
58590
-146676
117068
-102020
105825
-73252
121820
-51108
75082
-30361
141665
-62914
139103
-78190
205525
7597
103788
30108
86474
83146
106384
109603
5875
187470
29271
137246
14943
168763
-48709
160120
-25414
157184
-64329
149147
-86421
121963
-106951
105692
-137647
33907
-114843
74075
-118493
-27837
-189557
28971
-140362
-21882
-160373
-95680
-104493
-15969
-132444
-145355
-98703
-135732
-34384
-135852
-4105
-199066
44191
-234689
105263
-166297
51443
-190382
71474
-125028
143841
-168149
190422
-103702
167666
-93809
175001
-17307
232036
4802
254872
81207
201472
85988
249565
134526
126444
181933
149930
183241
69219
224086
108756
248035
-12937
226778
-63142
235382
-48291
176040
-56786
197957
-204050
246837
-129827
203741
-272000
98720
-278067
77316
-284405
60969
-351066
17428
-254141
-11639
-240043
-79926
-218327
-132676
-228856
-192724
-133552
-240300
-191983
-326292
-81477
-268450
19622
-230764
3597
-228761
52883
-308362
134780
-221537
221009
-182038
170124
-277301
263452
-200144
277261
-65934
224132
-72702
310011
-13119
284188
23695
251710
73166
293780
198007
212788
166246
269632
298073
181680
299947
141271
289907
-33021
297516
7236
219067
-38653
373967
-142796
344685
-145840
233860
-178559
284106
-309696
282841
-177092
147083
-345035
112106
-359418
-10189
-326084
-29742
-340880
-109489
-313367
-123322
-385591
-154629
-176945
-241173
-179589
-292945
-69806
-331934
-51222
-349379
-2516
-358382
65453
-363179
106175
-291905
162777
-319422
238311
-257462
248735
-216765
328361
-173729
337553
-119495
402417
-104449
411600
27932
370097
144494
352364
150443
351667
249031
274364
278439
228452
359150
145395
273065
68826
421779
60608
410938
-67191
317151
-119939
387959
-197651
363519
-224866
341669
-314786
271154
-314186
198969
-408212
122805
-392319
131347
-349389
69798
-408130
3772
-315950
-115775
-344447
-190170
-330610
-300980
-246397
-292837
-190807
-289800
-131066
-420054
459
-389256
86649
-344591
16046
-278012
124240
-283701
208167
-301720
322370
-236052
260552
-247437
337787
-128612
349622
-40315
350022
-56352
377623
94100
320577
155881
290852
166675
278637
240090
177902
302611
142469
315093
121323
313636
9924
352039
1614
365703
-102608
345539
-127498
315593
-150000
247864
-286724
279714
-308488
168020
-271119
199538
-330975
72452
-335692
45805
-352147
-68495
-314655
-77316
-285499
-122437
-292820
-186401
-325440
-181571
-235575
-297998
-139670
-309230
-97538
-290790
33131
-322602
104012
-359517
62465
-272019
160250
-207584
211905
-238596
257439
-108344
281177
-147230
365822
-109189
315528
-4709
299029
-23950
338280
93725
323631
175503
260692
155741
258168
164789
186081
240000
100695
278423
106735
318623
63456
293207
-7926
276949
-89023
345540
-135516
241425
-164804
206441
-244261
166014
-214202
144399
-318277
99136
-267526
-19703
-301500
25059
-223313
-62331
-239891
-101156
-206922
-76026
-179142
-172924
-134463
-154889
-136761
-214320
-61534
-161490
-20860
-255788
-26302
-252945
90157
-179810
141872
-217138
116083
-191043
159074
-179724
161821
-131599
162268
-44485
205030
-89424
221986
-21716
178152
-13223
230140
28225
181430
102128
150673
135817
106974
197196
129952
219030
141795
126097
100391
245828
-8473
270699
-46317
103421
-7518
142113
-33909
168865
-120210
196062
-146442
69482
-128818
71559
-105493
108706
-122821
7943
-146161
22089
-175017
-97667
-102000
-91211
-134248
-77743
-108334
-89372
-31686
-87101
-63814
-115461
-45847
-123842
37073
-107464
12809
-79151
40494
-127952
67843
-114702
124580
-103020
12980
-119496
54467
-120835
170955
-36412
85334
43954
121016
-8207
60498
9593
120676
-10503
118647
136287
21241
56924
8165
58694
48816
64171
7567
97078
-10143
76088
-71477
77140
-32892
73852
-26150
28130
47766
104915
-103678
65902
-25054
-4543
5399
88875
-91316
30520
-16307
-52289
17182
-41361
-85081
-31596
-22850
-4882
-14045
30643
7379
-28639
5291
-11835
-6049
4447
4956
-46670
9905
-24499
-16298
-26250
26464
-6766
28625
-54508
-58413
-10166
-9612
1303
-18650
14173
-36376
7096
-6056
-19735
21608
44079
12487
-14590
6880
-17187
-30540
45684
25584
37572
57194
-17615
-29903
69492
-33916
13998
-871
-14044
2695
-51109
22958
-55890
29024
-23273
43149
-32678
-7648
-11358
84047
-69663
8062
57420
27883
-22363
-19201
37129
47166
24409
-6165
42921
-8268
-8106
49250
-13255
42100
67162
22689
27568
42372
-6232
19817
86997
-8816
47476
4405
68021
11174
26396
-21105
17362
-68078
37204
-10179
21782
-78736
28125
-109397
25397
-60624
43351
-47092
-5570
-104295
-1919
-110753
34871
-69252
-83071
-81233
-84529
-118934
-43350
-18495
-72947
-3995
-61672
17311
-73616
-4306
-95963
-10616
-69804
23899
-92762
25444
-106137
10735
-89047
28358
-122863
24515
-4739
79438
-87774
77019
-135083
77584
8386
69837
73299
52431
78982
107070
92945
94864
106047
68150
72061
27482
102927
41871
106553
15978
120019
29689
108595
-33226
110600
-28698
70538
-25854
120724
-48624
17135
-72225
46207
-113105
45430
-107904
38801
-73421
34192
-78301
2550
-95180
-80552
-125188
-33289
-115378
-40986
-72219
-100187
-89307
-74394
-14969
-112182
-44637
-92038
41739
-165590
69325
-168175
-1828
-128750
96901
-72850
68221
-90035
94343
-95249
125717
-112654
187411
6403
116065
11911
139980
17690
157162
84503
89533
66315
95664
84022
113336
121840
27424
114167
65219
122239
25482
179067
-50675
173552
6519
106946
17322
161112
-98666
129268
-126139
101127
-95823
135551
-128377
120822
-125245
59268
-207124
87184
-171841
42421
-60867
-30104
-197882
2546
-145066
-74828
-96492
-72083
-65643
-117180
-103497
-118053
-109670
-153992
-41693
-167169
29683
-191511
73157
-226172
46632
-94277
62424
-69276
76731
-123057
123938
-113982
156933
-76683
147630
-34552
186616
-35228
205761
-33877
144399
26085
179599
42360
99586
68111
86493
109181
126931
133943
23090
183634
-28858
136286
42597
170053
-11853
177432
-26330
146399
-36543
184418
-78686
162504
-127361
141273
-117494
67634
-191542
119647
-191706
58611
-153422
-8768
-97972
-32869
-182305
18787
-213105
-101504
-118304
-86804
-183885
-88910
-78054
-127139
-45954
-125441
-99464
-76591
56679
-208108
-37819
-163524
64119
-169109
43622
-126719
41473
-77545
141510
-148599
122288
-100050
93921
-65284
158470
-25368
186119
-20230
137743
36489
150376
110106
209313
100675
127390
44341
58149
70467
36725
156640
78227
142894
-7477
106526
-35761
89223
7490
185054
2786
177149
-60113
76407
-43181
108664
-77066
139489
-123939
70265
-163121
105609
-188183
-31649
-77850
34838
-119299
-40724
-153683
-66000
-131475
-114801
-20262
-118026
-92116
-69537
-68603
-186227
-84944
-165968
-6341
-133277
13447
-124065
25922
-165708
103417
-73904
137565
-105930
63288
-30631
168342
-51667
91752
705
49219
-67301
225484
8163
104367
14936
125507
51391
82585
81554
60218
101154
93097
32303
98618
160925
66843
146727
13768
142661
27681
111489
76296
122299
-43537
152557
-72674
107805
-31303
141153
-76822
110082
-111076
-154
-90483
65877
-156741
22453
-149817
-995
-154591
2006
-73597
-80909
-162977
-73576
-76247
-46236
-76016
-72173
-103550
-107771
-45599
-14893
22431
-83763
22757
-88604
18750
-130132
15028
-147517
75042
-66295
58335
-44124
36770
-58666
15071
-45360
52849
-37908
66620
-58088
67842
-27811
68535
28887
120367
-4017
106184
7505
146399
64741
117233
80126
38283
111004
50993
121922
28850
72418
36572
121693
13416
65700
-47855
126555
-68092
86431
-30782
79468
-107164
56805
-106058
16804
-125376
92252
-128560
40980
-121564
-41330
-72103
-25441
-50375
65840
-61480
-13182
-49291
-30823
-67632
-89374
-56467
28085
-31631
-29412
-84159
-35849
15335
-37219
-21589
-18125
43873
-120390
33725
-37523
21706
-107065
113387
-92176
59732
-78068
88294
-63764
75974
14521
10146
1394
69354
1481
96079
-65003
157080
35329
34716
37054
110366
36454
90685
89350
32782
50654
64219
53972
-6573
117765
-6857
108910
1657
98634
-41187
60161
-28697
80074
-95446
90843
-81816
81493
-83575
84712
-92779
19547
