#SpinCore Technologies, Inc.
#SF in MHz
#SW in Hz

[HEADER]
@CLASS=	RADIOPROCESSOR
@FIRMWARE= 3087
@SPINAPI= 20130917_x86_64
@POINTS= 900
@SF= 0.000000
@SW= 30000.000000

[DATA]
7465000
-5584802
9926172
-5133300
10862513
-3285249
11248551
-1347111
11393546
611176
11111443
2671776
10434731
4504893
9485732
6265984
8188969
7827126
6639666
9113759
4990404
10143157
3047047
10827192
1095595
11112453
-868713
11069603
-2756465
10661872
-4661759
10029479
-6292811
8994662
-7644192
7674594
-8862766
6192840
-9773823
4529115
-10296649
2670129
-10574235
791707
-10441476
-1093241
-10006032
-2838523
-9317583
-4582315
-8275569
-6085999
-6970472
-7410147
-5608092
-8495134
-3879480
-9224782
-2232092
-9741246
-422198
-9869767
1321291
-9689159
2974889
-9217921
4573008
-8469075
6063343
-7458300
7193260
-6200134
7998826
-4798149
8693514
-3235582
8976472
-1610234
9104964
-9050
8932274
1667923
8372678
3209154
7572066
4616259
6604464
5818401
5402632
6905504
4007552
7733819
2502308
8206258
976182
8463053
-562325
8370475
-2032768
8130017
-3417331
7464837
-4667271
6716523
-5782151
5645978
-6679364
4477303
-7290161
3225450
-7675569
1828875
-7798284
371915
-7687672
-1016959
-7395294
-2424418
-6617623
-3619098
-5918293
-4774050
-4932992
-5776780
-3751330
-6435280
-2540346
-6981515
-1267288
-7234406
180380
-7289938
1435060
-7089319
2648280
-6649044
3866961
-6053720
4742690
-5229228
5579512
-4195974
6194815
-3131743
6571541
-1894178
6787308
-694774
6716097
527311
6478747
1732301
6012668
2852601
5340452
3821941
4503799
4654264
3570825
5334147
2564552
5901539
1338405
6290937
337722
6301063
-815098
6229744
-1932538
5924123
-2913739
5399049
-3761947
4765261
-4510847
3951407
-5116402
3061860
-5615545
2062050
-5731818
1041193
-5771436
-38985
-5624556
-1030701
-5256356
-2044779
-4857193
-2943596
-4156319
-3701600
-3376965
-4407360
-2555493
-4820983
-1681418
-5239406
-688692
-5334542
237529
-5330425
1210168
-5205229
2108481
-4741148
2887444
-4298017
3648450
-3682229
4184984
-2962095
4499932
-2092551
4824267
-1309277
4957942
-309432
4908975
531932
4737006
1350017
4300936
2094122
3845596
2851799
3271343
3387561
2541287
3914357
1727324
4329795
918901
4459275
70721
4490237
-621384
4397450
-1383177
4161366
-2134058
3835428
-2684057
3382291
-3298322
2797891
-3677221
2199530
-3890671
1525781
-4049719
681678
-4160470
50070
-4053082
-778474
-3789629
-1409422
-3396293
-2034988
-3037756
-2634469
-2423527
-3074089
-1843445
-3402701
-1251660
-3719601
-521513
-3782530
72452
-3812871
780429
-3598425
1478223
-3380307
1985106
-3066649
2486376
-2700384
2848765
-2185056
3184166
-1597828
3355982
-987340
3457783
-419006
3425944
289877
3298118
839002
3010507
1398260
2806338
1930002
2359357
2297227
1838605
2658396
1315176
3002220
745607
3172284
272853
3151811
-287762
3133536
-941438
3019200
-1323350
2696737
-1874427
2453228
-2260234
2021177
-2554437
1657583
-2684512
1144586
-2869627
625619
-2948695
159121
-2760372
-271838
-2727498
-873318
-2485102
-1329433
-2235271
-1734756
-1809056
-2069508
-1408548
-2366346
-932984
-2546868
-447730
-2644294
-37235
-2575604
437076
-2524355
871307
-2457393
1298932
-2169587
1671804
-1926643
1962717
-1587240
2129369
-1256342
2312742
-768785
2448074
-356268
2398564
52107
2347205
477359
2204470
876840
1955648
1239068
1770808
1550759
1351394
1722877
1120196
1997314
626282
2162434
301871
2209364
-139571
2182402
-500913
1999997
-823117
1909644
-1199932
1760997
-1390601
1480051
-1709328
1123099
-1897286
837071
-1953673
503384
-1991771
175069
-2007022
-207329
-1886651
-570396
-1779295
-901889
-1548050
-1141133
-1299710
-1356877
-948613
-1564968
-643957
-1634488
-338054
-1810594
-23085
-1742396
271062
-1705242
536060
-1627228
854725
-1532180
1112281
-1364741
1278247
-1114112
1504084
-833745
1540837
-519450
1563928
-252466
1623974
-2694
1547996
328500
1453980
554886
1295189
803480
1158533
1066724
841588
1148944
658408
1283718
456246
1406422
156626
1452513
-76489
1427025
-365434
1320659
-522467
1256553
-737940
1122538
-991262
924442
-1112300
716416
-1203314
520974
-1270055
268628
-1235152
82500
-1260158
-149209
-1187456
-345856
-1057505
-609209
-926415
-793216
-725610
-882543
-643990
-913643
-428118
-1033265
-190406
-1138859
-32459
-1080645
212231
-1098966
352279
-937424
588222
-933347
681439
-801901
835266
-654658
876809
-462249
896606
-290164
941352
-102797
919306
52056
914147
201137
876645
419720
706785
618286
618408
619154
543232
731624
261861
817719
229466
849195
10746
823228
-93612
819868
-313816
743442
-351613
717921
-534810
557490
-601927
474698
-636078
351200
-676900
253432
-694434
93814
-717086
17759
-685623
-134022
-677158
-226182
-537996
-382033
-471674
-506894
-403998
-434158
-298005
-494209
-131346
-537323
-40093
-666487
114648
-586880
187065
-542242
246004
-495468
372214
-410383
442746
-338336
426742
-215486
510997
-192726
517166
-110428
453189
-168
503452
124920
387995
167167
396745
255766
332669
349837
230401
319754
130965
334683
65216
362328
44002
398510
-41910
354514
-102348
351750
-216674
299336
-229878
243222
-292001
250660
-354432
132621
-281794
53331
-304442
10288
-244046
-67228
-248787
-96712
-266359
-114511
-218282
-172317
-176711
-181904
-183741
-204604
-73820
-229283
-85183
-200927
168
-271222
91772
-243206
98413
-183868
99467
-131146
206923
-191773
208612
-76811
115908
-69861
174749
22596
153032
64699
138474
91556
102041
119047
116917
45648
91668
134034
-9562
184065
18787
104236
28688
116406
-36556
136420
-47141
58426
-107024
105643
-83948
15125
-119856
70587
-133659
-15722
-103795
-25346
-65415
-32053
-80455
-127641
-74347
-61067
-111543
-87414
-48463
-96154
-5287
-155875
66616
-29502
10490
-138717
31098
-122848
126096
-7790
137805
-92749
139379
-104929
91270
23806
85148
17316
146678
65485
122800
46498
128602
139462
118722
162128
94033
172074
55860
153162
-6957
145229
-46279
158424
-76407
106768
-127630
166853
-124013
120936
-140298
109835
-109438
34162
-177359
21651
-118114
-39131
-313924
-66729
-125925
-51811
-194514
-27180
-151597
-109936
-143326
-173954
-55030
-213542
-79290
-124080
14378
-169822
7730
-180840
20640
-160535
172318
-239509
179412
-128917
168637
-86161
198603
-158761
249260
-65381
192308
-13741
253414
14178
264357
110963
262430
105286
198469
213696
99436
194155
172105
218769
61167
313636
1248
301374
-54321
311711
-5466
285553
-112926
216944
-108533
168617
-186729
215807
-239230
129917
-245557
176456
-287637
134050
-244950
89151
-296838
14602
-327735
-118547
-238747
-117778
-230653
-200074
-195666
-224678
-135475
-256859
-105074
-319568
-75634
-283568
-40793
-294223
89779
-362595
136745
-309931
141469
-293172
145993
-211931
270641
-213152
252882
-147421
318484
-123374
360296
-56118
353670
13073
301476
50792
305076
134437
283979
213798
252162
228549
245083
342026
181519
322615
75945
369140
16892
337713
-5710
306756
-60074
406427
-147997
396712
-262411
310627
-302765
239497
-208929
158974
-440059
167064
-415484
83985
-419960
-12573
-422932
-58358
-375781
-194865
-337545
-227261
-311595
-208790
-248540
-328125
-197517
-366684
-67857
-360947
-99265
-362235
58664
-363854
72495
-396521
192075
-357195
252862
-346460
311578
-322608
297613
-234444
398395
-212660
446992
-78229
397710
-40411
399029
-17316
367203
86984
359124
158998
362251
223385
290057
306200
242547
373476
185684
354366
150971
362210
-1024
450896
-101585
400405
-123959
418266
-179802
372459
-305102
369578
-370249
285831
-408884
231442
-351960
142961
-415643
36651
-393525
-5659
-500164
-32421
-404843
-159979
-351270
-217120
-347959
-275747
-240888
-363971
-186132
-367744
-154748
-411419
1488
-369123
11539
-434189
72932
-340416
204445
-304902
194336
-344482
315717
-300531
358570
-206834
283986
-205768
498666
-101552
435786
-19016
447453
76683
409384
76489
427947
208317
244591
295427
237960
339086
240874
345854
96755
359300
56302
374008
-38787
432672
-116712
384733
-160607
375516
-258432
358691
-253759
275854
-320825
225609
-398660
183594
-396853
177855
-354134
50232
-377487
-57275
-368564
-95204
-353103
-204536
-322178
-237577
-270830
-271228
-169581
-285881
-153381
-363484
-84035
-273182
-37036
-331230
94241
-370021
124766
-223196
155140
-303894
242539
-317981
262528
-147768
338877
-165916
348629
-110569
317226
-57402
357472
36934
374715
120000
285945
191281
263245
160413
246556
252782
205252
340032
119962
305064
153155
346064
-16435
346934
23233
365350
-56509
274298
-208089
328270
-177706
213229
-248509
235677
-208211
218945
-364112
97409
-281896
60017
-338786
-68895
-283900
-102175
-262961
-62005
-224619
-151487
-190766
-171753
-117907
-243810
-176981
-262366
-84693
-245134
-21086
-337180
-48364
-228253
4123
-257052
65104
-184401
164719
-254009
226434
-160053
180323
-186422
221847
-65672
264293
-24355
230826
-99044
288859
19707
169999
101327
146423
123426
121285
178051
153846
126126
120530
167343
7633
274702
12777
262770
-1359
186058
10806
223570
-120766
165309
-112232
138852
-101151
199917
-139104
107525
-132124
104050
-110503
58197
-238184
11234
-163831
-24430
-184659
-66387
-162086
-37667
-126590
-130911
-64228
-34721
-147527
-103143
-109733
-157374
-51503
-72214
-13408
-128498
9478
-140868
40887
-89976
529
-29100
71127
-104215
124781
-121855
154709
-87615
122564
-78449
66611
753
94740
40452
157263
17282
64930
52497
112729
70307
147934
61118
-5201
90767
46111
33331
118342
72557
-5901
90859
-70032
40579
33830
41696
-6233
149436
-58600
81190
-28886
37992
-14500
46404
-86993
102739
-39823
59219
-116565
9394
-35506
-33506
33761
-7811
-43175
-67683
-43545
3510
-27089
3108
-7038
-87569
-42812
23441
-94097
-731
36106
-2483
-886
-42857
16549
21852
6535
-27563
52313
-42892
32815
-16280
-32733
-4740
94621
-3962
15633
-15912
21845
10759
-20004
-127440
4466
-21851
-22964
-22542
-34064
1594
18246
-21587
37683
61487
-55192
-80085
-65821
-33678
13495
-62304
35263
11454
23698
-17220
57813
-7597
-6034
-56942
81579
-23120
-6869
23983
6323
-48224
44568
30064
2496
54124
-22766
3303
88928
-6230
99535
18235
44417
40609
47384
84205
20566
114450
-34942
14180
474
56724
-30273
68717
-8696
61162
-15589
26936
-11930
27392
-69948
18337
-83716
12199
-20707
38570
-31655
461
-44483
-15435
-109964
577
-91134
-22883
-78456
-53501
-71858
-61348
-69498
-78649
-46152
-71467
-72903
-30679
-85119
-90017
14864
-96837
-17399
-122223
113861
-112682
55930
-30711
25608
-76954
144760
-52052
65182
-117708
44554
-58073
154991
-24049
106261
62997
74337
14007
164742
-822
114114
-11546
97931
59213
105465
159215
67436
116185
39177
140883
100635
196426
-73337
147699
-46308
133222
-60334
168557
-73226
67521
-15911
34127
-89959
88695
-106093
13455
-108506
10347
-109983
19088
-75697
-8068
-37140
20195
-116949
-75555
-100882
-109337
-89163
-154878
-86122
-124707
-45119
-134238
10476
-149115
15555
-77663
28800
-92036
64931
-154365
86145
-109845
84071
-76933
158296
-82356
124123
-111983
150667
-82252
94907
-69189
161220
-1224
140796
81401
149861
-13576
149653
125985
122434
162001
92457
79947
128999
146703
92868
189580
54615
181526
-68109
164862
-26795
148275
-51382
151293
-65813
124299
-112946
87813
-79624
55727
-110545
90559
-160654
29146
-173729
38372
-178361
-49220
-183661
66765
-231989
-97368
-70000
-152317
-126561
-86122
-91879
-121488
-129902
-166718
-43616
-199151
-13133
-215371
54109
-154077
84485
-114056
91018
-208479
89611
-120869
106003
-73306
173477
-77703
186518
-23297
194649
-5246
156836
61710
153130
19195
267587
75129
195286
78152
90489
145850
81239
155173
123441
131252
53586
150281
44550
139409
-44539
201767
-75173
167064
-46400
175461
-112494
166185
-105354
102766
-169993
165996
-168958
43188
-159618
30297
-201820
-106
-161908
11325
-165817
-75883
-118058
-48117
-130920
-144652
-152941
-135440
-134571
-151446
-60231
-193659
-32642
-174022
5634
-133697
35557
-195200
-9510
-183380
119017
-153925
131051
-141889
142867
-107479
136468
-100987
216433
-92973
192360
-28815
165251
-26573
215959
35347
210364
-312
190045
85597
102052
101181
168988
132301
59642
174983
19053
190111
44424
174998
-55137
186991
18381
179356
-117171
154676
-102523
114982
-80118
137022
-150475
91216
-94080
90783
-157934
39094
-79835
78622
-131415
71115
-195349
-15113
-92383
-71555
-79743
-9832
-118681
-70556
-105995
-129873
-109419
-124122
-72623
-138967
-20402
-160217
-19021
-150453
4909
-157312
1492
-126816
102896
-106555
57621
-95303
79308
-97401
117011
-63569
78473
10716
183383
13352
108989
-34320
99192
1972
128172
52819
82182
109673
122122
85983
89896
116029
4542
130248
15537
57654
50120
131639
-15033
149477
-77880
165614
-44829
152386
-108202
141193
-94014
112802
-78979
45815
-93793
76471
-171953
70951
-128299
43279
-181294
2874
-158289
-1397
-139625
-58730
-113466
-69889
-65856
-38003
-135719
-82267
-56291
-76842
-54223
-91481
18861
-111197
53985
-105792
41343
-117227
-8455
-89642
-22327
-101958
15338
-137503
47132
-83892
89759
-50712
140172
-19315
95744
-44822
95596
-9083
128609
76228
148015
28899
124857
60573
107384
99444
79343
140766
76171
85254
108382
169304
515
93852
-62684
110590
37452
93846
-21393
136265
-70291
110020
-46851
82322
-51569
94803
-72980
81816
-129286
42035
-94020
-6412
-76823
72780
-144305
-430
-101172
12602
-101997
64527
-90990
-78039
-8771
-84414
-21657
-75589
-59142
-110285
-86720
-65644
-14171
-154918
-12128
-120206
75889
-73450
10533
-107487
31611
-79971
99493
-87826
43580
-54519
86788
1194
40354
-19601
102805
-13327
85346
-20643
170930
32499
115760
77084
93611
40825
140045
38493
66531
102055
59115
56575
30056
103493
71452
98699
-10301
139521
32273
46348
4825
152881
-88301
105371
-53377
89207
-76290
5791
