#SpinCore Technologies, Inc.
#SF in MHz
#SW in Hz

[HEADER]
@CLASS=	RADIOPROCESSOR
@FIRMWARE= 3087
@SPINAPI= 20130917_x86_64
@POINTS= 900
@SF= 0.000000
@SW= 30000.000000

[DATA]
8161714
-6101938
10820164
-5633124
11918392
-3660283
12450234
-1514906
12518867
707185
12187696
2895763
11507835
4990987
10431765
6945773
8989782
8612201
7341628
9980044
5525313
11069638
3410035
11882880
1272319
12211699
-823638
12159275
-2962792
11762210
-4979896
11025948
-6849375
9884917
-8404660
8505828
-9719514
6881914
-10688990
5044795
-11431445
2993661
-11533373
988491
-11476321
-1053412
-11026172
-3016760
-10296126
-4963703
-9146768
-6575080
-7778785
-8050108
-6171792
-9238095
-4440022
-10064621
-2531394
-10709056
-552912
-10833982
1391425
-10673884
3219202
-10189882
4898309
-9384468
6431126
-8329998
7752272
-6883211
8838928
-5314070
9492761
-3671884
9953791
-1889774
10074040
-69979
9784821
1724488
9271157
3463630
8366693
4981101
7359512
6367607
5980932
7510576
4524286
8432509
2874626
8983374
1259797
9283426
-368630
9253193
-2113417
8927475
-3618776
8414471
-5064361
7480579
-6315691
6394945
-7202448
5158984
-7965144
3689559
-8455097
2151288
-8589867
596727
-8491157
-879784
-8093951
-2418767
-7517970
-3842747
-6601459
-5115987
-5574963
-6155239
-4271489
-6981888
-2975443
-7649485
-1454258
-7942998
-69838
-8048231
1380302
-7811489
2815983
-7429318
4020879
-6722774
5106128
-5848834
6009720
-4804657
6754725
-3572084
7169402
-2310047
7458951
-945360
7392252
433260
7144121
1704523
6670652
2944525
6020878
4058465
5129910
4995627
4096664
5807689
3070023
6399830
1806168
6787642
549655
6833808
-682001
6854208
-1952565
6548261
-3053162
6039194
-3996412
5379079
-4852149
4536423
-5498203
3570989
-6036255
2429745
-6285895
1362153
-6406573
200261
-6265094
-912423
-5957209
-2034242
-5451385
-3106539
-4739156
-3890875
-3869958
-4631673
-2974837
-5260183
-1990172
-5657955
-990623
-5867503
104817
-5898362
1126641
-5691477
2142854
-5349380
3033899
-4815966
3734330
-4141585
4440192
-3433441
4917133
-2572641
5183710
-1591886
5381563
-667473
5307093
355675
5156213
1167529
4812428
2128004
4410093
2947308
3667878
3540620
2972097
4199330
2196886
4622847
1259493
4914315
387799
4938857
-431288
4916003
-1324536
4693170
-2155019
4299694
-2833945
3849087
-3423447
3245445
-3944994
2586585
-4273282
1773471
-4474812
1026960
-4557458
210771
-4458929
-650584
-4170744
-1451039
-3910859
-1989622
-3438280
-2697570
-2876323
-3246939
-2148329
-3720146
-1512873
-3939762
-698756
-4068552
-49917
-4113634
666786
-4031512
1367620
-3852894
2019731
-3421343
2568148
-3053104
3029626
-2497515
3474309
-1922558
3650931
-1255870
3787315
-636325
3792947
49422
3703803
761590
3480370
1314963
3101040
1931556
2694904
2439629
2177334
2861792
1636505
3160483
1077868
3315275
468767
3440623
-120095
3409322
-779569
3386632
-1289292
3126437
-1884667
2847808
-2279826
2435751
-2639582
1936828
-2856771
1394922
-3052461
859072
-3193050
323824
-3159404
-244666
-3074633
-761150
-2860168
-1272163
-2483777
-1735930
-2178666
-2180948
-1778938
-2384930
-1230313
-2713954
-683051
-2849795
-182016
-2888841
324645
-2845060
837138
-2695508
1297053
-2600078
1614348
-2208940
1921413
-1874977
2304772
-1469131
2496258
-1105833
2576425
-565401
2700691
-77388
2553803
338754
2466886
819023
2254297
1178027
2014749
1583911
1645549
1833382
1326793
2135285
887836
2264058
444332
2379985
44083
2349381
-344032
2347249
-819502
2176035
-1122382
2022140
-1414424
1803099
-1747947
1483169
-1995885
1084835
-2076482
743627
-2157081
374189
-2136170
-55287
-2083492
-438825
-1957979
-805606
-1732483
-1126724
-1498434
-1411335
-1219890
-1656115
-892196
-1793216
-550212
-1950299
-188171
-1940616
99316
-1887778
432055
-1856318
798562
-1707048
1067705
-1557657
1239649
-1320673
1471796
-1004688
1652770
-610416
1757104
-394759
1748095
-20092
1714356
228821
1664393
498798
1485841
784847
1328703
1051557
1135356
1241261
857952
1370161
540699
1532825
279433
1491056
46714
1563004
-240417
1586509
-517992
1457335
-773364
1279114
-1005721
1134348
-1190647
927396
-1221163
685803
-1285207
426085
-1401235
177940
-1411351
-86162
-1269384
-273554
-1222562
-500453
-1103759
-719481
-1001502
-940379
-762524
-1057382
-565857
-1108932
-339177
-1202915
-83056
-1241551
173594
-1169361
330768
-1150287
539975
-1117412
720847
-908900
843326
-719443
960152
-604202
1089828
-437511
1067536
-189828
1117289
-80139
1029093
157826
993496
328754
812077
537068
789921
569690
623538
782430
365801
843622
255210
889135
69507
908460
-20792
898846
-237190
851975
-332670
739107
-448766
693432
-622478
559581
-703379
441317
-776516
354724
-819623
167330
-782733
20708
-805471
-84210
-678098
-222703
-611972
-379034
-502352
-475454
-422940
-583959
-284580
-592905
-211097
-558349
-163705
-642630
12273
-711462
154990
-570511
338644
-528876
333099
-529749
412473
-448870
450645
-343837
443235
-219349
485534
-124620
526964
48220
534772
83283
486183
167449
441652
197461
432257
327741
313847
356631
186448
452602
139341
384195
47687
385708
9450
437660
-90812
452734
-146327
357212
-260890
307637
-283526
242690
-339902
150927
-322455
152607
-372148
95917
-306108
-46410
-330998
-124177
-301587
-92707
-342884
-180542
-192228
-222835
-152783
-235779
-119429
-177840
-93589
-289341
15202
-221511
29584
-182747
146415
-184377
112430
-211390
219687
-121115
197888
-103551
153337
-100381
227771
-99331
128635
31735
157774
44293
190347
64313
132103
201111
99681
258790
28079
176791
23335
198472
-25810
159758
-4076
55268
-34198
161350
-111696
148887
-88812
19530
-134019
39836
-147048
22276
-207627
-11864
-111818
-97475
-88406
-63681
-109325
-51086
-134348
-91221
-63144
-150569
-168
-147241
70166
-125649
63052
-139857
2716
-80183
137615
-98823
111495
-89357
158146
-88695
178889
-14473
142323
3779
135944
51915
118219
96123
29075
106675
115010
138045
124666
137487
12475
196414
-40617
153397
-74338
164740
-62919
129503
-72409
223949
-141018
140771
-130339
132065
-130635
84983
-228030
101100
-217135
233
-168768
-25821
-184094
-60499
-160413
-136837
-164511
-128994
-122461
-156193
-77687
-206519
-55332
-212023
28475
-197481
93772
-184731
31815
-240518
143990
-162085
174622
-120348
122138
-173581
212201
-115598
233854
-132644
240051
-15093
333143
49830
266479
50496
242841
109925
177732
204908
245085
148587
143292
283417
139707
228101
39842
330588
38672
319472
-4665
340493
-105886
257833
-160772
248427
-159879
194363
-196551
171267
-254422
211496
-316362
144247
-351784
31601
-336278
5332
-343770
-74795
-345039
-93315
-325917
-194308
-284060
-142506
-156157
-299127
-146429
-353225
-96522
-305136
-54156
-386146
10844
-342562
92663
-334064
143319
-321257
265959
-288507
254057
-206887
342918
-213489
371224
-128447
386088
-34125
370145
-1871
347668
89125
441408
156662
333297
252388
285594
279099
216104
229907
183865
371339
162491
396046
45854
445223
-26103
434016
-93611
371345
-178053
404539
-273739
314137
-328565
295476
-330825
282880
-388417
265633
-403751
130745
-415421
-3130
-460679
58278
-387223
-86768
-403128
-239177
-386538
-236595
-311559
-307801
-252839
-380957
-176737
-445964
-71620
-476370
34069
-415344
68846
-399128
104209
-458222
223591
-441502
203915
-358257
336806
-261242
370582
-274674
431512
-173927
446056
-69795
487846
69747
395232
79688
421971
171540
366013
229120
323934
302653
312415
330581
176708
416224
115213
403436
28836
486591
-83713
439846
-164255
563813
-285686
417334
-235909
373069
-317384
347100
-372210
255920
-507946
204186
-430206
102539
-466524
2053
-479958
-19564
-486579
-165605
-363468
-258099
-437646
-273837
-294900
-341784
-250482
-386622
-172196
-423617
-75515
-446112
39721
-397407
97582
-384598
148544
-428780
277603
-367815
365889
-310954
339946
-232169
325716
-210651
526342
-99992
443341
-83262
441687
-23969
468120
208411
385571
229179
374536
202533
371956
353591
294912
355042
148532
387072
89034
389270
-41933
411803
-132460
434458
-141863
435299
-189414
370814
-311937
360952
-384344
298318
-344165
204557
-427961
125319
-432026
66496
-415470
-30255
-461482
-100331
-364249
-184028
-406550
-252841
-329616
-221366
-248708
-349254
-209988
-366430
-127275
-470147
-50204
-348630
51736
-422556
166493
-404864
217012
-294594
222488
-302995
277719
-277475
364921
-200285
369082
-146675
413237
-91916
439694
-4784
346872
10398
372005
127183
381660
136447
275849
231850
231184
327043
167961
284691
180496
381428
93461
421382
-29396
322752
-124065
342562
-152625
348897
-174929
255255
-276968
280134
-236520
234036
-307932
149721
-357104
145935
-367633
13100
-324130
956
-280715
-50956
-347184
-172647
-170481
-195144
-187492
-180317
-200330
-230312
-50726
-305597
-52517
-313145
19406
-342167
-25505
-287185
90192
-271893
147434
-278296
179307
-272203
259144
-203456
155702
-95745
215655
-151628
320895
-71631
262720
71778
228428
21040
215804
30100
246270
198086
159066
143206
126093
126287
148251
273698
75790
224999
53558
285278
-43538
164450
-6136
234014
-105567
187859
-86084
210053
-173967
106272
-163392
85490
-151985
135036
-205631
54537
-178160
44020
-176643
-52688
-157397
-107771
-156145
-79562
-184794
-111654
-80680
-90137
-103583
-137024
-50697
-147881
-64286
-112598
45312
-151870
3346
-120706
55146
-86958
125463
-177228
123665
-91067
166181
-109577
142333
-99570
78384
-111578
125515
92260
101060
74393
101460
28816
167811
31196
95621
52897
105868
62033
80930
98854
10828
146987
5349
27113
-72103
135754
25436
107604
-17844
67894
-37929
132226
-41715
79686
-24355
72474
-13940
59784
-25475
48223
-22560
9115
-47290
93624
-67353
33331
-74613
-11243
-46300
19153
-62747
-12381
-25493
-12253
13862
15147
-86669
65299
-66257
-53024
-16217
-84850
3895
22423
1392
-28431
47072
9184
37529
-10072
15793
61224
5296
55007
-7016
-85697
24209
50235
7237
2689
-72467
983
18880
-11663
4807
-42275
-30151
26967
-76212
-20484
-26576
-100869
-26794
13001
-21254
14816
-79298
-51053
53249
7968
-27330
-54224
13871
-63242
54484
-7715
62347
-13648
4596
-68545
62498
-14219
86756
86836
132380
27993
53239
-34953
166866
87308
-47892
43336
26077
104535
11542
96810
3665
76365
-4726
45019
69803
44166
32227
74080
-5408
111513
-3161
59441
-52796
115867
-97563
96233
-122284
68540
-126554
30094
-89275
66937
-124877
44395
-134580
-95395
-40159
-87675
-102661
-17128
-96245
-46677
-99203
-110572
16595
-18264
-39595
-58563
-75862
-125213
7894
-143841
-58560
-87146
46840
-107841
79824
-148534
60716
-73912
84043
-33581
44726
-10217
136944
-129736
210081
36027
176622
65206
133672
44743
120983
12093
110204
121576
110800
49177
90234
93903
54805
128713
60750
163657
-33922
140754
-36698
141554
-7136
163911
-33363
127365
-86204
124285
-101175
54528
-178210
135302
-167529
109139
-106110
23192
-130110
-28242
-206341
-10199
-221271
-105484
-108184
-59840
-141424
-71584
-158864
-118146
-144238
-168928
-48700
-123492
-4947
-135474
-24050
-124102
10909
-175690
48009
-194159
87551
-153653
153503
-88182
88759
-149522
161410
-69945
190624
-42186
186823
22782
151579
-27350
172482
73413
219191
59607
142066
98972
75774
105423
122118
130757
109471
138642
15682
157933
-412
197632
-50651
134760
-95813
166169
-108977
195831
-158852
182693
-103346
164932
-101757
85582
-213846
70831
-109306
28914
-228052
-53643
-195729
-74915
-135955
-59664
-184341
-83669
-200709
-129412
-64578
-107825
-89170
-136958
-51306
-175763
-44564
-69330
-78363
-168603
11052
-207717
100558
-229330
48448
-145390
145430
-90612
163461
-90558
171338
-167127
202946
-98074
156959
-64368
264822
-33252
204411
104616
188305
26953
147625
106926
177298
93351
124792
73540
97414
166269
22747
214057
55228
142300
-31956
242006
-29107
255629
-70390
182367
-146307
199415
-108223
136896
-199938
117494
-216499
90370
-214253
33428
-191680
6505
-168861
19700
-147665
-5765
-175731
-60170
-176725
-52988
-117937
-140843
-59893
-186622
-114707
-163146
-55513
-156888
25725
-200324
30763
-195303
114769
-189424
69244
-140410
85563
-161810
156661
-108499
168666
-91617
139195
-66461
311640
-4767
184983
-24833
204574
72379
206274
38303
166945
70388
158508
161091
96046
131264
170659
212763
-12913
141966
-16284
109327
57169
180641
-82914
208139
-84001
184764
-74719
100201
-67652
145758
-79443
275477
-166156
129010
-161245
25660
-212077
72614
-230734
-3929
-215019
-79304
-217770
-91900
-100719
-120325
-127114
-46482
-167747
-148369
-39746
-174577
-43601
-125782
-84336
-157646
-8199
-154284
32800
-163823
93159
-163752
94501
-149236
63911
-176692
85110
-183241
148202
-72384
130516
-38990
186315
-38656
142526
-34235
163516
-739
119499
26209
140496
97521
118899
102838
143825
74989
69866
154949
41302
163516
-8589
143236
16783
77412
-65535
129161
-116232
109892
-66644
90844
-86027
119933
-83767
97401
-139847
50943
-126078
30351
-228282
34069
-186753
-65447
-120703
-9302
-113692
-55819
-122724
-67582
-173426
-56732
-64486
-174116
-28592
-128043
-86321
-123060
-35449
-143741
26414
-82533
-54871
-133071
57908
-161970
67975
-132321
95593
-97140
149108
-29483
141724
-39586
55040
-21002
130234
-80432
64279
-10655
109659
-19034
112098
28236
153455
68492
109895
59121
102204
140227
90861
185958
22634
112239
33788
123529
-6556
151847
-44178
25038
700
157511
-54813
111128
-219097
102820
-55388
57185
-129979
-8263
-23487
-5780
-107205
42556
-146924
44318
-101054
-95297
-90472
-12679
-134640
-50209
-72884
-93794
-40204
-79421
-76381
-124121
-43857
-81533
-25595
-51478
-18122
-74537
-16437
-105343
-7395
-117940
7716
-115816
-50886
-108878
128856
-155096
71667
-32867
46532
-30212
113474
-9538
83353
-12864
111290
-12437
103873
-36122
89400
51940
132112
85085
43602
81807
140962
61960
83659
102613
41226
111660
-17200
48749
-9730
105724
-31745
63151
-21085
50846
-44584
107226
-24002
32723
