#SpinCore Technologies, Inc.
#SF in MHz
#SW in Hz

[HEADER]
@CLASS=	RADIOPROCESSOR
@FIRMWARE= 3087
@SPINAPI= 20130917_x86_64
@POINTS= 900
@SF= 0.000000
@SW= 30000.000000

[DATA]
1975322
-1452316
2576965
-1362752
2732203
-958949
2925172
-384976
2931529
115999
2858726
643879
2742599
1126455
2448699
1547389
2164494
1953183
1768187
2336974
1387926
2606139
900631
2749212
421480
2831800
-104892
2872316
-605777
2778601
-1058313
2606764
-1504783
2336941
-1852548
1975179
-2210948
1635073
-2471825
1158924
-2607537
788130
-2727592
222755
-2684960
-160104
-2597483
-655568
-2336481
-1101732
-2183233
-1525908
-1831791
-1792648
-1509749
-2148754
-1038162
-2318282
-674975
-2441006
-210379
-2515905
309628
-2452536
699409
-2402359
1158236
-2217646
1446101
-1858912
1704729
-1611960
2018069
-1270617
2211318
-824181
2267402
-456756
2346686
-7895
2270163
330315
2172269
743967
1998610
1122342
1774608
1425014
1439596
1687739
1110151
1944113
731103
2043584
284307
2161376
-109381
2164808
-389069
2010884
-826595
1968030
-1195134
1708302
-1444960
1502773
-1683369
1247443
-1902361
838841
-1905886
565179
-1956158
226976
-1917422
-196993
-1881408
-515495
-1693150
-887541
-1540694
-1206023
-1250392
-1427229
-955577
-1617045
-720188
-1769768
-384195
-1774989
-37909
-1832289
334078
-1799544
625335
-1755327
976741
-1564546
1139730
-1395280
1337457
-1178814
1568145
-812173
1653436
-493888
1675245
-261296
1754830
36531
1665186
334625
1593384
659175
1378479
959160
1251768
1178116
983797
1297601
632771
1488912
434179
1506673
154973
1672013
-193939
1563868
-413204
1470228
-676881
1440352
-870975
1242289
-1089916
1038342
-1326465
852772
-1358761
539144
-1489927
277616
-1549434
-59849
-1351915
-196698
-1373866
-456965
-1264946
-745289
-1072292
-922749
-855205
-1062221
-719834
-1205937
-464937
-1267022
-267200
-1341317
66013
-1361554
239698
-1262843
413532
-1233299
670536
-1145931
921851
-964149
1053972
-778336
1190183
-589947
1253424
-406909
1248175
-157610
1242039
53274
1226853
365570
1063009
528085
1005302
690378
859156
852687
700201
1002949
421713
1047580
273473
1120746
39113
1152307
-140098
1090629
-345368
1098304
-550700
1050338
-650911
823324
-794363
767804
-961214
576875
-947846
407268
-1049454
162193
-1040043
-26393
-1031344
-151689
-991385
-338700
-874488
-431788
-795978
-592513
-660616
-796804
-451148
-869625
-333514
-925002
-139925
-984126
-8192
-964882
199246
-926211
323343
-904038
464168
-785574
668158
-704748
715808
-558139
872730
-426860
866733
-261274
865248
-135991
873364
24567
832209
204378
854404
436933
719832
467591
643150
531145
538846
637963
358986
744697
242910
774582
17146
842318
-41221
821196
-211668
810350
-321316
721518
-506229
700582
-518491
535793
-647384
383489
-692906
280599
-691816
196840
-713120
23365
-681793
-80870
-712512
-229959
-622273
-381633
-566693
-425718
-501292
-499291
-284637
-578412
-216498
-633087
-178769
-675302
-2680
-646070
136163
-664786
162429
-583609
316263
-594739
397374
-475997
459388
-359507
536177
-354263
659775
-138835
564875
-109767
655597
-218
617906
108333
584997
262242
471679
317382
417418
413566
359689
520417
223723
473565
183884
500073
36867
570863
-56416
599526
-71295
554366
-287136
556328
-288553
415640
-388240
367212
-451081
317625
-402939
232472
-536171
156646
-517476
45930
-543642
16731
-519960
-185562
-458993
-183046
-393246
-260228
-309115
-334694
-196650
-478116
-143918
-464863
-58579
-475764
-10433
-440149
122744
-437642
145572
-431956
232549
-329209
285794
-374352
349454
-281361
300356
-254541
347577
-188170
388993
-63571
443035
37319
408078
75768
331634
131213
296711
212675
349626
203444
202456
396495
209706
351925
80936
318679
65228
405958
11731
346757
-132146
323296
-207374
319191
-207283
228795
-316952
243775
-303798
122170
-282012
118046
-315986
71012
-327474
-3520
-310302
-93586
-301242
-71327
-216894
-130151
-234699
-191199
-192808
-270624
-138825
-329377
-94906
-338117
-59964
-297082
28677
-272723
78938
-274020
104188
-275290
135696
-252368
170033
-167928
245064
-181034
250021
-88510
241787
-54206
273238
33379
249609
60615
289433
54085
185686
148128
168838
85625
117367
171404
133677
169563
106134
230974
21829
219771
-37363
136386
24693
231238
-115979
105506
-178467
172381
-199671
155751
-174323
160050
-187427
131594
-188956
41644
-201400
25399
-158632
13299
-183969
-28706
-103500
-97734
-100708
-117336
-180944
-129197
-26401
-123551
-105478
-166581
-21751
-119115
-53722
-152055
69474
-134317
12751
-167032
88813
-133787
128116
-206335
112385
-69264
102916
-31870
191824
-31367
72456
-7426
125748
37912
95704
70947
142159
77069
163285
111979
93430
82431
71623
138808
-12495
72771
71379
131994
-26791
131028
-69768
105729
-80653
92154
-80254
80805
-48753
94037
-120760
91726
-37098
-20306
-82318
-2571
-150906
21253
-19356
32332
-27171
-44216
-94489
-51887
-55670
-88615
-78562
-66778
19366
-83971
-15008
-72005
63934
-51954
-17647
-12806
-15236
-45324
29801
-28364
14769
-22560
126868
-47016
50543
-35419
35728
-27494
53004
-3705
66563
18107
38592
-51094
7587
62971
32296
12576
15615
-11502
851
47500
18677
-46923
-41204
45858
55284
-40103
-25666
75488
-60395
30276
-11252
-6844
247
30487
-44966
-40992
-66760
35614
-3433
-52399
58403
-18120
31898
-24980
-27736
12914
-41920
-12293
104572
-139242
26574
-74767
25506
-5840
54363
-8579
-6073
36772
8892
-49568
9101
44355
45144
34823
-13245
-41066
-2206
-53999
-17973
26492
16505
8571
-21097
-22202
26910
14581
1430
-14378
-20390
97282
-52985
7718
13766
62354
-60442
77268
-73743
61700
-50822
19281
-39325
14601
-19190
-7984
-113064
54932
-31247
70128
79402
-10350
-29682
706
-41264
-39799
-55290
-46835
-115933
-67678
23899
-24589
-36157
-45997
22631
-55863
-13011
1210
89370
-28416
-23740
-1967
52477
-49833
109789
-31900
73651
3977
50699
-55996
31048
22987
29264
-24091
31440
-35537
25338
18334
79751
69378
51403
65083
-42568
24457
59933
118783
-74482
119575
-50984
67646
28948
76548
-48638
-5280
-15594
57640
-48773
36155
-75087
40390
-77137
-30198
18483
-41790
-95499
-10150
-107208
-10544
-44035
-24281
-71084
27034
-39633
-78028
14310
-43113
-14031
-120884
6758
-79213
27092
-98886
7278
-114912
109741
-75270
-1884
-71767
126436
7990
20318
9659
87873
-31974
10323
-51434
93313
-44214
86795
76187
84958
45061
103972
77660
69021
53779
-6978
57891
74489
52691
-21858
92191
37084
112545
16328
143149
-33052
119539
-42322
103497
-88673
83605
-77955
39180
-52062
61130
-72666
47090
-114869
12511
-137521
21187
-59368
5439
-74607
-24547
-99233
-34124
-77717
-58713
-88811
-82353
-83033
-58862
-34310
-134082
-16558
-17352
-54846
-108765
295
-80311
16834
-131783
105969
-83517
55998
-93571
61074
-12455
26946
-28142
91933
2664
136266
-22741
74688
-5358
144742
12080
129206
77303
93245
108269
69970
22354
7545
81897
62090
80901
52042
108542
44784
106864
40623
135244
-3710
111301
-40484
95950
-75148
101420
-96183
87760
-87314
91393
-111430
27153
-59005
42073
-102270
9891
-74556
34109
-96029
28762
-104049
-127237
-87673
-90936
-5803
-28567
-57026
-55884
6557
-102839
3664
-61348
-22211
-27385
36232
-70303
-7273
-78975
50909
-110918
39321
-30114
127671
-124654
35892
-25748
98864
-115396
132041
-44015
99904
53386
97465
64625
74509
117019
77928
17126
109655
82068
17769
89279
2003
94144
56181
68382
3486
108661
16282
113353
6484
145439
-57934
35965
14857
164052
-48756
52466
-61931
78121
-137169
61633
-143326
-3341
-49697
-52760
-142526
30097
-72478
-15743
-125920
-23510
-108450
-111325
-4906
-67399
-25836
-132660
41351
-52998
7593
-105695
-12888
-88585
12166
-112679
53765
-134258
28290
9985
44333
-52334
40180
-55821
116469
-80024
138420
-6790
64154
21879
68901
46809
83544
28623
55782
-2062
-13002
75360
143
75354
61704
61702
-61161
101751
43036
20479
14564
138076
-18192
32435
35563
83120
-5091
123432
-100903
62998
-5341
96568
-58716
-8840
-25086
-209
-27217
87051
-58400
35245
-71882
-50000
-93480
-13300
-78316
-32311
-98122
-67357
-3824
-45835
-67275
-44411
-54805
-64196
27900
-105731
21026
-35502
-17276
-40304
58533
4238
26811
11667
82719
-45547
113726
-15113
35125
-6167
98716
-30745
70541
-52580
92213
-17195
56927
60947
77800
64891
23850
33653
86030
-14495
-9473
34881
48564
-36207
69204
49783
15633
83757
-28977
43958
-73190
81975
-40243
20891
-66186
8978
-25153
-43903
-76789
-5257
-46691
1285
-12643
36374
-21935
29152
-8189
-9416
56233
38539
1915
-47410
-64239
-70590
-39655
-13642
-46458
-99291
-5129
-59767
-18990
-55696
7331
5834
21367
-15893
-10546
-70506
29775
-74396
-48823
9881
7568
-67277
18770
-27480
38197
17386
11116
11677
71783
-32338
45749
-6260
-25004
-19249
-2331
44758
52228
-59729
15100
24399
-51293
29694
17030
50640
-7106
45454
-67788
11068
-343
7169
-28121
65299
3933
-30136
-41839
-3428
-52880
3711
47172
-18028
687
8170
-49248
5636
-25633
14414
-35915
21948
30111
-12866
48865
15040
-30859
-3620
156
-60667
14891
49597
-5211
7948
-829
-33238
-27535
-30986
6810
37347
-4185
317
-21935
1651
5687
-19516
38632
31184
-39094
89347
19017
-15295
-52924
42155
-19957
-22571
41747
-60315
-37361
-48631
18501
20021
61099
-10848
-31969
-31146
3119
19865
-7513
74088
22051
7432
-51597
2759
-4582
-7496
-51400
-19650
1632
7078
-12725
30276
9572
-40992
50160
31053
-834
-28075
2875
-39308
14744
42950
-13550
-53146
25616
24173
-57198
-40613
-31581
5304
48631
16287
79180
9247
-35856
40090
-3136
35830
50315
-14710
-37871
2544
15996
-9428
-43057
98053
-21704
35113
-64834
-930
23656
27050
-53511
-23808
-33408
-36140
-38990
-14259
-44901
-29430
-31821
-16184
-4192
-65321
754
-22346
27691
-56670
-43731
-21370
-12459
-11095
23131
-16433
-7172
17204
-4424
-35146
-1680
-8266
52920
-13266
-13203
-1810
25423
-15213
-20787
42226
51334
-26396
30258
35682
25895
65580
-27900
-47574
53156
34300
-38174
-31542
19094
-11695
-50175
55533
-13782
55584
-66892
15400
-26041
-30236
-39772
39514
-102630
45711
-3356
51031
-42828
62283
11270
3981
-63398
1370
-13565
-7886
-17834
-40046
-7102
51601
-37066
-102681
3543
40803
-32332
-53335
2775
-3659
63476
-10770
-37107
12310
2535
-87510
76415
22252
-10582
-25555
15423
-7605
51857
-26892
44079
-22714
33948
-13736
25493
-221
35478
31959
43947
65183
60233
2139
73979
2080
-15615
51105
-3778
10692
20656
63786
-8272
-38121
-17980
74411
-76532
52416
23091
95562
-26702
61443
-43591
42652
11917
89312
-9053
18445
-30863
-7902
-33305
-88395
-50906
15185
-36603
28830
-73168
2803
-30380
-54730
-62591
-50043
-73105
-51295
-119807
-33912
24529
-52386
-14221
-69126
25072
-46536
71516
-1450
7129
-72784
71426
-52470
45292
-26564
-21423
-1105
34460
23352
47151
-43017
93767
-14853
-3084
-51351
-2407
-88399
73159
50618
-26439
13647
-27974
79817
-6788
4729
5789
12667
80214
130848
-1219
25698
13047
60649
-13122
69172
12872
31997
-31613
23439
-78624
107999
-45841
4818
-37615
79284
-42708
22713
-58815
-52849
-49274
6644
-37921
17458
17663
-3537
16020
-40686
-31022
1643
15022
-118095
-59156
-45474
3819
-13763
3581
-85394
-10581
-67808
27932
-76638
89011
-14641
74893
-71615
39816
-33849
11323
-55747
104602
61059
45799
13292
57843
-8812
-5914
-5
-46926
17676
3017
8076
-12043
23427
81317
60716
36995
50233
22678
32438
44267
8846
-10261
1633
-55824
21043
-34850
63347
-51994
54650
29444
35453
-76496
50960
-39912
-44844
-35209
-8377
-75315
4257
-29989
-26248
31285
-24219
-41816
25338
-56295
-28620
12294
-8802
-15937
-32064
-111853
-62745
61584
-48211
-1754
16152
20092
-27037
-21726
-85065
55956
-61921
5936
-37864
34962
-7501
73277
-87054
-34556
-8390
42650
935
59496
-9589
82898
33087
61200
55436
41617
-22686
36445
5270
14257
58962
-26768
6381
31038
-99813
1203
55806
-3698
57784
7846
18815
-59561
-67463
-47403
18712
-18793
38474
-50421
70771
-38867
35292
-22293
72562
-52600
34951
-24012
20037
-26834
-35053
-46215
-17233
-57940
-33494
-37735
-21221
18883
30269
-29845
30037
-81694
-31073
-1584
-36314
-2626
-53125
-21993
119
2218
-20194
-27494
-19141
-6961
9242
5135
28018
-20550
10542
-6008
-12339
87359
-12657
64225
-10009
42072
6160
48123
20418
62305
43049
37349
39407
34834
-22055
63136
48883
-50147
28281
49104
46394
-1069
-29799
-46656
-64468
-6032
45574
-18701
69176
6288
-10350
6706
47766
-7936
-12062
-45487
-39208
-53376
-8480
-62593
-24614
-77629
-21592
-59151
-36450
-45192
-32482
-56244
32751
-27691
-2422
-36867
-6874
72168
-86447
-24020
-53670
12074
10201
-16976
-63878
-3382
-16974
43357
-18080
-6360
15542
19927
41920
32902
-44043
30216
-7629
66222
-21556
-354
6203
12238
307
31875
-26397
-27882
53956
34476
90200
76182
-5347
2066
-20946
-12331
64051
-20387
17670
-8165
10147
-24619
73490
-4935
57423
-38036
27472
-35131
-8818
-2760
36611
-41975
-6324
17546
-18493
