#SpinCore Technologies, Inc.
#SF in MHz
#SW in Hz

[HEADER]
@CLASS=	RADIOPROCESSOR
@FIRMWARE= 3087
@SPINAPI= 20130917_x86_64
@POINTS= 900
@SF= 0.000000
@SW= 30000.000000

[DATA]
-4747584
3479790
-6399573
3292204
-6957519
2102023
-7216653
873196
-7334181
-438390
-7171852
-1673795
-6704466
-2964553
-6060502
-4044091
-5347325
-5097020
-4318255
-5832756
-3180187
-6550026
-1952982
-6959536
-762968
-7155541
542528
-7209004
1773850
-6977045
2918286
-6415929
4000283
-5782540
5000383
-5018498
5764703
-3994455
6336028
-2959911
6702036
-1767921
6797983
-589415
6791574
658759
6465070
1817987
6031805
2879194
5401410
3952891
4617798
4802644
3676799
5529021
2622636
5899178
1459639
6299497
302824
6461919
-859700
6243786
-1915096
5998302
-2928591
5574213
-3837979
4922849
-4611141
4066080
-5218825
3159452
-5622181
2189129
-5824273
1042451
-5936213
36796
-5794608
-1071786
-5448917
-2064487
-4995323
-2921409
-4339137
-3820941
-3480066
-4466192
-2592415
-4992321
-1709323
-5207367
-741744
-5475874
307277
-5445993
1282731
-5286801
2166670
-4919070
3064561
-4345904
3758707
-3778593
4294841
-3017801
4717909
-2130105
4968577
-1195693
5040690
-286234
5017486
594515
4791951
1427866
4356235
2321972
3869605
3001298
3237084
3635220
2468609
4174956
1654903
4556995
847054
4644569
-623
4740288
-853605
4548101
-1654450
4347650
-2408263
3819932
-3025057
3373084
-3603526
2825085
-3985879
2049130
-4262504
1305982
-4411281
482789
-4357563
-259800
-4227469
-1069670
-3890113
-1790412
-3506450
-2428840
-3031706
-2985887
-2433327
-3355984
-1765508
-3810845
-1039919
-4002625
-245908
-4120748
458276
-4010911
1178399
-3822813
1832588
-3529612
2408123
-3159712
2988463
-2581680
3324747
-2053431
3557339
-1375890
3748953
-686390
3748356
-30735
3683845
643664
3471164
1265037
3182867
1806988
2719482
2374738
2286051
2721888
1744557
3156465
1177786
3343816
505823
3484645
-89618
3433981
-761262
3312816
-1196396
3134902
-1778925
2880926
-2263359
2414680
-2664024
1923003
-2952799
1434769
-3116403
964957
-3138166
321443
-3140239
-227340
-3052903
-865233
-2755009
-1237287
-2500270
-1744786
-2116341
-2157252
-1674700
-2469375
-1235888
-2659713
-671229
-2857229
-134899
-2934462
334455
-2846531
814331
-2739609
1282682
-2522031
1686230
-2162899
2028485
-1849014
2328196
-1447066
2605822
-1004443
2615673
-568689
2634514
-29696
2647358
434336
2508348
859614
2359431
1253130
1967838
1669995
1654466
1917293
1309722
2136422
825330
2285773
418525
2400386
-38142
2481680
-400392
2374219
-811409
2272988
-1260189
2042888
-1500397
1865251
-1761115
1448712
-1994828
1033503
-2152487
806661
-2216102
322703
-2234060
-72589
-2151483
-422953
-1976592
-833443
-1843186
-1163106
-1557352
-1475791
-1298263
-1717046
-948039
-1773240
-559326
-1979918
-232797
-2017342
145291
-1997143
469727
-1934632
828481
-1800461
1088273
-1580207
1346405
-1469057
1541832
-1082097
1730893
-841589
1815587
-561154
1835272
-134564
1858254
121198
1853233
490408
1669254
792342
1413408
1011882
1288394
1315849
965550
1409689
667249
1546866
405472
1666573
114169
1678917
-236601
1659835
-486694
1570572
-793453
1478142
-965759
1336251
-1201027
1075162
-1358315
801725
-1430760
582337
-1516854
306401
-1470414
37611
-1451886
-273003
-1450193
-442553
-1304394
-701009
-1136662
-907944
-969359
-1109946
-656268
-1227721
-501533
-1310831
-202939
-1381113
15289
-1401935
199188
-1343131
467294
-1280072
650895
-1161417
893356
-1015506
1029471
-814546
1147500
-682011
1207022
-421838
1280451
-147179
1273439
91612
1247453
303289
1113809
491309
992469
671981
881747
842091
675239
1013525
538644
988837
299561
1144287
127589
1128843
-77954
1097938
-275865
1112245
-485132
959066
-700502
988417
-781213
726930
-894041
624908
-947122
423631
-945441
241054
-994217
71117
-991043
-86335
-981030
-306255
-862938
-457164
-771519
-587440
-625641
-747636
-496122
-894328
-389779
-836768
-110517
-886354
58064
-919045
171939
-813324
361073
-876696
435610
-753305
529861
-673558
707800
-544490
781295
-387627
800880
-217038
803658
-86481
743896
17210
807716
197252
708828
393573
585453
455946
589576
475657
418100
626242
274228
613498
180659
693007
20980
744360
-33553
692139
-194040
646481
-311125
627176
-351941
481803
-430417
406759
-518569
308715
-527812
258725
-593439
107552
-570518
27428
-605172
-88086
-547642
-239688
-493697
-315107
-410435
-374312
-340474
-398587
-225037
-553830
-108448
-496460
-59264
-525423
75464
-518174
188713
-481108
228451
-444911
282132
-350660
350066
-416859
401307
-227907
452480
-178023
467065
-95576
506163
45894
470967
67385
441175
132815
344780
176894
289857
315302
292374
366403
148167
385983
145696
359166
91080
312231
-25691
335088
-73539
321894
-109723
354782
-212552
243105
-190107
165593
-286582
192045
-292262
154989
-281139
21793
-358880
-29909
-337580
-10989
-281578
-98321
-193127
-169795
-193273
-164696
-80979
-248108
-137125
-183861
-89521
-321221
-42908
-243261
53394
-195295
68513
-239981
134430
-178618
169553
-172582
152692
-42497
228174
-93435
186687
24917
138734
-50728
201328
-8360
129442
83592
194629
56236
152980
108353
152522
165829
71457
182159
23852
147912
30685
112947
-15390
175529
-44531
86582
-76319
104503
-38613
137531
-120270
103874
-82271
37849
-119579
52701
-97424
-9993
-65632
-80347
-105925
-31107
-54820
-80567
-72141
-84852
-66822
-147076
29553
-155521
-28255
-113727
80229
-120339
-11962
-85715
118973
-91931
32103
-95626
105817
-73162
39720
-44954
94056
24593
72838
5708
62975
72699
77951
65638
27989
47116
-5660
64047
-2950
95639
-32703
94588
41401
98157
-71743
64167
-99517
74657
-108957
57760
-94147
1340
5247
59914
-76104
21597
-67023
10375
-117579
-18240
-101329
-43817
-89910
-68108
-60736
-61445
-10253
-60640
-57895
-82195
-27382
-153160
37099
-168506
102015
-73080
68001
-30143
132492
-143856
73284
20880
77014
20085
131466
-79091
163303
29369
154434
47179
56857
110001
129691
62935
141256
166367
90516
102998
91994
151218
63373
207533
14703
204039
-38577
133595
-60249
200398
-17924
107992
-88252
157663
-217590
133766
-172091
120000
-99776
121476
-128955
61677
-125020
50926
-106363
-30687
-111393
-79544
-158230
-157678
-75838
-115845
-80121
-87017
-21340
-148833
-34322
-213911
-23895
-189603
4148
-153969
2771
-194706
52526
-181820
166052
-154866
177100
-72927
183630
-141728
234004
-90505
255230
2738
215650
32447
214553
36929
152942
51644
178028
159824
138961
163906
83985
142745
64495
153429
68243
216409
4743
248000
-711
182368
-3789
182156
-109565
239567
-147258
127132
-188834
208285
-179221
150881
-240931
52108
-216789
15424
-188961
11594
-209931
-47680
-200052
-115155
-214370
-148806
-105669
-128105
-144667
-118230
-62134
-191745
-54514
-189469
-60438
-162013
58742
-244202
139809
-217062
83468
-218496
108226
-163702
196125
-110200
225384
-145659
308560
-142750
303942
-18082
277539
8972
272098
-379
261943
114218
205770
108603
232258
153351
178528
194411
126341
240801
191413
230398
65564
265338
36004
253539
-80183
269488
-104056
256150
-170890
264939
-208894
206111
-194487
226276
-198399
107655
-201904
95913
-251939
8588
-207040
-33064
-261093
-121169
-262095
-134244
-230556
-141103
-156407
-256136
-179528
-275232
-27490
-197497
-94133
-246429
-61862
-249758
41811
-213123
108838
-239462
223809
-301805
227352
-165949
277903
-205763
189724
-144493
216688
-35684
247616
-34418
301449
15595
238890
116059
330135
112966
262510
145490
281125
237164
237879
281980
96979
269520
76395
309839
-19418
272887
-25573
257089
-34353
268020
-107096
328637
-168842
192890
-206565
160088
-235030
149893
-230411
97412
-334302
35250
-185448
-2356
-261168
-16610
-266037
-2366
-215207
-162470
-153925
-148682
-169002
-283664
-115919
-259322
-105945
-302373
-45986
-215625
1619
-276008
2753
-239573
88230
-226806
130671
-175285
244733
-207879
202944
-138390
281168
-89409
216958
-82155
209862
-36181
309715
36939
166849
68889
196451
49058
204417
139770
173474
196522
121963
174775
108180
205797
63705
217172
-47373
282442
-5141
241236
-107940
258294
-127192
180139
-189360
186896
-203430
64654
-176459
117836
-189878
49770
-186711
45972
-252584
-27250
-174233
-47784
-186888
-104969
-161406
-114920
-170085
-159000
-168549
-193119
-106872
-169980
-21078
-187799
2824
-222228
2495
-176325
39328
-172590
147675
-186747
147276
-173505
228669
-117754
209201
-105663
223907
-99539
155278
-37841
209988
22979
188602
16313
170618
58535
157531
116984
104667
127141
152646
135207
84587
184839
-16909
199501
19902
203374
-34298
186011
7910
170586
-3616
170829
-160478
161056
-119675
94195
-135006
134289
-132147
75420
-124954
3806
-139155
-979
-163699
-47816
-93607
-106385
-126901
-58641
-117955
-104034
-72798
-69848
-82945
-107231
-38313
-151250
-27266
-50928
7694
-103072
72717
-207806
-6205
-160006
83184
-107416
25517
6023
81435
-43576
101039
-71489
88919
-85196
144812
12003
124801
-54603
97786
2024
61467
-19586
140169
70680
92329
40534
75196
32829
27718
101433
57999
88723
64276
89930
7846
50512
-31239
107758
-77864
48796
-75006
50269
-40890
-25202
-66403
45993
-75146
40656
-47509
-49143
-75655
-7682
-72436
-73470
-24587
54996
-65682
-4539
-62399
-91020
-40043
-56257
-4589
-67946
-18777
-38886
-30440
-51308
20976
-81593
15941
-85547
21245
-27490
36454
-32969
8397
-27483
51380
8388
65507
-46946
60040
9868
35065
37142
38396
-25371
12909
-6853
-461
-24591
-40231
-74859
-18216
3762
-7063
18881
75433
34313
-47679
-27764
-10472
-24040
-19266
94123
1893
-1894
16581
-34533
12388
29369
57148
-699
50247
-6218
23935
27017
-33378
30753
21685
-83356
11146
-489
31771
-20677
1367
3806
-8868
-37501
14196
-14131
-13598
58726
69107
25508
48626
47392
-18754
-15797
5039
17710
1576
-12093
29952
49674
897
8185
-20654
-36224
-15746
-28612
30765
-5599
-85658
6594
-67360
12792
-45852
-34033
-18282
15073
3641
-19889
-19181
-48590
-50293
-44703
-38919
-57157
-25375
-6655
12255
-58749
13709
-23387
-36290
-83136
60518
-70933
93809
-45800
21357
-45966
24777
-46395
110693
1190
35509
-29694
55858
-7384
98675
-15171
89732
-47553
18058
-23039
39739
27641
14576
106936
59402
36372
41017
135462
54815
18369
43583
82529
65004
94872
-11904
47437
-41097
48668
-72586
59938
-17892
60588
21603
61980
-83185
40262
-39741
-40244
10791
-30709
-39563
-6772
-73991
-38210
-57154
-13045
-87985
-13473
-21142
-80607
-51632
-64127
53957
-113685
-47291
-75737
11824
-72317
11242
-74735
69301
-102239
244
-90382
-2797
-35887
109775
-40162
121734
-54779
90049
-53345
93134
22061
134405
-12423
94744
30074
57523
56416
103341
-1866
36994
90381
93020
108385
102946
62527
62301
94151
13467
40330
-19428
91446
8551
94490
-20997
91922
-69828
63181
-51088
77676
-60888
40069
-64074
8622
-107830
46059
-112846
63000
-118322
-79083
-45255
-25525
-189484
-25824
-50999
-86336
-111913
-88310
-68517
-150710
-52398
-99162
-57051
-141939
12284
-137074
25074
-92534
78369
-135547
75459
-71464
-38284
-64496
92528
-14291
144170
-106799
149044
33393
109813
77405
169042
-36364
80011
27152
86543
-15021
124798
42705
108148
129493
53235
86390
67728
71368
-46067
121212
-1410
116881
-22046
120086
18601
110584
-65715
150585
-57458
194208
-49093
134528
-44838
118238
-127074
132318
-110977
-15698
-147852
13651
-168111
-59201
-75943
-49982
-118748
-11617
-92426
-83381
-21269
-35377
-42661
-153186
-63772
-64628
-54
-128506
-5737
-157487
-32470
-118632
104491
-147349
26865
-102143
81501
-83848
114322
-68817
84870
6475
113214
-49282
106830
-36672
89307
-35913
160580
41635
107142
23607
161548
28950
9486
119905
33340
56000
64975
80526
64261
138821
41705
98829
-15050
159594
2972
61439
-66990
131450
-32757
129338
-6865
132823
-183989
24019
-88766
94084
-117527
100234
-37413
44616
-142643
17188
-132234
-13295
-79299
-50917
-34594
-75120
-119745
-65766
-73286
-69911
-24868
-75003
-24810
-110638
45777
-135261
49768
-69709
7467
-154741
53322
-136126
92735
-34012
78929
-61817
74186
-44432
113315
-43947
63801
-48894
105495
-37147
63737
30423
123155
47272
105253
-8644
47201
83635
110353
84463
96745
122566
64518
113193
-18452
115393
-48340
96506
-58704
109436
-64811
81654
3954
85167
-24303
85386
-50083
108041
-129665
4526
-79822
26332
-163148
49526
-76467
-8292
-127091
-10450
-92268
-106802
-127439
-32155
-93623
-41874
47170
-93535
-49770
-46857
-10171
-134983
-29531
-80196
1890
-73764
26854
-116527
-8024
-106285
-4855
-35043
71909
-117957
44791
-43366
134635
-74459
34641
-18273
78641
-1820
110072
39959
78591
53665
92295
4079
20323
15229
121009
89036
113794
75359
4882
22727
58603
7929
23203
95812
-26509
73699
55325
100228
-37777
107670
-127250
128030
-20956
75998
-30722
76473
-18478
51623
-88882
74472
-23470
-9694
-24519
23925
-69932
18264
-107970
-37203
-18163
-4295
-88630
-49750
-77915
-7328
12982
-38212
-19673
-31609
-27761
-9153
12720
-18806
41096
-123783
-32120
-50282
16301
-101196
61280
-58048
76976
-17886
60413
-96767
40101
2975
95669
-39485
85000
-19878
59632
-27847
-9307
22650
86733
-38897
127757
-9746
91632
132507
-8493
124247
85692
101086
50536
10359
38433
57204
12715
63443
30864
63353
2597
22926
54015
144333
18103
39940
-39651
47023
-21182
-2156
-2394
63825
-33745
18785
-35359
33037
-28162
-37240
-47135
32621
-130203
-32090
24943
-48690
-42597
-14878
-14766
-25747
-3938
-2679
3404
-32663
10553
-58947
-28907
-126395
-36450
-43410
51114
-100212
27249
-67230
41018
14014
