#SpinCore Technologies, Inc.
#SF in MHz
#SW in Hz

[HEADER]
@CLASS=	RADIOPROCESSOR
@FIRMWARE= 3087
@SPINAPI= 20130917_x86_64
@POINTS= 900
@SF= 0.000000
@SW= 30000.000000

[DATA]
2670442
-1989082
3532079
-1866875
3858442
-1183050
4092173
-605466
4135298
217625
3984696
857906
3823543
1647093
3450968
2241253
3015876
2750947
2460648
3257688
1827793
3601962
1102838
3873647
477156
3975735
-233683
3968862
-927758
3804654
-1600317
3636997
-2254509
3256840
-2707815
2808479
-3121907
2275383
-3422530
1607985
-3657939
1033621
-3775538
428050
-3788751
-345900
-3541285
-1001727
-3329746
-1604741
-3016105
-2133129
-2608875
-2603978
-2052162
-3027716
-1459371
-3329862
-846937
-3427393
-234837
-3564320
463028
-3435185
1007038
-3289497
1556569
-3042124
2166675
-2627056
2508583
-2206527
2936040
-1724165
3082121
-1189438
3206962
-617617
3263082
38473
3185441
585050
3020815
1050994
2686787
1631158
2328956
2083779
1974706
2493148
1407619
2734105
957526
2897402
317025
3022203
-146629
3003410
-639121
2902461
-1204417
2647054
-1652851
2389671
-2076803
2084031
-2370414
1610268
-2613316
1194666
-2724949
669396
-2854897
232140
-2761949
-389203
-2608496
-844963
-2460074
-1329963
-2110195
-1672641
-1782631
-2028832
-1391672
-2197734
-888828
-2494158
-418600
-2601123
40181
-2616238
565379
-2568790
883855
-2402724
1374611
-2147065
1722439
-1891399
1997722
-1518569
2236839
-1117570
2331701
-707390
2452280
-225087
2388956
173274
2355745
551928
2176348
1054207
1931276
1405019
1567223
1643829
1275163
1892773
906914
2126455
467811
2177628
148486
2248983
-279939
2218485
-636809
2075280
-1032340
1876451
-1319322
1613485
-1597866
1431175
-1838810
1064244
-1964342
832405
-2163050
397263
-2038300
-13576
-2002970
-439376
-1894651
-723222
-1695735
-1035828
-1481214
-1334713
-1242814
-1529796
-905475
-1671529
-566024
-1809829
-254450
-1908499
65920
-1906763
461443
-1789262
723401
-1735998
1052085
-1487006
1323755
-1279296
1483090
-1096942
1640463
-747209
1700589
-493440
1737554
-148743
1681692
168073
1664881
503220
1522299
729893
1372800
1004059
1222710
1191196
956933
1383618
657960
1590625
313551
1584334
88817
1654640
-303641
1566709
-474687
1453078
-812181
1357285
-958968
1135603
-1152019
1001813
-1287380
767010
-1389694
571871
-1445332
238128
-1462693
37438
-1405189
-288373
-1389026
-549892
-1300343
-750720
-1041224
-934187
-937059
-1114667
-666040
-1231632
-362203
-1266876
-129262
-1339673
83089
-1335996
304114
-1357978
517562
-1231859
726801
-1082287
902008
-920344
1014648
-770527
1149311
-559868
1157163
-319004
1254648
-104148
1199955
142040
1249918
317589
1052377
585935
924790
710658
769800
874916
642411
961786
435631
1109469
242145
1068240
124010
1165648
-113002
1147755
-358236
1054728
-536667
999715
-675572
857576
-780707
748035
-870926
553806
-980120
482949
-1008592
142662
-1037988
79575
-1005834
-192190
-1004239
-346645
-823058
-469241
-736951
-633129
-575427
-706784
-508519
-868103
-282681
-890069
-132287
-925620
40560
-961523
186150
-896591
333586
-839559
456379
-756741
601296
-618045
692679
-551236
791505
-449038
843999
-296678
892414
-194030
880539
27672
897216
192813
750261
333789
700261
504455
603415
595680
446990
662450
384126
760861
231888
722342
103681
814923
-32810
761992
-245752
734877
-359365
614674
-420142
637170
-537124
458183
-652203
424111
-687860
282834
-694834
130324
-730878
39829
-680046
-25499
-688850
-231304
-587649
-324364
-546705
-416127
-396450
-565455
-349453
-541169
-231462
-610717
-169490
-703057
-4552
-644029
193161
-623694
248154
-651064
316404
-517388
416122
-444091
458113
-445237
533400
-258158
580995
-149618
581803
-124233
539069
9289
545840
122405
510672
167756
439601
280311
443289
349992
387948
448768
210227
453440
129730
531445
120835
507742
-58509
505142
-94774
501227
-253342
466558
-250642
452689
-345866
376338
-434945
244979
-417396
183551
-410524
104529
-456398
19557
-423813
-93641
-462514
-101450
-378335
-254688
-326005
-260043
-315760
-393573
-133591
-359770
-58459
-397821
16829
-441376
-50572
-425511
141178
-364411
139519
-410367
200788
-310595
267970
-228966
262235
-232748
335976
-164564
304331
-165337
378501
-62416
283234
29982
312348
100366
284946
204029
220562
198962
214388
227901
137099
246237
142519
203470
77080
282788
15296
240806
-76468
258221
-19696
258262
-157520
193767
-220593
213784
-190551
193765
-222308
98191
-249167
70426
-215314
7908
-176057
48581
-253918
-42991
-182131
-110822
-204765
-176117
-142055
-160681
-94721
-149067
-49454
-218295
-114203
-134000
-31512
-193104
32497
-249931
64909
-257017
101269
-190499
127965
-155164
122832
-114828
163537
-123056
167618
-40225
215588
21704
181416
40767
184756
103421
118750
78369
82449
150000
67110
146689
129122
113793
45494
160445
-19900
84096
8662
180058
-79961
158918
-39144
117794
-124826
94501
-81872
56977
-111531
115194
-110958
58512
-121281
16940
-75169
17240
-169544
-10629
-137528
-83261
-59795
-64911
-89709
-56482
-34694
-130325
6637
-51583
-46177
-112358
-23566
-155192
-33073
8643
73651
-49200
31044
-41347
25263
-109984
11911
-68357
290
-28915
63788
-44024
96573
96003
-5054
-69342
83661
40387
40927
-29161
48780
32397
-31917
55059
3546
6647
-555
85786
11821
95992
-27209
14187
20398
86760
-75603
57975
-24473
36257
-29189
-5811
-26560
-6799
-27961
15679
-26101
6221
-44812
-24
-44482
-43332
11961
-16544
-3527
-84106
-47759
-55522
-17046
738
31932
-95076
6554
-38292
82733
-32527
88888
6692
-182
-83917
21364
-44816
81947
63261
46338
-6596
25852
47692
68391
45921
49504
143908
52169
97804
2168
74808
-590
32225
-22223
42362
-40528
95183
-27497
56279
-64633
1535
-84586
1912
-53211
13047
-104705
849
-76271
-14487
-21060
-18174
-22583
-51719
-3416
-50053
-31297
-56903
-29729
-114896
13075
-33118
-47268
-26387
-901
-16119
-20798
-64912
-29272
-28790
93682
2232
66903
-49932
4264
19375
87938
-46250
94635
22547
47242
-3469
118601
-10979
73292
76421
113401
62243
30433
113204
30775
34115
93978
118126
34050
135107
-13735
136224
-38584
93052
51480
98947
-38247
101981
-75608
102295
-34603
74373
-93677
59002
-94811
9979
-34520
-68463
-89883
-57750
-79737
-28875
-94551
-108249
-108199
-62273
-39664
-70858
-32983
-53526
-33305
-10072
-5120
-88289
32874
-139603
61521
-143472
46105
-32144
65570
-119137
86705
-91243
55263
-94462
156232
-69273
49421
-33785
116096
46032
94709
17701
140099
-52644
57048
49622
110910
51515
101998
112074
5688
97496
86147
75901
493
177596
-2528
123574
-8238
89796
-28726
147817
-79114
113076
-28714
162050
-105563
54525
-117063
41881
-137151
40278
-107621
87221
-125386
76957
-102795
-51176
-131289
-5138
-97077
-35537
-77914
-105868
-104250
-70119
-5890
-178428
-22988
-142327
-77820
-107539
5013
-101153
65152
-137936
95207
-152076
89077
-64388
86468
-117468
69640
-73788
126807
-86770
128966
-89251
133862
-28926
173225
-12377
111954
105361
110097
36276
95388
81635
152736
94848
12768
97697
74522
84308
38664
120555
14356
25487
3175
165330
-45563
117991
-70155
149155
-101915
114659
-153791
69519
-152841
105277
-177987
80674
-160800
14650
-120638
-12286
-166663
-32699
-72307
-67797
-106519
-64959
-119375
-69720
-26119
-62499
-52919
-127518
-67838
-139124
-48006
-96344
-29342
-144054
33584
-215384
114582
-105201
130066
-184868
121350
-150112
68454
-72853
157495
-127726
154830
-73764
109258
-11254
191795
51493
172661
20041
106764
40309
141779
78203
134986
111190
71106
86325
31015
162133
66529
155350
-31039
77774
-50271
100419
-12025
58788
-89220
97922
-131440
51688
-112973
107132
-119336
103779
-96612
-10793
-117144
69090
-169483
-45588
-68130
-41825
-150717
-55602
-129314
-119181
-93913
-126364
-49899
-149113
-55125
-97505
6173
-93936
6782
-152724
44617
-139613
36242
-106984
14852
-126660
37874
-80729
142609
-135380
85505
-75040
87781
-76781
104681
-2975
68884
19644
200722
99603
73283
23068
140602
52569
117041
67785
98608
118451
65184
157833
67569
98528
-5535
96107
-91189
103871
-19736
125062
-95992
145145
-123720
89899
-21977
85759
-145353
39171
-146590
32463
-110124
-15834
-106877
-36286
-52450
12502
-121269
-40541
-23422
-42367
-114219
369
-61229
-134249
-54986
-162316
-37256
-79854
-68244
-82420
-15341
-162196
24642
-63618
75943
-85023
20833
-74413
174745
-12615
45699
-93231
26436
-96118
34462
-51795
117246
59503
31190
56913
111760
40045
33627
57430
83239
84385
130524
54143
76154
32891
-1571
39075
98
118110
-49596
120227
11739
71646
36596
25255
-73259
53208
-68688
69197
-82090
35412
-68401
35425
-71387
-18343
-69340
88751
-87323
29246
-70301
-40076
-88971
-45407
9733
-65773
-60348
26198
-47982
-91185
-43563
-10050
-50596
-27415
-18221
-65979
48848
-65811
17822
2695
34151
-52908
25381
-38160
55935
-85997
45421
15247
57716
12003
-20436
-41249
-46737
41754
63842
-7571
15872
105093
43625
12710
-6390
13853
19592
3157
-29231
21883
-18424
48829
-34090
32375
-55755
7909
-21348
2204
37994
52739
43486
35583
-29642
22417
-43505
13521
-11645
-2191
-66584
21790
-5789
-33684
-65489
48741
-2715
-12736
36801
13544
-6037
-9531
-14553
13048
-47383
-32999
-28126
-16683
58700
-82052
-7778
34733
2867
-17684
-5302
15965
35326
19205
46585
-5918
75482
27386
14921
-41795
-63256
11496
-1992
8012
-6174
-34266
-8285
35715
37426
-9427
-3893
-26695
15947
-1981
-32184
26049
-8811
-3624
32013
16944
58208
-15453
-3967
10846
66638
-13126
14655
9885
37304
62176
-63312
-62706
-13289
8769
23426
26434
6335
30750
15429
32998
25699
-5262
6042
70868
512
-33986
-25003
42412
24957
52704
36139
23627
-16146
-8271
8702
21232
17846
41097
-26030
42028
-27031
15222
23185
16577
-10985
37068
20387
-12782
-758
50190
38136
7276
-41614
4826
17735
-45117
-75954
32159
-49167
-23790
3557
-79472
-9798
28400
13591
-10565
1575
9855
-67067
-14720
-11414
52232
61115
-11911
54299
-45921
35327
-59069
-33383
-30798
103651
-72360
16679
-9918
38240
-656
60828
53160
31257
74649
53395
6507
55075
35039
41007
-24770
-4662
13243
-6636
39015
38489
-28706
-28455
83660
21193
15924
-1567
100699
58248
88245
3611
20671
-53942
69050
-79048
62826
-25826
86827
-41426
-40619
-39057
55982
9001
15061
-35563
733
-35390
-29388
-5432
205
-2038
10891
-104895
-16763
-44501
-1727
-92290
30286
-56528
-2024
-1464
-55611
15086
-40033
22952
21510
10728
-111066
40760
-43572
39397
11204
27439
-31789
31269
-127881
97722
-31958
71632
15295
63497
21143
21884
56905
63345
-957
85892
41378
136084
29051
-19552
86814
-15697
45393
72907
60909
-22963
88206
64267
8989
26286
105343
-46274
6997
-28008
27232
-110548
62683
-82946
-23718
-56321
-5015
-40011
6226
-59792
36881
-75284
-76391
-49323
-72594
-32186
-37406
-100039
-32746
-2183
-6196
2346
-63455
-49362
-38113
45
-7136
-41497
18824
23053
-20104
26990
-122768
20000
-61791
52847
-26035
43381
-164
-5322
-9147
51495
-29898
13527
46559
99712
29240
19582
530
37368
-2969
45378
29320
46953
57051
92871
40810
15379
58514
45114
84003
15408
74942
-42352
132888
-9665
17933
-25329
32963
-24790
66391
-11716
12140
-68449
-18847
-85262
66721
-102451
42211
-99220
69752
-96047
-3577
-3553
-11480
-20389
-3593
-64064
-93462
-50508
-31601
-70547
-47051
-34883
-102537
6574
-83516
-30499
-65786
79172
-24273
66376
-42982
8522
-25946
31919
-53721
70837
-71202
21812
47104
61209
-8752
32393
9579
101911
23899
51336
32492
99324
117007
95698
13003
10521
18941
57685
31623
-4351
74842
45806
35337
1306
71128
-33801
43305
15553
128703
64830
14472
5621
48672
-32944
72887
-51449
-38234
-46260
17352
-50343
50363
-40670
20320
-55592
27399
-55135
-25739
-876
-43603
-28334
-85249
355
5710
-10280
-21235
-497
-104737
44521
-47804
4636
-57854
-6677
-66112
34003
-24159
32345
15328
32940
-12976
45439
-38759
-8324
-51657
51232
61944
84174
51527
35066
-74413
76515
16064
70437
-47077
54350
27474
72542
94970
2213
83526
17348
-19823
48629
64341
-6524
34361
59260
-44985
9479
75414
15222
81489
5703
96955
-33323
58643
-27480
6964
-7619
83538
-80335
60945
28175
55095
-15740
33733
-47339
-38426
-17464
-13692
20602
-5130
-40330
-32287
-55208
2998
-29303
-45048
-8466
-67595
17006
3933
-3649
-121584
26791
-40460
632
10458
-5360
23104
1072
-86217
28719
-81084
-24222
-36577
-53600
-29812
47324
-44467
9084
-34016
74771
-2299
44804
23925
15324
-14414
60213
-21730
29342
11017
57062
-15766
8518
37560
-4696
35167
-16029
-49254
16642
17312
-723
71774
-32401
-56382
21586
62000
-14433
33658
46495
19548
-54026
20604
-23604
-56141
-11656
21381
-105217
-20982
-25948
24300
10317
22346
-29720
1653
5760
-30186
21875
-59942
-76982
-27533
-49163
-31420
64644
-64691
-50805
-61832
51827
-19796
-73432
-87788
116168
-61433
54291
-34131
46137
-46775
941
10392
-2492
8785
124112
-33446
46957
-26443
49392
31203
41843
-33451
59554
6188
50142
1231
32951
52993
9953
55540
-61596
17995
14575
1350
-55395
66187
20428
11409
70676
17985
-15745
10066
-30112
74538
-85687
18075
27898
91751
-65365
-51175
