#SpinCore Technologies, Inc.
#SF in MHz
#SW in Hz

[HEADER]
@CLASS=	RADIOPROCESSOR
@FIRMWARE= 3087
@SPINAPI= 20130917_x86_64
@POINTS= 900
@SF= 0.000000
@SW= 30000.000000

[DATA]
3969697
-2974927
5260008
-2730290
5744211
-1827100
6025924
-740560
6073193
314477
5864058
1344857
5579168
2361760
5032710
3329359
4403641
4137232
3541260
4869725
2614195
5375164
1691297
5716947
591410
5853508
-408306
5875434
-1479905
5741001
-2458196
5370717
-3354724
4875388
-4082450
4119000
-4690322
3330700
-5154108
2436266
-5433070
1504942
-5554447
462127
-5529602
-530547
-5381609
-1557994
-4942750
-2467130
-4477937
-3147787
-3792196
-3895551
-2928667
-4453387
-2103047
-4907871
-1185465
-5108017
-309674
-5173061
659815
-5196691
1550469
-4915982
2403362
-4558810
3165432
-4003296
3759554
-3318338
4241024
-2545678
4562168
-1844959
4784703
-901074
4766908
-39944
4742298
742143
4494750
1670726
4042559
2385493
3573408
3073561
2882781
3701386
2222487
4030614
1378508
4294306
576677
4491606
-263154
4471102
-1056909
4241499
-1767468
4010785
-2452402
3610666
-3067966
3059762
-3489198
2443262
-3888175
1713260
-4057714
1006089
-4131086
276854
-4124237
-471409
-3910516
-1230567
-3584786
-1869058
-3175311
-2452661
-2670207
-3075536
-2042117
-3368503
-1379213
-3595231
-676839
-3881809
71496
-3850851
722708
-3846832
1374533
-3550284
1897569
-3288173
2516416
-2767886
3006960
-2267883
3279898
-1642761
3525709
-1033165
3595964
-410922
3633371
251755
3437067
913318
3197287
1424939
2856617
2042293
2440002
2510021
1989417
2883024
1345700
3122422
774491
3172585
157269
3396273
-380681
3210687
-964285
3131330
-1607376
2827476
-1999396
2526246
-2404093
2070500
-2714077
1620003
-2884968
1084062
-3033511
576130
-3031881
17417
-2974391
-567291
-2803838
-1067236
-2542016
-1504794
-2261420
-1962475
-1822769
-2339328
-1362618
-2560541
-806814
-2740203
-439780
-2834452
109116
-2838556
700461
-2725480
1098345
-2494551
1537168
-2339088
1867023
-1998725
2187180
-1567958
2424316
-1168101
2557411
-702817
2557061
-289150
2599224
223026
2392047
655322
2350503
1112494
2056117
1480155
1670540
1744366
1320770
2072174
937111
2233083
549218
2296346
83972
2408660
-300938
2312047
-727620
2295919
-1077512
2037396
-1420302
1806962
-1709283
1471035
-1956436
1122575
-2067768
762034
-2206918
367800
-2115887
-20929
-2166361
-399570
-1958611
-799800
-1729487
-1044276
-1545236
-1427067
-1279707
-1634784
-941201
-1804074
-649297
-1906872
-219075
-2035109
56859
-1971709
490838
-1933214
713719
-1740793
1096134
-1703559
1387872
-1419421
1530035
-1090854
1642971
-861853
1768828
-492140
1800268
-152357
1857815
115593
1755469
490870
1624460
712002
1415963
1070376
1185006
1251344
925273
1470834
678557
1607704
434505
1609540
76019
1726949
-158881
1605811
-468286
1570686
-770526
1459936
-967475
1267655
-1205554
1055332
-1367153
830713
-1401297
604446
-1530584
334361
-1514827
-405
-1474706
-191465
-1471728
-451076
-1302659
-721741
-1152573
-866249
-924839
-1130515
-749111
-1301703
-450386
-1328838
-224348
-1426643
46321
-1381374
288994
-1364219
589742
-1254596
681349
-1174981
866151
-1006977
1041807
-796718
1131489
-605858
1184046
-365432
1275677
-145660
1316496
47215
1235009
274063
1118271
503920
1068415
752579
801689
877287
676157
972412
504275
1106841
239829
1164186
105316
1203825
-124875
1144249
-303521
1107431
-520322
1062756
-694026
839431
-859802
753269
-926320
539411
-964326
398473
-1019050
248583
-1062202
88089
-968286
-128852
-936653
-356828
-967277
-388749
-743806
-621761
-666801
-732748
-501601
-775016
-318576
-937662
-200392
-969538
9415
-973267
223995
-873062
357273
-845514
420126
-812963
641139
-644059
719431
-531562
793945
-437124
837387
-233299
800178
-61487
882154
95923
905235
226994
711500
353958
658452
510484
566424
557229
385819
585474
299041
770562
227951
736917
-3853
778948
-74474
756360
-220784
692658
-310647
656409
-449945
569369
-517407
460407
-631325
338901
-674129
233937
-700466
106998
-661016
-11271
-644621
-106331
-570285
-265428
-619088
-414883
-423907
-436927
-434041
-510328
-273747
-562554
-163311
-560652
-75562
-543360
62629
-577882
152812
-562286
234659
-487642
328751
-427273
358517
-332995
424813
-300901
489140
-196600
474292
-110920
541950
23168
504210
100689
500916
221730
438730
260449
285835
352134
281032
339897
184799
392747
138608
374002
31042
478632
-22640
426080
-125677
441789
-191704
394942
-248327
363065
-307994
286185
-380109
229478
-342470
172599
-404365
127267
-464244
-59253
-333833
-57932
-304552
-120339
-319499
-170120
-335585
-294069
-218201
-262744
-125040
-307868
-121017
-324554
-61999
-342965
64442
-394632
27987
-332755
139700
-283613
180633
-316574
246706
-197253
235298
-208033
223298
-95878
210890
-75658
236825
-55983
301639
115397
192566
70284
186619
103647
172145
163973
128946
223785
92531
242713
68957
213082
60533
220149
-52846
158062
9233
238091
-98073
157985
-189250
144839
-90236
93962
-126838
80225
-223983
57964
-120033
19503
-132709
13572
-207515
-50467
-168382
-29268
-61944
-89308
-93137
-103503
-73574
-187001
-12357
-97760
-48443
-57920
70250
-163757
-8385
-86328
73375
-151764
31376
-84185
137538
-64903
90542
-37242
89801
-93277
122128
30439
58785
43453
92999
12915
158405
77966
61036
47676
61973
90874
19694
82518
-15202
76529
-32421
80107
33964
68043
40581
79398
-59850
96095
-65115
-10568
31239
-13556
-50714
-40579
-79962
-3773
-63136
4000
-42384
4392
16252
-23419
-45847
-76810
-76924
-31094
1441
-27452
-16467
-56746
57894
-87562
3374
-38184
70667
-65636
56475
14223
54605
-46388
89146
20104
66190
995
55974
35512
-3549
149904
52611
33400
-25709
49138
63496
68130
-9635
48997
48843
53349
-45783
39546
-51696
90167
-57801
42068
-49356
22910
-87366
49526
-45193
53468
-125588
28340
-117715
-6037
-89832
-3306
-52426
-63415
-68345
-37327
-72284
-48802
-90778
-87063
-6886
-55870
-21831
-38082
29498
-190644
62196
-92831
32962
-112820
81162
-86069
60957
-84407
43779
-83665
92359
-39361
172441
-28560
96279
-11283
138437
-5482
110620
37828
119489
56397
101125
116656
50829
65217
64655
100445
11950
55218
21505
138446
-25726
118847
32285
85794
-48861
110843
-26376
54006
-94592
52376
-206137
61996
-103196
60076
-181488
-9653
-152788
65276
-113227
-793
-120325
-76398
-96522
-50787
-127193
-54456
-117025
-92888
-74054
-125969
-36235
-165413
-61590
-127101
-44344
-180793
35166
-134180
60897
-188449
64252
-156113
134200
-162602
105818
-81000
141474
-105549
199437
-32518
125484
-18805
192562
-11413
200293
21775
165971
55777
216942
100633
163282
56402
135135
134594
86882
207688
129299
145328
56995
243708
6874
192891
-39032
213773
-73152
192015
-86982
95583
-141212
117848
-145045
69620
-123882
88406
-169044
52595
-153783
12407
-205972
-9676
-215328
-31627
-238753
-85845
-103234
-136240
-110683
-142364
-110110
-198679
-75403
-104199
-3561
-195133
47081
-241444
49464
-208515
-4215
-212362
107258
-160618
107637
-120935
226458
-171679
205712
-119662
203381
-20396
224320
-55475
218654
-13106
130673
43808
155846
95009
133082
109772
182270
131348
104256
195532
75667
216714
79450
190465
-19564
230929
-19728
187974
-37287
163211
-71383
154651
-126290
152917
-153745
202837
-225869
109968
-206134
155728
-197835
-1974
-189543
3161
-211400
-110463
-158999
-64733
-138173
-141685
-229157
-169712
-120965
-195015
-73871
-190184
-45898
-206318
11091
-212472
-27997
-266411
22041
-225058
81363
-207521
125133
-170333
110437
-140353
196581
-99595
188379
13126
186468
-81667
207349
-22235
244533
62200
225699
65042
178070
154816
162792
164196
171534
124318
101734
220763
128596
205002
72099
186409
18415
220080
-46076
225305
-118757
200586
-78900
154501
-133916
145893
-187577
146842
-193416
90632
-214366
98193
-305644
-10199
-239540
-59921
-216343
-31387
-173110
-54718
-95862
-150776
-174280
-137836
-93199
-187706
-62350
-135675
-59414
-171152
28080
-212225
46103
-182948
55152
-185971
84074
-153837
115929
-123880
96058
-141435
91187
-33756
274554
-55510
250192
-15649
182132
-15053
239667
24960
135841
126289
67383
53180
188024
137769
16027
135590
71092
190495
7666
152575
31270
211749
-15601
141749
-11546
169102
-39190
185514
-124065
137521
-99340
33087
-178473
40999
-127336
67804
-149461
59679
-217161
-27432
-169473
-6908
-167115
-82897
-140510
-53509
-132302
-119917
-84223
-121473
-137832
-189822
-27821
-156514
-15625
-157912
27685
-171057
33267
-149479
49637
-97061
173400
-61227
56994
-106893
156681
-81696
150101
-56236
139432
-109919
126095
33032
150395
17485
130844
16226
62662
64914
53208
140231
76451
22351
79528
101699
-7866
111958
3448
45037
18210
105448
37455
94164
311
152761
-73115
84845
-39399
70058
-107404
101395
-120955
71033
-98552
48710
-82933
-35343
-47782
52875
-63031
-45193
-109650
-60347
-85004
-56922
-123133
18271
-16561
-92433
-1116
-90160
-30433
15855
107836
-64811
1445
-38266
43541
-54912
39955
-76917
68918
-90452
29676
-13051
66051
-76145
73831
6578
106423
1014
113962
-7528
93141
47411
77645
73325
3917
26240
65138
-30467
38702
85899
64867
9152
-14266
28335
649
46790
-22868
97353
-41514
62577
-54368
-25919
5927
38252
-23806
28112
-30419
26400
-73848
19264
-61863
30745
-59126
16935
-24704
42206
66687
82009
7231
34492
5421
34367
23191
-8778
37763
60031
51512
-19084
-46342
-12651
-41650
-23685
-23021
-5545
-6131
-14628
22166
-22035
-8477
12240
-21610
27399
-4685
-5705
54006
-8856
5364
21031
-27482
-43277
-3048
-28955
-19012
50572
-16742
-30923
-53253
-43302
12833
-49217
88628
-43586
-27456
40508
32141
-43382
-19485
70124
-30158
59090
24606
14260
-20284
-31297
19316
24706
12977
57516
16476
-56832
48536
-34758
82727
49182
57432
7203
63893
2004
-23981
-7089
-31284
14420
83276
84042
-1650
39295
-11689
-32783
-36900
53818
-56460
-28120
-16825
96063
-31002
73170
37013
45926
-35330
44343
-63200
26049
-60592
-4065
-72660
-12668
-23915
28429
-45309
16095
135
-13668
-88379
-24630
-40315
-902
1278
-33361
-12392
32339
-17805
-85989
32899
-90430
42613
-48251
-30495
-46416
14076
-40194
20141
-53450
9331
-54649
90090
-103358
75086
-6533
41088
-57955
70259
22574
-13579
2375
97970
-95055
37424
44684
1411
34599
53010
19974
34043
-17230
80214
-28179
45527
31571
16803
64173
-39814
95892
-21530
46192
16961
85462
-31760
15933
-52964
-17825
-51355
34639
-48133
80584
-36214
71968
-98918
-25034
-116354
-28581
-47114
40083
-84763
-8817
-42113
19455
-22868
-71847
-60740
-98560
-17064
-25400
-10130
-62952
-20934
-46869
-14631
-92309
-7447
-128372
61937
-111625
302
-43435
89889
-86095
91202
-33942
106788
-55478
97057
-8028
78343
-64181
124108
-37579
180716
48541
17995
41394
102919
29970
20224
37678
107848
97700
10704
17197
46966
42310
-14015
86054
11165
97575
-23145
62154
-27532
24869
-30595
62064
-52411
62867
-65171
49416
-113595
-9456
-89382
7901
-81865
6585
-84899
-16570
-6602
18256
-87714
-64545
-79569
-2970
-88872
-91283
-61968
-104384
-44984
-41362
-4006
-77467
-66750
-135710
79941
-96763
-57708
-72669
64523
-30399
85463
-69782
58841
-88874
122427
-17339
54590
-28263
71651
-13298
86119
67895
123959
-91633
74768
4473
45756
4400
26298
62351
78299
96767
32097
83315
12786
55758
45034
56508
-7074
101244
-15503
100166
35706
71119
-41338
130953
-88641
64960
-102490
86329
-83654
12883
-82470
25386
-96708
-31439
-52685
-81980
-106509
-9199
-37614
-45683
-66557
-30400
-57553
-44621
-56226
-110832
-3276
-141371
15605
-98406
-7352
-95274
-33686
-74790
440
-113952
93997
-77661
31974
-34275
81307
-6449
106352
-48301
99270
-66623
145931
42855
76544
9339
55602
-33952
53287
-15035
71366
53703
64266
81590
35276
147632
21088
55852
-1536
107444
-18348
169339
-13504
46276
19094
76655
-96599
119776
-62526
42743
-49901
63691
-79209
-41874
-110341
86580
-121814
101524
-157131
7737
-18064
-42794
-94427
3150
-31333
-3874
-84592
-79452
-115588
-37553
-54340
-33901
-6757
-38668
-36442
-131156
458
-115342
-10478
-72522
49
-60918
45828
-58359
87738
-55523
13279
-26098
63301
-7842
106720
-7348
35733
-58582
38588
-45673
103195
27721
46540
8453
49272
41725
28964
85320
67190
48384
30361
135289
36047
43883
56721
85491
1411
22242
-30892
114603
-45796
114399
-34758
93514
-58343
47261
-60838
16600
-94271
72831
-92250
21776
-60156
34316
-93847
-37448
-39965
-5164
-60515
-18781
-88458
-55185
-59064
-79625
-38750
-26290
-14665
-27304
-25617
-72678
43632
-20210
-32423
-50063
14262
-65848
49805
-88837
-34021
-82437
81325
-44370
50678
-12165
64255
-17487
72863
-32333
57804
-8072
92519
44328
99739
26959
18597
-65591
58783
10177
95396
43426
86306
45213
-1870
29790
14832
36433
29326
42138
-29487
22964
-39470
38969
-42968
50883
-34299
12653
-37761
32337
-16879
65385
-25144
11174
-22573
47498
-38394
-18540
-21364
-17888
-70211
-18846
-11487
-46303
13640
-4989
-86232
3892
-12857
-9976
-13609
7041
-44411
-1160
-135685
-42750
24437
-49516
12588
-31697
-38895
-108305
63103
-83824
48901
-53762
33412
18777
129232
-33220
31441
22039
59988
-55057
19554
-33819
51389
14747
-60357
46977
62898
11511
27477
-25168
-24704
-2155
41713
-9934
56759
84396
-58959
27158
-34144
21690
-32290
82762
-59915
57069
36962
81690
-68459
66958
-6026
64930
-16213
88288
-853
-12855
-33716
60353
