#SpinCore Technologies, Inc.
#SF in MHz
#SW in Hz

[HEADER]
@CLASS=	RADIOPROCESSOR
@FIRMWARE= 3087
@SPINAPI= 20130917_x86_64
@POINTS= 900
@SF= 0.000000
@SW= 30000.000000

[DATA]
-2093103
1452066
-2692945
1501014
-3035070
983320
-3204829
411496
-3158809
-201923
-3078340
-647992
-2929895
-1194075
-2708548
-1722301
-2398194
-2142189
-1895704
-2515218
-1459011
-2794364
-963842
-2981198
-369754
-3141622
161635
-3163445
682709
-3066124
1256160
-2874240
1693678
-2621246
2071092
-2196431
2488089
-1822435
2704192
-1302785
2914739
-765200
2962820
-354145
2995652
231391
2816804
680564
2628021
1286272
2295787
1736316
2094007
2107394
1639676
2380079
1205177
2549084
654604
2777979
214749
2742728
-274237
2737678
-764264
2601872
-1196771
2471053
-1607250
2202582
-1912073
1811530
-2235733
1424482
-2415387
1023024
-2572875
579179
-2581995
53980
-2510005
-424707
-2440253
-812012
-2219591
-1276868
-1947334
-1602491
-1554003
-1876478
-1231281
-2101520
-803880
-2293076
-320612
-2431691
97940
-2318090
470460
-2323604
878977
-2141942
1286398
-1998735
1578976
-1645953
1825155
-1350051
2058446
-1017851
2146209
-551346
2246871
-236088
2187953
287278
2089441
629795
1930907
915547
1765441
1268107
1475527
1538912
1178371
1736317
774717
1910672
460622
2015373
33429
2086530
-272618
2023768
-635786
1936275
-958653
1722895
-1331435
1479898
-1520622
1204310
-1689119
1002509
-1861410
643635
-1914454
319345
-1874214
-79168
-1890549
-451409
-1721141
-701685
-1540415
-1006110
-1340718
-1259876
-1122317
-1478968
-847076
-1641632
-521408
-1691894
-227939
-1759982
161269
-1770957
463299
-1683767
743998
-1574042
1000161
-1410036
1252442
-1132946
1439767
-918640
1585063
-629847
1602074
-398743
1631900
-65366
1657217
149635
1582235
526728
1337473
776870
1240430
925027
974925
1178400
758363
1331014
543459
1375705
232839
1524031
81069
1488704
-232366
1488877
-528459
1359228
-773511
1202708
-901642
1043256
-1151234
893570
-1209884
664364
-1309023
347310
-1372939
141479
-1401970
-119020
-1355326
-290319
-1220152
-484029
-1113946
-726388
-913709
-925099
-805490
-1082224
-611758
-1135089
-334002
-1162547
-108834
-1192984
128667
-1332549
322786
-1150230
510264
-1154394
703752
-1007013
806015
-822797
955961
-668489
1050875
-478999
1142070
-359524
1160989
-116404
1173748
82112
1002232
312903
1033702
530598
880419
727810
734246
819169
533018
929975
435511
946861
280373
1022874
45884
1048398
-167426
1053912
-393664
1018848
-439875
880942
-566826
833841
-772025
618467
-850887
450517
-895184
332961
-927564
118097
-986435
-44013
-954556
-179470
-849418
-318711
-808281
-439081
-690821
-617716
-523503
-718366
-430263
-815024
-168240
-888090
-155513
-887704
88020
-859652
141945
-815296
311530
-800774
449837
-707979
640289
-612888
699103
-498336
706791
-373679
810206
-239196
792383
-111587
805819
43759
737506
149525
765655
325923
643556
422887
517907
516321
439768
644962
310575
702582
219719
701571
113823
756787
-15881
716440
-218295
703504
-272209
513711
-404550
585583
-476111
464350
-562426
397737
-636495
285485
-638573
147460
-603354
62090
-626627
-139443
-622351
-217510
-535088
-264935
-478314
-377844
-364901
-492768
-330055
-565788
-228048
-617534
-137693
-577909
-21838
-658843
138993
-586223
204133
-525656
305888
-565973
369909
-398892
382679
-409809
495179
-267024
552662
-171699
539718
-109376
567025
33559
542453
85899
510638
190266
395187
259814
438804
347635
253391
466478
186207
447678
174971
481715
115276
503421
-24514
480462
-40996
463496
-154052
432340
-301037
434639
-328838
309985
-427540
286512
-425654
127882
-374656
132101
-405558
13478
-400505
11329
-429901
-133902
-374781
-191191
-228001
-219082
-271248
-374168
-146682
-347688
-209852
-371209
-44176
-456525
47510
-415992
51055
-349418
207089
-335818
221495
-308151
245723
-289049
340986
-220390
293465
-172145
416578
-166448
328614
-10224
410074
-53655
367342
98559
282008
179131
324573
130316
224783
241126
159809
250212
175512
207214
50279
375603
25913
206165
47514
304431
-114043
285569
-88343
228743
-229677
267740
-205314
190305
-220527
199292
-258036
95427
-283856
79639
-248046
32013
-229377
-53241
-185313
-108299
-211113
-86732
-239389
-155988
-194632
-199433
-89299
-248697
-60204
-246364
-24161
-248504
36135
-216924
74800
-241412
98000
-216028
117683
-152136
198714
-109922
141644
-109161
180731
-77072
171061
-47827
166626
25485
219173
53884
112131
41370
241608
77038
194338
151048
136679
101862
13625
157937
35532
164167
55627
139761
-61383
113853
-6937
110557
-54422
119836
-53933
73650
-138625
90278
-101620
69853
-142618
53849
-108453
-8826
-103084
-4995
-150244
-5547
-90287
-94104
-44235
-42577
-105834
-39950
-147136
-80869
-70687
-113032
-30458
-65296
-55927
-63377
4365
-132812
43532
-111433
-12230
-26897
59042
-52068
16756
-70227
142083
22434
36426
-39861
83200
-28099
46396
9074
103904
57978
-2762
5060
66036
37994
43606
33974
19947
71325
8038
33628
-52196
74018
-7044
51205
-30911
41311
-39776
64724
-58935
560
-60348
-20580
-18990
40107
-19515
69917
-93802
30196
-58151
-46089
9921
41710
-73866
-39760
-23249
-40542
26943
-69089
1952
20211
21542
-16271
21677
1909
-17892
-70672
63045
8023
14206
6701
50933
-9786
-728
19479
98847
-32912
57162
10939
33980
13248
-1174
60579
40424
-58962
10420
14130
57790
29144
-33657
3334
-18219
-3240
47810
89637
-26117
-68309
-76628
83446
-8655
40027
14399
40272
-89468
-16437
-26242
4032
-29902
7186
-99625
-99061
2317
-15849
29811
-1822
-32007
-54173
8879
-41838
82877
-64437
11206
-60696
26040
-66973
63671
-18179
4358
-45032
101606
30155
79510
-16825
69201
9635
47645
12333
20102
40044
112228
38701
85645
64123
-9589
31280
38256
46823
-1587
63086
-3514
112054
-47650
69356
38267
300
-22007
77734
-47940
59724
28479
65848
-101623
55414
-21203
6823
-34468
67646
-101525
4509
-48812
18029
-11856
-20573
-55596
-89341
-58904
-21075
-17617
-29596
-85336
-54021
-3117
-60815
-21019
-112449
-17549
-47752
62776
-73586
-8541
-120674
62313
-53817
78976
-14029
49151
-77565
90295
23882
57945
-63154
90537
-20229
47823
-1657
125805
17607
101787
72933
75812
34657
9169
83281
83657
34483
59735
133717
40870
85835
93262
84653
21861
125114
-26957
135625
-27339
97778
-11525
25917
-85089
100805
-58176
12393
-68792
36376
-103008
-15648
-83037
56761
-55452
-53002
-65391
5016
-83610
-75459
4533
-95486
-50147
-75391
-64149
-8624
-99092
-75812
63638
-89865
59394
-54156
22629
-60679
29422
-84986
48114
-160471
126171
-95096
90793
-57096
99455
-39840
93115
11699
181464
-55623
128143
99461
111331
15379
74043
93294
113820
64032
50404
56150
20672
94246
21349
68795
50098
134051
55595
122518
60707
81776
-52259
135209
-11601
91004
-50019
73944
-22386
167852
-99700
85474
-137235
47382
-126068
62290
-180513
-16846
-107321
-20995
-87247
-58979
-44440
-73037
-46666
-95989
-93321
-108939
-64207
-116550
7802
-123536
24566
-112748
-2947
-81067
16814
-147743
61472
-71663
21467
-83210
121430
-73560
84314
-37903
57903
-53685
129086
-32868
150383
8703
110610
44812
170009
51828
34243
75239
159215
71600
107691
146617
66861
141196
26733
133886
102030
165120
6333
127344
-72125
93753
-81100
85263
-38512
61249
-64238
57789
-155712
105495
-142701
72479
-137441
-5418
-85729
21267
-154479
-12142
-100065
8033
-136154
-48048
-80052
-88468
-46389
-63087
-46283
-52048
-13848
-116493
1214
-132753
3950
-115329
-21774
-75921
51292
-60173
67348
-123811
74012
-97991
58801
-44652
62934
-47875
197863
8304
99312
-22651
113399
15729
142125
6947
154991
74216
101166
-10105
66559
38581
67899
59762
68219
58821
13563
116951
88676
78454
-48084
134529
-50946
97260
-48756
93736
-83946
65687
-125426
22890
-52120
59526
-108205
20306
-90011
-21729
-67463
-21446
-83696
41481
-83867
-55768
-83500
-29548
-10395
-98704
-12441
-36268
-87904
-38603
-5819
-94290
30739
-63524
-9100
-169807
68436
-153614
90438
-28156
-10460
-77967
103630
-74703
106378
-60608
77350
-50439
56285
-3417
68265
32140
137863
22924
74683
-29729
83794
29540
57788
51528
74513
54428
48748
102838
59382
101723
95069
110129
-24251
88497
-35919
87210
-53086
95784
-21546
68976
-1029
8222
29810
79425
-6218
69202
-80477
83125
1771
27963
-87626
71585
-110890
61157
-61070
23097
-109339
-92915
-6691
-110259
-57095
-36374
3593
-82318
-89787
-54569
67354
-35653
7425
35104
57742
-73151
25797
-50705
83217
-9576
32264
-64248
105125
-23766
-20455
-12591
19471
48726
78999
45243
86001
-10086
-9380
45555
9535
61509
113137
63824
44063
8471
11602
11787
78959
72612
20313
36978
22682
62985
45183
-13360
19971
42252
14300
63444
6586
28163
-61539
27967
-35037
40961
-43076
54006
20941
-884
-32171
2614
-95609
29396
-19354
-52744
-21649
46200
-7562
-103
26295
-34427
12488
-38101
-28379
48011
-17858
-53318
-4334
-86261
13016
12576
14767
5993
44322
37622
23617
-6047
63231
-31448
39655
-39468
43194
-37008
22658
58420
1098
41438
60469
293
40465
1665
13869
-48354
27551
20889
-21200
9623
-7079
-42826
-18261
30449
-29432
54080
39633
17117
38538
-18387
-17121
47995
48580
11495
2054
8700
39172
33739
15045
66065
-13704
23523
34998
4938
-26997
35345
65534
-65341
59617
12889
13266
30157
8014
-36978
15888
33103
-7366
-28950
-38566
-47750
22255
-1861
-42004
55085
3833
-56637
-22809
41622
-77889
24926
-4308
-32624
21709
94002
-35006
-4200
-34253
-33350
54291
9744
-72343
-21607
-46308
-1762
82942
14236
-23493
29857
9672
-75035
-44543
19414
31476
-34865
-5160
18409
-22956
-76767
57083
-7761
70475
-27128
25354
-83672
35444
-25958
49702
-36067
-15721
-1135
21026
62900
39180
37341
-5539
-5397
42533
64763
46914
65590
-12
30246
22083
5218
15501
-10862
25198
61913
13065
-24774
-33092
26017
-61615
377
-32960
20257
16814
47079
-63651
-4958
-46135
52025
-36975
21540
-47656
73192
-45156
-33859
4376
2868
-20044
-709
-7875
67694
-26697
-35986
33235
17285
-6196
-54044
-11848
-23767
-40043
-16633
-37258
-42666
21528
-74291
2575
-72458
35862
-58341
53786
-53372
-5882
-52730
71508
-26184
36935
17177
75108
-57517
6961
15040
1816
14674
50211
89313
47534
-3997
36063
-8996
8150
8154
-8102
16854
-14534
58634
6399
24401
26372
64700
-51208
49330
-30067
-8226
-43931
50967
-12151
39653
-42141
28048
25558
2748
-20923
9805
-38313
45364
-68178
8419
-21255
-42562
-28790
18731
-69990
1845
-39593
25555
-34649
40518
26543
-19756
-65259
30760
-10466
-22741
-32135
-55064
56117
-69012
8312
-3189
63515
-56179
-25083
-16080
-32146
75194
33127
-31061
29603
9626
39367
-56202
62720
16575
70386
21295
15730
41
4481
39872
41128
67834
36076
106579
11484
43584
-5825
57372
-3743
-37807
-15186
58344
-36953
66750
-51158
36929
-31082
55055
20119
12188
-11171
46611
-43732
11380
-40805
4252
-77750
430
-24429
-55511
-32335
50028
-87325
-15785
2208
-23520
-32138
-70944
-61824
-26214
-95482
-47687
-9576
-64255
16887
28938
34835
-15730
-42419
-83761
107093
-37696
109475
-6694
21482
-39874
55869
-62311
71909
17083
82611
-44589
111219
35626
44372
14950
63634
-7800
-34846
26149
91944
-24946
47991
54372
33214
23670
-10987
10602
-17193
62462
-7843
43938
-10082
59094
-202
-13961
-3256
67786
-7860
81247
402
75309
-83464
42632
-4404
-19235
-100097
-11774
3358
23141
-7207
-33033
-58905
-40219
-30255
-30739
-67447
14057
22790
-57138
1429
-54145
-44727
-55908
-63728
-49019
-13853
-44657
-8801
-32370
4865
-96188
77906
-54507
40950
-31073
7598
-64281
28600
-89991
12859
-35878
87905
44016
113634
47454
20267
-51712
42967
79901
15852
53230
26938
88778
-19898
7566
59701
5682
28802
81148
44464
39308
-58995
12768
-54693
14846
24761
44391
-44637
53205
-4402
-15924
-43732
41019
-1608
34762
-1415
-26247
-111204
-65179
25857
7601
-35524
-31363
-22305
-23699
-2524
-29834
5717
13054
-26423
-22499
17820
-43079
23908
-63897
-9623
-52600
29681
-41321
19245
-54703
10810
-17215
57194
55019
39957
-13022
-29255
45180
85886
7952
25593
35726
8917
-14011
79989
73648
-34810
-6243
50929
-24909
11304
3035
-6230
12913
-19981
21353
8894
39705
13177
49518
86169
5801
-22546
77912
-36944
-6780
509
6943
-47479
5930
46616
13501
-58293
-17714
21932
54236
-20312
-22804
-65791
13988
-21517
1091
20531
-33459
-33088
1524
-19631
-2398
-6043
-51347
12007
-32728
-43816
-43400
23612
-33473
-2288
-19433
-5726
-17751
110
-13181
-13896
-20754
14277
-62221
89715
-9824
11312
-7446
32197
-22802
75065
5008
38610
32011
26247
13602
63136
13290
84472
33256
21876
22605
84324
-44838
84804
10947
67546
-3787
61431
6153
-1592
85867
-15020
27063
-1905
11372
16118
35724
901
27983
-11022
-26849
-18772
63597
-42114
15166
-1628
27098
-15941
-2485
-66352
-47101
60567
-14984
539
-55661
-31182
-75750
-583
-82486
-6157
-37181
-89376
-42427
42726
15263
-22552
-20507
51409
9419
10942
40097
60356
-68553
44782
-39307
84204
-68447
