#SpinCore Technologies, Inc.
#SF in MHz
#SW in Hz

[HEADER]
@CLASS=	RADIOPROCESSOR
@FIRMWARE= 3087
@SPINAPI= 20130917_x86_64
@POINTS= 900
@SF= 0.000000
@SW= 30000.000000

[DATA]
7777284
-5822272
10342434
-5394219
11279944
-3505777
11814267
-1441077
11945053
731846
11609559
2735174
10944168
4694092
9879046
6619498
8601815
8204000
7048234
9555326
5164799
10572411
3244609
11306423
1203756
11677179
-832033
11610472
-2854984
11202560
-4829483
10513504
-6574769
9439183
-7988272
8040573
-9230098
6511281
-10174766
4742350
-10783905
2841782
-11039328
861424
-10968988
-1115805
-10499403
-3035929
-9750361
-4692499
-8728225
-6402756
-7356998
-7758290
-5817664
-8832003
-4170253
-9688129
-2346141
-10129113
-435673
-10246984
1310829
-10177200
3121440
-9697598
4747449
-8855427
6163830
-7835398
7431303
-6569031
8405389
-5041463
9101685
-3417072
9497873
-1778298
9531762
40858
9264288
1754666
8801513
3302230
7945524
4825997
6913269
6075460
5616431
7213805
4154734
8029864
2709006
8543453
1080349
8804101
-563188
8809773
-2123370
8439755
-3597722
7902252
-4993941
7093460
-6094496
5946958
-6959280
4733468
-7750149
3377506
-8130285
1945698
-8186445
417752
-8073704
-1024094
-7673614
-2497046
-7080167
-3827720
-6102551
-4993546
-5185848
-5939099
-3938731
-6712079
-2626867
-7272488
-1268016
-7603476
95167
-7606077
1461943
-7374514
2781863
-6905644
3968281
-6365106
4995783
-5479970
5848463
-4440295
6535826
-3287703
6929736
-1997275
7094886
-724485
7095166
578111
6774023
1806337
6278469
2972339
5635193
4001170
4777346
4934350
3740792
5593808
2713502
6139938
1425950
6486938
291871
6555254
-898019
6428124
-2061012
6170458
-2979209
5678509
-3971631
4959696
-4729477
4116171
-5343008
3238960
-5814385
2175054
-6018243
1133673
-6085210
-14599
-5929642
-1077663
-5545328
-2140644
-5032350
-3154102
-4358926
-3872834
-3548919
-4565585
-2647536
-5018563
-1765021
-5435279
-727401
-5525440
324437
-5638189
1344184
-5336636
2178957
-5018831
2996278
-4514155
3754448
-3832319
4315661
-3093639
4764499
-2164311
5035692
-1270082
5079999
-353605
5049943
485056
4858436
1407548
4479556
2268790
4012615
2958013
3312136
3577505
2664094
4094276
1910788
4505221
993823
4636168
169463
4763230
-684665
4603808
-1568446
4405705
-2267237
3993317
-2831004
3512461
-3411963
2927171
-3810623
2231773
-4053634
1547152
-4339276
751988
-4316054
-60296
-4219891
-815065
-3978002
-1585867
-3597383
-2176532
-3089676
-2783221
-2431047
-3198812
-1923958
-3616520
-1281471
-3887023
-478779
-4002558
218463
-3915064
901556
-3770355
1544989
-3600675
2104660
-3143338
2639157
-2656380
3000008
-2199506
3346201
-1581889
3536408
-990486
3640883
-369483
3598800
357660
3476198
938638
3172541
1461055
2847586
2037386
2494822
2474880
1960020
2874374
1353631
3070600
770553
3284405
236076
3308240
-395844
3264883
-1008298
3120044
-1507017
2866819
-1945870
2539812
-2347185
2116845
-2688670
1667318
-2904201
1095673
-2946452
634078
-3053378
85027
-2988306
-397364
-2855695
-936942
-2508357
-1429454
-2268231
-1850621
-1863576
-2209976
-1447963
-2432750
-999949
-2587854
-415754
-2721994
22772
-2740362
557306
-2624989
948272
-2584957
1457824
-2278927
1688471
-2027743
2042332
-1654248
2282762
-1213907
2451498
-774479
2445000
-412853
2508010
136431
2443808
619110
2261915
981679
2127784
1384188
1794372
1621394
1399228
1860515
1040872
2076798
575209
2296116
251431
2288187
-208700
2311063
-591369
2168543
-969809
1998165
-1298697
1773199
-1580484
1527383
-1733991
1172415
-1971333
863633
-2057139
485533
-2034202
149439
-2039805
-288825
-1993725
-662570
-1735442
-934086
-1590384
-1222027
-1266138
-1514299
-987561
-1684240
-771872
-1752040
-384751
-1861603
18626
-1867107
291503
-1869869
565565
-1701117
985533
-1626823
1191927
-1332833
1338926
-1085339
1506086
-846342
1653170
-578225
1739843
-292003
1658619
147255
1557700
349798
1535834
660772
1325381
930517
1117524
1156600
918882
1382368
700181
1383855
414033
1445199
74098
1543679
-146265
1481626
-386825
1422534
-578061
1228209
-833524
1179441
-1020945
936028
-1135376
731411
-1279235
546399
-1368429
327299
-1335196
-35266
-1314036
-213802
-1186458
-419879
-1074074
-629664
-954897
-789646
-776025
-961211
-564360
-1124358
-366179
-1195257
-140001
-1150030
48650
-1192395
314291
-1089238
469875
-1057285
636937
-975923
783538
-742295
852378
-594254
976513
-469731
1011325
-224184
1052767
-113329
994296
85810
974219
302859
875252
489167
775169
556609
595845
667689
532761
811053
307500
910054
104289
916603
33252
896945
-146602
813320
-316443
774822
-424267
717654
-456703
607219
-623858
459356
-707148
355604
-667281
151821
-712852
90299
-775317
-70454
-656969
-198275
-626019
-247373
-572346
-405978
-492252
-534218
-288365
-578073
-226521
-598618
-153798
-594776
10454
-646563
180080
-607609
207898
-556806
292067
-553069
365815
-423961
414446
-364371
493163
-256011
488070
-99410
512875
-26693
526380
87069
460988
103693
416751
229240
349626
266550
329185
354315
186722
379365
117028
430383
79717
421041
-30937
416388
-32456
405911
-154170
405236
-206286
232829
-296327
330487
-293871
211092
-334829
98502
-357210
69638
-320708
28436
-300247
-60524
-289358
-103026
-278627
-167125
-164306
-258986
-185662
-220322
-132000
-207606
-58659
-241778
12656
-203558
16197
-209547
120222
-183699
160326
-206087
169104
-154916
211275
-114030
245067
-53715
144563
-57881
159204
-17956
147961
66581
195001
52870
142484
117986
117580
188208
67970
175720
83817
150192
63718
141559
1563
167007
-55283
81737
-137702
91320
-162567
43803
-105661
87759
-90937
92390
-99010
-1071
-70698
-30476
-90396
-12641
-98432
-66408
-87384
-161505
-47408
-94682
-41516
-104327
63726
-86637
44529
-94470
67520
-102367
114514
-111508
134836
-46363
98556
-25346
127076
-45317
131669
-49383
154762
45404
118867
26758
118615
69435
126517
181999
56827
93425
52460
111909
27975
110201
-75697
116507
-90157
134770
-74905
138486
-175224
105247
-207437
60344
-84724
96126
-172167
-1150
-231803
47639
-214157
-38408
-256150
-85544
-184124
-59252
-124090
-156890
-134626
-93441
-136268
-203497
-50969
-194416
45682
-250225
15634
-187129
52047
-185313
151255
-170131
136856
-197213
183146
-173959
196630
-142320
261673
-95952
272279
-40513
218160
25807
200186
32374
211681
132498
221887
99563
265096
142447
112708
194842
97406
245470
65004
237955
33297
239271
3870
291477
-71071
271727
-160519
253883
-203631
233286
-204626
130821
-266823
199458
-300793
149270
-294227
17287
-329203
42
-279257
-55685
-337431
-86541
-215072
-180600
-139474
-259423
-219303
-251905
-224881
-326382
-11010
-335155
-78817
-295724
19112
-354643
145691
-390756
196814
-305554
124239
-279554
280367
-237412
287544
-133681
260485
-181002
359409
-98902
376154
-35373
383074
40825
378231
70309
327392
167062
290994
277571
282708
219652
201077
350904
71199
406619
98585
354138
58891
397364
-106212
346912
-155635
368404
-187114
361476
-255164
406100
-321255
229564
-346431
208553
-322850
108031
-427397
83917
-360971
-12048
-427562
-61742
-344409
-127651
-305056
-299162
-325002
-288101
-215856
-401728
-179477
-411494
-115655
-394354
-39699
-415031
78537
-419700
100656
-427199
218913
-425376
264741
-340119
285565
-310926
397201
-205208
402233
-157513
416250
-54989
451013
3992
434197
85716
396893
171834
361818
204198
354896
213493
241648
339956
235236
360836
155473
415973
-11594
397291
-48348
376170
-73183
488371
-141977
428529
-245474
319992
-289911
298865
-368064
274871
-360790
213196
-432260
159480
-440377
29634
-435959
-53061
-446170
-155986
-394463
-163407
-309208
-281523
-271769
-321839
-241378
-397401
-183599
-402145
-46918
-394922
35183
-404797
71540
-394430
205710
-424353
231466
-486808
295548
-351969
351573
-275957
351922
-185889
441022
-110088
500960
-102910
418857
31323
428084
90228
427492
164764
421656
243598
296843
241118
258434
377844
146955
356985
113197
416378
22092
360680
-24750
421221
-133355
341485
-215237
361044
-270941
324682
-351991
228005
-397549
218504
-425531
155590
-416313
103173
-385891
-28878
-377874
-82246
-328467
-141344
-288549
-244201
-316012
-245462
-164907
-395122
-158253
-363831
-127455
-375562
-20898
-402349
101233
-365804
76293
-392227
203776
-351486
279339
-351770
277789
-257100
290105
-213903
345399
-132486
443589
-47346
356892
59936
298146
39566
377549
85040
303949
188181
317389
228682
227172
239350
193991
315551
112631
323508
44312
368794
17823
311318
-52675
287590
-120286
345492
-155536
272894
-198103
259469
-308184
190448
-245622
155691
-274975
98381
-357687
1615
-311569
-27715
-279690
-79874
-284969
-126120
-188994
-166236
-177617
-182837
-210389
-270880
-81736
-308209
-61364
-262983
6084
-377183
78554
-282849
119710
-272037
131882
-189398
122263
-229215
184829
-139962
195965
-61499
282523
-52544
172122
-24894
204794
-25223
245857
59060
183241
148015
166606
141548
151067
114573
154264
222799
79858
176779
73716
207089
11348
203020
-9198
244120
-16815
194135
-88324
240194
-131762
217277
-97402
81689
-161204
111236
-182129
92520
-135763
3945
-206974
36374
-218226
47896
-168772
-7301
-190560
-22966
-98810
-146160
-122657
-119741
-145601
-111948
-98837
-152287
-78104
-123237
-52238
-174264
2254
-125881
12588
-130069
59307
-77151
73138
-70816
169133
-127934
79966
-41666
148625
-21910
120116
-5636
140204
9394
87073
62691
68518
-29802
88965
80116
17303
100423
-16364
42460
52987
157403
62230
109529
34221
122694
-41647
62381
-86726
87340
82183
68632
-63307
131463
-102399
-33729
-90879
-3897
924
74148
-67798
54141
-62059
-38307
-74763
-64652
-73312
4956
-8960
-41298
-28995
-33167
-66210
-3646
-11697
5654
-4410
-41914
30122
-51069
-22286
-44806
-50247
17818
-48533
-47918
7954
60708
-30754
-68194
5282
-19315
-22419
26919
-48675
-1684
14491
24282
34967
58326
14489
27150
-7226
-18750
9014
-32373
-46261
-54689
-29684
-21812
154
-35921
5917
28274
-49886
-5013
19922
-47443
29308
-21821
11875
-4817
66546
-42999
11566
-60689
-16531
12241
47482
16656
20812
-17946
18634
-36707
114452
48252
40529
-23782
65288
-22884
26321
73475
20565
62555
29274
25809
37236
67986
-48789
55350
9839
47258
11308
13327
-31824
67226
-53735
70668
-40027
-18190
-66648
28072
-168344
2134
-141232
27663
-52692
188
-78095
-69715
196
-3824
-47099
-53277
-67200
-98748
-28324
-100273
-6148
-63632
-41471
-93917
-7819
-107237
25843
-69274
31559
-96082
27744
-64233
62243
-136455
91681
-54370
76122
-50760
83138
-10983
93978
-39394
137154
-114702
120362
-34515
131237
55540
104252
104202
116473
43462
151131
109436
87104
82556
122115
140676
15141
142678
-833
122454
26355
136048
31355
80354
-72211
101495
-65673
146904
-78910
122296
-107943
103366
-180239
86898
-130961
80376
-114561
71200
-163776
-12634
-98157
-31540
-174927
-47109
-71963
-83885
-38431
-96037
-50009
-46229
-98550
-175392
-39968
-164177
1034
-182062
-24667
-150602
46009
-152637
45561
-163743
59893
-153588
93991
-167457
41686
-120009
203859
-77237
127124
7684
102763
-68025
186023
42104
161308
90180
191296
36435
145557
101021
164463
173077
99004
147455
51056
126405
51805
132579
36779
182974
-82533
161917
-72045
193697
-49061
200002
-50469
131290
-172610
63059
-87957
89714
-142382
113602
-260258
35080
-138222
28688
-189779
5348
-253180
-114520
-138832
-70644
-110427
-127422
-108071
-181427
-43252
-166662
-71360
-190507
-46354
-114086
-76013
-201791
35857
-167139
15359
-175372
115583
-140723
185868
-169808
199672
-148816
198619
-48413
176115
-25875
186612
40221
173498
3867
148529
32802
204384
90848
109834
167748
116286
176702
110396
123642
25759
153734
43481
139093
-27873
211572
-62308
191232
16822
210761
-48403
179891
-81629
165496
-95955
52721
-152451
124836
-152515
24098
-191781
-10978
-176318
-8870
-180596
-2404
-184163
-33656
-183115
-108689
-177359
-47455
-98986
-88339
-122607
-154026
-76427
-236369
4843
-133047
27928
-205484
27674
-159423
46979
-191452
115902
-165166
191422
-71984
116698
-112389
112097
-94658
166979
-52269
166338
-51818
215098
32790
182767
-5181
123986
32951
128778
49758
101867
120831
87161
149783
51074
117059
36260
188227
72385
203814
-9007
92099
26643
200458
-70356
238233
-82040
71686
-102601
94138
-152503
34746
-117159
29604
-170601
57178
-193251
30211
-158655
-6324
-145711
-55429
-170818
-59341
-105855
-170565
-160542
-104974
-79438
-147579
-109309
-156778
-57121
-146256
6935
-178531
-32999
-158357
62022
-255375
133254
-184749
159511
-91344
52395
-110873
133272
-95138
86136
-17376
98071
-40777
165915
14018
173833
58267
127549
93223
114307
30182
82967
54734
96093
120745
42858
68229
18316
119112
-13756
187250
-46342
121825
-38991
86693
32028
157760
-94891
73270
-22619
85385
-116446
106207
-180208
56136
-86232
18665
-150264
79142
-116981
26640
-153621
-7955
-104713
-72137
-57762
-72828
-73736
-32047
-57514
-126954
-89016
-54772
-101144
-62571
-7560
-125910
28701
-96801
-33400
-147357
11163
-111303
65140
-71556
86473
-150760
97645
-113017
67084
-76021
130681
-34811
82368
-82769
192245
46124
104510
-31509
127885
48771
151850
70531
116337
40066
59278
56707
68311
105896
103688
86397
2439
133878
-84708
125328
-54981
154323
11622
100759
-70554
138695
-86090
114348
3156
100428
-45553
82810
-70372
97202
-104510
28333
-102329
22751
-95137
14265
-148060
-54810
-82183
-31268
-104683
-54199
-110044
-33286
-38060
-58832
-50243
-61096
2544
-135164
-1166
-119878
-25268
-90236
-20079
-63715
37712
-65228
90363
-44889
105722
-89107
65862
-49866
68497
-64110
142981
-53027
124174
-6828
115085
26217
73825
38092
96267
14697
104678
35215
119563
74356
62805
38055
65186
6038
84653
88799
19756
124879
-71795
151960
-5998
115660
39508
76391
-33024
131533
-98562
76643
-76101
20815
-30222
51806
