#SpinCore Technologies, Inc.
#SF in MHz
#SW in Hz

[HEADER]
@CLASS=	RADIOPROCESSOR
@FIRMWARE= 3087
@SPINAPI= 20130917_x86_64
@POINTS= 900
@SF= 0.000000
@SW= 30000.000000

[DATA]
8062162
-6012884
10755883
-5576806
11702120
-3535086
12247291
-1508621
12345128
688478
12002784
2870276
11360573
4862473
10339491
6782271
8934779
8456436
7257290
9889256
5327606
10870583
3412179
11663220
1276947
12102369
-840715
12001544
-2927762
11605344
-4834137
10953968
-6708374
9785464
-8172350
8376380
-9542981
6787440
-10536919
4985634
-11161666
3024965
-11484469
1060161
-11324500
-969933
-10941655
-2975264
-10083768
-4847864
-9114098
-6485998
-7704074
-8006535
-6133933
-9046141
-4382171
-9941748
-2583865
-10534634
-624232
-10653971
1220652
-10530390
3102813
-10072701
4783063
-9255285
6332937
-8198422
7613535
-6890557
8697643
-5390000
9391620
-3704054
9831864
-1953836
9886009
-174785
9688285
1541399
9188636
3325846
8334975
4878784
7305550
6118079
5970948
7327699
4584310
8260289
2942379
8780460
1276674
9113894
-362423
9135576
-1896257
8818253
-3508905
8213028
-4858264
7432487
-6065222
6379879
-7038869
5109230
-7771869
3678781
-8319271
2224190
-8544766
706516
-8448306
-819118
-8024906
-2341789
-7327043
-3687112
-6541074
-4947286
-5535668
-6038756
-4296252
-6861763
-2994530
-7430964
-1603877
-7796353
-122975
-7902541
1241150
-7742180
2595458
-7318001
3816974
-6751303
5018779
-5831356
5853188
-4810554
6594741
-3706269
7005066
-2395131
7314598
-1029426
7298313
230640
7089876
1544284
6673165
2842853
5995706
3962863
5123265
4817284
4156218
5646540
3014396
6280626
1799190
6657041
551236
6813233
-623055
6825156
-1832821
6486476
-2938069
5987530
-3844604
5366873
-4790741
4581518
-5404046
3529898
-5872077
2425434
-6185542
1373112
-6312566
241814
-6158563
-826684
-5901349
-1939390
-5383408
-2925217
-4714734
-3811309
-3933885
-4529851
-3011760
-5117370
-2118625
-5495789
-982590
-5786377
35515
-5784358
988837
-5666504
1995600
-5333201
2896171
-4860948
3689896
-4174482
4281703
-3485332
4784047
-2584497
5165544
-1670431
5272774
-686512
5241501
234113
5131778
1180971
4760923
2009847
4279797
2845236
3657305
3492387
2979309
4007641
2146423
4535653
1347254
4733016
421937
4967026
-419531
4883698
-1235352
4629138
-2070024
4301251
-2753315
3782866
-3398207
3202504
-3815030
2576830
-4223807
1793887
-4401448
1026653
-4474894
259516
-4412754
-592985
-4210486
-1320221
-3803142
-1948627
-3432502
-2575754
-2856632
-3210808
-2214210
-3570124
-1496437
-3923474
-814096
-4035082
-114193
-4068737
686975
-3994975
1285173
-3856738
2030924
-3451369
2519192
-3011924
2988839
-2477203
3374805
-1866946
3628802
-1262864
3693672
-580740
3752379
30293
3622159
716507
3441883
1299797
3195124
1950549
2727278
2395999
2249529
2747604
1686068
3085375
1110484
3319171
492714
3403993
-169773
3524124
-728306
3277599
-1285795
3075113
-1770254
2775313
-2265507
2439725
-2600344
1980790
-2808223
1491255
-3042727
873508
-3131101
371075
-3146651
-145691
-2970730
-740269
-2731690
-1219167
-2520952
-1654761
-2111872
-2124766
-1739538
-2376148
-1176635
-2639279
-679015
-2798834
-241412
-2817190
282020
-2789388
773228
-2693922
1251142
-2469681
1643132
-2238933
1972684
-1876754
2239835
-1503440
2510199
-1054349
2530687
-619290
2646846
-112410
2581950
399420
2452322
760730
2203445
1184852
1956452
1555677
1611771
1845615
1346094
2105855
816586
2225238
447279
2278251
17789
2383701
-400238
2277920
-797705
2160890
-1147974
2028323
-1454783
1673517
-1656320
1429402
-1929037
1107536
-2067001
730325
-2215210
295850
-2132216
-29887
-2070905
-485616
-1862598
-755893
-1716921
-1108663
-1479769
-1430084
-1245312
-1594062
-871316
-1780801
-506375
-1910127
-183127
-1948295
122573
-1920003
517931
-1801080
695705
-1715510
1067252
-1472326
1354124
-1333893
1472258
-1098902
1650335
-712555
1697413
-392259
1765986
-108262
1656486
232551
1573775
515530
1525418
776284
1308043
1020251
1062069
1152426
896947
1390920
562373
1485588
312836
1551709
62875
1524681
-229162
1495202
-531573
1422020
-732858
1210451
-991024
1095821
-1106042
914609
-1279278
665845
-1345955
435486
-1422863
215068
-1358810
-97444
-1282830
-379611
-1276972
-525415
-1109640
-708022
-929290
-915252
-659088
-1010722
-558399
-1161500
-293760
-1194828
-39136
-1213689
113560
-1143881
352525
-1169267
605738
-1058729
688138
-880772
843778
-766131
936752
-647983
1054853
-364677
1031780
-155017
1073770
-48268
997196
234180
973240
326573
845680
533238
726772
665133
578377
707317
463832
812949
274842
895552
95841
824549
-40617
914735
-251352
930237
-354033
788285
-462782
728144
-619315
613495
-704205
484501
-743591
344644
-705268
202683
-758072
13340
-678593
-129514
-655720
-221666
-604291
-325142
-527101
-447438
-456431
-519255
-328716
-620088
-191778
-660496
-78290
-655075
42152
-576451
152749
-620015
216022
-459415
356322
-485075
341215
-405108
457432
-279926
447815
-196404
589359
-119747
519716
-50110
421119
35387
482024
171244
446574
347564
373901
336355
289202
357026
180358
393439
56852
396637
75846
366711
-25047
406915
-154380
410271
-166185
283841
-236733
311103
-259475
185899
-258016
214736
-322247
63443
-355098
66062
-335060
-41613
-363598
-22121
-254366
-64520
-238561
-251586
-230760
-179451
-104535
-218750
-103320
-227637
-34714
-227093
37525
-291266
42237
-158519
73568
-174242
141883
-165548
184585
-153639
220086
-136671
177231
-35907
189533
-37786
173190
6547
201912
91267
148263
122098
87323
88344
46288
108689
40967
163669
-33756
193263
-8587
92529
-1522
218759
-52646
147141
-120547
97092
-117523
77265
-133202
79390
-118333
36917
-142945
-67330
-128475
-14045
-64831
-87468
-64337
-61555
-14499
-175449
12388
-76502
1132
-123833
-7584
-113669
43903
-176366
93662
-112199
59740
-147749
135888
-133014
81087
-84001
138135
-21163
87815
-13245
164707
40403
217455
92275
135141
117380
120066
66341
-626
139685
12315
174880
2005
136013
-75435
166308
-22543
121308
-73833
174013
-62037
140415
-149118
134353
-188485
90129
-253763
53198
-228781
26118
-120801
-84079
-135738
-86284
-197136
-102783
-88909
-180023
-111048
-158292
-117766
-202924
-122752
-199937
22104
-213141
52929
-261850
100286
-208519
97112
-143376
166603
-170898
175260
-182396
206486
-149826
267372
-125413
258400
-71529
283050
-15445
240031
75216
225884
87298
256962
148294
127808
243247
158394
213941
116914
291683
100378
281129
77508
328933
-111623
344579
-58569
316146
-119089
241999
-169313
338606
-276228
238896
-267749
146598
-349512
142954
-319435
67852
-320970
-50557
-284607
-47385
-340208
-95441
-260758
-174667
-231796
-157542
-155593
-240038
-124708
-331414
-99064
-304762
-79852
-296995
-5999
-358940
42223
-420723
153067
-351793
201312
-250221
231751
-297669
276098
-177433
347882
-146101
341306
-67175
351415
-5187
322872
56257
368666
98272
347422
156351
362693
221990
284869
276276
228141
381018
162177
338146
103752
377430
-12797
440129
-130147
425678
-85126
369614
-185678
344996
-338507
321094
-345544
236628
-324382
234764
-364543
163949
-459694
39894
-410512
-65160
-390661
-5650
-400332
-95990
-380460
-270831
-270529
-337382
-256758
-371182
-201466
-393671
-48423
-431562
-3913
-472658
22781
-415552
87166
-431489
187206
-443952
257933
-353444
340637
-285935
314372
-273963
396406
-115277
406879
-49114
399052
-64
416676
68561
438453
78219
398276
258027
432544
325313
304866
342515
190396
387435
193595
475671
53417
471204
17634
457999
-12861
404662
-202551
476671
-207284
395690
-307773
366372
-381268
257399
-432659
270668
-464039
125234
-462304
66743
-425898
-46602
-390650
-111887
-407487
-182611
-246271
-288016
-292330
-322400
-259430
-390121
-158344
-458673
-48822
-438224
-26471
-396521
48990
-490267
161356
-413480
229279
-374270
249910
-365056
354395
-227470
452884
-225610
456187
-182584
423449
-116015
520100
-41480
423177
122269
405521
117142
433441
243524
321906
304574
268827
343260
227448
417608
153452
414297
104678
489847
-103788
456130
-135679
366823
-201944
345414
-243625
362903
-293145
315222
-333973
245242
-383361
195730
-434745
86774
-415902
-4798
-408651
-80887
-414536
-154581
-359420
-193631
-341780
-276917
-272784
-284815
-183498
-345091
-132390
-347747
-4070
-374210
-22348
-398188
59870
-363276
145070
-357780
242169
-369843
260177
-262492
355742
-210992
380775
-204536
365347
-78880
302008
-82424
433214
34067
349913
68536
331535
182604
318824
153655
222812
305357
164924
317106
86817
362574
123197
326689
-22329
390363
-69747
344355
-151845
328749
-160349
306268
-222103
255098
-265980
219613
-332516
189627
-294697
52783
-295590
30071
-337113
-10861
-354321
-53855
-291903
-148709
-258570
-178843
-224688
-180889
-142784
-268707
-152625
-297185
-73870
-338165
2916
-263099
33581
-236267
87979
-231837
184331
-339845
160730
-246623
174786
-184174
254657
-86417
244871
-132594
256983
39958
221420
-15376
322523
48038
225636
179834
215111
140489
187620
142372
141444
179104
141448
205867
116615
247864
27872
177317
15943
267649
-83848
178085
-48191
148308
-87416
189010
-175389
107514
-96665
120328
-214902
127232
-109949
65438
-190295
64558
-162189
5092
-142155
-65786
-125349
-75266
-110876
-92390
-91192
-80699
-42591
-149447
-81499
-143406
-58332
-152689
-52472
-185266
40160
-116197
4583
-127581
50122
-184451
84228
-135578
172822
-143183
187887
-60372
136785
-44778
140082
-56425
111408
68085
60720
46955
81987
-20803
117188
27949
38932
69837
68295
63824
86917
79612
3979
62040
3659
104592
-18967
86283
-33537
123319
-3183
72829
-91676
109426
-37884
56530
-80726
97562
-36622
25687
-16481
53857
-14669
-29262
-10533
-52638
-58958
-22286
-41329
-70911
-25466
-76377
-77951
24021
-37527
-34189
-27317
3014
18463
-59609
-49680
17698
-30918
-85275
67122
-44976
-38519
12151
-41243
-43392
-31469
-25115
-47229
-17586
2918
-14516
29152
13654
8564
-69707
-11807
216
1192
-8877
-10145
16780
-30639
-2543
65566
-39207
-11550
-15385
619
-3241
-38186
9359
-30182
18970
-53368
-49883
54770
-33957
97490
-58630
63791
-27305
-3936
-9984
112711
130
69662
-2343
46098
12654
86682
51187
58334
-68795
76993
22556
-9011
74020
3821
95057
45644
89158
53021
130528
27776
98840
-73223
85330
5310
62778
-90804
78048
-30234
99609
-26143
142904
-76156
74996
-68432
-15693
-47065
59801
-121156
-18665
-83943
-39765
-27853
98233
-159024
-86548
-88158
-80362
34311
-39437
-75030
-77384
-25461
-72386
-45151
-97828
18047
-134756
38653
-49605
-8384
-45926
21037
-123017
51444
-100680
84545
-47962
37807
-41890
134062
-98634
109660
-78011
78527
-23042
109382
37006
154793
32357
98314
97695
52833
-28687
203730
31386
97813
114542
102761
114921
74492
90221
77646
152050
-7905
142124
-37781
130561
-53729
133211
-98634
67669
-52994
113719
-117860
66361
-132364
38369
-160292
33460
-150157
54191
-168461
-43472
-170321
1795
-126644
-62739
-94950
-44889
-129103
-121332
-105576
-90002
-41933
-129910
-30501
-181180
26982
-206496
-38987
-80953
-15669
-172570
82475
-149014
166113
-107872
79783
-108798
157791
-69547
174404
-77379
158799
-371
200207
-15088
131637
98347
169602
71320
150348
97726
110703
130533
151576
76276
51055
163998
96093
201046
-32898
164384
2805
175812
-42516
104757
-37621
158270
-70698
213842
-155611
150460
-157706
105841
-190542
93053
-161975
86177
-201432
38277
-230356
-4467
-212469
-53287
-167022
-83673
-128297
-173541
-135395
-120848
-99203
-128842
-56108
-206855
-79225
-117732
-31993
-144852
47965
-150668
8014
-101804
86556
-152368
137897
-122400
132068
-132420
144002
-125998
101611
-16130
216250
-65705
190820
-42573
178020
5436
206577
75846
129795
86602
174196
99551
155237
125518
185322
146255
106160
190458
69727
204480
21638
266255
2739
152697
-89566
226890
-86070
192377
-89361
186235
-134340
116876
-192377
4734
-185690
98388
-144816
27759
-193790
-19654
-266794
-73485
-188606
-84782
-124232
-146610
-143453
-114101
-48633
-198467
-35701
-156731
-88962
-151510
-65698
-213170
-19646
-134425
29698
-182864
48919
-151337
101084
-168060
82486
-203432
215705
-91327
191975
-22181
222400
-81465
218841
-26419
173976
-32901
220797
31393
152370
67247
120716
59919
184583
105804
86757
104625
94062
131770
79641
183858
95604
198857
-61847
134823
-52225
165695
-71595
197348
-152581
149688
-119811
99518
-167771
85598
-155988
106338
-187880
25636
-128396
30696
-135104
1661
-79496
-48711
-127558
-20470
-166539
-92771
-133359
-103139
-115134
-162175
-34835
-117863
-44700
-135783
-79594
-189599
51357
-141463
68793
-205211
96352
-132931
141110
-152095
100613
-121762
123546
-123955
224083
-33640
125229
-19678
112238
10458
174743
-6993
212787
30007
163579
6318
103679
-2757
150268
86617
164486
44455
118851
144473
61060
94944
46532
141689
-69918
169377
9319
150965
-144447
200207
-80962
139155
-7739
155153
-157238
32647
-172842
46579
-97603
72494
-150074
27878
-198829
51459
-135899
24258
-99394
-121406
-159900
-67161
-76701
-70031
5916
-102519
-45567
-140719
12929
-126511
-34489
-114283
-10810
-165214
80670
-129531
37122
-124369
68336
-60614
25322
-78158
108576
-67543
115962
-27430
177191
-81395
124361
46829
94502
-30954
144975
14202
52173
69232
103979
91210
103948
109826
42305
153004
57627
119114
38373
133747
106276
108456
-8101
157176
-34553
42805
-67645
94498
-26567
87851
-90273
127867
-133840
63579
-90372
77475
-168452
34377
-121826
4533
-127348
-33695
-44542
-29988
-126797
-12919
-125105
-23569
-38658
-68881
-119964
-75452
-38398
-106086
-56772
-95599
-66080
-109468
-22372
-105230
30179
-64697
66140
-43638
37939
-126132
-23888
-58067
87783
-84648
155817
-96696
103078
-51581
138864
-15780
89996
24157
127315
-9002
135789
72282
115392
25161
39738
-1798
155004
98565
50175
103590
84288
107181
28539
131849
-842
53858
31885
65535
5266
89954
-19459
109623
-72625
67271
