#SpinCore Technologies, Inc.
#SF in MHz
#SW in Hz

[HEADER]
@CLASS=	RADIOPROCESSOR
@FIRMWARE= 3087
@SPINAPI= 20130917_x86_64
@POINTS= 900
@SF= 0.000000
@SW= 30000.000000

[DATA]
-4304445
2997103
-5532104
2922003
-6109634
1935566
-6406317
803478
-6370193
-297095
-6316229
-1483342
-5971323
-2605739
-5399524
-3554690
-4704451
-4403169
-3901847
-5150831
-2892845
-5722085
-1834224
-6091861
-665582
-6337137
384177
-6323625
1478817
-6187004
2539938
-5713268
3449908
-5241943
4283180
-4446174
5000534
-3661391
5511300
-2716161
5918612
-1661529
6088398
-644192
6083332
464381
5804155
1497995
5367979
2467049
4805375
3340054
4120141
4111106
3286200
4749210
2414198
5220043
1406485
5538193
473489
5678571
-582682
5554690
-1593909
5323192
-2411222
4913469
-3268080
4417879
-3943862
3756569
-4495755
2911157
-4918930
2009854
-5128410
1162628
-5141399
200225
-5172352
-797167
-4866914
-1643282
-4512500
-2479099
-3884152
-3214393
-3235617
-3790328
-2491166
-4314479
-1714945
-4569195
-763749
-4819898
120705
-4802542
860095
-4642914
1757127
-4400613
2546041
-3949515
3123099
-3464473
3699470
-2842705
4064574
-2039076
4376396
-1251595
4525137
-461242
4481646
304428
4245163
1176065
3889440
1876986
3498367
2558343
2988328
3127344
2411377
3547007
1673677
3972578
959587
4137284
137013
4132799
-577758
4100342
-1248682
3962270
-1944088
3587428
-2533077
3159255
-2991979
2658470
-3386878
2002137
-3713546
1336919
-3912591
613752
-3868958
-31634
-3844517
-756507
-3500477
-1435197
-3147870
-1955606
-2745073
-2510633
-2233498
-2975321
-1644853
-3304413
-1065855
-3504310
-426994
-3582438
234260
-3572929
893553
-3441340
1497822
-3238913
2057789
-2822044
2478418
-2472615
2782562
-1960982
3133096
-1361975
3262360
-787810
3349690
-214507
3190793
394668
3126178
902834
2891471
1472034
2575150
1918881
2174132
2325156
1587618
2623446
1079781
2853752
587605
2963992
34091
3080252
-498560
3033488
-995578
2838439
-1399282
2582716
-1832874
2242536
-2253797
1862235
-2520927
1356969
-2662321
949014
-2789347
429883
-2804265
-32955
-2761436
-566100
-2555720
-1058451
-2230125
-1526001
-1975113
-1861031
-1655617
-2131918
-1163196
-2361103
-759753
-2522662
-298575
-2693552
222740
-2538644
632898
-2451603
1070202
-2273088
1459771
-2042636
1753417
-1742042
1998463
-1407857
2215800
-953180
2275152
-535735
2423647
-104679
2318069
240380
2253499
731012
2074575
1069379
1767040
1422734
1521727
1727101
1154338
1912764
876393
2155833
480444
2236467
117758
2229482
-322034
2111081
-730348
2041126
-1103365
1794736
-1427866
1627013
-1634817
1338067
-1781917
1037858
-1903010
699639
-2016849
285447
-2003558
-50936
-1917103
-347026
-1837833
-631165
-1661992
-968767
-1439251
-1301547
-1193719
-1402120
-916684
-1652480
-536781
-1743768
-264537
-1838333
161843
-1807537
446499
-1727044
704956
-1639277
925235
-1430061
1224793
-1245246
1380236
-1011085
1595498
-678715
1634697
-385113
1698157
-168643
1657040
141280
1625445
482496
1545390
675710
1372159
992408
1103301
1077871
801722
1303113
602807
1438008
312593
1537754
113923
1564354
-180919
1526260
-447203
1441497
-690493
1291836
-904952
1134571
-1073439
884842
-1257270
729246
-1313082
578845
-1420559
260442
-1316570
-22836
-1259970
-295209
-1241058
-433258
-1108098
-676256
-976181
-784816
-797728
-982234
-615227
-1126447
-378996
-1128598
-209867
-1210592
34124
-1265479
250356
-1227869
436868
-1099336
626873
-966239
790638
-822087
948911
-668358
1033525
-528742
1115982
-284646
1153939
-177021
1119915
85489
1087555
306865
969418
433716
855499
587283
716273
763554
572227
893261
416917
973023
258721
1051022
60082
985738
-76392
1004163
-343932
944696
-466457
844614
-622087
749365
-735997
658082
-785922
544536
-867246
290994
-921179
191100
-912422
18378
-813854
-100345
-874558
-251432
-765741
-332101
-632401
-550560
-511600
-624479
-396857
-765328
-267182
-785855
-136285
-774912
55481
-798350
255313
-748990
300406
-680458
425576
-736486
561625
-547283
618940
-448217
672944
-295241
699963
-185118
734423
5643
747483
64981
624746
200056
638878
229223
485118
332182
443576
433856
399889
584348
278379
555763
199378
621147
48738
556036
-84297
556024
-214988
586343
-278951
506889
-363567
420445
-441364
282494
-474326
298904
-475895
191861
-623746
44049
-552319
-34663
-469352
-100259
-451127
-191948
-412487
-305765
-326918
-363902
-224606
-436193
-152044
-371982
-73841
-441090
2216
-384272
89411
-490663
128981
-372043
226006
-381311
350352
-354291
397788
-201235
377482
-222365
467691
-75021
427787
-68133
457148
11340
343458
138448
326912
156399
335766
227657
262446
334505
160976
346001
123703
355896
68730
418392
15622
368972
-45664
342039
-120676
341987
-188413
284738
-217903
244484
-227696
193144
-267868
147282
-197667
95291
-299577
18985
-300457
-83319
-237985
-105385
-211249
-136930
-78809
-146745
-114867
-141066
-115902
-188441
-4983
-219320
81617
-184045
6801
-224710
81660
-263004
85584
-176193
131562
-83044
155776
-73509
181738
-99714
157680
-37552
242312
-103319
165146
-3051
200426
80470
148223
-1906
140880
74180
148485
126863
69590
91913
12942
200059
16300
183224
30677
149926
-22388
180841
-28541
144624
-60155
143483
-173422
96020
-114726
53021
-145654
29454
-152661
32485
-121215
9152
-146830
-28816
-106858
-77019
-72122
-50029
-105868
-83843
-73135
-142794
-52364
-119070
-22847
-140227
-29332
-123982
5437
-111495
39324
-120510
94473
-70525
66527
2982
103540
27671
141200
251
113548
-14690
106148
-34877
114950
62948
108227
80407
113791
82674
5013
91124
30022
172170
92853
94006
-41621
104159
-14734
65985
-92549
68750
-98576
48878
-90550
51767
-86778
36891
-108497
22141
-21791
-39451
-158773
-56958
-113963
-62641
-95876
-59902
-128714
-158625
-81783
-157469
-24824
-96897
-34464
-126661
29968
-116701
111313
-118740
46824
-137554
89603
-82902
55450
-123245
154034
-54580
231682
-43014
184316
-36426
142280
-16154
125113
19738
165784
60215
195668
99444
146492
105870
50369
127137
82233
117914
57159
142449
-276
155795
-45786
190971
-85655
223418
-44668
143141
-82575
188146
-157064
130298
-129658
96191
-177882
58392
-140306
62607
-262155
-51801
-183756
-49067
-129197
-92796
-100522
-116787
-76966
-168034
-97311
-146640
-115464
-169452
-26304
-162261
-2428
-148262
7983
-186780
134335
-184439
110263
-179790
113425
-169913
131641
-111861
216350
-91656
208488
-92003
271133
-19005
201700
9036
253931
50768
184211
94573
145281
152058
96546
134208
60680
147752
116324
223087
50249
175570
-20806
258436
-45782
191484
-128401
181767
-102703
159694
-127669
133696
-210951
154219
-234885
37819
-257126
17716
-259578
-57854
-228887
-110480
-159912
-84107
-207493
-93946
-150504
-129001
-182127
-176751
-97175
-190650
-98885
-199737
-77884
-274027
-35915
-292068
43623
-296863
63206
-213855
192726
-201999
108016
-229299
221969
-105364
175072
-126243
266105
-96810
279812
-137648
243229
25100
235225
41629
261037
151308
226757
126971
195773
180352
154536
256079
140132
257592
68129
228386
41580
295944
-56063
285163
-9553
206494
-99043
224182
-125610
179305
-166427
211970
-205198
150508
-246394
102435
-221119
41213
-206716
-19365
-220305
-1974
-197218
-115060
-247828
-108480
-198801
-154790
-186534
-297036
-103181
-266252
-85836
-259533
-50345
-231678
-23867
-276876
78089
-219619
87674
-246854
104495
-152691
147362
-221516
167053
-68645
198854
-117023
261562
-58391
221862
-42461
221075
-38227
246314
23487
276605
125451
166531
155520
195419
212089
136226
233531
150097
279132
58063
260817
43706
184476
-41360
300071
-41849
240220
-109075
274034
-162335
272640
-205839
158219
-222040
130287
-243337
105381
-217434
123491
-216575
30652
-232998
-81626
-157878
-104910
-197474
-187849
-169919
-86531
-118991
-223024
-101380
-300654
15943
-202234
-75370
-250137
-18014
-318063
117104
-253927
135265
-270440
93732
-232101
99711
-227087
168050
-104883
245946
-83718
270594
-140054
215566
35311
194175
19292
196079
142882
225974
147682
224072
177091
164961
194205
119359
198205
145892
145040
65354
196228
-847
272520
27637
226847
-70108
192925
-107953
159815
-191902
176009
-102070
93806
-245414
99296
-176116
146940
-124302
68798
-224040
101436
-133719
17840
-182040
-62183
-213979
-66929
-182857
-101093
-124924
-195937
-46880
-138030
-462
-179410
-79404
-168968
-24095
-173603
66471
-211733
21230
-151042
94796
-192612
166698
-120479
155567
-136340
196081
-60149
198866
-86368
192942
-51957
219337
-12558
167494
103823
98407
9595
116504
149362
99301
114713
103326
152719
59168
194558
54125
208762
32969
131064
-42857
203636
3670
134292
-46683
168102
-119878
115223
-111103
52361
-144229
61546
-104653
61312
-85962
34521
-111049
17547
-148682
13987
-152616
-53376
-53743
-64014
-85895
-61065
-92338
-163971
-56398
-90652
-56212
-117417
-78381
-91910
31947
-147688
-12341
-84469
8776
-151449
27025
-43190
69834
-70035
108782
48966
140226
-35340
132395
9935
207554
-50459
148922
14352
101878
41734
53422
58713
131741
10677
144048
32265
143001
-402
75468
36939
116708
54974
76538
136099
-19317
131953
11590
116995
677
126379
-16425
61343
-124803
41553
-124153
22021
-88943
15376
-81527
-11589
-62762
4795
-110776
40603
-130364
24114
-26345
-27637
-74612
11070
-61311
11582
-46172
-28390
-17879
-5635
9173
-94343
-6528
-60897
-680
-76773
11360
-76077
81192
-24824
101741
-66200
45243
-36605
70920
-46130
97361
25957
53298
-26882
64134
-5351
11909
-11137
105063
-49226
25373
-14338
33025
31560
41098
3706
-25855
47410
43308
-74897
-21861
40609
6909
-32664
7669
47
-24628
9794
-36663
15634
-4524
44641
-864
55610
-11463
14281
349
59380
47885
49758
11868
-47743
-55440
28361
24889
24468
42717
-21290
-67052
25467
-32041
-55306
-42146
-6645
17837
-44069
-38535
-47805
-1919
-32823
29139
-37099
10289
-38642
53333
-34312
12326
-72457
39081
-53056
80419
-51556
29595
-95431
-30148
-65474
15921
-44165
16436
-59522
31317
11132
18924
23949
63433
406
62360
38703
16519
-49227
17276
-5189
-4256
-71445
32949
-8263
47068
-3849
23836
33298
30632
5604
-19978
34311
23630
20903
70496
3358
34465
11109
750
-10406
35254
12827
128114
-13651
-59973
-1170
-43533
41086
54848
56037
-3452
95540
-507
23124
-5282
33886
-51817
103563
-49515
24570
-46108
105339
-36932
50649
-27156
4899
-37145
23599
-20555
-2221
2279
27391
-43911
-24894
-21422
-79786
-3938
-71875
-74511
-84772
-18752
-24175
4830
-3395
28989
-29404
70048
-80280
-3626
-52049
11742
-85435
26466
-59402
39719
3411
59883
-65487
54418
-47791
13391
34783
75317
11966
61063
8471
35250
55165
102177
35715
12016
58117
38223
76700
14272
24621
31470
106080
-30257
93542
-3510
94176
17413
38700
-33072
24598
-96706
5535
-37600
63157
-104549
37950
-55432
16662
-74565
45986
-28799
-2785
-62917
12749
-67869
-29646
-54729
35316
-42167
-9701
12021
-56520
-89491
-43852
-64781
-80429
19730
-85197
-6350
-106097
48133
-90874
26538
-48962
95370
-74333
124619
28481
9418
-1109
72417
-77080
138664
-109533
171112
-19889
89890
-50367
72452
42438
132969
-13492
99818
-51184
130725
-8070
75396
32953
45128
80849
59764
76947
11165
69181
51549
68211
34820
121433
7590
111197
2716
64303
-13576
90482
-16405
53013
-52910
100790
-75195
51728
-67958
31136
-108108
23195
-66344
-66450
-64967
-41439
-111761
-63385
-66819
-52791
-44543
-89287
7405
-141950
-60032
-64287
-69539
-85011
1679
-67987
-13762
-106834
-33953
-21117
-62248
-37112
40159
-55454
-27115
-47602
43282
-41254
98492
26934
69649
-46749
101627
9546
98694
-36825
58501
40438
59244
43823
44079
44656
31841
44938
47120
42794
42997
64588
38278
62365
6374
88482
-19134
26389
-5914
40683
-35083
45353
-61614
113129
-101791
21101
-120996
66250
-33914
59324
-74811
-25657
26101
17004
-36304
24881
-53213
-22349
-74248
-81653
-27019
-95264
-71852
-64999
-20996
-129665
-18471
-115989
-17368
-37471
-8099
-90009
9116
-35397
32969
-27477
-12748
-83051
24047
-59629
77300
-59761
100143
-34645
90033
-90198
117614
-17936
42273
-20294
48458
10866
-9366
29423
58819
20634
56937
56067
37024
21222
5691
23909
64076
69075
37370
-5476
18573
40305
-36597
4850
31510
39425
-40078
22646
-2743
55479
-9836
-13044
-10671
115
-29648
9712
-60535
15119
-92556
-3258
-53957
879
-24528
313
-63340
-15488
-46106
-24379
-45097
-10933
-26235
-27734
4546
-41196
19047
-54378
67751
-77756
14880
-62253
40072
-57536
30023
8544
48322
-112768
52959
-2496
49220
-4575
53073
52576
4261
-36841
104168
12813
68430
-52109
71887
-26960
40841
-5786
61581
-32676
63006
6569
28165
-12692
39933
48879
-31321
8943
53957
84223
14275
82421
49301
32100
16418
61737
-23376
42993
-34447
15998
-4261
58685
-41243
-2476
-46772
65019
-30568
2603
-44269
2073
-14394
-1615
-39271
-11901
54279
20496
-78253
-10093
-35824
33870
-24168
-39480
-39839
-23923
-58601
-57526
3
4751
34121
-31101
-37184
-27391
10139
-21636
49911
22913
27281
18833
-30171
-41005
8376
-44965
29817
24297
-8062
4069
27006
-42802
20681
36233
25989
-40312
21490
24462
11974
51936
84954
1249
89848
47975
18325
25898
5467
76385
32815
76101
93994
55264
19282
69991
-33833
-15254
-36701
78033
-21712
69641
-9011
66529
-30090
8973
-13959
62736
19538
-16620
-36920
-17596
-34338
-13333
-36184
60917
-61884
-44674
3628
17424
18773
-21864
33409
-15223
-83608
-38166
-19260
-69797
-48033
-60450
-48215
-123713
