#SpinCore Technologies, Inc.
#SF in MHz
#SW in Hz

[HEADER]
@CLASS=	RADIOPROCESSOR
@FIRMWARE= 3087
@SPINAPI= 20130917_x86_64
@POINTS= 900
@SF= 0.000000
@SW= 30000.000000

[DATA]
4071255
-3008954
5403299
-2875877
5858684
-1850345
6186023
-783000
6162327
334559
6121372
1397971
5797972
2313654
5252755
3376154
4551483
4194644
3746713
4861765
2843854
5461556
1826508
5891936
752657
6085186
-265749
6068746
-1354967
5918440
-2373817
5621039
-3300085
5013434
-4093505
4345926
-4723001
3517112
-5300177
2581900
-5610423
1682574
-5721109
625722
-5711699
-355234
-5520942
-1327740
-5166477
-2275556
-4635712
-3171517
-4010745
-3899728
-3198306
-4505845
-2325446
-5009058
-1444570
-5239965
-480726
-5311293
469969
-5281201
1374923
-5115692
2275471
-4688308
2991443
-4183968
3692305
-3649340
4246914
-2809203
4690951
-1996751
4950899
-1188723
4963059
-270157
4901400
644892
4693005
1427375
4344370
2328582
3793526
3003542
3138700
3596888
2459953
4020681
1609248
4368093
816455
4647005
48511
4594339
-840249
4444568
-1575829
4249397
-2268897
3844945
-2897140
3302099
-3477401
2697905
-3829113
2094838
-4140482
1341341
-4227107
558588
-4287169
-209238
-4119621
-1002849
-3826092
-1717329
-3416295
-2404587
-2880152
-2862278
-2370627
-3325491
-1682522
-3700110
-1002728
-3879303
-275883
-3998030
415375
-3860654
1148216
-3753050
1808837
-3460846
2303908
-3050221
2844366
-2598385
3185648
-1996736
3511699
-1379182
3657780
-743028
3736177
-35152
3658614
616197
3428833
1260196
3156666
1772731
2691395
2384892
2224503
2774200
1650254
3094612
1103519
3308437
450252
3420437
-131114
3396707
-701337
3267903
-1282790
3069812
-1828580
2819842
-2263364
2436675
-2652912
1933450
-2864980
1456542
-3052579
907219
-3173945
446860
-3178520
-319438
-3073512
-771598
-2845336
-1289946
-2504629
-1822099
-2136989
-2147924
-1674337
-2558053
-1221371
-2719752
-679017
-2867007
-150326
-2889982
311720
-2851341
817541
-2685329
1281920
-2529971
1704006
-2219889
2019248
-1930652
2354880
-1423440
2539035
-1036474
2692705
-551426
2755217
-74735
2634262
440514
2487357
833253
2284764
1259222
1975712
1723124
1643959
1941495
1274393
2213523
795605
2337038
411283
2480253
-281
2495511
-481907
2360021
-910653
2281714
-1184332
2042994
-1594731
1793344
-1947903
1441371
-2093858
1041478
-2211724
666608
-2340879
296650
-2279024
-77098
-2262761
-480225
-1963725
-938628
-1828278
-1212878
-1578376
-1506246
-1263981
-1751611
-926466
-1953731
-525087
-1999618
-147331
-2019986
174433
-2005333
492208
-1980866
914657
-1860370
1115868
-1614838
1413077
-1468515
1611100
-1163804
1699450
-856939
1873066
-471883
1901929
-107205
1880056
250018
1785244
521430
1685394
818586
1458961
1165121
1231819
1386207
883010
1506445
651997
1708400
393404
1729848
34354
1706170
-228353
1673662
-449131
1593658
-785264
1500997
-1005996
1270878
-1235139
1150362
-1362760
851735
-1552786
538049
-1536971
379147
-1612696
11049
-1580406
-293074
-1458770
-501915
-1308643
-714621
-1174706
-977133
-966622
-1142167
-796279
-1324456
-496501
-1401794
-232925
-1396599
4423
-1440666
234278
-1411351
529871
-1322337
770404
-1211959
950967
-1061020
1046283
-832000
1231650
-683033
1292296
-387317
1271236
-173565
1338097
62966
1248277
349637
1189965
565402
1011222
638687
887780
871526
722791
925975
557224
1092677
355886
1142291
86435
1200310
-68167
1212481
-234997
1159380
-506181
1106572
-677150
989049
-821830
764148
-944477
633334
-977853
510884
-1035254
224018
-1019124
58405
-1090359
-123154
-983500
-249377
-936098
-475759
-867113
-658475
-656876
-746289
-446941
-805440
-369424
-977703
-211129
-968635
-43494
-939110
182040
-974613
271932
-896685
450708
-864858
604486
-744654
749363
-592838
761435
-494874
885160
-313683
921874
-111733
887951
3029
849376
172042
760444
359047
724568
428573
529922
555733
450979
722491
322772
734186
239984
704458
134959
803678
20366
791137
-206479
750247
-311939
681963
-428989
549970
-483457
507042
-555510
384793
-625278
287215
-642206
173574
-701077
7682
-660030
-102611
-676088
-178772
-538104
-325266
-562035
-390215
-422996
-441481
-321635
-489940
-245247
-564960
-115736
-617254
-9452
-653880
79748
-527471
173987
-584047
332110
-417192
383125
-403327
414575
-329399
399645
-248734
533026
-197749
523349
-64885
544416
25322
470975
160801
528182
235399
400415
319061
324007
334635
246279
375357
205541
424272
101571
410457
64203
463602
-66055
366839
-100561
441359
-220458
325015
-289163
373230
-364893
258700
-336519
187577
-348168
144889
-396969
64629
-363863
-81324
-387383
-73507
-366442
-132168
-352426
-192491
-239403
-229745
-218266
-246274
-135587
-244732
-163639
-268610
-63787
-396316
77157
-328731
39456
-322081
150993
-261097
178615
-177828
251025
-192196
207699
-111906
252262
-28422
253163
15266
249520
68902
268670
104873
261399
121259
225487
154784
129700
240504
135555
195933
21576
145576
50675
212298
-5625
231822
-33407
228961
-83750
160217
-107345
240210
-178735
141545
-125529
93630
-188652
62895
-141615
9986
-231772
-977
-227802
37044
-128974
-97922
-207705
-118595
-129202
-155931
-95172
-122346
-58960
-227527
1226
-106811
-13837
-179661
-9988
-104604
90935
-112532
93078
-167166
138860
-135921
123943
-134871
119265
-40034
173784
-63181
158842
11762
118462
59023
59128
55468
132726
99995
80393
123436
25090
77975
56710
73696
18837
123176
-23774
134135
-26452
126111
-21943
68905
-67982
45777
-94710
34737
-114517
20056
-119898
-5918
-124847
-6238
-105846
-34521
-105635
-47836
-90362
-101013
-34256
-107855
-46212
-89241
-59374
-122045
-88938
-111752
-18999
-97531
55816
-142892
56364
-148083
108409
-58250
208487
-42696
113744
-866
126334
13539
155525
52092
29760
18391
110576
25799
65592
18758
109695
94617
29810
140429
86352
117607
73510
160094
15595
141747
-49696
85965
-84548
102638
-198678
168259
-153039
96293
-85422
80172
-140020
92973
-118431
-22157
-126865
-76686
-214247
25524
-141389
-57955
-83004
-145069
-115121
-132483
-146641
-85715
-32937
-161940
-111724
-244082
-49241
-209685
55954
-183399
68615
-128881
64819
-148576
71376
-94609
148630
-90010
157167
-111250
144470
-113580
118951
-22060
241256
-13429
211157
100600
249440
26368
128405
172083
98687
76826
20015
107482
38761
119892
15498
183968
-65781
130795
11970
224375
-27373
207926
-28483
126937
-101523
177635
-222447
129695
-191575
152699
-162333
85560
-157660
44858
-255807
-73500
-190481
-85887
-155278
-61049
-245275
-133916
-241709
-152696
-136049
-136509
-96208
-135516
-88152
-211351
-3212
-232809
14902
-244966
65982
-212526
55274
-224783
133721
-207169
237567
-143294
275871
-85765
243600
-80947
259971
-37061
241025
55634
213494
52618
217422
129505
162934
128535
215183
193208
109927
221196
78237
138543
80015
214972
9375
231019
17995
161977
-50573
224714
-7328
250887
-113353
203813
-141979
176950
-196953
143729
-138108
149129
-225677
64439
-267361
51553
-227194
-4572
-235101
-45833
-249808
-212567
-212908
-103746
-118311
-170007
-91135
-213148
-58235
-148531
-80647
-308262
9424
-283201
-83
-194516
115298
-192540
144391
-163982
173277
-168900
221620
-103976
205171
-126986
242553
-52038
257035
43194
255085
47351
285377
30774
206607
137650
218356
117384
202808
141593
177539
192874
50434
133700
65687
242993
11646
212504
-31561
221281
-40856
242302
-110621
193166
-141468
193734
-216271
159387
-195480
126417
-195838
129920
-273840
86905
-290114
54084
-362442
-114177
-203560
-103253
-243419
-178564
-137908
-217212
-79198
-207917
-103947
-210278
-67344
-228126
-14721
-201599
6727
-227302
47357
-190481
94123
-212772
128858
-163339
157171
-157452
174651
-142586
235053
-86137
219847
-66282
257763
-42283
284518
24904
227487
77827
148272
129489
207392
133003
153578
156528
116460
224234
93760
218939
68073
225652
50295
196655
-14656
233497
-119722
227745
-70842
185750
-110083
146902
-184848
130519
-182778
111943
-238734
110993
-235251
36001
-259349
-2481
-168870
-48770
-174803
-42710
-194593
-155805
-184056
-143359
-159308
-174613
-44007
-156710
-25079
-276981
16617
-227359
57792
-228755
37094
-206994
44735
-183256
108402
-145112
131418
-147158
117373
-76954
190198
-97515
162084
-89444
214685
-37509
216385
57120
207777
26589
186100
87394
261828
137025
143389
167940
41029
149401
99615
129375
12947
203736
-8617
177031
-30283
96014
-20220
141196
-50631
128948
-153478
110593
-45754
84696
-179098
115158
-207234
-1657
-188424
40889
-219821
51164
-159337
-80211
-123320
-44875
-158444
-20333
-98799
-83877
-62166
-93298
-74256
-132603
-77744
-149299
10933
-176942
-4417
-157447
44860
-156377
121334
-171727
99414
-174917
133378
-109137
97440
-9261
111631
-43658
154401
14344
134760
-32395
211361
14554
85759
32926
83557
-7201
70653
118144
104302
49431
64965
105330
106461
166574
-18688
112276
13059
98669
-27427
129206
-7980
162821
-47297
137379
-132949
121235
-123100
110702
-158991
39871
-54616
97085
-80793
-18093
-77516
8340
-76459
-20945
-93780
14190
-78541
-67606
-118513
6619
-51925
-154723
-16408
-87104
-78354
-141996
-18080
-81021
22191
-69017
-46199
-104218
18921
-105738
24102
-57338
60414
13934
87463
-29704
-2569
-102685
27824
-34028
100957
62834
119760
-51758
61055
-26358
121484
67217
102935
81093
78889
80107
13501
-8805
-22292
-4636
38795
36513
18103
83863
3748
38930
6473
66856
-493
103446
-76363
84323
-15516
14604
-58898
46295
-62249
-51101
-42360
35434
-29195
-12973
-42042
3448
-22820
-65679
-59717
8806
-98336
-18970
-32841
-46058
-69269
-18725
-20744
-63009
-2593
-15494
31239
4569
-3720
5924
-63600
-20365
-33394
-11132
-36498
-105155
-968
24729
22657
-15471
-46426
-43921
53242
-22124
69430
-28125
46291
-45127
38720
-10674
21522
-17265
6383
-7721
8552
22614
7597
68317
15857
-96172
-19203
16581
56436
-61133
23949
9217
1769
49764
-12654
-25491
-9133
23185
16133
-12610
27037
17109
-74946
69961
-34995
-11608
-65047
22792
-23220
-13269
58404
55675
-40971
-33022
4779
38856
20485
-80140
-21119
-46491
21743
17675
27222
18555
-8496
52242
-42171
-8130
-69738
-423
28065
9208
-14117
-10771
42258
31867
34518
29401
-516
-51898
18412
26847
3580
-14557
-4241
-13851
-64520
28594
48671
2525
-36245
-42298
-39421
-54772
11058
-43199
55071
-102442
28396
-47348
-26817
-64539
-27056
-17208
62718
-30201
68565
-18967
-13051
19266
45156
-4912
89754
-36271
81728
8838
42692
19841
45842
-8777
-5341
47881
29117
-48464
-9016
53562
48613
57644
14344
21897
24325
55049
-1697
57120
-15985
56390
-68333
11123
-89019
41119
-29473
33511
-21051
-34556
-13240
5213
-14727
-66623
-9155
-131660
-96086
-63915
-19709
-33307
-17902
13897
-10530
-51527
-45006
-24926
-73480
-110546
-16095
-80465
-65391
-98785
-37285
-75762
39071
-82710
87707
-109682
-1299
-28915
22535
-20942
26309
19648
13544
776
68306
-10689
51052
20872
61467
8453
71940
51586
9002
-6358
101270
26093
22252
7428
80551
3134
60864
77627
6739
101744
9369
78331
12166
38193
41394
83296
-53195
84959
-94761
86155
-64033
42196
-42192
-2053
-97637
22334
-102430
-31646
-97689
33244
-62439
9037
-42286
-52916
-29724
-38281
-82157
-39401
-21641
-24718
-37728
-75381
17685
-159617
-19739
18112
26291
-78793
-4238
-60416
34452
-87672
64488
-62737
84205
-112023
83802
-30346
61784
-34863
38568
-38855
35878
113644
52092
55893
48489
-982
56862
48781
68183
41241
79158
13839
-11241
14092
84792
72768
61907
58475
33425
91590
-59169
30232
-13305
90059
-26085
86506
-59622
63384
-99870
41331
-58852
15794
-102634
-2928
-12026
-6009
-84221
64999
-38064
-9283
-66479
-23010
-71304
-56777
8325
-135324
-13810
-99030
-73745
-98590
-36284
-71521
-22791
69
-6135
-83878
14566
-61865
1275
-73478
18807
-52797
22598
-63943
65491
18709
27220
-49391
54742
3995
70123
-3086
-11461
4825
51043
-6422
98773
-35508
97769
39754
95277
69448
1284
62574
31790
35834
-56639
85421
46397
59925
-14526
131185
-37298
7865
-41413
68301
-61773
66935
-33047
3066
-8405
92429
-46293
39514
17375
17954
-62591
-11710
-31873
-23298
-12135
-24873
-54233
-27982
-55334
5936
-84601
34300
-23546
46147
-86757
-62177
40133
-91050
61308
-78343
3455
-89449
-78
-149030
-26496
-69210
49262
-31822
-4957
-28704
527
-48193
4519
-73412
104255
-14280
74717
-35975
65517
-5390
-10806
56999
2205
24405
51411
31288
45092
64642
82550
98871
-8389
71266
43606
83479
-37768
71398
57216
-11734
47278
62527
3652
85139
42050
52291
-59105
30788
14464
-48488
-16399
98344
-16290
37941
-98780
58429
-57049
34798
-73067
29410
-85476
-55232
-43708
-69557
-25239
-9397
-9581
-1455
-26126
-8449
-67890
-29516
-53431
-36656
-9939
-41291
57837
-47293
-11564
-36505
-7577
15834
-2796
-24582
17480
-964
22596
-52245
67312
12831
75923
681
33624
-46369
60180
-82414
15724
-4470
8362
-16304
66803
21212
88093
16348
20030
58641
26090
22212
75351
3324
26924
61697
-4570
-11932
11789
107282
22556
78370
1
54505
-17991
62905
28895
45328
33293
-26718
-55651
-847
-3968
22993
14780
49260
-29729
6363
-73440
79559
35349
-33887
-9316
-28237
-50083
4787
-54005
-22401
-44908
53432
-33313
-28524
-48510
-13121
-5893
-16167
-57910
-68885
40216
5175
33984
-91214
8922
-43770
16624
-31007
13731
-88979
73267
-26443
77984
-46386
9063
-12069
38778
-69914
25960
-12896
-16773
19019
92069
-2040
93858
7829
55654
47948
17218
20914
38262
55849
23865
51446
