#SpinCore Technologies, Inc.
#SF in MHz
#SW in Hz

[HEADER]
@CLASS=	RADIOPROCESSOR
@FIRMWARE= 3087
@SPINAPI= 20130917_x86_64
@POINTS= 900
@SF= 0.000000
@SW= 30000.000000

[DATA]
2493023
-1923044
3381899
-1823384
3748659
-1225866
3900396
-567201
3929103
185709
3897024
774268
3678423
1473267
3305188
2093705
2839791
2621313
2384866
3047298
1820891
3357576
1184186
3659256
512490
3789197
-175747
3828309
-832093
3654526
-1431285
3481383
-2039537
3134245
-2515796
2745041
-2851206
2168598
-3280705
1648531
-3439485
1037452
-3550822
359747
-3567052
-306461
-3402665
-868453
-3232341
-1413995
-2841254
-1901797
-2449218
-2414307
-2058338
-2672174
-1540886
-3062368
-919340
-3260765
-299051
-3335266
247304
-3294585
889957
-3175731
1405218
-2988661
1890306
-2640731
2304682
-2239916
2627549
-1717375
2862862
-1213388
3035867
-693381
3088186
-144196
3056449
421659
2911886
944404
2669793
1442868
2317879
1858011
1972302
2254752
1475465
2446780
974389
2683711
437309
2780811
55425
2790963
-526931
2757451
-967784
2581028
-1375243
2335319
-1835149
2014699
-2166808
1698257
-2415613
1238892
-2585443
758502
-2693372
316862
-2615455
-215305
-2463967
-635095
-2334970
-1057364
-2060127
-1454667
-1754583
-1835630
-1405826
-2102367
-996324
-2246648
-517490
-2414125
-121383
-2481531
319558
-2414892
751474
-2332911
1108282
-2179354
1493387
-1879764
1790036
-1499773
2017194
-1238066
2237703
-848476
2279864
-461243
2299007
59778
2237724
382124
2184979
791324
1889935
1151053
1651313
1458319
1382865
1751264
1030577
1964077
674362
1990893
267302
2136209
-121996
2143518
-489112
2002855
-891031
1852798
-1222898
1684312
-1486334
1520240
-1627878
1212912
-1824443
814257
-1980667
481988
-1912738
144398
-1963943
-224703
-1859791
-554444
-1624512
-874144
-1548570
-1176715
-1262179
-1390632
-1037364
-1605665
-753426
-1727814
-367678
-1861742
-114712
-1811344
211630
-1815717
570762
-1652312
824849
-1551264
1075517
-1349421
1384311
-1066873
1520526
-847224
1584767
-593610
1722902
-286817
1677481
98558
1594150
336733
1611554
525824
1430633
867712
1235595
1103476
974925
1232818
740422
1380814
432675
1521713
210134
1505524
-72468
1460474
-336846
1489254
-590153
1348573
-874492
1250846
-986764
1013859
-1163794
878249
-1260924
607268
-1362029
364083
-1482562
80770
-1356578
-158489
-1326163
-330354
-1154803
-608976
-1064809
-840276
-914313
-957412
-718837
-1123471
-439328
-1186031
-241101
-1241287
-10780
-1283622
136903
-1341485
326140
-1189466
605984
-1076059
793389
-964483
913547
-834403
1046541
-632069
1091993
-415317
1138028
-236220
1170359
-3026
1174838
156279
1107944
328810
987508
501325
861769
733591
734342
843006
559243
958071
417184
1001336
233433
1065685
-15536
1107476
-237126
1029155
-315481
1054841
-542296
854354
-712817
815840
-809029
593833
-867359
440804
-930849
315309
-995851
102477
-927738
4812
-957790
-232067
-882976
-407022
-736202
-546572
-641002
-664169
-521400
-768889
-387440
-800093
-221330
-838355
-55760
-866704
8195
-885443
194454
-838577
328253
-804582
453461
-681724
557880
-615856
700721
-484749
803999
-331446
767741
-198904
845598
-11186
785226
77491
836847
227441
699807
367581
667950
461572
561941
578559
396802
681064
245487
737732
160349
724785
34231
748547
-78679
756059
-240998
681904
-338825
612465
-429521
531435
-599914
395238
-558048
379472
-615201
221421
-649669
54847
-671662
18109
-666195
-95232
-608538
-222014
-512841
-336088
-507590
-404520
-372473
-455270
-289058
-597655
-146055
-632004
-37898
-648940
23568
-564070
141934
-591673
254940
-534605
344790
-421326
434714
-423539
457976
-265798
484559
-257377
509197
-161494
518237
-66709
571232
38890
497455
188805
436037
260255
394051
283551
287119
314983
275233
396699
174584
430897
89998
454441
30833
465594
-98022
457471
-143835
465900
-234783
412322
-350763
391832
-376304
279664
-407459
188772
-408945
106530
-424535
36766
-416206
-72478
-320881
-87774
-267278
-137398
-309529
-211842
-256586
-247108
-246502
-368312
-164877
-338610
-46901
-420912
-80339
-348960
3163
-353864
42308
-322602
159898
-312053
173997
-334531
243013
-218938
260268
-211182
278503
-117445
284562
-82492
312146
41621
238780
46479
295866
144793
239123
256064
301287
231750
140172
289660
157247
253030
79077
238426
-5739
244863
-73411
319582
-119163
272133
-154822
220980
-178340
159588
-209602
188186
-172139
111988
-160240
56090
-182436
13110
-294025
-28856
-246561
6244
-162368
-82974
-178484
-120391
-155548
-137985
-53759
-133347
-72687
-226379
-31203
-181188
182
-204433
42747
-212245
59941
-194001
88500
-151536
83095
-203080
145622
-123539
133061
-86778
210827
-41590
199329
21974
171367
1137
113724
25611
111862
136231
89740
82756
108537
83764
53712
72944
25339
140808
53349
87580
82927
108321
-57297
188115
-77153
186939
-102592
168496
-104307
124410
-169626
95341
-181721
59166
-96296
16772
-164802
-30965
-142718
-5784
-53593
-42368
-72224
-62322
-44726
-26768
-56562
-35252
-2755
-117049
-20053
-31392
40888
-101413
44202
-161548
93096
-76325
16477
-83255
61204
-93894
46533
-45751
82013
-24672
79781
10636
98353
-5517
91808
29495
97428
63574
24932
42001
45130
66128
116232
30299
59660
71396
53687
97188
-18736
36287
-63877
58996
-52711
88317
-59895
63542
-57908
113641
-145200
26641
-94345
17114
-50397
18426
-88913
52365
-35505
-9735
-26778
1418
-56227
-51184
-108861
-43874
-49370
-26593
-22435
-90896
34407
-123207
-6045
-144448
123465
-134504
70849
-98495
22385
-41112
56390
-76800
71193
-17131
91021
27288
82724
23978
91087
12901
83801
-15962
93867
28306
93097
72878
66415
105597
-20809
90062
1854
81601
54703
64284
-3034
72614
-46996
39090
-38513
79910
-92496
123213
-103325
70410
-75806
-14351
-107925
-28366
-41858
2842
-89047
-12794
-36872
33611
-85152
-73701
-43595
-54436
2041
-80274
-48380
-81487
1304
-92956
-36143
-116802
-35855
-145440
57271
-121961
58496
-169805
-2033
-79661
93063
-32592
161031
-70503
90747
-2859
159245
10560
103127
26275
153276
53652
97096
75624
74098
81371
57981
115003
84690
138556
72802
70007
-33555
173913
-75751
81223
34997
116380
-15673
118310
-84432
92604
-91738
96492
-139018
109810
-71623
59787
-89239
10893
-108406
30731
-94324
-41197
-78377
-55767
-87826
-45887
-114044
-81221
-4308
-56469
-19188
-62377
-29990
-98327
8073
-150665
-11269
-145781
53788
-105744
28335
-65954
65645
-78555
112976
-87034
123463
-121291
150660
-111277
147878
-4241
118824
-11537
175742
57857
178138
19434
47085
15967
112180
89195
152452
46427
42492
193271
48076
164386
-13677
130868
22884
120375
-4334
125776
-65723
100629
-49760
119718
-41297
136010
-95815
129806
-160772
95587
-61682
98086
-155352
67845
-75482
-20844
-144215
27196
-13856
-54988
-141878
-88227
-58535
-155571
-81712
-104183
-129243
-41787
-22967
-62020
-127405
-127391
28219
-107611
-3916
-121768
87369
-162893
57281
-68974
115854
-110557
75974
-54479
161449
-50854
132205
-18062
126755
-33621
115698
-19521
162083
105377
106372
60828
99688
139061
125161
124335
58522
95473
66347
173253
70950
157207
-59894
158949
-16970
160425
-79931
120672
-11968
109908
-101643
134852
-155104
50975
-178955
58155
-174333
57417
-248066
19786
-153320
-660
-161591
-82985
-167017
-67601
-179917
-102513
-182666
-112877
10761
-240530
-38912
-107735
23596
-146926
-24692
-155589
21147
-132910
17346
-60752
92682
-148842
124204
-180560
53493
-88594
152091
-74084
176766
-21080
115436
72464
130341
35343
150271
58064
117091
46955
63613
52250
134523
67921
146921
108794
78842
52677
47629
115423
24330
146137
-54490
118823
-49077
216474
-104168
200291
26575
108235
-71986
120978
-147294
122305
-117041
88187
-84269
33858
-201994
19018
-115104
-74111
-122895
-38903
-122047
-92543
-84140
1819
-94210
-84176
-53242
-180861
-43881
-142035
33727
-187311
-9079
-96462
-18628
-175219
64121
-43701
104975
-86228
131644
-90798
159470
-46430
90669
-13811
162159
32629
119390
-67826
62829
86647
122141
27927
127900
24431
70301
34763
10994
69421
24867
80556
39517
159173
28071
133049
-5485
137464
-108322
160606
-50385
137881
-44351
716
-62721
94045
-101372
96268
-68625
94051
-117559
34021
-35172
22148
-93986
-8903
-117214
-44032
-78400
-22658
-60103
-38959
-13596
-74816
-110169
-117682
15746
-104467
-64672
-107839
14306
-97069
-15419
-71052
-57566
-68324
4593
-164872
19600
-81991
99275
-71111
121086
-73513
128551
-57500
133620
-14149
88218
10702
47047
29383
98194
17419
63940
23776
98830
109572
-2793
97211
17610
51301
81626
27651
66584
115246
-24398
90335
14487
54204
-26674
133850
-26282
86668
-37291
63134
-95433
54843
-73438
78450
-4163
59935
-10747
35789
-10674
39847
-45588
-66537
-44528
-12368
-10796
2539
-120407
-121225
-19038
-1389
-47370
-94891
-737
-96492
485
-97472
-25093
-33308
77997
-52595
-11153
-101876
3620
12171
33862
-53157
36311
-1786
80588
-27119
28348
-25862
12329
64671
92274
5599
51041
14382
72390
26428
13864
-26157
95298
-31257
84657
55118
25824
33748
43812
47809
-5485
87120
-60877
385
-57211
44380
19977
75806
-1299
53049
-25507
34227
28855
51836
-39353
46236
-6826
90248
107
-49306
-10301
2948
12138
13088
-79827
-10021
54175
-13613
-29866
-72370
-46311
44300
-51406
-64142
-128555
38361
-16913
-48072
-23296
-10019
52038
-13982
-12632
13256
-75226
34427
38532
43080
19894
-65004
13466
-4969
59455
26180
15300
-78005
98280
-40592
4684
26928
-38980
-55751
33729
-22447
-24679
6521
43249
47967
94176
9946
45526
-395
-25442
9015
-10095
-35879
33102
69147
-16204
32201
-67899
1561
43725
-64124
29245
-17076
66298
23923
-18320
49822
-4425
11920
37438
-3354
-23858
-7850
-75118
-26204
-52157
63427
-54005
-38757
37615
39863
-93188
-2386
5278
-14059
-35301
-4162
-51729
-22836
-10952
29099
-65452
52697
-63943
55917
43133
23114
-36853
-21799
77206
51017
-3095
4011
2351
18577
-24759
-24779
10481
-52739
-29959
-53189
46105
-127073
40716
-38416
4653
-66630
44917
-298
28405
40447
59740
24267
7095
49827
34472
-6206
-51837
-1283
47583
24638
-13856
15323
5928
15095
-9612
-65777
31789
57155
-31455
30375
-12488
46967
-14942
31399
56967
74355
5764
21706
-14911
48384
-48000
79014
34954
-25751
-18856
-10586
62541
47126
-15945
-1606
-47322
48507
-50493
2904
-30930
20588
-46024
25381
-34323
-57107
31348
-18224
-5155
-21692
-30899
-37159
-68223
-33940
48909
43453
33334
-35236
30204
-8280
-36219
18611
27256
-18491
-14977
-23699
13463
-61370
27575
-67769
27461
-57872
23419
-80647
44974
-25551
20213
82269
59207
-25699
16218
20516
113558
34517
65585
16220
37080
94146
-8909
67116
-8216
47600
-36711
74675
-1787
29133
-21999
10822
-40277
46357
3617
-35824
-44087
-6142
-19946
8886
34792
53305
-13465
448
-28939
47326
-19945
-2523
-41132
24783
-9750
-12430
-26216
-59120
7546
-25981
-12860
-38035
21489
-5254
4190
-51814
5337
10449
4181
-3731
29825
-4821
-8013
-31956
-20037
-84700
1928
12031
51271
-51222
-35973
-19165
44469
91906
33615
28729
100076
1740
21211
31670
13969
33146
21861
14150
45277
56345
-26820
47608
17614
51217
24189
21149
-18977
30637
16959
42126
-14325
60967
-54479
38417
-29157
83117
6484
33466
-107221
45404
-100295
33237
-18742
7878
-23698
13092
-21438
71744
-126561
-34553
-45230
-87924
-94978
20687
-43981
51502
-39516
-13981
-26203
-3090
-52605
-11150
-24118
-9765
-22684
18610
21209
-78853
-41038
-82828
-24527
-38465
73778
-2301
43396
-32054
33476
-47791
48400
-25343
6586
8759
59184
53613
93814
15847
719
26659
72183
43246
51191
52777
35207
39474
-53666
107356
9385
6907
-84593
22085
-51230
20649
-19509
1239
-7739
55423
-4038
-2441
-5053
-1000
-50038
-9448
6676
88168
-9847
-26038
-36761
22660
-33862
24789
-33387
-45810
-3176
-52856
701
-112461
-26913
-49166
-19135
-28521
-35127
-15522
-47901
-94169
-32834
-28102
-13724
-6298
11316
-23809
16669
300
47619
-45529
53745
-24095
6574
5693
30388
26079
59556
-42095
60134
-25497
-50269
12515
28346
-15614
34176
21058
70750
50062
-5701
-2932
29826
-24990
17178
45168
12839
-20113
32145
26421
27219
17596
-753
72925
-56836
96271
-9417
25873
-40747
17644
-56751
-3500
-30136
-44682
-58052
-35681
-17022
43835
20476
-38654
10605
-14182
25740
9404
-27495
-27111
8024
6454
-5708
-31405
21220
-38688
-25926
-8669
-19862
7837
-28067
-19357
-17985
-5077
31013
2613
-30877
22820
-13734
-29447
-40148
-23755
33041
-74675
23836
9164
45731
62019
-10442
30053
62709
28444
-16180
-3010
-47902
-17170
80029
35248
68659
-36599
82672
16023
-32335
-550
30577
13108
38990
20252
27381
-22224
16159
4104
-16152
49012
72521
31216
41966
-39018
-2335
8721
15724
9008
5269
12227
-11410
21438
39004
8942
-32366
11713
-22452
-1731
-69602
44723
-21232
8049
-20926
-30555
-60280
-2901
-59564
13638
-47658
10245
-7857
17422
6871
-44212
-52273
-30262
-18550
34106
-21385
20764
-59545
16784
-10484
-49938
-80091
28573
-2295
7357
48433
-28378
38721
9936
10175
64495
47593
-9953
45811
25720
-15315
95509
21986
-299
63608
37636
48634
-11074
55655
23032
31281
51403
-246
42466
