#SpinCore Technologies, Inc.
#SF in MHz
#SW in Hz

[HEADER]
@CLASS=	RADIOPROCESSOR
@FIRMWARE= 3087
@SPINAPI= 20130917_x86_64
@POINTS= 900
@SF= 0.000000
@SW= 30000.000000

[DATA]
-5418235
3928941
-7256972
3681677
-7925191
2390993
-8244898
997059
-8301743
-503591
-8138578
-2035321
-7634297
-3392936
-6939600
-4654177
-5971203
-5701935
-4868974
-6699760
-3614075
-7365648
-2291695
-7821354
-867441
-8111068
598221
-8099995
2028455
-7850175
3350412
-7391223
4580548
-6592796
5581774
-5698820
6520549
-4562292
7161509
-3320655
7571654
-1987041
7738679
-620419
7697682
697771
7420541
2043666
6860788
3245984
6141872
4371237
5218347
5313023
4172570
6116649
2948452
6740069
1676759
7015775
434714
7251770
-934637
7144452
-2013076
6774441
-3259002
6278706
-4288077
5510459
-5153210
4666726
-5803210
3610433
-6358859
2459495
-6659532
1210240
-6699639
72536
-6513144
-1154514
-6142602
-2299442
-5586365
-3330730
-4833890
-4205826
-3984136
-4971449
-2999928
-5616291
-1916220
-5984157
-821137
-6206534
303836
-6161135
1367440
-6015248
2513201
-5621461
3346172
-4991922
4119177
-4255670
4900422
-3425415
5349894
-2451288
5612433
-1529509
5764406
-393343
5697021
612150
5413034
1640468
5011301
2623111
4447304
3390138
3724675
4176389
2866394
4695829
1960321
5102347
1090340
5318036
20582
5358290
-932321
5232283
-1796318
4930011
-2590562
4580983
-3371354
3932667
-4027719
3175372
-4515036
2410090
-4821226
1483484
-5005876
646309
-4927203
-263682
-4825469
-1129587
-4448469
-1921289
-4059787
-2712806
-3502850
-3406687
-2775548
-3856686
-2057815
-4289448
-1214816
-4530357
-374868
-4660713
453579
-4545971
1246155
-4375595
2035254
-4033426
2650787
-3605337
3255420
-2957547
3723381
-2391973
4064540
-1673322
4303636
-966254
4313776
-101166
4207366
609709
3966854
1393234
3621606
1979811
3284189
2646456
2671957
3061443
1982760
3506020
1321081
3811217
636680
3994415
-44152
3997920
-798029
3833312
-1356907
3618623
-2044737
3279043
-2550265
2823715
-2894389
2261839
-3283615
1735035
-3538538
1015521
-3614756
430077
-3551761
-211961
-3546181
-842310
-3278874
-1437703
-2901985
-1971769
-2508205
-2428411
-1932746
-2837617
-1473966
-3089386
-817312
-3309524
-262716
-3347242
349900
-3239641
923441
-3079912
1395491
-2917520
1851952
-2590574
2315963
-2149275
2688625
-1692147
2910159
-1249230
3075281
-619319
3076500
-113171
3030446
441565
2835794
984854
2581514
1366467
2263693
1887319
1900494
2222277
1480914
2513812
969747
2673186
509990
2817039
35558
2780837
-469704
2704729
-897768
2581595
-1394089
2357809
-1795170
2007042
-1995444
1676482
-2278203
1235253
-2478551
790252
-2572113
343506
-2552635
-79852
-2531336
-550815
-2347314
-953592
-2111900
-1323412
-1918839
-1600616
-1489795
-2005280
-1051931
-2150477
-693163
-2233613
-299031
-2281711
94349
-2336820
565757
-2259831
927494
-2136664
1312377
-1854811
1578250
-1610943
1755347
-1250934
1969060
-950248
2085142
-562998
2123416
-182288
2136512
248737
2065706
555614
1811165
890359
1615149
1250664
1500354
1472864
1078715
1677142
778053
1860853
444966
1948597
140548
1970324
-183619
1938426
-618545
1821521
-905183
1638727
-1105198
1513418
-1378386
1221966
-1440152
925454
-1710668
641841
-1749539
366223
-1726166
26830
-1752055
-316321
-1641824
-556511
-1498596
-859376
-1269011
-1089823
-1035704
-1290289
-827618
-1477612
-512452
-1556433
-267527
-1626292
5122
-1552005
380951
-1623201
604008
-1452994
811328
-1301823
1042194
-1121887
1197669
-913892
1362061
-634476
1428555
-400648
1483815
-279712
1443640
117014
1341103
337693
1300910
596950
1141318
761761
1049309
987482
788403
1139545
574374
1243858
358418
1319356
113592
1291790
-98666
1296721
-311824
1212984
-536806
1153016
-791188
961218
-984192
786637
-1018708
580999
-1055544
413775
-1212959
192431
-1174555
-62461
-1112605
-140076
-1077129
-392301
-1015797
-560935
-864740
-704593
-654421
-787606
-550824
-945592
-317527
-1045110
-174323
-1001471
80022
-990653
182526
-939267
393125
-885324
568350
-805300
648042
-691748
813534
-600266
876810
-471337
853998
-253218
893895
-139830
890860
60736
839418
283931
788602
415172
776750
389340
650726
651638
522636
729021
349251
694202
212390
792915
24066
793400
-83160
757521
-216377
781855
-335612
712198
-414413
592695
-599036
430595
-589062
410927
-697665
295189
-708003
133942
-721212
-4762
-629821
-107992
-538757
-248482
-576733
-358868
-436213
-460542
-387618
-551710
-290707
-611209
-124076
-662547
-68087
-578996
76901
-570029
159272
-598099
308366
-491964
318792
-444599
446954
-410968
456581
-290601
489652
-225189
530052
-105257
589606
-26440
536354
124719
451533
92428
467203
227938
358583
326849
286909
364849
248963
349930
119112
414585
16926
342889
-62537
418037
-93335
421535
-120534
378853
-237195
346336
-227105
288352
-409028
295311
-384382
137351
-362984
105366
-351355
8678
-350897
-71338
-311684
-134113
-316452
-234477
-264479
-149299
-203277
-265250
-146691
-300566
-103277
-229686
41621
-310743
15538
-301098
110144
-236560
150777
-215124
189337
-202386
269875
-205062
245914
-84270
272351
-42827
222141
-17746
222586
33574
156190
147781
159823
132131
200649
194492
109627
147466
161534
271941
46823
189009
40236
231294
-73307
190013
-85907
122360
-168165
152249
-182159
162365
-160195
61477
-153345
99063
-182683
46920
-90104
1143
-144191
-125012
-95785
-67105
-152717
-143983
-89585
-97826
-46909
-154302
-28817
-123855
25506
-141556
80239
-178343
102353
-154537
108071
-87054
77778
-76078
126622
-34497
128588
-86244
182765
-44932
162567
-15653
170553
113784
115657
78800
134847
134123
69371
139484
46468
114039
30325
162520
45547
140765
-12171
132022
25792
178203
-93767
155391
-84262
96805
-99035
80942
-109607
98334
-112264
45418
-104287
-29826
-109256
-93380
-139113
-2874
-63635
-145100
-60014
-142555
-64124
-107318
-15772
-173409
-50743
-182307
-19031
-148888
92216
-217121
97384
-74277
8430
-139491
145183
-104406
136285
-141480
160943
-93846
248395
-15833
188055
-24057
128062
101953
155485
82654
140482
137910
156080
173704
83696
188407
51457
147400
44954
254087
83628
221880
43017
301500
-124326
281104
-118849
233687
-123866
240837
-174181
150697
-158092
148426
-197922
36845
-223438
28342
-202768
-21899
-230668
-97806
-192687
-112684
-160184
-177688
-146464
-190750
-7944
-253215
-115362
-229799
-80013
-279673
33236
-279001
5984
-329384
93826
-219059
112022
-151129
224299
-216831
270743
-138548
275208
-88144
272737
-137396
289400
-12566
246442
54253
239155
20986
206501
140097
186024
238213
228535
214543
120524
238057
98264
303062
22164
292616
26599
262285
12754
272845
-126823
229000
-97237
302723
-123749
199155
-179526
135031
-220830
121793
-274863
58774
-254349
73054
-307562
51809
-313532
-87774
-316801
-61386
-304763
-201870
-158261
-189545
-162008
-272249
-170168
-289944
-145991
-323787
12639
-258097
13915
-311982
126037
-267957
108745
-257468
232969
-212477
223164
-202985
227349
-202632
241709
-96183
308914
10040
257728
30772
357551
94153
310945
155225
289246
157372
301546
208866
199791
214369
146865
242439
56576
267508
-8661
281253
-8687
352682
-41533
314994
-132885
226971
-166267
298760
-221830
260696
-274625
210137
-305646
91592
-303368
89194
-242537
53133
-299409
-49192
-314564
-83378
-268696
-129500
-285497
-182376
-163442
-264705
-147699
-239277
-105352
-237538
-11510
-333579
-19669
-270574
137744
-347205
131512
-309329
220323
-344660
307550
-202179
302775
-212637
318861
-163394
326035
-133280
312760
-87803
350234
-2288
353089
76932
302767
185796
249543
228398
277064
222833
172879
334100
100295
353221
106244
279750
55548
307437
40732
334578
-77775
307743
-103226
304876
-179846
265780
-268918
210465
-307138
145724
-331687
120756
-333650
131200
-356146
51605
-347227
-61416
-371145
-118407
-241442
-128154
-267295
-156352
-227247
-246817
-187929
-262235
-70110
-339532
-128296
-320993
20684
-274348
60414
-316943
155327
-297533
193377
-224252
225486
-219051
216315
-119698
326945
-103663
354207
-116661
292461
-72758
303521
31840
278190
137264
277136
176685
194153
208201
184898
237460
208485
296070
144759
275206
113960
311019
14006
278743
-46645
287171
-104737
236915
-127687
233564
-182785
239848
-216858
185214
-252117
125404
-225367
71214
-247823
40835
-263478
-97669
-293000
-104088
-196054
-65767
-208660
-208987
-188040
-216021
-180264
-235617
-76340
-236541
-87360
-214257
-45473
-236054
-16942
-268071
1949
-276859
146887
-238205
139583
-199662
145100
-160843
201654
-178785
242682
-133427
231062
-89110
222787
-19283
203442
13647
192627
27398
175949
133565
212942
103061
173509
124216
119879
152665
97175
198510
8753
204402
34037
230489
941
199502
-51159
212632
-61953
169242
-83543
98150
-159399
126665
-140855
137466
-128833
78094
-177253
44936
-198684
46642
-224018
-70809
-146725
-73302
-101261
-111407
-231462
-137858
-80086
-171328
-63092
-222828
-68764
-230788
-11753
-204212
-8828
-157075
51393
-195638
53811
-110454
63675
-101239
136777
-107972
162932
-114373
120740
-108769
147081
-103665
182978
-50190
121110
-31710
158759
21988
138476
53423
95586
43721
92101
47142
139704
148158
111587
120361
20074
61733
33303
131136
3923
114948
50120
88467
2329
64235
-8835
70128
-70808
20575
-97243
98285
-69979
98028
-80033
96340
-107272
72619
-96613
-13153
-18585
4064
-64824
-5730
-37503
-76642
-49390
-103452
-104993
-84335
-67293
-56898
-74418
-91998
-71073
-143303
-24310
-119075
38682
-91808
4588
-125049
22575
-19430
12926
-29255
48266
-15943
92332
-21646
40102
-61713
116555
-203
80467
-42644
75164
6432
13080
77385
29137
84249
140258
27626
123528
-9657
28387
19963
77320
-9747
23901
40357
29782
79578
-28531
43591
80418
-16331
10931
40430
15189
69271
1327
-13080
-17262
84240
-88357
-46201
-6298
45145
-49540
33453
-20381
32652
-106607
1121
-46520
-40482
-40013
-28869
-3498
29755
-46171
4084
7933
5060
-3355
-35006
-19582
-43055
29768
-59221
45447
-1460
6637
28681
-59458
-34172
8270
-37982
29391
-38610
42601
-43911
21720
16125
17289
-15192
39495
-38645
18981
-64124
44533
-52788
62018
9051
70007
-47455
-5786
-27598
22355
-11561
-15721
-16115
35870
3664
46131
8084
78636
-18970
34524
9168
51885
71361
66397
-17536
42651
-55184
-44144
1070
41410
-41082
-9214
49848
18169
64070
32372
33989
-19
85517
15067
64676
-19103
26520
-14230
78601
-59122
63886
15141
53663
-11629
38043
-34348
21379
-34824
22327
-44550
3268
-96590
-69614
-13307
-18142
-42092
22032
10491
-81811
3353
-73710
-2147
-74258
2933
-76503
62736
-87753
72710
-115504
-35174
-11109
31580
-2504
-6918
-82533
105388
-27799
96099
-22988
43942
-44440
105983
-26794
84935
19721
61907
-34890
75851
47143
120221
14904
68898
81806
59758
14266
54690
93768
59881
114472
9868
107493
-4988
132188
-7953
111172
52902
82180
10290
89742
-24276
138398
-116924
62337
-108928
46536
-140008
-1627
-73890
24935
-95786
4038
-91001
-54204
-62805
-28100
-66358
-49949
-9353
-73195
-80998
-71218
38505
-78009
-28003
-102140
-4437
-107001
-34448
-131202
-35728
-80683
87433
-70563
7934
-88354
96298
-152916
5645
-39614
123016
-107549
45493
-69822
161809
-17809
42180
21893
68847
25679
182403
21770
136461
76865
116875
79814
53824
62713
54021
93028
70872
142822
37616
50604
-8072
89316
-31617
105750
-62323
95311
-34015
68127
-82893
89974
-82685
54253
-118124
17785
-173487
48377
-112617
18361
-125544
9124
-102765
-52001
-56352
-28340
-144733
-108228
-45524
-71744
-22834
-56666
-2492
-68120
1616
-139961
724
-71984
-4166
-159527
24687
-176886
40140
-131996
101924
-112872
122546
-127389
138428
-120645
133957
-101924
104962
2449
63913
-3914
122036
-34509
87705
52081
93355
72924
112967
73461
69049
124752
31528
92507
83889
84177
-12286
100607
-22704
158036
8906
115772
-51345
108895
-64689
108968
-72218
79003
-32376
122097
-43029
74477
-97340
24047
-87375
-18135
-79470
28060
-103437
-28019
-66867
-26258
-61563
-42650
-21060
-48567
-110848
-84845
-25640
-38275
-15003
-59494
-38699
-78525
28774
-82495
-15435
-113598
79979
-21089
-288
-75110
59667
-58769
52632
-86502
63896
-49250
116369
19546
75031
-58583
168143
-80418
63536
68908
118271
72029
53535
112429
88548
30877
94360
83345
97730
124559
69676
56149
33645
118907
-20333
109616
25528
34530
-86305
78640
-12967
67431
-67967
82370
-29192
120034
-88255
34886
-53364
67874
-43520
-19710
-46962
-15255
-92538
39048
-31783
-48433
-37961
21015
-37479
-53484
-50434
-32976
21876
-31064
-33354
-78407
-34752
-60114
1899
-90640
-14981
-110090
7812
-74001
36904
-56375
10571
-86813
18513
-56989
42644
-61829
64450
-4016
137757
-743
56573
-15926
104602
-37842
87840
73061
84589
-7783
89468
27277
60539
18638
52843
38758
48110
93387
21191
53798
-20982
63652
33257
48394
-30460
26623
-3941
24519
-28010
69398
69071
47660
-37924
27483
-62469
43587
-95283
89653
-25468
85781
-42920
15580
-69731
35783
-22495
-33023
793
-50275
-48179
-61087
-34035
-55680
-10049
-24744
-50862
-76309
-7351
-68589
-85226
-164438
11714
-59322
-21059
-98283
-23045
-16068
2210
-50017
2362
-10768
-30536
-39834
19580
-75924
76047
-72365
86235
-58689
39185
-6903
130570
-51512
59670
47295
59170
1469
40404
-16964
27302
-22858
-9043
-2281
59167
39799
18111
21616
59186
34879
41988
38669
-27008
70723
4121
103848
-9398
94042
53205
12668
29739
79332
14381
-16012
-103030
15495
-41290
20059
-77427
2626
-33316
-1010
-88589
-2826
-20402
-31545
-64105
9060
-18007
-13893
-17190
-25374
-4221
-26098
-6601
22452
1776
-68150
-14238
-54748
-27763
-74118
