#SpinCore Technologies, Inc.
#SF in MHz
#SW in Hz

[HEADER]
@CLASS=	RADIOPROCESSOR
@FIRMWARE= 3087
@SPINAPI= 20130917_x86_64
@POINTS= 900
@SF= 0.000000
@SW= 30000.000000

[DATA]
3083698
-2293236
4175576
-2100073
4500690
-1413708
4707351
-552159
4780388
198551
4617523
998258
4345195
1743118
3958708
2589325
3517843
3191747
2935674
3722052
2136684
4128983
1454798
4474978
615394
4661126
-212185
4638448
-992236
4516210
-1751528
4199852
-2437843
3808616
-2998966
3324559
-3575784
2661853
-3980150
2021584
-4231168
1362116
-4387391
499490
-4377847
-185399
-4244505
-972841
-3938288
-1634684
-3574142
-2326362
-3111884
-2891327
-2558128
-3373421
-1805614
-3709240
-1180917
-3897398
-415278
-4046046
323007
-4065777
1047923
-3888834
1644546
-3629237
2235997
-3145128
2808831
-2722884
3194310
-2199208
3515997
-1619365
3696528
-922907
3777969
-223855
3717381
520832
3569333
1140933
3265830
1687843
2918889
2249333
2398934
2696539
1924854
3007808
1292158
3259259
612032
3438832
-32028
3488108
-614682
3392133
-1191747
3187977
-1725965
2909224
-2151860
2547217
-2590138
2081216
-2938528
1486987
-3069991
1014565
-3226964
385402
-3242033
-106501
-3110357
-693649
-2936463
-1287645
-2621871
-1718399
-2272094
-2176842
-1834047
-2515239
-1297843
-2792089
-756296
-2938226
-148708
-3049023
256169
-2968878
852419
-2846680
1293141
-2636783
1718047
-2306081
2165712
-1934263
2305322
-1501291
2672042
-1043072
2756353
-587964
2785804
-104577
2786779
474595
2605061
873618
2391088
1326867
2060029
1699307
1772497
2078225
1336994
2256285
858642
2501006
403644
2615094
-82192
2586835
-511363
2486700
-942800
2360934
-1363700
2187442
-1687932
1873041
-2010987
1540628
-2158650
1133884
-2372712
743291
-2426988
312778
-2395943
-156664
-2272517
-540304
-2133346
-969428
-1902198
-1300266
-1625788
-1621343
-1307034
-1892858
-913286
-2101219
-593440
-2203263
-143721
-2186562
207163
-2144051
570240
-2074339
910585
-1937092
1339567
-1797055
1514126
-1422588
1796861
-1147797
1896646
-850049
2025116
-483728
2007573
-52620
1991421
238246
1965396
724321
1766483
856835
1492935
1206312
1294719
1460323
988022
1664612
709555
1815240
368025
1870564
2753
1827988
-340410
1811102
-627807
1711976
-946554
1524652
-1147836
1352302
-1308495
1144345
-1558653
814217
-1600983
459435
-1681796
272311
-1666770
-88901
-1681061
-350093
-1555372
-681859
-1433814
-871194
-1282801
-1075000
-1030231
-1279524
-737149
-1495889
-401795
-1418118
-171312
-1588569
113572
-1495085
322746
-1488967
606694
-1397994
872596
-1297064
1027772
-1089867
1201268
-868962
1338794
-667013
1446307
-336627
1458093
-118000
1379743
200831
1354576
426367
1233688
605531
1137019
811372
943240
974388
824150
1220029
589098
1257207
372103
1341340
40766
1373380
-142319
1398327
-422893
1192168
-669059
1108326
-782496
1029003
-943283
856726
-1045805
617404
-1135048
450788
-1139514
336412
-1146430
-18008
-1136898
-158273
-1085951
-356769
-983795
-563494
-875702
-723831
-751593
-860315
-591761
-925035
-432453
-1012714
-184834
-1174262
23735
-1122497
181257
-1122917
449357
-989823
546385
-915760
770047
-784773
802428
-638557
913769
-530557
971961
-265302
976910
-123145
980042
30702
981414
186707
905045
380511
802071
575151
689042
642751
619327
699815
423712
848713
232313
866801
85943
942469
-83595
903297
-213159
842891
-410807
822345
-486035
726209
-547992
613187
-716722
518320
-738796
377664
-802447
139999
-874168
52883
-805596
-160054
-763040
-267649
-653509
-345435
-619180
-452803
-506631
-555448
-409746
-619785
-309842
-679711
-167219
-783709
-23700
-693524
92701
-718796
240376
-656674
301654
-591589
419039
-510409
512345
-403702
632552
-368844
634928
-202166
647015
-138931
591119
68259
617798
126151
619429
225539
576023
274611
532005
445057
373519
554310
351271
507020
187398
583791
13448
562614
-27969
604004
-156280
573448
-222293
482664
-254145
448681
-408640
398140
-385454
314470
-584585
169826
-506297
164282
-472539
-12974
-490150
-113961
-463296
-132072
-406260
-182965
-415001
-234369
-317460
-352465
-234601
-437963
-116049
-405791
-41291
-467814
-43292
-402162
35374
-438370
160272
-383613
190728
-326522
203409
-310569
367509
-302273
371539
-248982
412166
-105742
466475
-58502
434357
111513
382653
185285
252417
229231
202710
274879
290876
241558
172972
304012
158641
358028
135709
349724
27986
386353
8252
323870
-142471
304403
-174616
260397
-195098
251579
-241262
206028
-255616
138274
-289671
63253
-305154
38198
-231835
-44298
-328073
-60511
-252482
-68557
-183625
-209206
-175519
-188091
-162167
-200544
-99398
-234190
-16380
-227563
21415
-255552
71174
-283351
101051
-240932
125976
-199748
123126
-126401
154137
-131111
150435
-38900
213346
-81913
171749
20610
186759
-31689
210090
73805
176179
164844
70069
130424
181271
102534
92681
208699
67025
178051
29414
190971
-26509
127589
-24933
222007
-76364
137319
-141946
117407
-160253
100555
-127160
149969
-144959
85084
-148149
10161
-156644
-4267
-134878
-17815
-179646
-24682
-159549
-70169
-100947
17834
-98892
-90101
-50429
-120878
-15779
-79384
-48166
-179647
58775
-79792
71453
-74942
97103
-67125
70853
-63639
143612
-34753
96933
-46852
85968
-11549
64169
13632
57308
46287
98454
-26956
77210
66958
18039
30438
32841
143440
32525
76923
26483
87973
4996
51983
61187
63409
-53491
108726
-24582
85003
-26211
39412
-69233
22840
-182790
-47822
-83034
-41329
-93995
-4305
-136032
12513
-68798
-38887
-71940
-115468
-7170
-90988
-14451
-68017
21457
-18827
27480
-75952
30906
-70295
13459
-11760
19576
-64556
4283
-76443
138764
-85040
155647
-30289
111328
-45084
120437
-20265
94127
26712
49438
89156
102669
45653
37546
51876
54978
82084
36142
103710
29071
58273
76574
156802
4784
104449
-110351
98757
-49698
23678
-113105
87207
-39385
21154
-75500
92944
-138886
72006
-63091
6179
-100000
7745
-106693
-62210
-26537
-22143
-52119
-65090
-17420
-52442
12183
-92392
47940
-108726
79222
-54382
31213
-70799
-29774
-71992
57544
-129745
81838
-66004
101580
-59124
143665
-8022
110840
-105294
83995
36077
68573
37029
199889
92021
84207
92419
101092
121171
110336
112772
49699
127545
120920
143169
46651
154336
-25743
164786
-16231
112739
-78928
118522
-97082
105099
-78835
98500
-176993
87756
-90495
73694
-191427
44820
-193385
34334
-125840
-37152
-128778
-8923
-136531
-45220
-142515
-80471
-191717
-110351
-47112
-141523
18405
-140648
-56334
-113630
-7892
-128452
82329
-143098
94227
-117778
66737
-96689
118481
-160112
203370
-71032
148898
-57377
186859
20310
141985
23837
181970
1924
190348
77595
176815
38023
152049
161741
172004
165976
75100
122157
87545
108645
32791
197894
16992
134288
-45458
137644
-40616
201011
-121903
207811
-145758
162679
-183281
116131
-167012
101772
-160660
28811
-166592
-75002
-183424
-15813
-189039
-80696
-148710
-87686
-114027
-83964
-166471
-74075
-95183
-188396
-8986
-127222
11737
-170874
6685
-82416
19787
-144641
40609
-109950
31709
-163868
143344
-92179
140709
-113324
169719
-129826
177282
-14509
203800
-57488
159668
15782
136171
55015
190058
30932
176260
50019
100387
131595
154284
165537
95617
138786
-17304
196309
46478
173355
-47703
196409
-56221
154428
-48839
238630
-132132
195178
-147870
150389
-197484
56148
-123661
64863
-168123
70659
-166786
-443
-190841
4150
-204092
-107242
-226335
-74822
-159026
-145856
-151524
-166402
-66279
-142698
-54564
-195436
-15212
-116606
19682
-173531
81976
-217653
88602
-113799
93089
-118146
85695
-146702
162088
-101115
165976
-135275
152231
14865
186796
8974
141404
10234
83769
66988
112520
28022
131303
124976
125914
162467
29889
143895
67208
177717
79414
207066
7811
190830
-14246
186566
-49387
225658
-118395
153173
-99484
59747
-148289
39235
-175897
46158
-184703
132831
-177661
56211
-158346
5231
-207455
35451
-214346
-1522
-137325
-45014
-156451
-117594
-172184
-165054
-63719
-145984
-58928
-148564
-31083
-184861
62872
-100111
72519
-106500
68174
-141658
54334
-85502
103995
-115508
116762
-101811
210052
-27839
146863
-17650
149905
19839
202310
21384
96994
65874
103905
75857
119570
93081
100399
86702
111041
104932
85155
113812
69999
112152
12104
148683
-72395
118117
-53930
89839
-23098
99592
-66375
97796
-55921
16747
-73602
105029
-126537
50088
-129578
48891
-113064
-1936
-140445
-7367
-66407
-46301
-124257
-73062
-71534
-87613
-37249
-106487
-4727
-88718
2730
-108313
-11325
-91514
-3235
-169339
38892
-32061
34542
-115636
72405
-48256
91209
-116353
130768
-87385
51719
-48376
108675
-42811
49887
13292
76196
39706
48550
88764
105668
133612
95838
71041
43447
95653
110625
15144
-28092
111013
-40511
112569
-10173
96080
-7048
74246
-85513
100485
-36748
53820
-37411
61459
-68236
106971
-57443
49926
-92584
-8091
-34249
57820
-123584
-31117
-147526
-16633
-69327
18614
-27807
-18437
-69688
-459
-46649
-48326
2351
-89889
-81312
-87092
8717
-71041
-2107
-121431
-75390
-36912
-8861
-121474
9374
-75247
24598
-113772
39416
-6445
-27727
-54829
143094
-55589
90038
-25700
35621
-81779
61926
26738
-34697
-1021
72642
-8153
116589
37945
27253
110133
5708
25187
-2603
76125
-656
-3042
9854
54632
-2621
67818
28963
44160
13942
64097
17712
31360
-14975
21405
-16981
45693
-53205
-38250
-64924
-11598
-78589
20095
-57867
-21257
-68249
25365
-38984
-23306
-17952
-22458
14150
5943
31865
-41743
-6528
-4798
60624
-32104
4229
-2027
-1273
-84774
29361
4686
-11102
-1805
-20777
10891
25020
-23410
56592
30070
56763
-21125
-1919
9505
14173
-48027
-30933
14997
-23222
-3867
2969
49932
37909
45628
-384
45957
41722
6515
-47274
97638
72865
47271
-36959
-21379
-31902
-124171
34886
36271
-39545
7917
29825
-34533
63073
-27831
-47063
42663
44017
13750
39242
29164
56457
15434
3121
16195
-92656
-8709
-331
29849
28797
61536
62541
46175
-8305
24821
-12390
-19913
-23772
64097
-6732
37738
47837
-14548
-63095
31587
-10965
-2267
22084
1166
-24198
19293
41532
-30235
60567
69796
-68254
-15796
-59020
16798
-41377
-39046
-69990
7173
-8321
-23190
-3170
-67152
-14798
-28098
-23659
-30971
17594
-44552
3034
-96002
86868
-41655
73848
-15837
82602
-46411
31697
-17945
57923
29527
44310
-13955
36776
-17996
-13668
36302
62718
-11260
79856
27856
17462
15779
43490
91636
55632
28186
-12358
4368
17062
39962
-4674
48047
24288
85720
-24969
18865
-39958
2250
-12532
-21440
-44222
11973
-60137
733
-18587
-34007
-73247
29646
-27324
19521
-52302
-66047
19731
-17490
-65492
-38936
-85055
-61284
-34020
-15302
-30180
-41180
-24659
-23551
-20628
-85427
-11216
-98826
31616
-52842
8078
-49956
42895
-40571
97321
-153170
71325
-79654
69819
-19270
76235
-21982
30230
-3930
34242
27273
82007
-29790
49084
-14487
69611
71544
-7709
60754
10474
48977
-21121
851
-47298
27608
-40941
3063
-68093
4620
-23789
11039
-31943
52705
-6751
-7656
3152
-13451
-9496
60529
-76096
-24199
-84162
30924
-84907
-56887
-85530
-23920
-25923
-20094
-163
-89768
-65894
-41278
-6176
-65333
-36934
-72474
36208
-132595
-19140
-94788
39894
-6501
49845
-89229
13104
-125342
38568
-53373
18144
51014
24230
15840
-25966
-18356
32540
-10521
-9455
-22311
30166
10226
18984
18550
69557
32215
7016
13831
-10893
50663
59023
6796
14906
49214
-4577
-24779
-6160
65272
35371
61081
-29861
65553
-60046
29707
-16499
-33886
50525
79306
-43498
57395
-28743
-49812
-50457
-73410
-18977
-8640
-31301
2593
-17867
-30386
-62870
-58213
-21726
-45964
-66008
-22368
26883
-20813
-16415
-24171
31696
-42499
-59160
-58313
16746
-108863
6801
-37390
-487
19322
67859
-54903
37547
-39397
-29168
-15449
21159
-7246
82269
-84249
61446
44566
61794
56613
29888
-6077
90286
86328
130623
33632
49278
93908
30641
93992
-39365
51032
11221
86434
26987
56231
-50560
47612
10319
83379
-17129
117403
-54595
11395
-216
23625
-98596
41467
-47893
68829
-36424
2789
-27723
-49024
-7523
-17011
-49088
-23553
-72791
-31244
-31133
-23764
17197
-37372
1694
-63734
3673
-3519
-8317
-45588
-514
37116
14253
-110949
-31990
-95036
7943
10129
49240
-86167
56895
-9894
52790
-19948
78949
18199
-2512
-19406
9901
-9268
-11802
8155
62451
20583
-34568
40768
113083
54184
56845
19459
-1871
11748
81187
48548
19711
34684
-20370
-6901
20863
-13005
-8036
37693
-16307
-4124
18637
38586
-32952
31827
-93144
25228
-68373
-25409
-50123
71105
-22352
9485
-42468
-22267
-45629
22181
-33436
-42739
63757
27236
-81031
-29543
-68149
-34381
-21772
-31175
14478
-69523
16123
-15570
53444
9431
-91543
-27353
-121
-19788
18445
-74793
33714
-12352
16063
37204
-21994
-14170
-7707
6401
-2673
-23871
32256
21235
52949
3204
3770
-21565
-17374
56864
11712
-38894
-12834
19563
47069
-10024
36104
48234
33209
-29679
53386
-28075
67384
-44676
13910
17456
29465
51316
17906
40798
-25823
63430
-79245
44031
-49625
59976
-48023
41721
6249
33495
-62095
57115
-17474
1403
-18471
-63757
21975
-67554
-76769
8423
-32664
-25772
-7527
20054
-57892
-64886
-12896
-33249
2583
-54458
43893
9714
-5909
7791
-18444
-8034
9432
-51147
20527
6791
-3699
-30926
39083
-11758
-53224
-99064
74722
-35991
117890
-13373
94428
56000
37408
3727
76057
62764
3752
32618
26745
21316
-4710
21547
-8310
39926
