#SpinCore Technologies, Inc.
#SF in MHz
#SW in Hz

[HEADER]
@CLASS=	RADIOPROCESSOR
@FIRMWARE= 3087
@SPINAPI= 20130917_x86_64
@POINTS= 900
@SF= 0.000000
@SW= 30000.000000

[DATA]
6156591
-4551493
8273851
-4154117
8979570
-2755442
9322057
-1139421
9434797
555477
9111379
2188091
8628135
3842884
7862841
5251728
6765101
6408837
5568498
7532675
4139531
8357317
2596460
8883593
998806
9189114
-641186
9168642
-2203305
8800673
-3751567
8254745
-5076361
7429961
-6267498
6476618
-7279306
5186662
-7996494
3782046
-8440013
2347752
-8665640
818163
-8676973
-690187
-8355672
-2258108
-7742295
-3642333
-6906718
-4944432
-5907941
-6032976
-4698926
-6910114
-3378535
-7613708
-1901303
-7929572
-538980
-8159436
952451
-8006332
2335080
-7676144
3627776
-7139816
4828071
-6228277
5770370
-5194396
6579327
-4073782
7157405
-2844729
7418771
-1478692
7446670
-188261
7395454
1171764
7011398
2461368
6336041
3614619
5583267
4756253
4544037
5632746
3447661
6267972
2253047
6649473
1046405
6901085
-250219
6935114
-1525946
6726073
-2667731
6279379
-3661624
5658188
-4639010
4787420
-5361619
3876758
-5894486
2848621
-6261620
1697341
-6447679
621299
-6400472
-623272
-6126812
-1743257
-5661219
-2821612
-5016901
-3727192
-4197687
-4627413
-3308270
-5265583
-2223977
-5683578
-1135631
-5909522
-131182
-5978711
926153
-5801566
2061824
-5594993
2969297
-5079381
3844817
-4415797
4451143
-3602951
4998009
-2758767
5374449
-1821863
5532890
-826899
5624921
254348
5440661
1234686
5096296
2164500
4572256
2958120
3924374
3726562
3187858
4336833
2271172
4766140
1375577
5131474
490115
5177451
-523368
5193537
-1352168
4960047
-2189551
4567432
-2945245
4086334
-3609931
3430563
-4172976
2723268
-4559045
1824079
-4677378
1075226
-4783444
208338
-4784244
-644340
-4462542
-1499907
-4082392
-2284456
-3588527
-2940105
-2962220
-3516150
-2267467
-3985665
-1557815
-4198063
-714442
-4389584
48875
-4381077
811535
-4304409
1591928
-4050691
2201722
-3641045
2897156
-3183845
3368930
-2586338
3727156
-1933063
3906299
-1220931
4080444
-548411
4074515
162654
3871059
946707
3633788
1640289
3328545
2227943
2702542
2758046
2240540
3138143
1595305
3439801
963722
3648091
233326
3801503
-391388
3697192
-1028532
3532466
-1658852
3250449
-2108970
2875154
-2624242
2514828
-3036855
1895053
-3256067
1326946
-3370402
740309
-3447958
130151
-3342518
-452096
-3172715
-1132047
-2957654
-1620640
-2581831
-2102307
-2107308
-2457958
-1650057
-2826597
-1124306
-3007695
-539732
-3205431
18994
-3221576
479770
-3049403
1131743
-2877111
1537092
-2623684
2014939
-2284775
2359094
-1970886
2612855
-1409485
2760598
-955278
2916005
-331156
2842026
51665
2808738
640422
2580505
1102878
2317643
1482852
1996114
1898021
1654261
2218463
1138408
2416565
743460
2528862
282227
2690054
-181868
2599119
-661955
2537913
-1105877
2357957
-1422648
2070524
-1764869
1750952
-2054506
1422906
-2225541
1016916
-2427229
610138
-2373421
101547
-2372545
-330577
-2219265
-681524
-2081732
-1054344
-1880917
-1387635
-1554142
-1744577
-1266391
-1923412
-806779
-2019179
-456882
-2128996
-63519
-2226108
316510
-2142438
687094
-2025212
1110966
-1862403
1381220
-1615230
1579153
-1365118
1785946
-1037743
1928529
-678334
1984797
-320978
1998396
-10018
1897493
371720
1783780
714004
1619818
1002596
1503890
1250584
1183216
1489843
810390
1672461
513129
1703593
222168
1863743
-71700
1847455
-439728
1760789
-724172
1560480
-962485
1446728
-1175495
1220146
-1306954
1009926
-1554121
720785
-1590533
352567
-1664121
157698
-1660449
-168261
-1557969
-407371
-1432286
-685338
-1288103
-910405
-1060434
-1121167
-821278
-1316080
-606697
-1385932
-320920
-1401258
27306
-1457341
169656
-1469549
405149
-1363062
714676
-1261071
923838
-1117345
1000198
-890604
1199034
-643200
1236309
-440229
1308239
-217746
1286431
12783
1238330
199507
1221891
425400
1019822
675122
942169
839933
772731
965026
518720
1121745
353196
1087606
81961
1105770
-90212
1109226
-241924
1050695
-523502
941404
-688812
924447
-812302
726788
-836859
623467
-1006987
439107
-999221
266886
-998578
51603
-1035918
-161500
-937716
-246992
-912243
-459943
-732892
-595554
-656702
-681094
-403958
-855516
-296106
-839753
-230839
-883309
-20803
-942070
128460
-878217
444356
-820708
435129
-669903
545002
-628444
738313
-496859
762014
-393506
775691
-234031
861651
-116109
818038
79443
752357
241774
710058
350466
616861
468413
507400
506575
401240
626553
331737
686554
147634
740253
38757
657551
-112842
625925
-155660
636881
-333353
603986
-457147
527134
-484053
386660
-477678
274621
-516793
147879
-632379
21684
-530943
-67731
-569457
-146853
-509654
-262664
-416827
-379840
-292588
-371626
-328349
-460070
-200219
-506816
-91662
-528612
-7829
-485422
89612
-470042
182075
-402716
211291
-405529
263258
-271807
424816
-290340
364466
-196314
401161
-114624
419061
-43752
434138
94951
390719
122017
344713
117268
327338
267222
303046
325082
166179
333749
94235
311090
103117
311710
4111
393727
-114918
335518
-164275
308854
-129234
273590
-222001
149919
-230398
135320
-241396
71204
-290741
51366
-282483
-113369
-264745
-60678
-298961
-66098
-221001
-185648
-173703
-175722
-115768
-222866
-68509
-238426
-51988
-241137
-24394
-244828
702
-327073
83929
-171382
98037
-159014
182391
-181665
210087
-99000
150479
-65398
156085
-25835
143755
87469
280131
121698
230320
87708
64364
197061
110766
171983
114045
161605
14540
177356
24703
181247
-47080
179475
-20299
150130
-56920
181617
-164132
114945
-178114
104988
-242990
81884
-272289
-24683
-102509
-42776
-151261
-108268
-133437
-28168
-124815
-111528
-122268
-134056
-54991
-151561
16993
-181740
28315
-179326
42252
-171408
63092
-150216
110173
-199223
125987
-64774
131755
-92361
135007
-95563
163848
5729
172173
-2428
176880
61376
198741
83379
174873
117156
120008
137740
105788
178700
26376
203371
77658
285582
-32141
223974
-65588
207882
-118866
159070
-110366
87444
-123100
228437
-172626
100097
-228588
75018
-198864
20229
-171529
-66188
-229848
-83143
-159583
-47057
-112667
-121516
-95942
-204069
-120183
-175850
-77415
-253243
-22414
-269355
3631
-278060
36504
-225490
44187
-148389
131681
-159115
173656
-209715
195175
-127418
243570
-139904
264290
-51438
265472
-6336
253791
30038
229947
62416
206942
158570
200704
207277
190754
246540
122299
232665
137371
193189
19128
283424
-13470
268447
-61581
229357
-136720
281397
-95440
224756
-184423
191462
-201839
94726
-260423
133723
-249562
91624
-330406
26461
-317546
1590
-228867
-139339
-256413
-47105
-219171
-157214
-252915
-231141
-166071
-278443
-125739
-236268
-118413
-279433
-2463
-307494
-15404
-327799
120507
-278388
207700
-239899
195462
-217967
286261
-216067
280042
-159274
321806
-77501
336667
-59097
371796
11381
334562
88794
300774
38389
194412
186891
256104
290180
205459
265457
108216
279698
-1460
349863
36461
386948
-47486
354674
-122752
370851
-164580
312846
-257085
250123
-307993
216198
-309660
157011
-317089
185858
-360506
89346
-329654
23046
-284465
-92522
-385039
-140719
-290401
-216490
-245158
-275638
-161078
-280697
-138230
-323259
-95458
-320108
31178
-392843
104476
-317277
44908
-304388
192645
-358517
213758
-303327
286410
-269374
259872
-127673
339049
-137723
284872
-17028
379083
6846
361835
-31359
293344
181879
336953
165475
323072
235881
255505
318658
162324
271529
70562
351409
83528
323297
-46063
312333
-124715
322056
-113445
340951
-191533
277806
-235472
237067
-264139
229621
-337415
156066
-370881
53048
-388647
20927
-362962
188
-299937
-88052
-404356
-169932
-239052
-173144
-273296
-241283
-196709
-306249
-184265
-357931
-141102
-286471
50992
-352912
54017
-398653
129963
-419627
176462
-265060
241110
-262741
215978
-207990
291202
-194320
359964
-116434
329482
-79664
402584
5968
305227
42713
300586
77554
324352
126398
286415
262981
241274
278472
135530
297310
91301
303250
40016
378769
-94525
302552
-55160
328554
-80216
320766
-168319
287721
-246863
258343
-310539
176287
-274646
178701
-313709
110941
-398073
-34354
-364383
-55295
-299993
-87076
-331968
-196212
-250859
-103688
-170644
-237892
-188016
-282497
-193059
-317312
-57285
-317286
25038
-257399
38892
-292763
79533
-357302
179797
-335278
235607
-235896
252210
-208688
319646
-60685
236484
-95075
302426
-34504
232126
36843
236830
-55797
312243
84957
209076
193255
211639
253728
172350
190713
163932
251089
123194
248402
116635
274542
-14452
309540
-66267
301609
-100678
180958
-145024
192140
-184762
178037
-273568
95767
-273210
84077
-259092
54691
-278940
27339
-292855
-39885
-271214
-53039
-168019
-129032
-175032
-161217
-127311
-206324
-139601
-212449
-104318
-222351
-28130
-226510
64298
-262340
-27335
-258431
115772
-231182
62011
-159114
122875
-138764
193244
-173972
158273
-95405
246487
-82513
180167
33328
205629
3843
250857
47538
163984
106644
151653
45647
129778
140250
142905
147348
56306
210717
29622
123752
35689
168722
30516
172330
-66587
184373
-62460
174564
-113877
170542
-135126
131054
-116793
132984
-167965
7077
-175394
14071
-164035
67023
-147008
-25719
-113083
-80465
-131853
-51585
-86128
-100307
-101396
-86201
-64850
-141402
-24550
-168594
-14914
-170589
-41349
-154824
21915
-95011
49462
-165572
74076
-165920
97515
-99026
163205
-41489
122537
-19874
139389
-41859
130065
-20613
117241
17063
145979
14463
104897
68876
93595
48671
84814
122489
54403
41561
-21799
108620
21239
120123
3863
132456
-11247
75700
-30970
81472
-24375
124404
12923
81957
-78546
88623
-78974
102986
-86898
136587
-84593
20826
-78523
-5993
-51293
31941
-44523
-15852
-45389
-37758
-8792
-52602
-20229
23439
-103623
4127
-95166
-81354
-64109
-37203
-1283
-33089
56646
-109192
-20447
-145322
38385
-42921
-336
-93059
35249
-22377
48506
-63322
32563
-10946
31130
28402
-7566
46752
51918
-22382
25694
106303
87632
5498
-6501
-8832
46452
-8830
-45095
-12223
55261
85744
39971
8828
7870
99387
-4087
2493
-5361
80749
-35825
9282
26461
-74895
77708
24180
-23255
94975
-15646
54051
-42182
13797
666
-3950
-6750
-8655
-5124
48623
-15570
102895
11597
66303
-68575
12777
-59310
-15211
-40147
-34272
21467
43147
-37791
5194
-72943
-1970
-7868
-36646
5828
48971
-28349
-44537
-26162
37722
-39852
23395
-119566
9096
-54424
-92584
9344
-9774
20757
-83164
-20177
5346
23276
-75573
-24392
-8898
-41912
-82778
-14913
-85760
65823
-31177
750
-26491
58711
-16194
106805
-845
60961
22591
44682
-7296
60392
72162
78478
-38221
31017
54677
89299
59510
12477
-24135
-9010
34471
-4152
40356
22422
114698
-6693
112159
10872
27590
-46842
90408
50897
102842
-74213
27578
-6850
78319
-27287
46373
-29254
47758
-102502
108349
-88511
18478
-118862
8211
-93817
-115462
-81562
24207
-47539
56165
-101966
-33533
-56119
-97815
-33353
-61291
-48071
-72738
-43400
-65176
-20700
-48024
-17071
-75564
70225
15859
23560
-17652
42993
-91643
119426
-54710
133884
-98472
62153
-7721
136328
-69588
70045
-11771
15546
-548
70386
38791
62857
10134
35941
60995
43065
1804
28409
57834
157002
65197
76858
183678
9679
67222
-27578
63690
-20848
121464
-108705
156167
-26217
112353
-61507
27393
-22205
78003
-66449
28623
-121642
-12542
-108713
16826
-122930
-21054
-53039
-50524
-147029
-7126
-132608
-50685
-55668
-67977
-48280
-44168
-90472
-58266
-70951
-101378
24032
-167747
61810
-181346
55104
-81096
70073
-56161
15555
-151051
90540
-71845
102433
-91711
143726
-54279
124073
-6307
61359
10811
78698
58214
70228
49882
94352
87271
34272
20735
50966
110301
-20608
111654
87102
98741
9053
122159
5949
124268
-26594
130784
-18444
128737
-72514
93416
-102547
72557
-70559
171607
-118385
94747
-127975
16275
-119608
-9667
-93413
25725
-82661
-36018
-71174
-3379
-92516
-31858
-117266
-148072
-33877
-83316
-68792
-81745
-22005
-119009
35109
-152296
20342
-105699
60623
-79748
29212
-70673
121277
-72954
105948
-44077
124282
-101591
75889
-49497
74050
-21414
112508
-7186
117552
23682
106633
8486
36329
77093
61646
69928
-2784
74512
51328
78264
14448
74171
65215
67785
64001
73373
15120
143205
-19137
80258
-64880
87520
-40016
75532
-90629
34240
-126008
37293
-42983
96949
-70716
36655
-76040
14274
-109648
-8035
-40725
-61874
-112709
6763
-204065
-35160
-65669
-84701
13513
-74605
10951
-108205
-17662
-97365
-52009
-53835
26969
-94025
17526
-28354
41936
-69190
114238
-52463
68724
-55148
46920
-99092
94437
-29622
131214
2255
59668
12960
94972
13666
87113
-12425
130119
11236
64817
32762
43047
80459
16619
66116
33621
60365
27498
63269
37194
112410
-50099
83240
-27081
36098
-42459
35104
-19211
41847
-51812
34618
-69279
68937
-41095
32386
-50770
6988
-91770
-24998
-57521
27815
-94692
8989
-76307
-509
-76173
-35431
-70102
-34133
-79506
41928
-70145
9247
-5974
-8281
-3270
-51906
-42708
-32997
74286
-77447
-47302
-70871
66051
-92268
21883
-37638
30055
-40878
31735
-57308
98036
-70355
-3430
16752
56339
14495
7031
7117
108897
80835
91900
15565
-27733
-15016
65149
31764
98757
34389
40962
73608
13998
35972
72613
66861
-2411
59877
-108
108391
26509
85568
-22629
87608
-65166
13170
-48113
31648
-45570
24815
-71915
67482
-71136
49773
-9075
26686
-129145
-4698
-32300
36554
-48590
16435
-35552
-72622
-43433
13673
-4842
-86513
-52606
-53807
-360
-22552
-79158
-39271
-99954
-82958
-50474
-138214
19758
-82467
-15275
-66967
37879
-82715
-2591
-160
38504
-49177
51791
-27454
64257
-25830
44441
79578
32675
33766
66334
-30615
81802
9287
104231
-43405
31621
42319
38294
11816
53845
59451
105998
52716
59154
63821
44900
103782
-29799
69108
