#SpinCore Technologies, Inc.
#SF in MHz
#SW in Hz

[HEADER]
@CLASS=	RADIOPROCESSOR
@FIRMWARE= 3087
@SPINAPI= 20130917_x86_64
@POINTS= 900
@SF= 0.000000
@SW= 30000.000000

[DATA]
7442896
-5467867
9932919
-5055724
10709249
-3262693
11241342
-1361074
11285246
706602
11061474
2581251
10405430
4564486
9406563
6266948
8131749
7762739
6663903
9051678
4916623
10133789
3131527
10689593
1116190
11049868
-749039
11055336
-2721606
10670583
-4509919
9905658
-6138961
8923622
-7603533
7624921
-8734823
6182186
-9651462
4548665
-10220569
2774206
-10494647
870570
-10385670
-936404
-9940547
-2755941
-9251532
-4473439
-8287135
-5951904
-7130829
-7284902
-5510936
-8278895
-4005223
-9116813
-2318653
-9632495
-525852
-9841124
1263409
-9643305
2889108
-9226680
4441772
-8451863
5833362
-7453578
6922350
-6248795
7849172
-4892934
8444125
-3338206
8958669
-1714405
9041970
-104136
8783386
1531394
8314323
3129296
7539478
4457973
6602189
5751895
5424363
6731938
4062397
7580141
2617246
8119249
1202059
8339714
-505064
8261259
-1876312
8040789
-3307942
7556642
-4482217
6723916
-5615166
5767873
-6591188
4655724
-7221138
3305111
-7594202
1993559
-7681499
519135
-7698533
-884785
-7362042
-2219088
-6722902
-3475235
-5971964
-4516069
-5020686
-5600071
-3915749
-6347817
-2627704
-6844311
-1390802
-7107941
-137201
-7185476
1207676
-7100827
2477706
-6762492
3600732
-6032851
4651939
-5310145
5417978
-4298573
6086265
-3267772
6535795
-2166021
6737950
-933361
6751076
356118
6524240
1547980
6067359
2610492
5428274
3654724
4723566
4550503
3793787
5271003
2691991
5830229
1672116
6164390
513797
6270472
-682791
6190057
-1748387
6019075
-2725280
5509396
-3677530
4860309
-4445900
4072064
-4971626
3208943
-5456528
2259806
-5710313
1241010
-5834704
137041
-5666830
-889326
-5414575
-1836739
-4945079
-2780794
-4283367
-3668212
-3521429
-4219102
-2741090
-4751042
-1759960
-5068458
-838842
-5377570
117086
-5292601
1031318
-5178168
1855775
-4809051
2771608
-4401108
3395946
-3733050
4029381
-3072172
4446807
-2282167
4759035
-1453253
4950245
-511826
4855395
299350
4698139
1138716
4377140
1999365
3876410
2713256
3349716
3298498
2635484
3838356
1959115
4204296
1096889
4394806
291977
4490958
-470411
4497025
-1248407
4251876
-1956120
3919084
-2643263
3479972
-3231573
2928078
-3613506
2250232
-3930843
1571793
-4064637
867913
-4173472
144288
-4024139
-637016
-3850093
-1336664
-3482854
-1972338
-3077271
-2575990
-2585365
-2983046
-1988429
-3423405
-1307458
-3658347
-581591
-3772741
91732
-3852114
713116
-3696721
1294674
-3519747
1870348
-3171483
2424149
-2734169
2776027
-2279644
3156858
-1696694
3392649
-1041155
3448523
-467004
3515086
146295
3379534
722143
3192776
1372723
2807112
1888342
2447198
2222184
1995720
2682606
1489585
2910976
871369
3076922
292447
3237865
-250707
3158630
-807725
3061531
-1331141
2853995
-1770809
2504364
-2141942
2177885
-2534583
1692453
-2731293
1137094
-2878183
674702
-2876369
158879
-2868413
-335386
-2750083
-783304
-2479519
-1306464
-2250241
-1677076
-1828854
-2089593
-1469222
-2290797
-997498
-2495432
-547632
-2597822
-36272
-2658211
345100
-2586961
829199
-2479735
1291749
-2252300
1558451
-1953173
1863372
-1669578
2119619
-1209766
2277697
-874527
2401912
-431248
2367407
41529
2348122
439377
2134604
849710
1985869
1205950
1671920
1494649
1410623
1796873
1103175
1946131
666330
2127914
243051
2194878
-124824
2200399
-598775
2104934
-813835
1970444
-1124813
1768471
-1428809
1532180
-1595412
1199270
-1792103
864898
-1894492
552919
-1990185
228872
-1912144
-181569
-1836514
-512247
-1733857
-772055
-1513076
-1091197
-1284014
-1342920
-942095
-1505362
-707840
-1623421
-361690
-1706878
-54633
-1764445
265074
-1664622
587229
-1678795
802621
-1552185
992437
-1298584
1207956
-1101746
1440837
-889142
1502304
-484965
1597788
-297157
1593019
-4112
1530633
299158
1430966
578675
1281433
803602
1120568
989893
880983
1192262
713017
1324452
393918
1408264
128694
1360050
-103868
1428881
-315827
1376428
-634771
1200124
-819997
1104606
-959252
955021
-1114739
731428
-1195778
515532
-1222633
362737
-1272040
145980
-1260417
-182939
-1152249
-341761
-1054678
-608747
-902318
-739757
-757846
-784029
-603979
-1004969
-374841
-1068267
-208145
-1084514
-2682
-1186772
179421
-1051788
377655
-928926
563251
-879430
760426
-715202
834528
-607394
817249
-421268
917559
-208923
956220
-102304
962710
45323
872794
305459
828836
324737
775101
567108
598783
673523
451593
740636
291238
770680
205095
815968
38678
825720
-122582
784894
-312751
782454
-426325
711056
-518831
654435
-624024
443719
-639468
339910
-664158
227764
-717082
101048
-758897
-106573
-601740
-179623
-597980
-263451
-596501
-376233
-476805
-462761
-363696
-520122
-202658
-591950
-127732
-593787
-41188
-627915
77095
-582251
183961
-559706
304770
-471181
485942
-403219
390625
-356320
481363
-259893
499669
-137490
520513
-29590
443048
57675
511068
96138
422896
250923
395411
298325
271050
369682
173372
385030
168824
447035
27078
394696
-59091
487628
-77992
403899
-168991
388967
-248780
259083
-201652
218415
-328705
233006
-363964
188283
-348288
66195
-347938
-1210
-383731
-118875
-373887
-159981
-187416
-149357
-193314
-279191
-222294
-241634
-107538
-269194
-30760
-281502
44192
-351147
20387
-260384
147098
-269063
171941
-247223
186870
-190799
213829
-122180
189495
-106549
293756
-4008
280577
-20848
208849
81884
197582
105372
189303
91325
151459
197037
38611
228357
36977
240060
-12989
178387
-12937
243626
-121216
178716
-190300
242262
-113309
159595
-145527
108210
-197474
130413
-216939
-43315
-188797
-35628
-237962
-65566
-187110
-97193
-69788
-184796
-107300
-177503
-43251
-199228
-26500
-194689
48410
-123396
40528
-132440
125490
-206589
162652
-134130
164167
-146179
159882
-71773
227591
-53825
261506
-65267
176459
63926
214007
74731
249332
120136
156209
157374
90135
147756
60441
187551
73641
265863
24841
218719
-57287
256990
-151199
273192
-144214
238894
-126301
234896
-224486
147703
-236134
70135
-156089
85663
-254656
58765
-243699
20486
-215204
-64423
-201471
-93703
-261405
-110508
-204424
-217645
-153497
-273975
-79869
-193905
-23388
-298866
-59988
-238619
65802
-319039
133879
-267655
176774
-213959
278770
-256521
199985
-141255
340870
-126447
312352
-95608
284697
-21125
288977
-3089
311478
146400
191474
202638
270644
250718
161574
155421
188087
300372
56420
317794
10856
322462
11947
304139
-53217
337582
-141899
337624
-188428
261805
-252349
213457
-272657
246887
-318165
106014
-298627
58734
-322484
28114
-332270
-62904
-361510
-143578
-277889
-92801
-292491
-237941
-201602
-314200
-267002
-362854
-119001
-279402
-93731
-338682
-18686
-386880
62543
-431485
194013
-316299
168781
-318316
275575
-299607
264715
-172462
400515
-164219
337181
-67055
390336
2735
417676
55975
380041
88127
365183
154592
376612
237571
333645
348302
202234
410451
118729
336308
82453
454174
-9047
398171
-55969
408197
-84965
377731
-220578
348017
-300149
301313
-358385
274966
-329514
209262
-402593
141715
-418570
1149
-453658
-7651
-467748
-115443
-368473
-92404
-363478
-211712
-268117
-368570
-232914
-360512
-185020
-380394
-158578
-449064
-40465
-500601
67048
-446482
116885
-428083
197423
-376521
363469
-315500
314383
-294145
377650
-227533
355726
-115464
422376
-28772
400826
18355
416037
57437
386150
134255
410375
199925
331681
259012
242911
379995
226355
415064
144389
410632
47514
451060
-34271
493675
-136207
414789
-217591
434885
-261087
316772
-375983
289800
-370279
260679
-431227
200330
-401041
113260
-404907
79506
-428900
-71104
-451930
-145683
-340722
-189845
-348738
-267622
-260541
-355698
-260342
-404687
-114328
-430496
-38447
-415037
48426
-424477
129076
-416617
142294
-431052
205620
-352071
299559
-283554
329432
-308350
431996
-188688
402174
-155330
364434
-74264
386309
14474
385471
123805
414371
202812
409146
275689
302712
330188
282945
369312
180385
357113
103029
400483
-33350
376670
-67405
473482
-161527
373680
-107360
309431
-193639
319281
-293906
264259
-425538
199946
-411855
193660
-411994
13168
-381160
-17778
-425224
-74056
-336356
-193635
-322859
-211209
-245000
-296615
-217539
-304590
-169278
-316620
-88096
-442292
-5230
-385922
65127
-325229
134349
-348213
96238
-373587
218894
-326008
280734
-263172
291926
-214244
408116
-135239
379020
-123077
392528
-58637
336087
41426
371429
95074
316327
179330
218402
260694
271036
250934
228521
355750
165994
323151
66288
332379
28460
388659
-84481
405564
-105562
348271
-166947
253451
-221742
177262
-210122
253682
-267001
210304
-273254
49327
-292779
-6505
-325468
-31404
-309321
7178
-272549
-156404
-251029
-179364
-186773
-170751
-215177
-293052
-88835
-276858
-74357
-296673
-9288
-310321
18022
-270095
35310
-266676
70369
-212774
125980
-243050
146576
-210494
155267
-195125
220493
-61862
215400
-39958
201166
-23134
263982
-37862
202505
65696
229073
126160
137001
191912
165026
126813
134259
175709
6978
174374
88033
228371
50375
258987
-40799
229200
-55039
170771
-119669
180036
-177833
216661
-154029
162714
-192592
98937
-195927
21502
-109207
29240
-196332
42907
-211819
-27264
-158569
-88273
-200209
-104730
-93840
-93534
-91186
-96649
-51358
-173770
-55024
-135509
-45715
-174429
84119
-88376
19025
-200583
81999
-150724
46599
-148262
88637
-150398
138829
-73782
157960
-22279
124358
6771
145638
-54891
140874
-23805
111797
-59303
147881
109291
71883
38935
180026
47562
112189
74455
56873
143404
35002
103120
12973
147108
67817
158041
-34633
183350
-46436
112853
-63450
75116
-43672
136829
-111234
62755
-65420
78504
-77561
-7725
-96278
28207
-167153
75554
-96077
-10594
-173658
-65330
-41560
23568
-64672
-32618
-102659
-30357
24279
-112045
8829
-46014
-23025
-54114
-5036
-81888
2726
-45799
-12874
-14988
16459
-81576
10111
-25304
27882
-33605
43145
-61582
66681
-92907
69952
-20791
66551
-16818
33428
-30872
12415
-36732
89150
-54259
105793
34592
-3168
23410
57865
53296
-13163
47148
31530
2043
51434
33120
42230
44868
-51879
-6746
69934
19194
-36869
66319
-42013
27452
-7055
32618
28984
2470
22863
16545
16132
37788
-25747
41067
-54729
10930
-10661
-20643
32845
86434
-40819
37471
-3108
41066
-31895
147871
-8431
12943
4164
-845
-46328
48031
-76041
-9165
-140950
-7920
-13099
-20931
-66195
20297
-56327
-25642
-121180
-51556
-64960
-6668
-37905
-59551
-62682
-65485
-25482
-21149
26388
19945
-14300
-105327
86996
-110107
41717
-73621
54688
-68706
7611
-32047
43234
-50372
69322
62873
65310
109298
104157
-79850
106395
-20536
114252
-17
18439
70035
52636
94973
101157
51596
27695
66800
50058
87732
24685
136114
-22795
143280
-15053
57385
-16058
66559
-72643
113922
-76149
86412
-68273
52398
-43286
28111
-131354
89110
-87443
52149
-97510
28194
-131889
42125
-105898
-22723
-161772
-101578
-67590
-124415
-34598
-73872
49803
-59977
-90097
-141638
11413
-128779
22996
-165197
-18887
-154621
99598
-148727
111406
-96160
44206
-70653
73602
-39264
114398
-70504
123473
-46172
165519
-42118
84937
35319
156678
-14378
173700
56213
82315
71748
82332
80154
93063
83332
24526
68088
75415
112047
-27907
132087
63806
51605
-30315
119019
-30364
107327
-120284
112655
-116620
76765
-74540
107332
-94213
130309
-173571
24028
-177672
24324
-167381
4065
-142866
-19214
-131812
-44906
-84666
48753
-158283
-106762
-103320
-186413
-70143
-157051
-48305
-143727
-109159
-154788
-47817
-163954
9614
-67393
2888
-165173
27542
-126765
118907
-119720
103766
-46714
83313
-2386
132914
45507
110368
32834
100432
-70704
178725
47603
93329
106569
122995
84117
29285
101874
54005
144910
64448
89417
7800
175681
-7001
74999
8652
115071
-66784
77461
-50023
146825
-125297
125446
-111312
103077
-85759
104220
-157214
43369
-117873
57996
-149109
5095
-113282
-12885
-149363
-36139
-92021
-10933
-136866
-101840
-109012
-78728
-55991
-77783
-17990
-64541
-17461
-96631
-40315
-110777
21121
-124010
52137
-128893
112477
-120211
113621
-84637
-4906
-39437
123978
-81215
118290
-38120
103542
-30028
122071
-21706
188988
67076
181714
97062
136656
119124
97051
43202
33721
85919
14503
130105
32581
104243
-38810
48789
13315
77991
-9802
112524
-103684
103464
-113962
62890
-110986
69179
-95194
53749
-100536
99062
-136909
12886
-145695
54130
-144464
5670
-87484
-7264
-87617
-83803
-73870
-27231
-70656
-46060
-50800
-83213
-115287
-132126
-40669
-119747
12894
-110876
-48163
-159013
41221
-91257
43720
-149672
84983
-138972
104529
-131846
82219
-93204
64759
-13900
72641
-37759
105079
-25113
99093
9576
93719
-77206
98861
86746
101086
7407
102261
14669
55720
34407
37826
78968
45776
149825
15552
130271
-12351
66118
-24851
92532
-30474
103635
-106482
117923
-80081
123075
-48317
76711
-19670
-9792
-48515
38358
-73084
78953
-143624
26230
-104821
-14972
-99891
-2492
-41022
45919
-56755
-36409
-115219
-83221
-118659
-81557
20641
-98765
5583
-49072
-30574
-59137
2026
-84296
87342
-50899
-8440
-83932
85365
-92020
47221
-25077
38843
-32220
95652
-12342
78859
9327
18423
-10647
146057
-36684
86997
32447
79079
28577
50520
1500
40582
67434
64116
52616
67583
83677
93927
-6798
16317
54391
-7520
46599
46436
49890
47370
53481
-9607
107579
46973
35032
-35954
38722
-63346
84479
-42469
89423
-93039
12322
13345
42664
-83121
72876
-97329
-33287
-76064
-67875
-45612
-20564
-31010
-21625
-12115
-41535
-44578
2165
-8332
-29765
-39710
-47857
-15598
-18749
-31882
-38540
-19837
-64054
-4175
-6260
21531
-86300
2509
-91322
60478
26012
38489
-35085
56037
-44487
125379
-80512
41147
17499
34380
8710
96752
-77075
137485
52355
65578
82275
35222
35753
39907
91230
64248
35727
78841
63969
13889
106137
3536
75979
-46354
80934
