#SpinCore Technologies, Inc.
#SF in MHz
#SW in Hz

[HEADER]
@CLASS=	RADIOPROCESSOR
@FIRMWARE= 3087
@SPINAPI= 20130917_x86_64
@POINTS= 900
@SF= 0.000000
@SW= 30000.000000

[DATA]
-7505259
7279730
-10374833
7188087
-11614800
5278334
-12530623
3221667
-12968251
955914
-13051504
-1341857
-12605437
-3628633
-11783288
-5692499
-10635683
-7680489
-9153595
-9418066
-7356836
-10854332
-5354423
-11903120
-3268732
-12639077
-943583
-12995970
1369461
-12923535
3555752
-12452910
5666318
-11575625
7630156
-10374312
9189544
-8865034
10663855
-7118101
11616040
-5182269
12265355
-2921567
12579219
-847233
12497652
1343256
11953773
3487227
11140243
5577082
9905124
7294579
8429879
8921494
6728026
10176003
4759876
11155404
2704636
11720399
620312
11882839
-1395397
11710038
-3464070
11280746
-5311614
10336588
-7014766
9261990
-8453107
7746596
-9647949
6137190
-10450943
4227784
-10990240
2298794
-11158606
388834
-10926116
-1681833
-10370693
-3541053
-9511375
-5253472
-8340611
-6830154
-6973788
-8121136
-5335588
-9149809
-3534187
-9867836
-1742255
-10294647
115152
-10295955
1870711
-10103177
3631125
-9532137
5283506
-8648429
6681600
-7452943
7844142
-6216949
8656273
-4612175
9266088
-2936828
9577546
-1241303
9580097
483789
9256955
2152475
8638386
3745080
7712964
5184832
6685962
6479647
5388010
7502371
3904320
8269290
2399200
8754935
649578
8909913
-858839
8839945
-2438575
8474161
-3901180
7809236
-5188627
6957859
-6295513
5882388
-7185004
4596055
-7777291
3233025
-8194463
1788694
-8356824
340840
-8159691
-1232635
-7767462
-2636155
-7128107
-4002765
-6269663
-5028116
-5249132
-6075119
-4005960
-6895920
-2671787
-7438108
-1259993
-7658879
22538
-7804064
1448979
-7522065
2777883
-7131805
4024967
-6464435
4957108
-5597853
5912143
-4601973
6505676
-3482753
6954060
-2121085
7066604
-851391
7164840
421957
6982308
1655873
6449496
2844202
5818630
3902635
4993460
4807557
4022285
5549831
2958906
6124691
1798418
6541246
621405
6629633
-628113
6569708
-1736066
6364598
-2813675
5845645
-3827632
5247703
-4613598
4485616
-5298301
3516316
-5792542
2579858
-6037961
1388880
-6158234
251298
-6031577
-802992
-5823848
-1881135
-5236356
-2815971
-4647665
-3717190
-3908149
-4409988
-3104956
-4943561
-2141785
-5470094
-1094814
-5570714
-78055
-5702573
877893
-5561788
1892059
-5252349
2755172
-4766095
3540298
-4137269
4175384
-3443630
4671824
-2659698
5060285
-1818160
5308113
-890956
5260094
108823
5110085
1037629
4815123
1911562
4342292
2668413
3781369
3389662
3138015
3936818
2325438
4447825
1506403
4677287
711655
4775382
-175303
4749979
-1089922
4621632
-1819652
4349850
-2601858
3964980
-3175474
3368379
-3686739
2724860
-4046843
2077819
-4265555
1276403
-4388889
502859
-4383633
-298596
-4283054
-1033469
-3967402
-1775084
-3524224
-2416667
-3030507
-2973543
-2424023
-3431680
-1769843
-3779240
-1038200
-4026114
-386435
-4072465
403676
-4046921
1098883
-3877521
1686142
-3602371
2321135
-3233371
2766991
-2713551
3163427
-2221628
3485494
-1548955
3641805
-888890
3743488
-282073
3771291
442892
3569327
1014457
3245785
1651017
2907214
2206787
2420329
2660240
1973428
3002385
1359963
3213643
752031
3353438
140891
3414285
-417495
3389896
-979463
3184132
-1569112
2881734
-1990302
2577202
-2454387
2024910
-2751469
1614103
-2942451
1100219
-3167941
576017
-3119581
-748
-3008239
-498240
-2794605
-1005432
-2619198
-1608141
-2249339
-1940812
-1839810
-2314187
-1476428
-2535172
-968668
-2721060
-464867
-2817006
49787
-2852396
521414
-2766083
1045265
-2630481
1487582
-2336210
1903017
-2028090
2169674
-1684053
2351158
-1255624
2521128
-820276
2572741
-374107
2564759
192232
2519106
586122
2279165
1024420
2114818
1344009
1774497
1643593
1448468
1986342
1117522
2085154
678833
2277189
246824
2336603
-135524
2292453
-584101
2217075
-935233
2023935
-1360239
1796933
-1576342
1574414
-1811684
1255678
-1986700
938325
-2016804
571054
-2104755
118783
-2094793
-256466
-1932594
-537919
-1792752
-972676
-1607677
-1201355
-1340757
-1452562
-1076913
-1679722
-781513
-1768496
-469891
-1809757
-106273
-1876057
261330
-1794876
539085
-1642221
790497
-1620877
1107751
-1401294
1313299
-1127539
1484258
-884570
1581762
-595514
1630737
-326877
1634282
3044
1628916
288514
1503673
608178
1413673
837160
1158018
1014448
950031
1216238
788344
1346305
519408
1436538
188205
1476468
-67784
1439272
-376509
1403359
-593801
1264370
-702400
1175791
-938345
978434
-1061277
783674
-1152969
609688
-1304197
355118
-1314304
98928
-1295915
-140351
-1286131
-310248
-1077477
-535473
-943686
-744653
-782534
-919532
-605767
-931361
-444548
-1090700
-271821
-1127406
-39887
-1179472
157261
-1076673
340765
-1057008
547656
-912867
635544
-766733
773570
-588945
859981
-456578
926618
-245361
923651
-138000
900594
-7744
891405
150568
832926
396985
802851
540058
664675
532143
534068
731651
391830
731204
247721
775200
156860
751351
16729
775306
-117940
673873
-315106
733464
-470332
603195
-495573
462305
-560976
399540
-620547
285694
-677434
114845
-659433
3129
-618384
-126790
-620917
-234686
-550214
-327942
-440219
-421331
-385668
-414493
-276246
-508476
-251778
-563071
-115253
-555267
-48168
-534678
73108
-562616
163073
-502187
256331
-428284
371921
-291300
365429
-262344
418345
-199837
426518
-154881
425923
28923
439570
30412
331441
90431
365249
100303
285660
235932
252533
270578
193443
307045
103918
318512
14556
380258
38053
346866
-25553
248011
-121749
266749
-169485
280285
-192113
160067
-201954
106869
-261647
99127
-206550
64848
-282185
-680
-249759
-77878
-159537
-126505
-128628
-125313
-159553
-182897
-118650
-163463
-80072
-292355
-39881
-237833
55356
-233399
111771
-192339
140086
-128659
137279
-96548
104989
-131585
148819
-80742
127524
-52111
134852
63331
90905
-12806
162167
79628
78760
72035
95789
126827
92577
79610
-20880
133546
31930
144238
-80323
84066
-67143
63689
-138663
49598
-141423
80336
-98480
-2706
-157411
-52231
-179038
-46895
-175561
-11049
-88464
-119012
-74430
-138417
-71672
-138353
5999
-133711
34492
-190207
51142
-169676
108990
-121030
75231
-125193
139002
-159845
167866
-92530
229832
14377
184523
-6952
247992
-24698
220413
60116
152951
110586
112309
132146
174877
140413
59402
199242
-4357
257799
-26485
229626
-34459
243293
-66102
231969
-76054
234393
-146672
223741
-146737
176630
-294713
76802
-187482
37242
-254969
42428
-251772
7214
-288683
-115179
-244281
-133132
-257887
-171000
-203029
-219240
-182688
-223611
-150602
-354853
7548
-244077
-29214
-309505
54089
-284834
146188
-298695
171383
-222234
204454
-220521
312353
-199176
350389
-162048
331148
-80121
347979
-117724
321115
48743
402602
15883
353641
139559
314448
153863
323823
182472
167009
320907
158470
286986
100084
355640
46554
365353
-37135
356738
-131234
356828
-168836
346717
-211932
318606
-274653
306564
-302860
201049
-314941
136452
-385053
76085
-357888
-2877
-405831
-57132
-413831
-113583
-352034
-264019
-420886
-273412
-231775
-360399
-238382
-400728
-122616
-467222
-24472
-428590
12105
-335824
92423
-377917
138112
-375001
177919
-378165
263088
-327928
326723
-299231
422771
-276024
414784
-110912
499507
-20205
455662
-30099
501246
148596
453740
147057
365584
254548
371272
352029
300313
337900
232353
426034
97298
505343
102015
496380
-50155
472167
-115462
461708
-211089
462671
-273690
420053
-335090
311439
-398912
181792
-425945
244540
-509236
117550
-474601
11093
-468886
-126948
-523103
-207283
-450563
-244325
-329123
-314812
-359898
-414717
-198133
-397696
-133067
-431383
-56669
-472425
37375
-474144
155207
-465192
208621
-440816
327088
-407834
320654
-304026
465305
-232398
480555
-207063
482893
-113975
546419
-58882
536693
82193
526583
153063
434771
200369
336255
322532
396859
326419
274527
449637
164777
491957
133891
494753
-23192
449376
-26925
496152
-195752
442420
-247950
415711
-350510
415666
-396500
330953
-437946
257471
-486105
149503
-480611
76637
-467383
-72286
-513200
-122581
-413762
-155144
-389977
-251269
-366627
-333449
-293799
-372308
-239484
-393874
-125871
-449085
-21535
-518058
61503
-512865
175521
-527439
220586
-449959
296699
-441990
338800
-435094
488428
-330503
435021
-148654
505709
-59882
520683
-34227
508536
46245
469525
108435
509448
283995
363839
280935
300779
367168
327013
389604
156357
439881
89748
484786
23917
474698
-127412
434151
-172781
385937
-241924
377069
-290772
336316
-350145
310374
-405437
240856
-346450
86715
-428368
112684
-418645
-22793
-453393
-83403
-390972
-179069
-414544
-193604
-392541
-268411
-346837
-441915
-220634
-445690
-172891
-425189
-55994
-453550
58892
-437902
91710
-486074
178985
-359083
258829
-424450
203211
-329187
414998
-238011
411987
-118670
407890
-108966
440326
-31581
464301
55777
436439
111515
345180
173433
339983
256303
273732
273550
206570
330066
184866
336816
15577
370693
352
404541
-50996
391833
-110259
343437
-141538
343852
-147600
282282
-278315
245126
-312480
205079
-244008
129088
-344682
108771
-332104
-3992
-306796
13146
-264512
-33504
-252100
-168072
-241115
-176943
-212623
-224019
-155176
-260288
-60048
-349016
-56541
-371684
-32632
-362865
85898
-282894
104005
-288651
157152
-222050
184992
-186960
189980
-256243
182586
-125440
291628
-34833
257676
15342
239032
6650
330865
39479
258743
103248
242906
144727
252305
210921
149925
239837
128197
220969
72145
284916
53980
328693
-8944
221945
-2459
149785
-83979
179780
-179524
148253
-196865
182244
-183109
99328
-177784
90618
-213386
68616
-244990
-14115
-214772
-18033
-192331
-29363
-233337
-18532
-181535
-138071
-58984
-120581
-83605
-138926
-54377
-182372
-12987
-190912
59477
-235430
45115
-241507
58452
-189464
56310
-135128
104182
-177741
78582
-118510
133552
-146714
136381
-66025
132968
-102513
118046
12864
151063
26001
114287
12315
159628
60932
160456
88664
126146
120434
70925
70621
54166
167980
64480
54299
38328
71940
512
132487
33619
25867
-67589
150628
-34492
124170
-136058
69371
-121786
99473
-71985
65114
-91202
-5574
-82580
36075
-36098
14242
-21648
-53098
-26846
-27848
7481
-40245
-60456
17714
-96820
-79895
-87808
-30349
-96808
-136884
-35709
-39755
-46379
-89004
-43985
-82855
14880
-26588
-14244
-110220
51671
-29457
-28352
-39355
31733
-30004
9095
3081
61586
-75285
32571
-23621
46738
7873
60913
6552
24654
52028
116509
-76342
28002
18593
88592
16275
77900
-36574
57606
53824
103782
27318
18002
-26654
23420
24111
-8230
39078
37130
20765
16844
66952
96940
29396
8867
58958
13353
67058
-11270
39975
-80009
40122
27673
29579
42356
40370
-26716
63627
24870
19982
-33400
91920
-63777
84581
-136681
-101
-108440
62310
-123478
8656
-89090
-5261
-140153
-12389
-83198
-103422
-60461
-8071
-56215
25623
-71968
-85923
-45065
-129838
-41079
-125201
-62203
-57963
-7589
-89128
-34312
-65471
15974
-55597
72539
-117189
95262
-65560
141080
-10451
97296
-107401
107424
-48621
135731
-73419
49644
-895
122746
-33448
119189
5594
73027
-25989
115196
50526
64549
19609
67312
110645
78743
118572
23408
129627
-432
42313
48386
84082
-63354
39848
-104006
124063
-53223
77216
-51562
80583
-35499
132657
-39442
21389
-48130
70369
-84715
80009
-112550
-33515
-116661
-66472
-165518
-29017
-135888
-59214
-82195
-90772
-83931
-108070
-68775
-206034
-1723
-134761
10562
-137519
-3364
-203614
47701
-149373
106977
-167086
96668
-163986
97347
-203083
188189
-116547
138907
-67539
158569
-83499
154710
-24940
187442
-66792
173834
33379
115135
31524
78180
74444
160838
129722
99023
81620
65582
159990
24714
195258
81817
174682
-52303
114227
6527
120000
-28009
156771
-72283
92733
-79955
134758
-64836
136652
-112843
66286
-177092
46817
-121277
7727
-167774
6627
-102777
10482
-143816
-79961
-138763
-37034
-72360
-79946
-138590
-129906
-35609
-85770
-109937
-171267
-67659
-205228
-8953
-182415
43017
-164098
40143
-192218
164594
-94609
172887
-34483
131274
-27527
181829
-70822
171718
-84195
221456
-48326
206272
27788
221748
-3404
134332
73375
153984
55186
102820
37576
66687
108295
82147
118771
21674
162180
28219
105491
35728
159427
-91290
89231
-115309
129387
-100279
92084
-109236
152017
-66033
72680
-132601
38561
-171310
54703
-170582
-43084
-196041
36296
-129421
-57201
-130564
-33512
-140548
3886
-149658
-101135
-70701
-102949
-65027
-141403
-8411
-147230
-28467
-148135
43578
-194628
42469
-181872
99829
-165067
123234
-108924
161625
3130
124013
-44713
144791
22448
70015
-25632
113887
-2089
146598
74702
147318
71183
148110
79917
95231
114060
61280
65374
95430
111321
93256
103512
27518
117050
33629
130205
2243
63577
-9182
116743
-45034
143291
-51052
137036
-83925
86330
-23967
71719
-83849
146876
-152953
41796
-105738
7986
-57657
-71600
-95051
-101620
-70549
-121155
-103212
-124525
-79264
-109891
-98376
-129793
-73661
-42032
-33274
-99830
-54478
-116130
-24412
-141134
67591
-140862
13161
-150395
105662
-75768
103598
19228
74015
-2546
150334
-30535
131865
-44739
157642
-43219
118599
18962
134567
75086
17193
32619
95428
6417
77456
79034
52075
85950
-3007
66798
23906
66574
-7813
50116
-34468
105064
-9539
75093
-24173
46263
-18242
65593
-117249
24286
-115077
29583
-31142
84760
-140310
25085
-74779
63459
-55852
11387
-31595
36844
-87953
-3665
-70583
-13331
-68842
-125108
-54090
-36721
-956
-64338
-62615
-86590
1170
-146665
39511
-103771
-15600
-70176
-9625
-104894
37741
-77196
96023
-24478
76931
-96281
93071
-87949
83761
-48352
28998
-95401
114316
-32350
70515
37922
84105
-55438
170402
-13762
79826
16739
128241
16544
54776
87249
89684
16828
69520
57499
64192
39475
90827
45995
23009
37822
53474
50209
-37420
79550
-13186
28406
-59627
109672
-18973
129233
-44338
61598
-97907
61935
-103503
47818
-89145
32858
-35364
42985
-98344
-30709
-126015
-62340
-142464
-44660
-77919
-23885
-74015
-64927
-106538
-124832
-101291
-99342
