#SpinCore Technologies, Inc.
#SF in MHz
#SW in Hz

[HEADER]
@CLASS=	RADIOPROCESSOR
@FIRMWARE= 3087
@SPINAPI= 20130917_x86_64
@POINTS= 900
@SF= 0.000000
@SW= 30000.000000

[DATA]
5549356
-4113578
7447893
-3842437
8100663
-2472813
8513156
-995597
8530255
516453
8340341
1944611
7853414
3309448
7172800
4639777
6194042
5781739
5066810
6798484
3784462
7605114
2294153
8060976
1014574
8291193
-489383
8263861
-1966495
8000007
-3300147
7545511
-4596901
6801712
-5634504
5837569
-6495625
4687752
-7236672
3547940
-7702866
2156092
-7940697
765364
-7807792
-592750
-7527883
-1986894
-7006615
-3258591
-6340320
-4417582
-5403025
-5353456
-4352739
-6250842
-3108617
-6789480
-1952329
-7219901
-573540
-7368002
808766
-7286253
2082175
-6943919
3193209
-6426215
4253604
-5706804
5145161
-4812206
5885886
-3834920
6481827
-2679513
6749438
-1437082
6825591
-240917
6714788
982204
6358660
2101231
5767921
3223904
5092969
4152654
4310636
5018707
3289892
5601504
2125389
6059905
1025460
6248361
-116970
6257937
-1216957
6152399
-2343308
5717322
-3268594
5185958
-4142345
4519146
-4797329
3611117
-5345369
2680701
-5638913
1655175
-5780483
678619
-5764078
-471636
-5575367
-1459815
-5226138
-2488081
-4577791
-3309266
-3968759
-4033937
-3085519
-4672229
-2228141
-5110285
-1267080
-5362924
-206618
-5487803
688861
-5293761
1621507
-5115737
2595632
-4636761
3262222
-4038883
4003044
-3396426
4464660
-2637235
4813066
-1788310
5066249
-805123
5010824
69261
4953054
974629
4641252
1840017
4159893
2567953
3693017
3290406
2980115
3820166
2156083
4291939
1405798
4527648
532067
4657079
-243889
4677747
-1093123
4536894
-1886235
4157324
-2562699
3811613
-3222761
3294056
-3713370
2593406
-4020222
1895075
-4298101
1126893
-4345628
275099
-4310368
-504427
-4120578
-1177406
-3804876
-1883114
-3462254
-2517572
-2815458
-3034329
-2247931
-3451981
-1490473
-3727928
-787413
-3986924
-88371
-4006829
601297
-3957681
1315067
-3740545
1916169
-3417905
2499900
-2954167
2902045
-2529780
3303548
-1841690
3479117
-1354666
3692212
-637728
3735059
24445
3576459
754257
3444118
1320156
3007716
1929509
2618764
2417036
2185696
2815698
1599419
3106383
1069747
3349608
375759
3422911
-174078
3367163
-813115
3248761
-1409705
3020185
-1843133
2773693
-2320484
2395844
-2605320
1898200
-2868428
1375393
-3116142
794838
-3180973
247279
-3039448
-248011
-2910406
-808857
-2708787
-1282751
-2450432
-1796459
-2039526
-2142359
-1664418
-2530761
-1156478
-2718844
-657657
-2827420
-105204
-2866324
374586
-2822418
871514
-2694068
1302980
-2467369
1711836
-2187852
2029375
-1799609
2301373
-1416309
2485635
-958081
2624472
-478113
2653080
-5725
2562791
456699
2420974
814679
2315120
1291471
1936814
1693849
1598488
1905258
1277961
2154528
784705
2257350
330459
2415509
-82309
2346119
-526700
2300407
-943534
2212014
-1236758
1944157
-1515141
1682503
-1734056
1343070
-1906543
1001255
-2117207
688655
-2159331
270349
-2236385
-103567
-2111373
-503814
-1924777
-881445
-1729561
-1138127
-1530419
-1471585
-1288631
-1752696
-829215
-1861668
-518230
-1923847
-167833
-1985902
87192
-2006977
587929
-1829207
821010
-1702812
1139763
-1547956
1410136
-1306548
1513751
-1081356
1718681
-737074
1878693
-472478
1758829
-137665
1764114
244262
1616642
575684
1515633
733054
1320921
1029455
1134773
1247923
894529
1443674
655213
1621107
305225
1642441
-21799
1557039
-339454
1583210
-544120
1575800
-789273
1392388
-1028989
1200145
-1234099
974339
-1338518
791490
-1428134
437916
-1445352
251275
-1457495
-126961
-1435424
-319439
-1307762
-528599
-1164691
-795224
-1027930
-931970
-850393
-1058447
-636344
-1213123
-330203
-1297240
-135787
-1350854
81638
-1410753
357583
-1251838
526263
-1135426
719347
-1062163
859867
-913613
1053177
-668992
1088549
-470585
1281061
-207499
1146555
16035
1157404
121677
1112550
334749
1053037
558688
849723
778985
760352
882560
517803
980331
355068
971575
131649
1025123
-5598
1112770
-215365
1078476
-366292
1051584
-567404
837104
-675063
714528
-796442
579382
-778700
428289
-952024
273613
-964130
151790
-909860
-114304
-850509
-266035
-807464
-452347
-724694
-529620
-601868
-621243
-477622
-717071
-342907
-896344
-168908
-812704
-32764
-816505
106824
-837809
233365
-712343
358174
-685254
504663
-632624
616213
-521207
665214
-351224
688260
-205688
664291
-62237
666964
-51036
612507
113854
619190
275414
603745
303867
502829
416202
438566
545240
190097
641013
179866
674065
22211
632479
-128231
561133
-177212
588974
-250414
539994
-373540
460242
-424850
387231
-440064
315142
-492732
196200
-541028
155412
-604198
15323
-484990
-80838
-527451
-186803
-451654
-286598
-364827
-406662
-239619
-357696
-226011
-414217
-111671
-489405
-19333
-477280
51497
-495236
136194
-368961
191088
-342821
313508
-266779
317049
-254789
345347
-198159
370742
-130219
375491
-80647
380017
9519
406029
52644
351707
225171
278225
278124
296668
268122
108077
329034
156409
263492
9621
340455
-45336
269895
-70083
324783
-158074
260121
-135468
241556
-186321
138076
-229851
159946
-247847
101007
-245044
71330
-310103
-11575
-275443
-66990
-243007
-99263
-199532
-168580
-155129
-152043
-84926
-226946
-59993
-239553
-55997
-258114
8252
-182655
54208
-189242
102898
-236639
122321
-184820
163490
-76403
163333
-118285
154410
-89687
193592
-20383
164434
17716
193337
89682
167351
151714
107780
88075
103093
118222
62138
162670
73915
144505
30404
152587
-41543
188310
-93815
163005
-79121
120255
-85621
120360
-58598
127780
-82401
26914
-173470
57456
-130824
1579
-201550
-110411
-102809
-91863
-108361
-121931
-68311
-165230
-100094
-157729
-37308
-95914
11707
-144709
42997
-146417
46432
-206486
106066
-123845
139606
-141421
81371
-145645
66743
-76521
123477
-95107
232904
-35872
196309
50358
209652
59395
72543
154367
80225
104073
108430
137929
25884
196438
-22856
265334
-22947
141692
-22863
141189
-110573
143490
-103044
143317
-107139
135110
-182406
87824
-149275
35527
-245840
16128
-162464
4843
-238594
-40589
-180659
-91778
-179824
-66607
-139639
-176622
-160851
-183637
-45948
-146680
-1555
-211680
-10321
-233674
74683
-241581
20961
-249954
113329
-179474
116456
-157789
198629
-157832
234103
-85377
218520
-92060
214856
-38768
247475
5814
182434
88464
181429
86799
135890
154806
206787
134452
137679
172262
131466
274658
3940
248918
-14721
200011
-78700
300053
-99696
254990
-165096
241503
-130493
209008
-167815
107934
-218722
87546
-246355
47235
-203554
50800
-295026
20548
-318208
-118411
-269779
-105169
-224522
-156467
-213941
-190497
-82740
-229779
-86479
-291510
-71991
-338278
13734
-293130
84138
-306527
115338
-277882
110973
-235585
175453
-214674
231504
-152140
250662
-131563
305154
-78258
345473
-33200
339493
-43688
321287
60393
278375
144340
235343
168027
155887
203070
146157
241823
134934
301159
23402
327948
71924
256414
1346
287463
-132477
312177
-138240
283402
-251190
217924
-303575
178148
-231818
136374
-312885
100504
-258715
26330
-260777
42460
-347379
-47288
-288862
-158461
-311720
-222759
-186314
-249389
-172328
-304634
-138325
-342712
-123252
-271864
-58204
-243686
14613
-289388
32804
-349930
158111
-295360
206873
-276291
232317
-216198
320093
-154101
305101
-112391
245564
-137610
393499
-27958
289806
61952
312939
122362
342588
201366
206034
245287
144979
265040
189189
279998
106886
296364
66255
332440
31879
361773
-97069
305366
-145249
286038
-206977
327378
-201045
244885
-267837
180324
-262159
149022
-357841
128915
-358315
-34034
-301918
-6170
-336690
-58944
-267904
-186350
-259422
-99777
-292837
-179173
-111539
-344946
-58283
-336947
-91101
-329046
20954
-261286
15279
-343509
130865
-346419
201606
-289369
202794
-262121
240783
-286066
276405
-139176
233535
-85853
335440
-58825
268502
64840
346163
86268
242170
154111
311014
66704
258559
242607
185975
267873
128735
339945
61415
283885
-11502
271556
-48400
282043
-88962
305499
-109709
247931
-231899
238584
-265412
243186
-277752
183280
-278227
166919
-266354
52704
-346658
20832
-336274
-10204
-364786
-125986
-306806
-252675
-259741
-213102
-159047
-281460
-126251
-234130
-130503
-245757
-45369
-245857
-29910
-336685
130994
-289922
79773
-324385
127604
-196333
114068
-160239
217454
-187964
249325
-94336
278784
-52616
316229
33525
385143
83379
258844
55413
300349
82184
205432
187856
165229
165162
142165
246663
93432
261463
66638
250412
36528
257730
-30841
250052
-17886
212728
-111943
266271
-216026
278861
-210804
143099
-229348
167077
-212180
129434
-194911
24474
-295390
44642
-269965
-69856
-243041
-119402
-188994
-115952
-223808
-146346
-94599
-172482
-96926
-155042
-99751
-229758
-27323
-216448
-60606
-213553
865
-215453
33103
-200577
158520
-149884
123992
-150562
93295
-117495
108687
-92183
168789
-61713
178562
-28617
198498
21345
160191
61512
154861
86416
225438
52976
94394
106384
146440
139910
111677
252793
10533
208712
18152
172887
10550
186560
-105162
179279
8642
199319
-74806
125676
-111688
94209
-76502
103651
-130703
32746
-196410
65038
-124743
4329
-106494
-40264
-164271
-1162
-133201
-112431
-72678
-86926
-72965
-34939
4351
-174826
-107583
-148636
-39431
-64957
-57510
-173913
59537
-155505
86939
-194174
58044
-118674
134287
-104239
183508
-33230
110597
-48763
63306
-72804
78059
-29566
118959
24122
108892
81876
119978
67436
130641
71660
18210
58129
93320
113764
35905
85588
41861
48340
17979
141570
-21789
74351
-68592
71605
-23359
58430
-31064
90206
-18406
28287
-55518
59522
-96458
12023
-56776
31560
-65734
2765
10545
44129
-66552
-45159
-115485
31847
-59116
-83225
-52483
-66950
-11165
-25726
11584
-21284
-11132
-68402
-56390
11204
-35265
-80422
-87300
-61310
-11875
-65950
11442
-53325
53624
-75414
53869
-46254
23564
-54563
33078
-115029
8232
-4852
-5288
-14296
1130
-55786
4332
-73718
25655
32213
46831
51703
64377
36619
16165
37762
18424
41176
13403
27865
22857
12254
55793
40322
-2707
83423
-4257
36236
-42433
-244
27797
-40694
895
-672
92378
37812
-4654
74774
1328
-2729
6562
25300
-26591
-2667
52403
92277
-22406
19801
19137
43750
-21295
-19735
5652
-4983
-14986
91762
13768
-34493
-19116
9872
-68433
46384
-15046
12422
-118594
51136
2121
21607
-79953
-5854
-51378
-54865
-24046
-15662
-14568
12989
10197
-112218
-48753
-17800
-39504
-47973
-33970
-21418
-21216
-38480
-22198
-54158
13114
-112520
-39429
-1677
47851
-66792
105282
-17253
25179
-36016
40308
41236
77553
-46872
93335
-40812
85300
-5625
70050
35076
118005
48737
47669
50482
86356
69001
41832
103727
-42231
74803
-49847
61828
-53174
95793
28939
38024
-9319
102356
-55940
63735
-77347
61554
-125684
72207
-38109
62308
-73174
40539
-127358
20062
-89275
35805
-151629
20349
-82312
8926
5956
-27584
37710
-35171
39070
-41679
-13110
-383
-41601
-115948
3003
-56621
13322
-79880
17896
-112290
21864
-103202
77731
-79352
95722
-32449
48013
-33861
76113
-62283
70430
1181
131900
-37097
117791
2492
91869
986
104040
98297
34764
52213
59017
96846
82257
73203
45256
70470
38767
78894
-19711
171736
-87244
118569
-25249
130964
-68312
19404
-39199
64720
-66449
29213
-28836
69535
-140097
88128
-141563
-419
-132354
-28995
-126873
-19383
-51160
-102440
-36558
-48141
-56899
-62005
-36804
-131531
-10814
-78611
16123
-111564
38095
-133641
18293
-113862
22651
-42235
1595
-71059
92289
-71712
155278
-85188
132845
-107421
97676
-121274
174947
-5696
90085
16016
188235
13479
67468
-33779
77118
62803
91001
98822
78685
68435
25593
71408
36349
159802
5163
104273
55552
155870
28482
158761
-145000
123870
-72313
58289
-38057
85301
-96772
79599
-75735
41556
-120112
50028
-152213
27208
-125016
-40832
-124665
-15
-49333
-86615
-62315
22705
-68996
13324
-6986
-27012
-114457
-97553
1498
-100165
-43050
-119040
37073
-117948
-43494
-78316
74241
-134251
70861
-64198
92857
-110963
105890
-38136
119660
-34389
158486
-24759
73310
13740
44893
5892
93985
-54823
52189
29507
75229
16699
73546
57249
19092
76747
96634
32904
51187
87253
44372
117178
-23376
127188
-27418
126799
-50164
86526
-3565
116520
-66974
-10541
-65553
25547
-75896
64951
-10490
-14904
-25865
-22338
-121446
-18080
-134258
-89582
-122230
-54502
-28725
-44994
2273
-76827
-22539
-102267
-55905
20998
-81671
-106034
-33053
-100086
-2598
-123859
54633
-72384
49860
35432
46901
-53240
35607
-52263
62176
-24159
163587
-31106
87950
25139
9857
11392
54746
-73864
19926
98053
63930
13076
43124
-29838
98497
48882
108630
31777
21026
29387
37037
51474
109120
36745
-15745
52759
-71850
67446
-85476
64089
-67760
69600
5645
-24301
-15426
63373
-98957
18780
-61167
7117
-78894
66629
-45368
3392
-69357
38420
-96971
-5907
-76698
-13489
-63761
-46338
-43431
-69977
-96465
-70811
-4224
-109366
-41311
-56467
-33991
-33194
61159
-99768
-34802
-62107
49986
-41320
56526
-36918
2502
-37819
9926
-1533
29331
-52115
46725
-29580
67779
-51650
64244
-57260
30348
6082
51204
17338
-6065
1380
55933
63386
18694
-2943
21682
42616
75909
28449
-62240
75748
13429
20287
-34953
38154
-112575
32141
-9931
5198
-4000
40573
-51972
54073
-58026
32045
-37978
67788
-49371
2917
-64590
-37546
-110606
3968
-10431
-375
-18159
-21195
-35713
25579
-41684
2520
-38243
-28312
-53427
-75341
-11642
-86003
-20193
-77464
6281
-83071
28679
-55502
-36932
-31794
65935
-65497
41374
-59905
18688
-7985
14183
8592
114544
-65500
113395
-4468
25997
-40096
40037
-15866
53750
1827
80953
-7054
38444
-51933
67078
68733
65841
53713
31094
22688
-20219
48245
54771
72077
78195
115461
-10906
56525
