#SpinCore Technologies, Inc.
#SF in MHz
#SW in Hz

[HEADER]
@CLASS=	RADIOPROCESSOR
@FIRMWARE= 3087
@SPINAPI= 20130917_x86_64
@POINTS= 900
@SF= 0.000000
@SW= 30000.000000

[DATA]
7578954
-5548840
10070285
-5120037
10951576
-3295036
11524902
-1361382
11541335
763780
11204023
2700947
10629308
4598294
9567571
6450165
8313186
7998222
6744516
9279435
4992615
10251074
3133910
10898598
1171668
11195309
-855829
11209950
-2840035
10811012
-4587275
10160202
-6220751
9090762
-7675999
7859014
-8927481
6317627
-9812398
4554112
-10429237
2835818
-10691933
925865
-10612888
-1020324
-10197572
-2855872
-9480321
-4511343
-8445803
-6033344
-7176915
-7392451
-5695655
-8473653
-4069746
-9284814
-2326436
-9749918
-574198
-9888432
1265092
-9847603
2898878
-9314849
4520967
-8617505
5930955
-7541546
7162576
-6401311
8115022
-4946637
8734453
-3468506
9102071
-1796464
9201099
-59121
9045558
1583814
8468873
3145627
7708512
4551815
6740702
5872249
5545119
6867381
4170130
7708690
2649872
8282769
1164044
8451183
-437184
8558006
-1931832
8263555
-3356449
7637798
-4616705
6839399
-5738244
5876855
-6659875
4705360
-7336647
3368374
-7784897
1997963
-7904133
582876
-7800340
-866712
-7486120
-2261207
-6852374
-3541598
-6080040
-4709224
-5064933
-5619424
-3963132
-6478488
-2709966
-6943562
-1407068
-7294341
-74087
-7346467
1316781
-7254059
2546705
-6805073
3710569
-6226769
4661820
-5376462
5546948
-4470331
6273391
-3251177
6710272
-2126884
6847026
-873172
6847457
341790
6614593
1580605
6220475
2707130
5573361
3790197
4721116
4694995
3840360
5379436
2750652
5945827
1592322
6307725
465229
6368135
-645094
6310546
-1810294
6054929
-2828451
5583101
-3742520
4948731
-4516927
4204030
-5128075
3255073
-5638733
2185188
-5785294
1199471
-5968419
99867
-5785549
-926329
-5443677
-1878533
-5003093
-2848224
-4371985
-3698260
-3639308
-4307591
-2747050
-4878443
-1772164
-5278804
-886611
-5468003
152985
-5474817
1154096
-5297682
1994622
-4929024
2888737
-4526696
3526271
-3800926
4163931
-3111739
4618283
-2272547
4870479
-1443905
5000450
-551563
5012292
457211
4835826
1222109
4479754
2031267
3989434
2767273
3441831
3354618
2737859
3917880
1941313
4359811
1080505
4591015
306743
4595153
-577824
4562265
-1307361
4332178
-2106062
3958929
-2711387
3526064
-3255293
2963607
-3653219
2219021
-4040135
1630738
-4133110
887976
-4234514
120588
-4122648
-668575
-3914705
-1425517
-3546418
-2034295
-3159579
-2578667
-2614230
-3084627
-1965919
-3467865
-1362515
-3654727
-609035
-3809315
46814
-3873039
692510
-3731383
1404727
-3558141
1992956
-3191288
2497431
-2794330
2913918
-2324277
3234441
-1740465
3395976
-1104450
3551362
-447685
3529803
153164
3452617
782063
3170210
1408265
2933703
1918779
2441295
2298620
1997278
2729773
1432999
2996578
894842
3185990
367589
3302337
-264105
3211582
-786884
3152039
-1324299
2892471
-1780982
2525397
-2160391
2157325
-2493283
1722065
-2745180
1236503
-2885756
741516
-3035010
174385
-2868737
-295568
-2840465
-814702
-2593881
-1345304
-2202368
-1796570
-1882102
-2063300
-1499187
-2336432
-1039395
-2598297
-539629
-2607160
15047
-2717334
408021
-2641350
860617
-2488498
1308233
-2267732
1673795
-2032954
1935669
-1628958
2186912
-1279541
2391207
-881253
2392331
-384674
2366557
-28857
2373036
469494
2253993
848702
2036589
1249600
1757455
1518646
1451419
1804689
1073105
2062212
686028
2175317
282459
2259490
-59076
2235557
-532091
2154611
-863077
1961106
-1177753
1698768
-1410215
1513156
-1630948
1295917
-1859852
870998
-1977899
439179
-2006907
159768
-1948792
-230427
-1929632
-549507
-1779827
-833659
-1575321
-1107702
-1309179
-1337494
-1035635
-1585601
-712912
-1684715
-433372
-1796829
-92417
-1737317
224459
-1806930
546026
-1704563
846106
-1533110
1055872
-1310457
1293206
-1164012
1473016
-815272
1523014
-510310
1602825
-308300
1576624
82176
1552736
260390
1462039
600868
1387243
787479
1154913
1058831
977358
1278815
652455
1289249
435268
1434880
164360
1470912
-77223
1356805
-330343
1344203
-614800
1225503
-827442
1142793
-937711
967496
-1057786
834910
-1141773
553483
-1286571
259911
-1251992
85884
-1267637
-227378
-1220962
-367776
-1069222
-588907
-880450
-766710
-788211
-867512
-606316
-1014983
-410456
-1107864
-189048
-1072832
-29204
-1138317
209276
-1062799
409864
-978594
548063
-865773
640301
-848248
855895
-658221
917388
-438297
999312
-312846
988263
-121489
1006573
84808
912003
239366
765608
350919
755617
545366
616603
686728
479427
722105
305597
769389
172463
768295
14424
844430
-92715
870699
-301295
769140
-399896
719978
-504208
642131
-668743
529748
-746598
387189
-655096
236704
-664068
137602
-768827
-25365
-624724
-173703
-639528
-311998
-497664
-388107
-414009
-455584
-410267
-538488
-272025
-579632
-174531
-616376
-68753
-623447
42824
-598950
235278
-533460
286808
-467485
368535
-440012
440894
-369190
463087
-243459
364025
-232968
529425
-7893
431221
40546
420857
152045
425649
227155
342929
292809
272980
383254
173723
385534
197149
428064
169172
382688
-13752
405848
-113032
384355
-209383
343308
-258860
377033
-220190
314491
-362626
223360
-302585
153000
-353935
79623
-338838
-55975
-371452
-67727
-322596
-115420
-205870
-215870
-165450
-207251
-125778
-215868
-139764
-294284
-67363
-370506
28901
-319988
110744
-318515
149200
-281596
196998
-240274
160104
-160994
216403
-119117
213480
-57143
233168
-55453
217535
12612
289480
120065
208882
133824
151093
213197
84195
149439
98589
190317
64967
213465
20616
276829
-14633
215709
-120528
201110
-127403
160023
-99998
89091
-171123
92204
-211529
54495
-234080
-38270
-210347
-43287
-179462
-34134
-232092
-139652
-126259
-102771
-139126
-190533
-116942
-187902
-58061
-208034
2102
-237033
143748
-160838
122003
-189279
94502
-146092
171909
-188637
232488
-96435
233913
-14474
216639
-16759
300354
-74489
234107
117492
156463
135753
187425
141342
223649
176116
118383
241361
88695
278130
60494
233805
33527
228144
-112422
208884
-108073
249594
-149173
196458
-134737
140635
-253046
119074
-239717
124767
-258062
39724
-219412
-6283
-299544
-40833
-273201
-171599
-210042
-168997
-175495
-214204
-118707
-184309
-137454
-308973
-36159
-228236
54417
-274691
56557
-277830
98709
-273827
174847
-322804
84458
-187481
300073
-115255
300640
-60730
304948
-110599
273155
1599
271303
30120
336054
146741
258817
147771
230708
229989
239024
251022
172057
269006
91184
290726
54336
377268
54248
393767
-63465
363153
-183008
316082
-132250
315569
-283923
238380
-306132
220767
-321456
77682
-354903
28074
-386159
48010
-383922
-36515
-383170
-99715
-328865
-185709
-264626
-244101
-254112
-242497
-194636
-348206
-121383
-361470
-59525
-378310
58504
-310292
87490
-367512
198890
-357402
219101
-348033
224925
-305342
313972
-198047
386117
-140885
463608
-91504
390318
-40835
375592
52419
381170
98585
383642
225642
330007
214163
277508
262448
140272
301172
196225
387597
85469
410471
-26839
463554
-30982
368902
-157280
424275
-189673
400966
-364331
338367
-363333
258416
-395711
195077
-411142
73902
-453001
26839
-484881
-12074
-418192
-70825
-437565
-228379
-352844
-241042
-317428
-298171
-328218
-368241
-143798
-421746
-119088
-423960
-15799
-440669
92293
-384795
131748
-418220
160292
-441546
247276
-389424
317056
-370468
439815
-173746
390503
-151879
355469
-70019
405343
-64608
442563
52893
446818
150672
396177
212220
373632
289343
330710
362285
240146
424416
117700
467862
76234
429620
-48051
484211
-145578
383701
-170869
399529
-264997
444621
-360034
373559
-458567
241384
-440440
172472
-407632
154492
-477544
37592
-457840
-99297
-476126
-100308
-357567
-222735
-383170
-229953
-309967
-321974
-232497
-447227
-135185
-482331
-97878
-361956
-34273
-412896
104868
-451612
159091
-415785
262507
-368274
247362
-331764
338678
-323531
451312
-190316
398977
-208994
445896
-49735
462717
4142
409381
64668
399749
178038
386503
246096
320672
341712
224700
363728
171116
333492
125120
416835
-61593
430875
-58183
381707
-78885
459963
-256589
372117
-238857
349017
-331973
278999
-410458
321846
-391731
138835
-430824
127287
-434665
22860
-380826
-16566
-356669
-210783
-378232
-302369
-321747
-254066
-245051
-332606
-152544
-391148
-126271
-427153
-92576
-335468
-22386
-362121
65195
-437231
177616
-380340
233173
-316546
277562
-333883
350439
-222609
340475
-193651
372744
-92432
336401
26861
365493
103313
307863
132565
348205
202032
332880
257113
260001
271395
198078
239691
130134
383820
51801
329942
10264
293260
33029
308093
-97422
342533
-240573
338816
-232769
194411
-284459
240287
-248503
164127
-291671
62828
-232583
75330
-292210
23457
-351989
-45085
-279911
-139573
-231729
-160819
-184480
-198030
-170427
-255084
-104749
-276909
-91271
-274224
-79382
-272242
-50148
-253337
45714
-166041
122122
-201101
178007
-243932
207621
-171994
231980
-189994
259191
-144174
269132
-45264
279274
-5999
238870
2444
246870
97397
165646
112400
172749
100635
260539
224551
106708
200526
3616
203610
91084
273341
30604
293610
-17257
237376
-54779
180984
-93955
197976
-194423
169463
-182489
151540
-212343
75328
-214391
166355
-291717
25069
-225775
9962
-200036
-27259
-206945
-17549
-189804
-67473
-176401
-18630
-148868
-172104
-67015
-227938
-41718
-212133
8924
-244676
14041
-175848
5322
-118590
28186
-177644
97403
-114221
119973
-146539
121467
-90301
200904
-101639
142242
-18849
208758
-27097
186503
-10619
157627
100824
187939
123184
124125
130689
149007
108722
97983
103997
6067
150863
90863
108313
34011
189293
1904
141906
-19041
140293
-61053
119721
-33802
80441
-70964
145477
-20589
90366
-114691
7392
-180220
34708
-128082
39846
-126162
-21399
-82840
-31102
-58055
-40642
-140024
-68145
-90240
-53596
-45072
-56304
-15248
-100552
21548
-75171
-28744
-33893
7074
-92400
-57434
-102175
8437
-71939
50147
-22087
34996
-48165
54933
-20176
58221
-60805
40362
-29548
84347
-54628
110271
12802
-14879
-66070
4742
-22638
84883
-16923
28829
41320
22139
-19372
16472
4974
31728
-3938
22107
68689
14561
21211
30523
15891
44602
19229
-24068
78162
-96918
48886
64573
32470
29091
99960
-51640
37566
-6761
-7503
33385
34357
-37311
46051
-74845
33913
-35249
36035
-10061
11396
61847
17710
-112085
51171
-72824
47957
-43712
-2237
28968
19721
-77488
82234
-54512
-5750
-60462
33978
-61366
55294
-10126
-73776
31580
-9879
-116513
-82404
1680
-105887
-44343
-52028
-7712
-77582
42978
6020
-21793
-107455
31865
-55772
6060
-82074
-32030
-54142
113814
-15389
50592
-15449
-14812
-76696
71223
18924
15887
-29440
30387
16566
65803
22776
30262
-5370
38886
63589
97836
-684
82768
77613
-3278
124856
6195
15591
83131
79397
-29563
198825
28479
108652
-3197
94724
-28334
102160
9855
104238
-113921
58231
-159318
126421
-81383
59376
-100055
-4529
-139519
54821
-116803
2721
-129304
12197
-137926
-84572
-106091
-59508
-54960
-56527
-55618
-72936
-81424
-72143
-83283
-104777
-28553
-136737
19694
-121203
50974
-88324
66743
-169595
100906
-114719
56442
-105566
58340
-121994
199224
-45327
149867
-50157
93468
-18192
132929
-34944
96352
80253
76628
95235
82595
59472
117426
88113
-18673
92546
6406
134111
-23388
182855
-11154
113716
-34199
97379
-31726
171104
-107174
147139
-43726
68598
-80770
91102
-201069
103195
-126799
30432
-193009
-48660
-154570
-6036
-214427
4494
-171891
-7413
-97966
-85654
-100175
-54248
-88137
-94407
-120813
-96881
-6173
-116141
-36855
-127464
-75909
-121790
19094
-117385
114233
-143971
90321
-107065
55201
-164534
99302
-138562
119659
-10088
105284
-28629
71969
-5118
186809
-43975
93461
46241
156377
60287
118114
124786
81622
33919
106168
90403
38391
134656
-12923
103881
8838
191095
-76402
104810
-66783
155107
-89758
138243
-139034
99844
-130166
108258
-83029
81218
-87674
92604
-177833
90666
-239588
37035
-124310
-32982
-191751
-27498
-107393
-32398
-127685
-22076
-98752
-159302
-48981
-101983
-57405
-104030
-7261
-216267
48169
-141670
1185
-153393
21996
-110259
14770
-70984
29722
-46495
29524
-52443
93560
-115839
36837
-8796
128308
-25395
175515
36627
201335
1617
132479
90518
95548
56702
117756
112962
108211
100966
78311
171165
54742
107591
37168
67957
-25180
136075
-56150
97977
-34973
156331
-22704
91633
-28153
120992
-98249
87692
-109490
19261
-81289
24324
-117499
45578
-89299
28505
-72817
-7819
-75874
-42939
-84938
-52618
-29981
-28479
-53905
-57799
-29404
-122422
-30880
-103235
43666
-102317
3011
-76936
-27183
-120454
25898
-71422
5987
-85775
-468
-71185
51772
-29529
84548
16812
169520
-66321
81346
71306
168551
4234
95488
48308
80650
57051
60914
14750
84770
103295
48219
41360
46371
52911
12260
112642
-32913
91959
112864
98080
43988
70517
-12252
181798
-35244
72711
-7818
103685
-96718
106237
-44616
27740
-106983
80107
-79889
39215
-68595
21124
-61725
-2782
-100925
12746
5116
11002
-31781
-8086
-58715
11253
-100055
-2497
-101755
-87416
-38433
-72129
-37996
-83114
-10599
-104836
-19332
-127564
30145
-125477
764
-84518
74577
-65965
32073
-98263
47587
-116062
68243
-30453
91871
-30893
70919
-47344
137587
2327
78077
-8366
81933
67356
91423
-48631
89501
66246
75061
83688
21684
87227
50473
55368
31843
82949
14321
100555
17038
85499
57774
53909
19048
91244
-50791
29427
-53808
131334
-118318
57673
-86171
38357
-54269
33685
-110733
15077
-57214
14879
-102603
44896
-104038
-67954
-71842
-64566
-67929
-29763
-6632
-33349
-38998
-53553
-133534
-13750
-94247
-96684
-34427
-117591
-6949
-142967
-29707
-71542
-13019
-89096
7074
-88811
104352
-95293
76790
27910
48180
-44007
37779
-73039
84362
-99030
142284
46760
79824
24603
47824
2824
151267
-285
79714
70732
59144
90552
85713
52305
125870
28337
-24076
54691
-59959
114627
41189
24151
