#SpinCore Technologies, Inc.
#SF in MHz
#SW in Hz

[HEADER]
@CLASS=	RADIOPROCESSOR
@FIRMWARE= 3087
@SPINAPI= 20130917_x86_64
@POINTS= 900
@SF= 0.000000
@SW= 30000.000000

[DATA]
7759982
-5784859
10455118
-5339916
11350067
-3456427
11810690
-1385201
11989669
703289
11604052
2857302
10955019
4780259
9952695
6650723
8616908
8246512
7048736
9585754
5156340
10621761
3195052
11325969
1213679
11685166
-847142
11593475
-2846371
11273380
-4786248
10439034
-6473043
9434284
-8024440
8144186
-9228563
6565431
-10173766
4765735
-10790672
2916609
-11074776
999896
-10991091
-1031776
-10492914
-2830999
-9779377
-4647383
-8789382
-6365722
-7412069
-7637488
-5963121
-8757069
-4204277
-9639347
-2408149
-10120834
-510245
-10310838
1326022
-10188947
2943118
-9699494
4656324
-8939924
6167029
-7877657
7429182
-6632877
8338968
-5175319
9074118
-3489485
9461093
-1832613
9571426
-92345
9340658
1625846
8825891
3240606
8020514
4686285
6985513
6022419
5803840
7147826
4319385
7923451
2734179
8562996
1198349
8809595
-425952
8741639
-2011691
8459767
-3455204
7911102
-4854533
7136909
-5886870
6072037
-6902163
4859450
-7575702
3495528
-8061663
2023733
-8158707
574908
-8097264
-924647
-7773048
-2317018
-7090711
-3650417
-6283151
-4869143
-5246813
-5860845
-4086685
-6637242
-2833679
-7289192
-1456315
-7551946
33958
-7641573
1316624
-7516809
2603971
-7054341
3831040
-6322255
4847689
-5577633
5750830
-4557555
6428089
-3400592
6877784
-2205300
7101163
-889941
7103093
368702
6881610
1625320
6382866
2853499
5753820
3804645
4875416
4812037
3959409
5586975
2891636
6125628
1713226
6542302
466001
6647037
-720079
6479158
-1830786
6294560
-2905676
5786241
-3847288
5134901
-4698860
4296218
-5340096
3357394
-5819624
2291839
-6061198
1270589
-6108443
153156
-5992578
-974427
-5690393
-2036845
-5167055
-2989950
-4523685
-3751561
-3754903
-4499153
-2806037
-4987055
-1888800
-5398622
-887047
-5621888
64782
-5707846
1131877
-5438491
2079848
-5138634
2831838
-4580121
3693634
-3967084
4304444
-3274923
4811795
-2339794
5028948
-1491093
5180957
-550450
5102232
304983
4920122
1292283
4643021
2138529
4077134
2855684
3473293
3519984
2760851
4061396
2025516
4427629
1207628
4673449
371624
4808915
-501364
4771591
-1407317
4544144
-2182355
4108337
-2840873
3663705
-3358257
3043222
-3807858
2401570
-4173032
1710139
-4330346
894027
-4351224
131818
-4293135
-662373
-4068815
-1392304
-3676253
-2113116
-3211672
-2721922
-2659584
-3224747
-2036022
-3615683
-1353351
-3772472
-673499
-4079637
71293
-4069248
820175
-3861224
1404523
-3702819
2011102
-3326583
2568605
-2907324
2981078
-2315218
3358331
-1757532
3536089
-1146976
3629291
-436587
3639902
165810
3579562
776817
3268517
1394320
2967128
1980536
2566407
2442147
2043371
2716352
1520052
3120146
942607
3293490
298127
3332489
-282839
3300670
-916713
3192691
-1382451
2934456
-1938489
2643602
-2287323
2260821
-2644401
1764356
-2893990
1246551
-2977632
766094
-3124494
227756
-3006411
-291089
-2866320
-843582
-2622255
-1347231
-2327587
-1851233
-1958962
-2218783
-1543013
-2436690
-1034521
-2625362
-538294
-2781654
-83519
-2813320
447110
-2734408
967033
-2598649
1295773
-2373349
1713327
-2042878
2005897
-1714255
2196557
-1345621
2439062
-840176
2497206
-408209
2580554
24639
2519416
466992
2301246
881651
2035804
1276290
1794349
1596071
1468621
1954388
1063750
2110058
662319
2202638
283739
2296830
-166220
2337003
-461515
2233912
-890596
2070490
-1280158
1862639
-1478118
1601107
-1703165
1273192
-1936779
836505
-1993774
518642
-2072689
123035
-2064657
-204567
-1949676
-517598
-1762182
-861040
-1611279
-1232821
-1365100
-1368089
-1053023
-1570356
-680620
-1793344
-355299
-1802533
-30755
-1830439
303852
-1820520
602005
-1668412
893683
-1596635
1132522
-1390894
1340919
-1084980
1535927
-849169
1588052
-514508
1672594
-281332
1719188
15427
1635250
356767
1492088
577034
1356589
861337
1160579
1078121
946775
1297368
716596
1403961
414186
1436204
84859
1492287
-63564
1503288
-357769
1473182
-621609
1290001
-828214
1136648
-1026148
930098
-1107175
761094
-1237278
519719
-1282348
344312
-1282718
20434
-1273410
-213114
-1179005
-440662
-1143195
-584434
-922938
-786379
-819324
-882577
-676099
-984098
-425506
-1079096
-220141
-1135360
-30639
-1140549
209122
-1173329
419166
-1039248
654951
-924011
760446
-825337
844858
-632535
964418
-403322
1025685
-227950
1088424
-77848
998409
96787
896650
250947
882882
378675
808311
552564
620073
637106
446201
724871
302926
833637
217702
851096
51455
813999
-99417
814249
-336204
761464
-426467
720435
-544178
671603
-629074
519612
-637384
358605
-691574
188303
-730147
5946
-765709
7183
-712584
-216239
-662972
-309674
-602701
-417635
-560010
-465110
-371699
-552953
-248781
-572826
-75812
-623221
-2814
-577890
121727
-598367
243832
-543346
334754
-505211
419796
-420747
504648
-341321
492704
-282171
483111
-129094
530213
833
531742
46132
495732
108612
404868
209618
312207
283594
292628
430233
225507
441121
105439
411957
27155
503806
-66418
448612
-82673
434841
-211992
386577
-230989
361171
-326728
312889
-457252
244784
-373227
113885
-402458
27353
-353378
-44142
-375447
-14161
-353736
-133074
-265577
-204125
-251017
-231704
-256872
-261118
-110348
-318968
-43596
-305216
-15698
-311691
25738
-313925
101366
-260376
153145
-205043
245305
-186635
288992
-111206
207463
-70844
243384
-28110
193255
30464
315789
118032
258031
110590
199198
150896
198706
155906
78035
257985
69380
196501
43720
270913
-64030
220438
-62940
177855
-116296
146720
-136207
168414
-199441
123131
-217487
69724
-235918
13001
-225558
-82719
-203415
-93073
-162868
-161781
-176401
-164095
-112720
-180090
-97317
-214361
3490
-243783
63185
-270232
58397
-278905
113552
-195070
191655
-167201
174112
-199882
243647
-135121
230056
-109305
243614
-3610
311436
23121
224075
80905
191670
123221
185005
181296
136352
181276
125051
178531
45668
225322
-20939
305111
-49150
258010
-138347
243820
-136393
217913
-199719
235202
-194300
158769
-253934
124923
-292761
135381
-278968
-18771
-232069
-41407
-230165
-84424
-256007
-103072
-231679
-157922
-240850
-191717
-169756
-275335
-107865
-302439
14057
-336181
-42341
-394939
138415
-316998
177641
-314908
174991
-248789
227477
-187195
274926
-161144
294279
-125383
269794
-46318
332483
-5600
351438
56923
295452
75314
347207
191004
256356
283775
233693
246526
185127
327104
138390
335818
67359
351796
19957
427394
-152514
341624
-175494
367941
-179827
361587
-317081
200354
-347217
163743
-328657
164806
-396200
149052
-359429
8853
-386108
-76574
-394426
-168266
-274123
-155802
-340539
-239746
-237415
-346392
-261789
-338837
-107335
-374713
-86339
-357449
64167
-444587
152559
-371356
191715
-354010
203347
-320284
302641
-314877
347115
-275961
380942
-232349
396901
-137383
438281
-81611
444219
44288
382927
165974
319431
215720
338577
311141
239678
321541
199787
362272
177294
385537
80878
446008
78620
538887
-74334
450415
-184194
393416
-248415
375716
-265595
332900
-349561
301895
-390599
211515
-447332
123035
-480034
30916
-445488
-71704
-410614
-79461
-422437
-210670
-418627
-283185
-323511
-274123
-269144
-406064
-225462
-441706
-150141
-443401
-66535
-563457
14768
-457490
103875
-456018
246182
-362674
278454
-357450
363993
-362932
433063
-234981
385305
-165097
466517
-87402
568235
-73677
429307
80438
491637
163012
468193
302725
362065
311291
272098
348977
210441
419471
120722
437862
68358
468742
16531
480990
-35414
514132
-212101
467351
-278481
409537
-329511
311824
-364766
268921
-429656
162061
-394815
104431
-465123
22392
-431210
-22207
-465389
-173921
-397400
-234068
-384095
-268568
-287243
-404685
-220537
-436621
-182011
-400815
-103562
-429767
66908
-466473
110570
-420876
190854
-389389
276225
-398390
326482
-337390
346720
-283190
389415
-238834
518629
-159656
441329
-34434
460965
91454
408462
73626
420790
290805
350078
167656
256398
322039
280419
400373
271679
549623
154073
414438
30977
455804
-56362
425244
-164598
437234
-198224
356475
-290960
367233
-374759
267403
-341508
178121
-393458
180615
-420119
84662
-478561
-44494
-438861
-98333
-373413
-173428
-348653
-186791
-311540
-289117
-254678
-322437
-216228
-354063
-115756
-420826
70323
-406468
61503
-391307
46456
-408325
173028
-401389
244916
-344438
242119
-270906
397110
-235588
390135
-131853
419402
-110582
481152
43884
412453
59060
375695
139414
324729
202008
299625
266939
298391
213625
190234
317538
110654
315732
25805
409994
20704
343567
-89536
366587
-108768
336978
-148229
276285
-244560
304088
-295623
218157
-276527
178886
-321479
128357
-356632
56691
-359606
-19188
-320323
-71307
-285454
-110885
-336309
-122299
-188346
-258054
-172075
-243282
-143595
-230777
-75924
-323432
-13876
-359430
37974
-322784
66692
-259516
144909
-318857
171300
-250086
229033
-196215
234882
-222748
280702
-140092
260153
23108
242596
-41573
302362
44315
253950
120075
224247
114590
165888
146239
152293
217128
105449
221149
148677
251268
56344
214426
65381
235667
-54731
240834
-110197
239638
-121177
207129
-188308
202627
-167124
182127
-294798
89288
-230338
102598
-177906
55586
-233009
-13085
-263681
-30861
-207028
-42185
-118567
-129604
-148547
-94716
-137447
-137662
-112024
-238494
-49906
-193274
-60457
-164249
-5826
-191872
73304
-238136
40052
-169714
132576
-168510
160932
-107301
122514
-95677
158128
-96595
168158
-63257
192652
-45391
132055
4759
180706
-8710
134095
66771
128331
169476
158908
84478
100349
111457
65327
140006
-8144
94947
3807
119527
6352
174738
-64590
151013
-101460
94472
-24320
58503
-120368
82302
-165203
83183
-130396
63417
-132631
46665
-156387
52090
-89975
29189
-84338
-41443
-129589
-35513
-121606
-39257
-70851
-46324
-73757
-80243
9883
-50110
-77002
-56558
-45548
-22753
-9781
-152984
-40758
-24319
-42888
-43545
1005
-43249
36836
-49750
86425
-49321
10087
-76334
-10607
13329
46110
-84516
-36141
-36784
64307
16231
-1725
16329
53408
10599
13100
10718
86943
21188
74456
884
16430
33205
11711
6025
60375
-35552
66905
51779
-5912
33963
43786
-65282
-3395
35951
18725
10079
13173
-7596
-12594
42983
-21980
28173
21112
-53541
12758
7274
37756
26792
-6890
28455
9118
126006
4627
12315
-45329
53882
-53778
4616
5589
35352
-21276
10855
4159
-3236
-60064
-8553
-26430
-3924
-50465
-12153
-42259
2017
-57762
-82314
-86998
-49867
-1731
-17229
-33336
3401
-35380
-107803
-40291
-15452
7030
-86661
69680
-29956
9845
8607
21412
-35492
99284
-97622
54269
9664
103406
-52748
106429
-29565
70085
-46617
65845
-13937
112990
-58047
120470
-7576
71047
-10285
49993
34183
15922
70228
91343
70019
55278
83448
87287
87908
-24962
91946
302
56732
10077
151620
-57434
131153
-41821
59863
-77416
68657
-24621
92591
-82843
67510
-84313
12303
-105800
-16356
-85367
-33242
-162671
-84325
-127924
-44951
-78907
-56421
-81613
-94044
-69336
-2424
-120443
-63008
-55577
-145365
8554
-103597
5090
-73185
88533
-141709
79767
-64998
57661
-139973
94225
-103217
127139
-140059
115063
-44132
156655
-58017
89084
3007
154647
8737
159812
6131
179769
78845
78160
99106
93248
52782
45532
127864
62898
44374
-38476
110767
-36138
85908
31186
109600
10747
164063
-37303
76506
-91742
155474
-75247
75245
-100082
81958
-103584
1630
-120585
29873
-133259
50121
-155908
-90570
-96369
31370
-151166
-47981
-84778
-119586
-145225
-98792
-115318
-160076
-99676
-144298
-97375
-174710
4065
-202419
17863
-164531
50838
-112579
92605
-128326
151473
-132104
120559
-133232
121338
-15662
122926
-89529
154516
-15552
158317
81276
57636
51881
193007
12178
207269
55214
109234
133064
68293
105663
78470
108566
62580
172686
-67808
204785
-13100
144436
4313
214905
-22011
189727
-145084
90397
-178823
116521
-53421
100745
-172551
140448
-109626
5113
-105279
5077
-143152
7482
-167051
-4882
-116001
-35843
-98173
-115516
-120091
-66865
-76679
-83628
-18034
-202984
14812
-216226
-30279
-172955
28238
-135886
80309
-119067
30195
-122193
113723
-136486
34812
-89564
107560
-64324
168867
-29966
141971
12231
108016
57524
109905
43839
68263
44991
124334
49648
115587
119744
171632
90241
87506
111485
47510
89434
-8915
97651
55274
176461
-37413
140530
13816
71543
-36521
119283
-42273
42284
-117830
83805
-136703
79389
-124286
28891
-121097
-12623
-141090
-301
-53021
-15100
-130896
39494
-54431
-29314
-121742
-61401
-122389
-81805
-26206
-114147
62257
-149195
-12024
-89259
-26175
-130288
62046
-90967
83082
-126321
44392
-45451
92919
-43332
33382
-77371
125735
-79136
93149
151
89880
-38027
69797
17077
100290
73582
100892
74057
21811
112923
-30512
21513
35558
63631
47174
143119
62815
84368
23418
138888
60970
88918
-42464
111898
-24377
57938
-2047
104555
-34157
46794
-53613
99262
-29977
49232
-33387
16086
-60625
9950
-126152
36466
-81033
283
-119179
-90653
-61158
-21904
-208
19206
-38017
-61525
-41161
-56138
-426
-53754
-84011
-33666
10222
-34351
-18383
-50152
-27119
-78359
46541
-102176
58231
-37839
47949
-143549
53287
-13184
51906
-5044
81707
-52730
42318
-81441
102228
-36163
80457
6362
34787
-20651
84795
23458
25684
37010
119461
31392
97013
50057
31938
89773
59105
28246
60044
99879
-3216
101156
14507
86703
-13065
129730
-44950
56641
-23638
46363
-12061
19924
14640
68120
2385
61204
-114443
113203
-71408
-8230
-41479
19858
-91287
-34542
-133484
11821
-127506
-37025
-58954
9975
-83933
-69845
-42669
-51243
-32247
-82380
-70027
-33015
-23433
-94538
19368
-82193
-16659
-151608
105111
-45526
31181
-105117
63645
-141717
124605
-133068
111923
2952
42721
-15727
30389
-33412
85690
6925
137017
55137
57781
91365
102356
66781
56461
74130
117364
52995
72840
68119
27258
35787
70350
93689
13105
98268
-32330
87690
