#SpinCore Technologies, Inc.
#SF in MHz
#SW in Hz

[HEADER]
@CLASS=	RADIOPROCESSOR
@FIRMWARE= 3087
@SPINAPI= 20130917_x86_64
@POINTS= 900
@SF= 0.000000
@SW= 30000.000000

[DATA]
-6681365
4902215
-9005810
4590919
-9782958
2979622
-10204825
1203323
-10298531
-638693
-10052411
-2453986
-9440495
-4193525
-8494483
-5761150
-7394127
-7095651
-6018548
-8272475
-4495809
-9168161
-2753238
-9805790
-1032631
-10087451
721269
-10056058
2471758
-9736554
4240944
-9138654
5614676
-8255626
7011595
-7012553
8149501
-5690494
8803328
-4120320
9391687
-2420076
9616001
-804770
9448582
791116
9157217
2550141
8486743
4142401
7581009
5485428
6430998
6705906
5082634
7626695
3639199
8412150
2038147
8853354
519406
8950732
-1103512
8752988
-2625378
8345965
-4074204
7678949
-5315140
6861165
-6459812
5741860
-7248376
4490654
-7902117
3054064
-8209713
1562444
-8283655
52556
-8100195
-1452987
-7585420
-2840711
-6906333
-4163034
-6059195
-5327018
-4968037
-6256309
-3664404
-6975265
-2461295
-7423067
-1000198
-7707964
458615
-7639131
1705929
-7359405
3007658
-6845416
4205122
-6169350
5152931
-5290486
5993463
-4266739
6642284
-3004041
6982421
-1766981
7159311
-411293
7095211
788231
6735245
2018577
6203457
3182928
5432508
4233207
4533672
5042385
3564908
5859255
2434736
6343441
1232851
6552223
71016
6668239
-1171910
6473716
-2326720
6201962
-3387143
5572245
-4253805
4803961
-5012923
4020562
-5554375
3016658
-5951553
1905029
-6237451
716396
-6150151
-333903
-5874586
-1339980
-5533285
-2453219
-4966868
-3386022
-4191295
-4167179
-3426187
-4812677
-2468676
-5381446
-1443105
-5644872
-420608
-5796964
595357
-5689375
1574724
-5422315
2506314
-5032094
3351007
-4480348
4032991
-3737786
4636967
-2973810
4973930
-2026920
5289447
-1102786
5363718
-163675
5187781
834891
4959174
1725327
4479185
2534550
3949849
3218765
3214034
3818664
2505752
4354396
1639107
4698056
795100
4862499
-120920
4890265
-916721
4710629
-1843678
4489690
-2567889
4044875
-3169794
3433370
-3685098
2880805
-4062197
2123954
-4402117
1317725
-4477541
510829
-4423797
-296879
-4321979
-1069774
-3933452
-1771813
-3538324
-2406030
-3030131
-2990863
-2475877
-3462605
-1791897
-3842974
-976908
-4081056
-276615
-4073108
440898
-4078203
1226937
-3900446
1882468
-3555238
2397838
-3148366
2885864
-2690671
3281255
-2199851
3630951
-1408330
3754313
-750819
3754170
-122023
3676186
554091
3518433
1220188
3239322
1742555
2834147
2292190
2349610
2804995
1850743
3117658
1239958
3318987
642561
3460952
-71201
3514445
-600560
3357786
-1189421
3195141
-1784666
2869487
-2217083
2521245
-2554891
2089084
-2860928
1535084
-3083806
1004286
-3155603
427882
-3174226
-104319
-3099910
-674550
-2890517
-1219671
-2578245
-1604107
-2233438
-2082932
-1811447
-2437531
-1279918
-2676735
-823857
-2803296
-321796
-2941328
202764
-2875971
715332
-2761183
1185343
-2656237
1578041
-2304172
2001786
-1981046
2247203
-1584193
2497348
-1110517
2652460
-657061
2630175
-154070
2644907
270079
2495979
765071
2321747
1142187
2045542
1536397
1696096
1854185
1301334
2125585
885737
2284258
485348
2437407
11837
2422239
-312642
2408514
-727126
2262178
-1130183
2048651
-1485138
1795549
-1816284
1476335
-1877290
1199308
-2092790
756025
-2138906
357461
-2211683
-47263
-2079475
-391350
-2049343
-725465
-1801034
-998745
-1596431
-1343748
-1297457
-1584247
-980939
-1804775
-702737
-1925423
-263252
-2043158
20302
-1950210
378263
-1858092
782278
-1767691
999673
-1635551
1309254
-1344899
1520926
-1156604
1630985
-787990
1782452
-530521
1752512
-190329
1824772
151933
1729665
506207
1532783
741576
1399992
1037128
1228934
1224736
953077
1413974
701586
1552863
375108
1613736
68420
1606713
-122891
1574206
-406318
1567151
-666360
1357090
-952719
1192735
-1140738
962516
-1288840
797768
-1377924
512808
-1398000
199084
-1354990
32907
-1383227
-235698
-1355590
-524521
-1176456
-687866
-1024964
-921276
-823305
-1089720
-620296
-1201197
-362156
-1264724
-181755
-1245600
84617
-1256778
316689
-1231762
560602
-1124783
697757
-1021114
830315
-912522
1019086
-656433
1045191
-512189
1150558
-224398
1120852
-54575
1104253
164180
1051308
331694
960453
483124
840896
671601
735273
861200
519239
897615
242591
990226
210846
1040558
-67725
1036064
-166218
1059123
-286093
930822
-404864
863266
-648410
680878
-718407
600552
-793720
393983
-863334
236411
-831509
130326
-903516
-56642
-818976
-204460
-762477
-301296
-643130
-487419
-554539
-655851
-437178
-673515
-290550
-713250
-120721
-756996
-44959
-758049
165974
-752578
223237
-721471
391603
-653794
508007
-553123
521381
-480376
612687
-383809
652715
-234707
702841
-122483
698855
-31323
613781
128453
595928
214771
497901
392718
462754
459079
358046
509330
209168
505597
111305
504892
29829
501162
-107796
515484
-177248
483253
-272250
440872
-363566
390163
-355272
270261
-448862
248286
-444885
207289
-457877
96897
-418410
-59974
-467431
-128679
-379826
-122647
-311059
-291351
-243860
-332910
-185486
-300632
-171932
-387842
-6643
-399005
4511
-476807
139807
-417249
191999
-356677
251721
-247668
291142
-282224
279451
-179643
343832
-134155
334094
-80361
336579
11258
356308
30815
296526
176893
316313
181208
162427
221741
190738
252735
96484
296826
84911
325022
-57134
293421
-54852
274634
-58848
253072
-110159
226316
-253816
177629
-244804
131463
-202870
112005
-236674
39108
-234499
-29479
-188744
-74046
-219983
-71838
-202105
-185660
-79692
-92182
-108807
-182604
-29563
-184184
-11781
-292345
45052
-241704
132560
-191330
88519
-199384
159700
-244604
191076
-133765
305162
-68081
172810
-36517
258598
15418
212046
61308
154642
69125
218455
138197
157818
71868
34877
207267
106390
167255
21452
291748
-36968
214535
-54864
168202
-103144
142793
-165244
152765
-195695
165700
-223232
54855
-239579
48908
-222358
-10830
-228052
-55619
-211885
-78479
-170797
-140064
-129223
-177183
-136096
-208439
-55553
-173094
-39730
-173259
102582
-237858
79344
-237035
133768
-222965
150102
-189311
257643
-205485
220995
-163103
226442
-142315
261889
-39226
271882
18440
219027
29268
213216
105725
215919
163858
173062
141476
144740
241081
163335
253211
70732
338723
-80090
279150
-61750
298211
-100855
269785
-152623
198867
-164582
188385
-196081
258295
-248600
93590
-274832
47935
-341402
94683
-291254
-69499
-342248
-82790
-299266
-113789
-225234
-182217
-197827
-226717
-170166
-297667
-157045
-235277
-86769
-295468
-35159
-305663
57685
-283858
51429
-299536
158241
-278907
174204
-222644
257685
-160667
244771
-159544
338193
-90427
325533
-16701
308601
37254
340782
48402
302559
178279
234957
235269
249348
237057
208255
318414
156631
353799
84884
319661
52440
383011
-67916
356137
-167515
345064
-196218
319281
-266348
281042
-305180
226929
-294147
164019
-400669
140927
-288104
57903
-384765
13594
-398438
-38838
-343908
-144282
-284211
-193268
-319588
-215893
-223245
-248252
-176523
-352814
-101690
-353914
-9067
-428604
-14198
-395960
131751
-383272
108600
-326725
217229
-283928
247630
-168389
367508
-242292
362951
-131055
369187
-66184
392764
51065
327846
77665
308584
91038
273813
147851
284896
241526
216731
306592
162582
344939
138682
386241
45277
405893
-56124
449388
-38088
320050
-205880
367201
-182290
309422
-280094
260268
-340714
209125
-338421
130301
-373636
92152
-329196
47197
-448585
-75024
-404686
-115380
-369110
-197137
-268282
-197029
-230639
-262089
-153228
-285523
-167283
-346975
-38800
-410470
-14590
-447021
131220
-284137
186907
-379345
240472
-264128
309257
-341726
375123
-199175
354234
-184539
350538
-125894
480332
-19643
406860
17883
401788
160422
374142
177375
275285
267279
274666
259345
183754
343369
185994
374972
163696
401045
55465
405868
-29192
367563
-70765
370011
-206054
347399
-224509
260612
-264966
243448
-336051
210735
-360185
103581
-377388
91043
-380454
-44630
-394471
-42194
-348580
-151688
-290886
-226531
-241166
-230295
-212816
-350339
-78810
-342511
-65188
-328178
-19919
-341284
-3
-384680
110311
-396031
124466
-370429
198039
-259972
279781
-229226
316229
-221066
307910
-112308
340724
-56065
439049
-27198
367868
84012
334392
33287
293572
176519
295954
209553
160346
257808
151581
362091
32344
308580
31668
369268
11737
347812
-89377
357828
-138383
306577
-141546
161307
-201817
305467
-195016
189501
-335258
121072
-285730
61616
-326763
71838
-255863
-47
-300881
-45984
-216849
-146585
-285036
-183063
-243449
-188912
-134217
-241175
-90392
-225008
-94845
-242958
-5068
-302178
83381
-241241
112812
-238600
190767
-250464
199310
-233699
220900
-170788
244802
-136725
241829
-76099
256554
-122584
298127
-4088
238310
49131
222715
58745
281973
196402
166841
167584
201260
254231
167673
210496
93325
282187
-150
257948
-16227
297502
9042
293581
-53338
237815
-115933
164155
-189611
164378
-199452
123022
-257456
51125
-237512
37332
-215049
-4856
-235356
-11717
-187963
-45563
-179275
-145342
-84189
-146098
-129983
-206435
-90108
-230875
-16132
-164530
-32622
-190090
-81625
-168179
45653
-193054
122432
-189478
73474
-201656
161501
-172050
117930
-152647
136524
-148849
157668
-42492
161320
-73830
123564
-49976
139664
14201
104110
17465
143929
55099
137392
88992
155463
136534
108728
104598
50272
193777
1581
151206
-26877
138823
-3732
123522
-53638
107480
-79413
195650
-128376
143067
-143865
80416
-92864
134156
-86186
49764
-113765
61189
-132478
-1716
-124715
-29719
-112286
-61414
-125433
-105657
-142705
-53782
-86049
-48003
-105769
-133491
-53994
-77792
-31741
-80703
-35860
-83389
18033
-55917
87447
-73506
20962
-168997
72845
-49627
66154
-65593
135808
-119572
111812
-39120
153964
-23831
87317
-29870
54597
38714
83197
37525
74275
18928
149888
-8559
11086
49015
19290
83415
37417
37229
15687
53645
-2834
119962
-8020
91538
17011
75502
-32619
65489
-27771
28152
-7147
6018
-17446
9426
-82494
3914
-28670
67914
-90948
85703
-6536
43874
-18802
14539
-71548
-29696
-15864
74487
-28309
-38291
-24481
-59765
4700
14231
-56935
-24940
15962
-31134
-36631
-20912
-9704
-90156
12235
-25596
38581
-27065
9097
-48833
31320
-43576
-68560
-71860
13402
11888
11486
43444
18471
-16046
-10706
-64809
49955
-11842
-28714
48526
73215
-39295
27151
-52914
31500
-32710
35386
56947
59270
-32791
68730
-26718
50586
45327
42827
15371
81553
-2825
104744
49031
35131
5398
-2401
71913
49392
90979
11655
63457
64444
105279
28259
81149
21249
41405
18228
118988
-23503
34194
15004
37763
-59304
35706
-76084
42436
-37237
55264
-177018
4715
-85006
34103
80
80403
-22050
-51510
-54852
-42310
-441
-15690
-2275
2307
-48511
-19199
-57861
-124148
-20468
-147200
40867
-56264
30717
-112342
34688
-74786
33895
-59172
53083
-101874
35111
-74384
166962
-44133
105487
3249
86639
-36399
79346
-8740
33830
-71781
120162
28432
97843
39344
77066
35248
89102
76971
138035
110013
39433
74712
3735
60620
33602
113278
29100
98882
56999
125966
-54381
53668
-22241
35646
-24634
96304
-71630
60490
-23795
45624
-55428
48319
-59088
-37446
-105771
-36077
-64303
-77356
-42152
-22391
-101938
-45846
-33185
-48743
33262
-113378
-38764
-133439
-3089
-115282
38230
-93532
46259
-64177
71660
-109353
107536
-75647
104503
-120579
188186
-90423
66925
-54085
118275
-91278
65190
-7473
77689
30703
109397
31567
97890
63043
63245
61066
84816
78635
18123
128145
117616
84183
118177
191525
-11076
78943
-83335
86292
-36789
80922
-28751
132690
-84426
50254
-89856
82072
-78769
24044
-101264
105185
-59505
-9858
-128508
38438
-60881
-15873
-74871
-35366
-78325
-67727
-43064
-4528
-86805
-102650
-94551
-123853
-37331
-110018
-48632
-82134
40113
-106102
4601
-85960
55627
-43945
82153
-22702
98609
-50219
142420
-85727
137085
-77698
118725
-23660
116216
-55504
99449
7730
104868
52393
69491
-6809
-20157
50708
94309
38759
74403
20106
69769
67563
-5586
85866
45168
85988
7677
111228
1844
48802
-36870
87907
-57558
95049
-25427
34944
-1133
14946
-22776
78965
-103179
12626
-93656
-42835
-50659
25858
-57432
33816
-42466
-1706
14244
-23714
43590
-35560
-60272
-14747
-5931
-61762
48798
-76567
21629
-69442
106116
-33967
-17093
-61264
75537
-104827
48875
-97833
64278
-52810
84894
-15211
57574
-25523
9561
-18428
92665
43132
84028
44438
43559
17569
35151
23164
12011
65014
16593
59010
-32206
36741
-7878
47194
-40321
79794
25794
53696
25172
46478
-40501
70013
-52013
38815
-49345
51649
-33039
86168
-37143
54849
-56762
34015
15699
-16645
-57213
-14907
1277
-10695
-22260
-5372
-47725
-17963
-21133
-5909
-9040
-109977
39405
-68289
-16510
24819
96042
-73345
-46321
33585
17091
-32736
-96730
-61752
-67695
18143
-73942
1376
-39643
-44125
-24363
7422
-68853
69272
4861
12258
-49437
71540
50320
29044
37529
24550
13034
63212
71687
14984
55460
30572
40738
-56505
15901
-23810
45340
-8346
16757
-40679
167
-17601
34746
-29578
-17099
16994
-9304
-8971
74425
-69084
32056
24078
101864
38605
-19491
-2469
194
43107
34660
16076
7567
82268
47333
-3049
39633
99347
-85332
92179
10784
13777
-14039
17907
-18900
-21732
-19168
117547
-59825
40131
-13984
35770
-78545
37150
-53183
-12710
-71980
-40193
-30148
-1165
-90694
19938
-101396
43663
-40666
-84591
-44209
-54487
25873
-83128
12894
-25185
-43292
-74366
-29710
-35471
6561
-32106
18658
-93117
78223
-43414
9545
-59372
38830
-24621
75280
59659
131207
26513
63278
27492
85783
41942
91579
-12321
63322
-13986
72643
115479
36143
72839
44495
64360
56890
44616
85541
67044
41238
112411
-16153
99820
-23239
21137
-89839
47352
15732
97207
-82702
90690
-65772
36165
-120770
94437
-131667
65787
-99925
107928
-129483
74482
-116557
-18233
-63194
-47697
