#SpinCore Technologies, Inc.
#SF in MHz
#SW in Hz

[HEADER]
@CLASS=	RADIOPROCESSOR
@FIRMWARE= 3087
@SPINAPI= 20130917_x86_64
@POINTS= 900
@SF= 0.000000
@SW= 30000.000000

[DATA]
-210350
131673
-302071
165491
-376529
106551
-363697
29083
-384905
8618
-375158
-44175
-411891
-126391
-340810
-221228
-259642
-244657
-197278
-300177
-208437
-387488
-157660
-379521
-47196
-427167
45306
-468668
102090
-418733
206028
-381785
270160
-342370
236342
-280679
313773
-279940
388516
-182501
406289
-65935
453262
-61379
411457
51782
369903
118952
315581
160648
318277
241996
240853
197013
194622
244170
169418
423181
143079
381329
53472
363039
-2433
311596
-54503
308177
-116513
267015
-156707
338078
-193558
201615
-367581
232516
-357338
57989
-323444
85536
-302084
41663
-380733
-33746
-376563
-118229
-310735
-142156
-271895
-206042
-206742
-275399
-158272
-290889
-36616
-290906
29593
-312859
-50793
-293214
64986
-313000
150471
-336932
150329
-302044
254096
-304136
255484
-254928
310321
-204358
353338
-103932
378848
-49834
385986
-16181
280820
133876
211004
122122
170774
188312
210034
256126
123634
328073
124231
317805
40036
313960
-32550
236977
-39648
297579
-84274
279549
-196019
260577
-216391
221668
-171252
200331
-180194
145503
-194625
72916
-223453
47543
-182195
39325
-216678
-54499
-218638
-81428
-226664
-165666
-237997
-216028
-167740
-161222
-130225
-203402
-63179
-266152
-10802
-260638
66784
-247048
97310
-279230
125272
-217712
153133
-171672
169364
-170890
151320
-71441
267892
-138026
278176
-57379
239027
-30415
250856
-5470
226259
8299
252332
79447
214203
116695
154800
102360
157960
224473
79484
234198
24812
235392
35839
174828
-40588
267178
-57326
252386
-63147
219941
-167778
174428
-190750
52925
-134010
168249
-142651
52492
-172837
43108
-180488
18668
-137320
-13351
-133620
-2906
-133483
-77838
-117892
-140713
-126061
-149150
-85650
-199987
-133072
-164984
16313
-92888
27205
-216295
43813
-153212
59902
-58393
136443
-116230
122454
-113850
111827
-95959
120679
-66910
168939
-35643
170727
-92
135040
-5722
221193
62728
230304
49905
148409
42254
133844
114544
151322
114780
81038
124809
36899
94070
12430
195574
-756
143178
-45254
167141
-28489
169640
-70695
102707
-99203
134013
-69996
35685
-110862
36760
-100498
-11826
-86664
15238
-140110
19246
-98314
-80297
-101212
-37269
-43584
-129999
-73907
-136655
-15164
-93409
-77319
-175865
-14466
-198536
5740
-191149
-30437
-75728
-22240
-171468
-4468
-138865
71304
-45091
62499
-49831
91839
6849
143563
-43871
129112
-43515
157157
14628
122522
20156
95200
-12585
138906
84389
42988
37255
74688
61648
118248
89931
10215
84104
-15529
104101
50675
144383
-43936
123183
-20214
202438
-57905
67656
-12856
18844
-15542
17417
-67900
69396
-48676
-995
-44019
3800
-60198
-24264
-15169
-63161
-113511
-68681
-39698
22389
-76752
2984
-72770
-22164
-3497
-60486
60749
-34273
54743
-87050
14897
-78893
-67582
-81706
78033
-58704
9580
-106942
29199
19699
40889
-38090
33147
54249
77398
9508
61390
-11612
68444
5839
68020
38601
82967
-45759
-11160
31264
82284
33342
16171
8684
15753
39915
31614
44128
-37966
65308
-17702
110455
-62191
15402
-34025
28363
-59011
26921
-45705
55762
-34164
95735
-28076
51601
78
2583
-69643
74109
-13813
67909
-2477
31476
-61237
-22538
-14789
-63929
-40249
-52311
-13529
-39487
-2660
-83109
-76889
-47953
-32915
-27565
58501
-66998
573
16348
43735
10439
-20113
-52752
13105
-9687
34197
1352
76273
-16566
30516
41326
25570
-18339
74754
39523
95058
36031
1919
39678
-26341
6829
96638
44872
58236
35962
41755
24505
-185
48727
-56237
-779
20498
22039
-70094
34915
27776
26914
-14194
81493
11518
66375
-14318
84027
-54497
-23331
2255
13259
-18414
-32010
39084
-104042
1041
27414
11762
-47082
13839
23903
-33004
24427
-9520
6478
-16585
-10227
1428
62642
18509
-21616
47551
2551
28771
9999
17831
-29309
41017
-27988
-1467
-43208
68978
-44707
8941
54952
6673
2640
80358
-106903
69398
28456
2167
7008
19333
68580
-44760
45594
-33225
-1372
15168
-84296
5415
19364
-37643
23338
-2920
12196
26898
28169
17414
65021
-1017
-20468
-12220
21881
-3765
131
-95119
11874
11058
19867
-70553
-56587
-49310
-9878
46994
8913
-50979
38789
36986
-24065
32605
10740
-9834
3712
-16100
-4119
42804
-35463
42329
25100
-46076
48926
-39131
-57687
-40269
-31419
-10401
25365
-26369
-1515
33274
44844
44006
12601
-7028
26002
46680
17124
32129
59067
-300
28309
27702
51536
38771
34372
-3619
-35899
-27979
-23299
-22235
3032
22016
5850
-65883
6750
-36884
28244
-18301
8268
-37931
-4049
29909
5543
-73023
-65328
-12793
-25119
-7614
7556
59050
-33619
58152
-19341
20018
-1712
-12723
1516
19222
-1596
32392
58212
63115
7204
54951
-22916
59721
3590
39549
1484
-23574
-23997
46130
38536
-42188
33028
-35467
68869
-32756
26528
-81361
-4603
-38541
-13811
-53727
73136
7910
48139
-32139
19885
18941
48904
-56373
-9021
-90997
50829
9233
-9228
32220
12322
15833
-17042
24186
30725
6163
-70180
59310
-74570
-44184
-1473
97290
-29362
7011
-55778
-68120
-4909
35914
-32462
9850
39357
-28796
-14998
38617
-33228
5190
-52027
48403
-57027
5234
-35896
49341
24515
23460
10838
15989
30193
-41318
57058
24344
-21362
5482
63753
-70809
-7170
-47536
-3140
-29761
52216
-99040
101901
-10580
109506
10203
26098
24496
40634
-43556
12840
11289
100069
-12265
-46878
-22718
60255
-20171
14463
-27761
5067
-83886
52510
-63201
9882
-67266
15259
-16317
62935
-29470
-41012
-46359
-61420
17806
-23095
2013
-71312
26724
-34989
1186
-17060
51045
-42146
-12625
-355
26644
-47824
38996
-9041
62
268
38469
16043
78134
-74121
-856
-56610
71578
5616
15989
29598
22005
20375
-142
-9383
19618
60492
38675
81658
-22465
42945
2789
27775
41684
64027
-14186
-54685
46772
34692
-28335
16436
-15719
-25352
25945
-32352
-32724
-47102
-47274
-45330
4302
-43506
-40812
-37301
-66689
3466
-22948
5464
35314
-1748
11049
-42355
16374
-26397
16111
-25158
-5072
-82496
-8819
3780
699
52712
19796
-18944
-50456
-29710
-2860
-51165
6146
31201
54549
-37579
4166
41470
67637
10286
70273
13667
-46499
18288
8380
-3543
21474
-28311
-6526
7907
60242
11992
-33526
39193
69655
52343
12261
2663
-18493
15253
23672
-27984
-11631
-26764
-60390
-46779
-13244
-27315
16751
27736
22385
2141
-86725
37079
6331
-23539
40764
-29487
18749
-28486
-19949
-22022
-1029
-13944
-45277
23132
-3112
-6552
-31559
16452
-32619
25289
11185
-31861
41489
-61310
66318
-57974
-24402
-59904
36699
-13295
-31255
-22278
-24802
-47233
-72920
-9245
44778
47618
53643
-5760
16769
-8058
17939
19875
52107
-2487
13005
24254
20861
3628
-21251
-13427
-9356
-16740
86041
-16938
54056
22128
-55741
11863
-80829
1328
-64679
17528
-23100
3263
-12178
-1444
-42094
-1789
-53767
28622
-70252
14154
-67474
62739
-31834
-39403
-56281
-51647
-42936
-22695
-65684
3931
-12360
2467
14374
-59628
55843
9401
74124
-26221
61145
-52689
68332
-49703
104187
-246
40870
6704
-6514
51529
52522
2048
-24871
-20411
69104
-7052
9025
-8582
13961
-33359
8143
-33805
18211
-15777
3185
-11688
-16677
10395
-9052
34402
29886
61944
-38244
-8853
26896
-6070
-29912
-23204
30225
83716
-25889
30837
-76830
13020
16411
-26659
-50149
-30274
19239
50856
-42168
37014
17578
31495
32365
33245
-12399
-10544
-17104
-72178
-3501
12291
-19307
-1231
5905
-43277
4941
-44206
-18469
-42104
22999
19637
-23980
-10539
11799
-2765
-32272
-25814
4708
-45000
39119
-61719
55728
999
43464
-49732
52151
10018
66360
-32159
17007
22399
-8081
49202
-10616
46578
-24222
15682
-74511
-64931
12026
35430
33633
-7549
-61216
29370
-68422
-28066
-33118
14863
-31665
-14603
12444
-3560
-29121
50533
-65235
55498
4127
4074
-10751
-1010
-6299
-52892
-5102
-36652
-34526
3505
11223
-59460
-14241
-26442
-67102
-49995
-5640
-26020
48785
18190
-15404
28144
52222
17077
2479
4215
14854
99089
-12234
26763
-5258
-19717
17983
-4875
-18597
9264
-43578
40147
-35694
11168
33341
-43300
-9549
12921
-26612
-7928
8864
-50150
-34470
-1170
-64170
-22029
-23803
36366
32026
-25624
-32742
16807
-28666
-25229
27049
-23206
17546
21839
-1720
-32789
-35450
-15482
-2357
-36495
25598
-3591
3515
81256
49562
40177
68183
17985
-785
1801
-1386
-15643
16416
-43007
46992
-40381
9712
24099
22501
-14267
42031
-13814
24396
-8439
31143
-14022
-4910
-57038
76258
38670
-30424
-46611
65460
16240
-17630
52757
-16929
-3087
11415
-44567
-2587
2483
-51379
-16076
50260
15666
23063
-66249
-26641
12592
23410
64408
41071
20617
7054
8625
66462
15975
44108
-30182
-40345
-17717
-41631
-8464
15998
13947
-11979
-16112
37565
-19440
-7207
51665
-26695
65970
21741
-7612
-6960
19261
-9458
9445
51844
-2301
-12813
53432
13423
46016
-31182
10686
-29886
78853
-33223
-12305
45215
-26938
31994
-34278
2090
-15630
-26803
-12881
-41867
27368
24671
-9321
-19824
4792
14369
8365
-19827
-28083
-3020
60265
44819
-10420
66388
1090
-23472
-27602
-59229
-31573
50406
-55028
19217
-1002
-54699
-26734
-62243
20681
-29458
28970
-21975
-42594
-34766
42078
-8655
43010
-31643
76435
-28824
48002
15568
32583
14535
45075
-29223
12115
38164
12
6371
-9676
-2607
-13640
4501
67656
-3558
-26678
78795
-16983
92205
24791
45425
15217
41932
62105
7396
39640
3978
12633
-26336
30863
59213
35090
13296
-6501
-7247
-21374
-30154
8445
4652
-50144
-56306
57360
14892
30762
-41624
-45465
-50570
-19985
-19465
-3946
-17745
-20566
7558
5987
-16886
42901
-18778
-15310
-7091
-32897
-16031
-6179
-1072
-33222
36339
30984
-68349
-11518
522
54785
-31464
19684
-24214
23086
60841
14229
79166
44054
33176
-21684
-49748
6342
-60209
20781
44286
-44113
-51357
-80868
39066
78913
36696
47510
-30448
22236
-4563
-39307
17634
-11807
-35502
-17640
-44140
-63577
-67029
34008
-7735
21262
13067
16183
-44235
1597
60299
48522
-13054
11267
-102472
-2790
7777
42369
64033
42190
10514
35770
-8063
-26795
-10697
22050
3240
70603
13084
31871
-74053
23206
17982
-22069
30680
22019
48096
66150
-44372
25906
41417
9575
10075
12865
68521
49893
-18491
-18229
46070
-12298
-19889
-5701
-23128
-32012
-31609
31895
813
40192
54626
-33570
31482
-52404
72022
-31185
42644
-38804
28060
5863
19350
-33658
25315
17323
88500
30864
23595
53272
42252
-18632
-9851
-39943
-38066
-4707
-25174
30004
5013
39024
-11553
-65856
-35317
74698
7906
-31701
-3684
3365
22104
-2131
-27588
-36236
15145
-84855
14693
-46635
41032
-18399
54261
-20964
21615
97257
45253
42248
-40728
18133
31097
20055
21136
36864
-35707
65220
28987
45159
18171
64938
28941
22921
25380
52279
-14330
56365
20268
-23326
12324
10028
55948
42131
-19282
-3202
-2570
-3120
72930
13427
-17861
-26125
58060
-27870
31404
-59218
-64618
-4369
-56071
-36097
-33069
27140
-30259
31691
-144
-9232
18190
-2134
-7085
-32687
11223
38872
-28354
-18782
47039
-45415
-29704
-22760
2267
-14466
39586
-17929
-54789
-81028
23035
-52984
-3035
-4884
62697
26640
-29147
-35984
20434
61067
88975
-26508
13221
-60907
-1058
29203
-15845
-27745
9387
-23917
10923
23778
27744
9448
-9502
-53050
-17445
-83212
-37719
18164
-14111
-50057
-10598
10576
-24957
-9418
-11978
14359
-60693
-19630
-40342
-5396
-12997
28765
5161
42123
-37761
-3368
27270
14719
5368
68856
-49564
4952
6725
48369
11401
4882
-29085
-17211
34336
-43033
-29814
57555
-49655
11353
10957
-25418
-61485
-32780
3172
35892
18867
8512
-19469
-111578
8258
10651
-1268
9589
646
-46704
-46626
-24348
-65323
28763
-11904
-47850
30426
30462
36916
45975
10997
-27142
13903
26837
-45795
18146
20509
-31753
-13119
-63308
-31548
-116229
25110
-51720
-43823
-30928
-31187
-33860
-32123
-5956
-20234
-4547
-49540
-14591
58032
61639
25680
-6592
-57267
19477
-106362
-37595
-58994
6506
3025
-4387
22200
-38955
6694
-20738
49414
8752
15042
-50638
68167
-56523
-36228
-100160
-15098
-26320
35601
10623
-68233
14748
27057
-13428
14375
14649
3702
38072
17373
-54629
33762
7030
3706
16710
37667
-3442
27606
62338
40363
26527
-61449
53065
11441
7461
-34316
-16195
32133
-16106
48923
102235
11976
1097
-120602
59283
19750
-60048
-2402
12128
-44763
-10814
30262
-14679
-48380
-26500
-27820
44260
-55691
22300
-21332
2314
-81308
-43483
-68242
-63871
-3705
-17121
-4105
-23562
24882
-13430
6703
-11448
-6564
-55466
-18185
15822
