#SpinCore Technologies, Inc.
#SF in MHz
#SW in Hz

[HEADER]
@CLASS=	RADIOPROCESSOR
@FIRMWARE= 3087
@SPINAPI= 20130917_x86_64
@POINTS= 900
@SF= 0.000000
@SW= 30000.000000

[DATA]
3512691
-2729804
4836256
-2559516
5242822
-1743502
5461561
-668523
5485126
277478
5374684
1211462
5106348
2086728
4605528
2914707
4071107
3700677
3378495
4338677
2532329
4871760
1671136
5135226
715862
5341507
-211874
5435224
-1150369
5169619
-2024707
4897452
-2873326
4388606
-3594648
3849292
-4137030
3169228
-4654258
2347847
-4898486
1559038
-5070858
603495
-5043571
-296389
-4907067
-1203778
-4569403
-1948393
-4090739
-2724701
-3517420
-3380982
-2841872
-3936493
-2091852
-4352338
-1330632
-4554206
-467015
-4714286
407341
-4726933
1176881
-4513244
1974248
-4254584
2671848
-3760610
3216703
-3310205
3752909
-2565526
4112402
-1867181
4252640
-1120286
4378453
-301653
4374905
482297
4175180
1243972
3828416
1958771
3373787
2589323
2805442
3114380
2231726
3593034
1585954
3841415
803780
4022375
86013
4058052
-625826
3924549
-1396479
3715854
-1991806
3461693
-2554591
3008714
-3029720
2425401
-3398486
1859559
-3576126
1225259
-3719827
518371
-3780950
-155358
-3692237
-837600
-3429275
-1421683
-3098298
-1959328
-2728473
-2513503
-2155506
-2849514
-1593924
-3206842
-944693
-3339748
-334418
-3478397
358231
-3381588
929954
-3336353
1476591
-3130869
2052910
-2743089
2444544
-2337417
2827733
-1872882
3040380
-1288859
3222781
-704287
3246732
-137316
3247175
479632
3031829
976384
2845112
1540602
2484515
2045944
2064517
2378878
1600118
2722298
1052568
2898858
554420
3044233
-42914
3043358
-532341
2932220
-1127941
2786568
-1538004
2547759
-1976768
2166528
-2330973
1747243
-2530160
1303127
-2710189
791461
-2764986
330320
-2745899
-155990
-2644738
-626622
-2512758
-1156688
-2276256
-1485226
-1866620
-1844147
-1551417
-2198397
-1137439
-2323856
-711171
-2528236
-232573
-2569317
285024
-2557896
692386
-2468557
1123575
-2198432
1489047
-2039391
1783237
-1695855
2008591
-1408404
2226368
-935527
2339001
-541908
2383200
-154158
2311166
354628
2196747
671814
2055376
1052773
1773849
1432772
1549176
1748695
1152980
1912842
835274
2089648
355739
2150739
-13612
2210557
-379439
2177396
-735507
2010845
-1121382
1791530
-1401290
1566725
-1672778
1253581
-1756297
910318
-1923317
596257
-1989028
283857
-1951740
-74958
-1967442
-405286
-1842834
-741122
-1576240
-1043310
-1414242
-1314722
-1132751
-1579156
-884417
-1728199
-514832
-1759586
-267821
-1795376
156543
-1792065
483028
-1720574
710716
-1657255
1022836
-1513747
1243339
-1300886
1419042
-1015845
1558232
-776040
1650433
-413532
1686966
-108857
1673084
242749
1632116
447976
1450785
773412
1361589
1022112
1059392
1128301
907240
1316709
652290
1424372
277282
1538738
122462
1544569
-217068
1543845
-462271
1425133
-652828
1345718
-881655
1096551
-1100379
988357
-1206101
729849
-1312772
514111
-1403738
244117
-1376712
15593
-1408040
-228265
-1342055
-499432
-1183946
-671062
-953174
-895488
-819796
-980359
-636953
-1172654
-462997
-1235739
-174000
-1231674
52060
-1271827
279861
-1219919
484114
-1225901
597563
-1012971
829745
-885572
992277
-732805
1061688
-521882
1130059
-353428
1199949
-140672
1190535
40220
1124543
286556
1082610
425049
864105
668063
835026
794881
647075
847272
447897
967375
321958
1037136
63795
994621
-160479
1035904
-225945
1016144
-444579
894669
-650532
738681
-696780
683074
-799514
557960
-911802
301510
-1002210
179008
-926359
64265
-911734
-152935
-876712
-265952
-841634
-417785
-769068
-586836
-579339
-694991
-441556
-809379
-345770
-790353
-151516
-852365
-23631
-866069
141589
-858652
319366
-774902
515144
-733351
482707
-626916
641915
-465729
695005
-369862
743717
-233535
786985
-128874
703398
24957
654691
179335
680837
286055
601959
389487
538060
474212
419228
661790
331496
566587
132060
683709
18729
741206
-110268
660289
-205508
680115
-320106
587540
-403348
537800
-480879
442368
-477552
332668
-576948
282831
-574316
72099
-561751
18197
-633280
-77265
-515663
-249461
-491296
-278708
-462988
-410625
-385533
-482600
-278978
-520307
-197862
-533290
-80656
-522721
30245
-510211
125903
-477849
189477
-435172
278730
-387697
324665
-385526
390024
-277870
422900
-202981
460602
-191838
442208
-105962
466061
50479
444056
64240
366544
232889
378638
271531
299973
264728
178267
339478
123521
385760
65831
363176
7953
391265
-24680
344140
-160361
355088
-184829
360834
-228076
280860
-275880
197515
-232593
85789
-370719
86417
-311580
53377
-279556
46489
-301876
-48244
-247494
-157491
-187547
-208575
-255255
-222064
-134231
-276252
-117859
-336386
-24187
-278896
-6661
-335172
28338
-252760
53739
-256790
122275
-229214
228302
-209966
215960
-199786
251803
-115470
310165
-49489
267611
-20511
217134
66015
194577
76204
154252
171243
110213
150864
123253
152748
111759
197876
110171
221542
55964
222823
-75864
212327
24902
214017
-61147
147673
-165186
136979
-107895
62814
-64614
81152
-154434
84708
-164537
87667
-246040
2364
-160243
-28095
-164392
-49682
-134619
-61102
-131317
-140613
-66559
-88162
-35787
-207529
-7773
-130526
18381
-50256
-6119
-132227
68325
-161657
126274
-115948
109621
-64226
62846
-60043
166154
-57202
55392
3588
96221
46390
152803
62620
91285
77732
68946
148210
75843
116866
82585
151802
57457
139887
7045
90272
-28142
97707
-96851
90702
-77352
92350
-59892
30751
-36689
61772
-100551
34323
-94197
60006
-63956
-55392
-86989
-45704
-109282
-94054
-36930
-44881
-72785
-139354
-102183
-82849
-28030
-110060
-13683
-139135
58175
-103150
2172
-61127
50156
-33384
82292
-31469
135746
-28383
121258
-22748
107751
-56149
88652
34514
101672
56259
48318
37465
59489
51221
48794
22944
34440
9646
22368
92398
3952
92248
-74
167423
-529
124452
-20578
78183
-73307
50595
-74638
177788
-120838
106807
-93809
118381
-130955
31680
-140770
-8075
-96135
-24846
-218031
-58032
-135752
-77033
-177206
-82767
-87362
-67663
-69087
-155969
18245
-116164
-24214
-158738
31000
-156118
60636
-148372
119964
-145979
46103
-88747
217336
-44003
189806
-42112
143857
-14987
169283
32712
143966
32033
153704
-8063
104863
26970
130912
83827
117954
168622
47824
209543
101848
189788
10681
235332
-19027
153916
-57039
188745
-118203
139819
-120570
132068
-138787
121050
-167902
101056
-146915
32008
-169949
6322
-172431
-8296
-178747
54646
-135602
-69447
-134534
-118738
-115541
-129746
-121883
-132786
-53147
-142326
-92528
-184173
-67096
-163053
-46608
-197612
44797
-207372
73846
-229358
104466
-184447
87616
-99705
137978
-109437
169330
-190684
134535
-64721
212820
-56442
174718
9598
135372
-22104
213871
61690
143888
68265
146310
127427
93591
185282
97442
164629
69809
187020
-60206
199758
-60580
132333
-73221
171590
-88501
224619
-111248
190594
-122437
104100
-188366
114760
-181384
80934
-187196
96036
-196800
-37882
-197058
-26449
-228253
-70137
-120292
-125584
-160808
-115120
-74561
-177898
-77493
-201218
-86541
-231744
-16512
-198818
4040
-200228
41657
-205308
68491
-206526
85007
-185273
137285
-181239
213374
-101074
186453
-104955
166778
-66990
226957
-110228
190596
32135
211633
91232
189140
121926
201201
143235
171887
108854
129862
162237
89349
140941
69930
210508
11742
165556
-15347
205004
-33940
218184
-121354
192284
-91062
197889
-175630
131238
-230506
119174
-213496
43716
-194255
63159
-260099
40490
-174679
-39802
-147998
-115196
-192367
-125737
-279375
-188550
-101680
-211861
-99601
-177718
-48748
-163418
-45353
-188292
-28749
-143828
76230
-164290
114080
-186384
109772
-124831
199499
-156802
198219
-153718
232828
-72863
216287
-108521
219831
-1227
187853
46117
161468
102159
164012
89413
198453
104790
139629
93848
147953
135132
67710
156705
517
151039
8320
152752
38008
127025
-63452
175661
-74364
220608
-126618
150541
-64582
102031
-170127
90268
-196952
51404
-216088
23717
-177806
-25558
-198891
-40573
-199643
-38542
-168032
-87450
-106320
-163474
-152795
-149801
-63815
-231899
-123622
-230832
-6042
-195409
15678
-135829
67280
-184856
125122
-209286
138204
-185259
229360
-148396
143448
-90637
127782
-55877
177944
-39696
135940
21912
141953
89481
172767
52370
90041
102486
145591
108317
73339
199434
96204
211216
8452
132345
59881
152636
41878
152500
-47372
103029
-43355
135652
-58261
162406
-75536
121601
-64957
109270
-101705
112800
-167955
90488
-155248
12862
-95777
15141
-212356
-27364
-113997
-96784
-128452
-111637
-134821
-93360
-112812
-131257
-44542
-110433
-64324
-165169
-32536
-94229
3659
-173296
67699
-158240
72565
-143182
44826
-123866
94821
-61596
94380
-70352
188012
-70353
194485
-30686
109918
21389
106060
-629
81456
47605
168144
78416
137357
56297
83994
78659
53313
103097
35683
101728
29510
58128
-21929
102748
-30881
94735
-36208
117717
-87756
103671
-22308
101074
-103868
43091
-97068
97379
-112138
39329
-80589
450
-83010
14813
-45318
-66349
-95175
-21892
-138989
-63636
-85037
-88674
-8747
-115968
-47080
-49322
-6043
-129159
27231
-29383
-21887
-81853
-9580
-46514
-4309
-72294
16274
-80860
38488
-45239
71894
-17904
19633
26482
44169
-4398
51626
30879
31025
-3927
26293
5774
49674
55869
68814
31112
47541
-1602
52654
68822
81982
38106
69683
56057
46877
60139
-52523
40935
-66738
55591
7377
20743
-10476
46424
14496
48880
-130441
-4676
-50055
-1122
3200
-50827
-87364
27257
14551
37693
-12392
-57454
-17888
-17800
-49579
1028
-66124
-20814
19586
34531
-97041
-9302
-34318
1757
427
-14851
-26368
-36910
13743
3387
-20424
-56090
-64037
31527
-42002
24444
18986
-37409
7035
-59131
-33332
-13810
12879
13525
-9159
-33943
-7502
-82641
53270
-8127
-29969
50805
46903
-2767
13951
-15338
56069
-37584
46482
65911
-12762
50260
-6780
-3786
-23059
-21978
-5424
-22266
-50622
46634
41321
31219
65199
321
68267
30985
41715
6721
-27691
8212
12181
-94373
-5950
22982
8061
29644
87801
28841
45858
5703
-46291
-2467
4319
40375
-73603
79315
-26566
59495
-42793
61786
-1182
58921
-84122
-25207
-132912
790
-25464
22035
-32239
-95650
-64577
-92192
-101089
-49836
3538
-46856
-349
18227
47115
-94117
57834
-45787
-15734
-14251
41367
-51051
18260
-61706
45984
-48148
-51748
-45832
-30586
-67018
14435
-32975
69235
-81302
35180
35017
69034
36445
-1845
-10356
18866
15237
43235
-20846
34606
28264
35072
-3692
16606
61501
34212
28901
-11348
56363
54229
34750
-46346
47280
-121914
67499
-49092
84704
-108927
-11311
-30095
68601
-39347
12873
-16397
-8140
-21160
-30916
-47929
-59071
21981
34931
9494
-15404
16905
-1190
-10034
-3646
-56858
15378
-46551
-62795
-110364
-86411
-55343
-115899
-32205
-28567
-44353
-44552
18873
-5338
46784
-15008
68708
-79046
44284
-37755
7670
-51184
38281
-61942
87282
-58276
12257
21630
81890
85705
113249
-8801
22556
40352
34059
18695
86352
34290
13908
48147
11851
41801
-4215
57716
53062
95861
20334
-47899
18472
77745
-39011
66412
-18835
-23779
6667
10652
-12669
1627
-99452
25134
-96402
-41804
-32789
43697
-83630
-24836
-74668
-24468
-88070
-60182
-137086
-17856
-91760
-51586
-34564
-62280
-51874
-36725
-19705
-10121
-59899
-79737
22624
-26045
40535
-118238
-13339
-47829
56956
-86090
76175
-1680
43789
-124666
91769
7516
81841
-13833
189578
-18508
157282
11887
75222
64472
89460
84790
28732
24132
-6993
58965
16393
27352
37907
44330
73614
128011
-49330
74881
-3464
52211
660
78117
-20193
44669
-16995
37029
-77991
29142
-59530
39125
-36949
95226
-65672
-19422
-100678
-20213
-95228
7023
-55845
-46264
-27812
-32296
27446
-13045
6501
-29715
-20566
-101984
19919
-4443
23502
-83599
-50857
-55928
7313
-29573
14551
-42045
83697
-85979
26541
-27328
66553
-1842
78666
21263
41113
-20600
64024
-3475
136421
-66557
82880
10367
68680
46510
63428
18023
60638
33805
12944
21180
-1358
27022
43242
56175
-18825
21275
-20774
175
18073
57706
40321
-10744
-5262
96676
13123
19922
-47741
29431
-12029
50260
-74157
48177
-59452
33397
-51965
-42716
-10585
-42366
-86179
-33803
17201
-19892
5410
-1459
-46886
-23910
-1493
-14004
-1408
-18482
-36134
-13289
23583
-71201
12154
-96243
-17845
-126933
80908
-6359
62304
-52506
58313
-71295
74895
1230
-10114
3849
-8055
-63877
158009
-65130
79858
-46579
76063
14234
84085
-5633
13256
25193
-11393
-10657
45905
5243
68162
73454
17103
55152
-20965
98290
80869
95018
-16329
90349
-38693
24506
-65710
34404
-67671
82563
-49516
2374
-137412
11391
-89322
-45765
-24109
16596
-45177
-7289
-45437
69719
-50965
-75446
-46799
-77265
-19302
-34088
-26908
-56268
-60006
-7324
23075
39238
-13472
-30080
-77468
-53585
7283
-45946
2670
-75974
31481
13354
-52526
21675
19202
21059
-12649
-45771
84097
-12810
-14545
-9423
6574
6121
20959
-21810
28064
9641
-7068
56610
57687
-16715
-2302
56013
2631
37561
60438
-8792
60669
30023
40986
67827
33645
4065
80944
57922
-6938
89676
32084
77891
-79016
108395
-5195
32932
-64842
52388
-61047
-6473
-40054
5626
25185
68928
7480
42948
-61287
-3162
-21694
-5819
-12126
-7714
881
29326
-40801
4429
-5307
-7295
-26396
-3483
17061
-64914
-40643
-95034
-16183
-3511
29081
-63413
7094
-35921
44476
-16349
-18627
25831
-7308
60067
-24739
-69140
86069
-6641
17640
-70495
62761
50387
77898
-21828
68701
24141
21804
-9850
44883
19599
45502
-20864
35380
91257
49473
55943
