#SpinCore Technologies, Inc.
#SF in MHz
#SW in Hz

[HEADER]
@CLASS=	RADIOPROCESSOR
@FIRMWARE= 3087
@SPINAPI= 20130917_x86_64
@POINTS= 900
@SF= 0.000000
@SW= 30000.000000

[DATA]
7233412
-5302732
9565322
-4983335
10522663
-3167007
10937004
-1257693
10976971
659492
10809440
2639866
10081189
4452950
9203994
6163158
7904634
7696233
6461213
8935901
4785527
9863039
2883294
10526707
1074183
10789086
-881603
10705060
-2701785
10425200
-4451190
9742362
-6005920
8754100
-7487170
7470704
-8636381
5954861
-9546336
4259312
-9967016
2586623
-10256834
749636
-10153239
-1084559
-9756099
-2816437
-9005739
-4488400
-7983944
-5956585
-6773856
-7202856
-5405396
-8262052
-3780935
-8969609
-2114497
-9422256
-399196
-9600388
1349862
-9442371
2968855
-8950718
4469160
-8092895
5830065
-7236380
7005585
-6012522
7896698
-4563188
8478188
-3117326
8728736
-1570556
8813716
120083
8618320
1693091
8049717
3184994
7332300
4529646
6374182
5684513
5149315
6726167
3816840
7411173
2379297
7952686
850196
8204516
-621602
8171991
-1985937
7807563
-3405646
7264174
-4609140
6454520
-5688064
5494187
-6476235
4302634
-7126674
3032851
-7464656
1809163
-7612131
320883
-7445352
-1091863
-7110595
-2368848
-6509966
-3569384
-5698887
-4706404
-4711911
-5584442
-3549564
-6294632
-2364128
-6778294
-1124625
-7047378
176585
-7044586
1426669
-6878929
2624943
-6425934
3807332
-5784915
4672363
-4988699
5474305
-4077458
6091338
-2942376
6406332
-1787939
6590439
-643375
6527802
596721
6279297
1733341
5823473
2803406
5244367
3744288
4389904
4654306
3425831
5242167
2391503
5783636
1400046
6080270
211154
6098698
-900637
6004511
-1919017
5722096
-2817325
5229248
-3731739
4598962
-4480504
3837036
-5104791
2873439
-5433714
1903027
-5600272
901979
-5642517
-114344
-5474069
-1114650
-5112278
-2097604
-4647419
-2924633
-3958863
-3710337
-3291392
-4283158
-2453570
-4756947
-1476880
-5066648
-584823
-5195334
334291
-5166508
1216823
-4941747
2150095
-4646755
2853140
-4109074
3599983
-3498046
4117000
-2852366
4498789
-1998345
4659429
-1240206
4834993
-281658
4702398
587297
4500659
1454969
4187666
2196589
3717338
2883020
3064666
3423595
2377563
3858280
1661042
4205417
820004
4397512
23824
4439652
-704075
4405479
-1467480
4043018
-2131215
3735734
-2814353
3277584
-3277217
2622980
-3651891
2066559
-3919986
1337412
-4078540
645490
-4081302
-89256
-3945905
-859986
-3731462
-1524738
-3320344
-2103116
-2889782
-2694793
-2320125
-3027675
-1805688
-3383312
-1104504
-3618963
-368257
-3771846
251246
-3654488
894229
-3528825
1514707
-3284287
2095239
-3004409
2587769
-2558701
2918294
-2024324
3156130
-1474634
3393699
-874401
3510595
-283139
3357141
364323
3280839
989481
2972169
1502288
2733980
1967316
2298839
2367398
1742289
2698139
1201137
2930030
692400
3090490
134832
3098744
-437104
3084151
-1005373
2893588
-1453071
2683023
-1832249
2299117
-2198453
1921383
-2435383
1564888
-2785556
963624
-2811296
496745
-2825778
-22856
-2767510
-555689
-2604660
-948200
-2396833
-1398896
-2082902
-1799079
-1608957
-2119551
-1297911
-2368095
-871629
-2436492
-439098
-2615264
112832
-2582955
482133
-2528981
960299
-2283036
1444608
-2128488
1713343
-1796347
1977679
-1437983
2135972
-1063972
2334032
-670046
2403337
-261140
2326465
198146
2227446
570706
2106286
935247
1902260
1288594
1566151
1588506
1278755
1867169
912697
2053415
491607
2076854
176784
2159293
-242003
2116031
-623874
2010646
-944996
1857378
-1225234
1639321
-1503830
1407396
-1653897
1044103
-1842193
799703
-1935412
397266
-1863414
39308
-1864729
-276172
-1826314
-637643
-1626511
-952702
-1416927
-1169240
-1174812
-1358556
-904293
-1559290
-568079
-1673787
-249200
-1718970
24863
-1770729
310105
-1659397
651544
-1603315
892788
-1491029
1127007
-1238152
1254196
-985023
1485299
-704841
1519802
-469883
1523312
-209269
1522051
155013
1492369
361383
1411826
630501
1210748
803622
1002159
1082757
816343
1148605
585869
1295618
318885
1399115
88359
1352058
-192712
1411059
-451189
1266442
-688630
1207154
-784388
1076068
-1053279
836052
-1143723
595927
-1116388
379860
-1191869
196691
-1266355
4401
-1297745
-269475
-1077884
-449790
-946464
-632038
-820913
-741040
-659039
-884791
-481148
-926266
-280880
-1068157
-103060
-1077165
176967
-1049728
249841
-1010683
429938
-924536
606990
-831227
794380
-741684
832763
-503406
922844
-380942
931603
-228518
928514
1162
975304
176627
852426
374590
771400
442223
619265
495434
528052
662726
456888
746134
316127
797769
84902
750691
-16618
830026
-223152
778632
-338304
685930
-468395
622224
-567941
542095
-592268
457770
-649834
299039
-661584
130389
-682148
6030
-667442
-95629
-680487
-229171
-595857
-239591
-525844
-398623
-421801
-483663
-313081
-524902
-206182
-620769
-99289
-560973
-45646
-578222
189569
-504818
259965
-562401
271793
-426359
321217
-287392
438376
-213989
451729
-171954
454208
-108398
501097
7460
530652
77264
435522
115084
336206
274420
325655
298698
279153
321210
232600
358974
48088
394763
14271
410866
-76837
405274
-68094
388430
-226726
364948
-309980
314762
-263385
160690
-260377
176585
-232824
134524
-398845
60425
-271533
-39193
-323717
-104279
-323137
-174555
-232884
-169215
-182241
-257021
-142138
-230200
-52735
-318691
-68211
-297393
-8632
-289189
134835
-240440
196730
-222607
131916
-194153
238596
-177960
269211
-166713
212199
-52542
217843
69655
271989
48392
262776
127177
197679
142647
112506
142328
103526
139332
71565
234346
37654
172945
18323
217545
-124557
252055
-130597
172591
-109165
161316
-111344
145974
-166470
99293
-199871
102997
-224024
3977
-198289
-15848
-176656
-63744
-199286
-124216
-115232
-96834
-130499
-189911
-17389
-211648
24869
-153987
57019
-211437
86504
-186760
154829
-139223
213597
-208122
160921
-127955
121029
-53205
204603
-57919
193558
-74609
220730
32226
190293
143151
168189
146130
126901
166794
138663
189057
84670
312368
35948
280324
-27987
246884
-57313
214151
-29731
254676
-144933
164954
-179134
167839
-200014
159509
-256937
75137
-230898
43219
-205172
53322
-225378
-38901
-276501
-32005
-261880
-94463
-230081
-176535
-138830
-249303
-168685
-216419
-80637
-264245
16495
-246142
49801
-340610
88208
-228508
108669
-210787
162297
-230176
283196
-149625
371298
-151043
235180
-35129
336582
-8194
311388
-42179
353446
123088
308890
174148
221436
162271
197869
234856
259081
247939
187180
295931
98338
264301
-22003
354569
-57131
239301
-60004
296616
-222284
293588
-206564
230307
-287280
188501
-308271
99868
-326678
124620
-305376
63801
-362849
-47078
-290337
-79943
-323726
-121613
-264925
-209248
-257975
-251404
-155846
-359059
-159555
-307870
-120699
-352348
-39289
-339595
84998
-401274
119114
-330257
179727
-346119
275847
-345129
238781
-215552
293147
-142903
409381
-69797
357702
-28184
402742
-10930
352139
130781
353059
151265
292664
213759
213138
253197
283360
318898
141097
320313
135421
397621
57591
434076
-86280
348624
-129493
352769
-219755
395239
-201077
316694
-326590
296983
-356911
171753
-395434
134490
-420293
29661
-375354
-63395
-394047
-107810
-319198
-173875
-329329
-175282
-331421
-291915
-321381
-362503
-166999
-445970
-63298
-353025
-72780
-467771
19364
-365538
125196
-374873
232869
-419633
212443
-287652
306013
-236912
356339
-230530
358825
-164338
375691
-75202
415177
-100562
451183
101971
455415
167061
369146
225556
383026
224768
332823
411524
177623
406103
114848
391685
96384
378896
24060
471942
-148617
401678
-214464
369784
-218029
353058
-316611
324004
-374688
254020
-405971
290398
-435797
163000
-406940
-2415
-470441
11780
-425845
-96034
-374989
-214306
-306998
-267140
-348144
-278039
-275288
-300128
-200830
-390926
-49119
-367801
26647
-439733
1552
-489483
124410
-418843
256746
-314315
275750
-334342
311942
-214466
411076
-215916
439518
-151951
434486
-52251
416462
8395
374132
179762
375361
208355
301822
190441
309162
280682
253712
291450
220135
364085
86897
422340
6994
369734
-48317
429153
-114864
336163
-172721
410341
-240817
305888
-315617
215936
-391407
128204
-423363
137818
-372665
49587
-428432
-42226
-430497
-80623
-357813
-82650
-400296
-249940
-310252
-340426
-256523
-320152
-191044
-316952
-144601
-355111
-38829
-332257
92055
-385007
69508
-440355
149164
-367912
223430
-318346
281494
-302324
287861
-167498
338432
-147785
337174
-93716
386961
-45568
359694
29033
344695
78526
316160
177865
297976
244391
219144
265869
213982
279467
99091
305987
49342
345644
13181
288565
-9204
360000
-129314
293750
-199544
261985
-235521
187371
-271738
252872
-280066
136225
-319220
111981
-308014
92192
-322755
-6918
-274795
-11716
-293876
-148267
-323685
-202041
-219491
-234261
-173567
-239770
-88649
-248772
-109721
-348677
7368
-262857
32746
-261875
69961
-328143
94373
-265504
163598
-271973
186863
-231037
252036
-141997
222382
-84854
226830
-66238
263713
24831
209674
70231
199633
81938
242144
67599
131085
141844
167248
173681
166246
214883
37015
177884
13147
275943
29612
294185
-51792
153793
-52722
209123
-143940
189711
-236238
171374
-136298
118617
-189603
54599
-147007
90193
-219843
-41693
-244699
-58247
-182533
5828
-168671
-87554
-184430
-121217
-112871
-136461
-131193
-151855
-77142
-130837
-6179
-193467
-29426
-116642
-39894
-236996
20134
-128554
89969
-169113
93719
-86756
101679
-41324
111313
-43668
113472
-84312
192822
-2941
160154
-74277
94982
33849
106502
55298
102979
31962
116785
32529
166044
63274
110099
95230
59587
129357
73934
116461
17797
71496
-30933
152109
-96880
117122
-23740
126955
-21357
86895
-69756
39629
-86415
63830
-89681
68881
-116175
74359
-30465
59600
-118004
11219
-152558
-42134
-46906
-12432
-43125
-69519
-153154
-50857
48664
-99626
-54100
-69328
-19108
-56195
-54163
-62974
-25564
-139822
-52561
-63974
-3567
-39084
49712
-66308
79849
-40016
101102
-41032
42936
-80471
73282
-158555
28463
-2833
25774
-18585
21492
-7923
35984
-29251
4701
24137
91780
-31210
14820
32320
23050
38722
102938
-35673
37521
53735
-18446
86074
-20270
47546
41342
28057
9956
65273
230
19878
64249
31667
-10496
49520
-87291
24891
-26251
30882
36355
38358
-46174
45090
-72270
60747
-95106
-43156
-18951
35511
-13336
64634
-18651
28616
-40408
62042
-33760
73280
-66470
74100
591
-40873
-8696
20738
-95299
-28331
4646
51233
-30623
-39650
-38424
-99735
39657
-65622
-16749
-50580
3824
-21763
-4073
-73427
-48335
19345
-24119
-31605
101762
-42661
8203
-30241
9957
-41215
31993
-46015
61024
17684
42827
-54983
2790
-11412
127196
-37181
104125
-23109
116679
-3672
88646
49456
80936
57622
76996
46817
36584
55618
65867
80863
9198
39544
-27652
86808
18590
123539
-16985
36729
-24170
122902
1423
112750
-91141
49017
28822
18547
-58914
102098
-114468
1228
-156335
78544
-122026
-18723
-66147
-31834
-146519
-16400
-73816
-83622
-90484
-72828
-92674
-105937
-44409
-70755
-73739
-154989
37185
-133510
9023
-145019
-10575
-122693
56590
-95314
25512
-139044
59099
-94549
129856
-73293
98140
-43073
60854
-33835
105580
-15112
165548
-22385
168782
28179
102248
58680
8139
74651
76138
72478
43285
129141
40680
136752
26849
123083
4331
161440
-88792
111083
-17527
76943
-37964
122507
-47761
160359
-138009
79837
-141802
158654
-153321
80502
-107267
1630
-131742
12866
-174033
10717
-145179
-112631
-147836
-110458
-65036
-115065
-48222
-58569
-80388
-56497
-89253
-93161
-11258
-132055
5970
-183165
28063
-106776
12470
-78371
-1789
-113735
64442
-127207
105691
-119184
-13591
-119368
147529
-128490
110145
-1040
182690
-51861
154483
17458
150890
44180
162369
27803
111523
82880
75829
139536
27825
75279
56266
163081
7639
121131
43648
162723
18454
130196
-52244
106660
-57770
148618
-105169
123466
-98754
180546
-157325
91827
-146049
65079
-103827
32037
-127792
47755
-99321
-58544
-108370
-48722
-148284
-91122
-82423
-107149
-134181
-104560
-66887
-46630
-41760
-144915
-67016
-215470
-8157
-137115
-34208
-109699
27152
-155585
116994
-102766
75418
-154433
152695
-93458
156201
-81073
88810
43026
158300
-26550
83081
-36646
195266
30642
130784
119692
121192
116605
64620
72104
118370
87555
27561
146299
55324
152512
6157
76409
-16671
115456
-19080
112477
-49011
113237
-10934
123201
-119463
70783
-163996
58725
-101635
81453
-42637
44706
-95156
-46381
-107348
49666
-100251
-5457
-79798
-57839
-100509
-87975
-125994
-122093
-64664
-85148
5992
-93400
-15367
-124554
8996
-97706
1047
-58465
43182
-132559
12509
-107568
51306
-74483
40200
-75891
74828
24331
69631
-93827
96574
-19121
43794
-58707
63078
12113
95722
35397
106679
15309
75734
33173
137429
41033
67655
116419
31258
49082
-23690
103613
56636
131940
49296
94028
-44305
133949
-33453
90925
-45500
99245
-81482
122087
-92543
37201
-56954
-1224
-136787
54184
-73658
35653
-70255
-29995
-35854
21021
-74100
-2793
-39159
-45254
-36383
-38317
16060
-106923
-54815
-60212
-53011
-70820
-112173
-84814
-8
-94873
-29267
-82792
-3143
-125712
-28275
-71601
4080
-75503
45230
-125292
7242
-17615
19009
-79650
74490
-3742
78500
58725
93065
8292
86170
-8818
113355
-10464
38933
86294
55475
8034
86693
46596
45125
8197
70418
84296
28622
47065
18994
45850
22750
38899
44988
23891
21327
81167
13185
97992
-8508
34558
-49132
55141
16802
26724
-101597
32610
-79714
40931
-48434
52288
-24585
87300
-111614
8506
-80297
40477
-97908
-54028
-61547
-77192
-31426
-26645
-60253
-69246
-44547
-60598
-22631
-73144
-48344
-49214
14537
-27500
-18274
-154559
-45146
-18797
70072
-107525
30006
-101264
30381
33892
65221
-42254
72085
14501
136696
-40082
126588
38225
86153
50985
65635
45655
79622
57552
63450
97733
67112
55370
85521
63248
32132
137691
12076
56231
-13982
53780
11154
50808
6599
61221
