#SpinCore Technologies, Inc.
#SF in MHz
#SW in Hz

[HEADER]
@CLASS=	RADIOPROCESSOR
@FIRMWARE= 3087
@SPINAPI= 20130917_x86_64
@POINTS= 900
@SF= 0.000000
@SW= 30000.000000

[DATA]
1319305
-942942
1695216
-944177
1831599
-635417
1999644
-244321
1980513
32243
1907127
405069
1837229
760682
1721227
1048224
1519822
1284857
1231373
1523335
906113
1697296
643114
1811697
250415
1929770
-92341
1901633
-394827
1821626
-681099
1726174
-986219
1563570
-1217017
1316159
-1422414
1184852
-1595064
850522
-1695053
591519
-1711325
266490
-1776328
-45777
-1776957
-405567
-1530970
-645471
-1451264
-982775
-1220682
-1145760
-1017838
-1350769
-760476
-1514995
-442706
-1608205
-172860
-1624120
94362
-1623431
415722
-1557897
693618
-1424721
928535
-1308847
1142044
-1110768
1249683
-879534
1370140
-565815
1531967
-381495
1476816
-55500
1494800
170211
1482448
458449
1325272
682595
1144490
969432
920705
1117854
774111
1223911
498011
1290738
258856
1416313
64739
1348512
-206117
1384525
-492906
1265563
-763027
1214661
-921207
1035336
-1064100
816998
-1202492
628782
-1255382
348234
-1319262
237633
-1307926
-81675
-1291369
-334780
-1208961
-503426
-1037445
-715418
-873307
-854988
-714247
-1013946
-508738
-1083052
-244779
-1200314
-60682
-1219500
96629
-1146678
390924
-1175548
510174
-1102135
756176
-901389
874693
-856210
988108
-564645
1173906
-400746
1150057
-209779
1157767
74836
1068166
187853
1050976
429123
957216
539094
836296
779787
628828
821790
448669
974626
290891
1051182
184050
1052986
-33953
1084325
-244436
929140
-486962
914795
-586319
850583
-686512
702525
-882783
597694
-901225
471278
-905995
354056
-922579
75549
-932198
-119763
-900784
-272445
-804028
-434663
-783109
-538464
-569836
-726945
-389448
-685369
-355995
-840662
-130732
-924306
5847
-873018
82897
-899031
298793
-849777
420292
-731828
568889
-665312
610940
-586956
765193
-423008
779849
-274280
841249
-120559
793377
32156
821599
219919
769649
310694
665992
444002
641055
514156
450423
603296
308256
657080
263013
767339
109717
734208
-79768
682991
-229918
696122
-360765
643023
-347769
670320
-489311
579809
-562219
314894
-660991
252174
-714862
175782
-690003
106331
-650409
-84143
-673735
-161795
-624611
-300164
-546326
-416084
-452904
-505224
-410378
-513881
-286231
-608803
-137149
-665308
-86014
-724857
95413
-651373
178752
-623994
280082
-586642
373718
-563731
484915
-387102
557513
-303378
581231
-223306
592944
-112401
598343
-11918
510837
57975
605330
158365
493449
295553
404710
304530
413011
423585
250358
444343
162765
568633
71413
511049
4511
546062
-133029
529894
-223028
534057
-329832
403578
-327436
331811
-468886
308779
-451973
263320
-478859
245698
-522671
59916
-523582
-76070
-505642
-68675
-411748
-237360
-462593
-174776
-381287
-321902
-326319
-429364
-247521
-377526
-130482
-456179
-24807
-467384
54698
-406675
47771
-390922
128175
-436922
189495
-339539
298381
-284784
334863
-178002
389517
-114276
416307
-112778
380553
-22232
406901
18981
365774
117603
330225
193146
305463
271739
243127
327801
166073
357719
180803
342817
106106
379519
-13789
471075
-46983
392217
-148929
346684
-174749
346574
-216011
339399
-291881
196661
-290445
211395
-326343
101914
-356747
92317
-309625
-5907
-301390
-76027
-304184
-145495
-234727
-194431
-258001
-225038
-190974
-296155
-184178
-281289
-138187
-356523
-44220
-277492
7129
-365031
153321
-277859
184651
-280333
188948
-243285
124564
-253157
252180
-200370
260728
-106324
312961
-114568
349270
-40794
296665
57182
252069
21533
228461
100817
151876
119105
216679
241362
126743
262594
146147
220701
37484
232464
14672
251104
-19657
217238
-53149
214565
-83184
174728
-101487
261014
-155482
177081
-237718
28423
-194043
-31020
-161465
24430
-232672
-32863
-172397
-117760
-169950
-164531
-174557
-130458
-94281
-112632
-109795
-124516
-17516
-145099
33843
-232548
-14926
-223242
26232
-257726
47295
-193432
44138
-219799
132370
-175408
98475
-119848
196751
-107794
166065
-47729
224586
-37535
131267
57303
195695
81728
121009
26698
153203
69105
76864
133602
80120
129661
25325
156562
26354
143586
80303
138903
39446
214118
-27494
184849
-78385
122268
-53438
38413
-36300
88420
-216807
85803
-103620
69476
-117698
45665
-160669
394
-100714
-45918
-89585
-98881
-79469
-35955
-114113
-112825
-111469
-54576
-62896
-94839
-56513
-96059
-84153
-133208
-19677
-104943
55273
-100925
38756
-141186
91883
-113112
50477
-9103
52132
46129
26994
35083
87025
-17482
135184
14769
90623
20119
91954
89786
46873
64058
53173
79261
67743
88630
11663
101077
54274
42777
-31830
49758
-15034
36679
-39734
29851
-51361
55117
-12798
48365
-22804
72627
35
64234
-20905
97417
21716
-25786
-54356
39773
-57373
29129
-46100
66611
-37180
24950
-61978
-31700
-16620
-20086
40615
-14873
-86147
-57242
-85663
-63073
-9017
-31518
-44714
-89518
29
-10514
-40005
-22215
-21453
-22431
38969
34723
-2276
28581
25322
701
60099
79911
69961
12962
59373
-16902
65259
39254
-46825
27716
27665
47662
-15055
-16093
-22540
44146
26990
-49509
-3267
-18552
31540
-4068
5963
-609
-29538
53349
-9305
-14678
-47006
20887
26454
2360
-27943
-47254
-46503
-43194
-7727
-50919
-6161
-50184
55502
-68756
-14394
-75344
33261
-35823
33198
-85916
28409
-31972
26616
-17718
48596
-47227
56576
12335
-5516
40314
28207
6819
31727
17224
8393
-6690
-22245
-14037
-10348
59058
30819
-25086
62116
27036
-24506
67631
4355
37608
-18915
45452
17218
38357
-8740
107671
-4376
56242
-20468
9485
-53115
30668
-50378
-25907
-44546
-25152
-26380
-16419
10519
-10306
-42787
21915
-5623
-16692
-57696
-55153
14185
77005
-24767
-11758
-26582
-54637
10736
-34045
30027
-86654
15734
-40102
23231
-13153
57811
-12326
48317
-65091
41646
-31877
33583
-40035
112363
-16398
53201
-61724
-18188
2926
67836
6357
30197
5327
-25427
1394
36045
6715
12672
-101
-30238
-3874
-1822
14405
-23239
9857
-11976
71121
-18552
61767
-44245
93745
-36558
83794
-40750
42600
-57363
17058
-91033
9188
19561
15835
-74787
-20048
-22131
-23326
-25719
-105738
-17388
-34281
-36559
-99481
-75491
-58033
35203
-100954
-16672
-74033
61512
-87417
86456
-57630
16653
-80099
36131
-7666
8294
-63789
52468
33731
57762
6173
28822
30155
46906
61703
65773
42439
2299
137870
76421
72034
3444
9569
-16698
34894
4614
46265
-32272
35478
4927
39268
-42539
16886
-4424
74500
-55851
35662
-36025
76626
-66551
52504
-55361
86265
-112387
6069
-55116
62542
-87076
-76236
-4431
-15614
-57941
-80685
-94368
-12067
-56321
-42995
-54764
-79669
45620
-60409
4184
-59420
-4327
-54708
-88191
-55962
-7003
-108961
50309
-60037
22777
-77100
-4993
-74786
52999
-19952
-16494
-38623
63095
-23534
143681
-55713
93566
-12834
93147
111757
96018
26212
53933
63679
17449
67675
27818
98029
-7952
120786
30140
161620
-39465
165929
-45075
154883
-10263
101388
-34258
55156
-73068
46557
-78966
112564
-76432
-8027
-156762
113918
-75278
-10743
-94312
-8519
-11630
-10764
-93029
-16074
-69546
-102611
-64340
-87339
33513
-28061
-53556
-65802
-58203
-51713
8046
-78914
81975
-94550
50048
-91202
63288
-169640
47444
-11119
53914
-50330
77504
-37666
28159
-22936
33623
51515
11058
18043
58673
16064
26468
25870
71801
64421
85088
60821
47469
90630
56109
77862
-26564
66959
36404
99572
-41774
83755
-63736
-27697
-53061
80184
-98078
15657
-98413
49438
-101951
1545
-67165
11675
-66594
-13257
-15138
25322
-51790
-32609
-65162
-69781
-54680
-26097
-28491
-64530
-31049
-49310
-79209
-31633
-14795
-37820
102308
-64070
-26743
-43343
27503
-30131
60894
-29109
14198
-31626
46027
-25622
-9349
-36004
67506
-29857
56660
-15335
28311
44202
19291
-43976
43054
-4446
843
25375
18249
-1446
61042
46434
11293
62202
6208
113380
-6057
56822
-45106
31360
-49647
-750
-42345
-13631
-15252
-7939
-11314
45865
5695
72276
-25080
-25204
-37858
59323
-44672
68371
-34021
-6517
-22283
2081
40324
-14257
-21678
-13206
-42940
-55804
35686
-39558
21258
-31450
-65276
-54161
34980
-70893
-18761
-29231
3682
-59617
55028
-80845
71231
-6063
95669
-55088
49778
-59724
37736
-74141
30692
-15470
36334
32969
63500
35504
9669
-47445
76880
65514
67839
28667
-20004
73296
50461
77504
-10959
94895
-23927
49040
5635
-35323
31494
10695
32730
23645
-31031
25850
-28595
47576
-10410
27667
-49463
-6374
-25984
12393
-50481
32696
-87452
29919
-74192
1853
-19667
39591
-37964
-1259
-80851
16235
-48258
29751
-74088
-69759
-27847
-61365
-26195
-6218
-8089
-31237
26331
-77048
21471
14258
-7258
-37554
63415
18563
65878
29472
14167
44486
48314
15783
40532
31199
20959
-12256
103760
-3077
40997
-9420
-9235
7208
13091
27214
-13101
51914
32362
838
-28182
9774
1716
44559
23940
-21637
39923
101009
20194
53872
-5224
73695
-28339
-80432
-8352
10219
8713
-15233
32254
27768
-36555
28720
41693
22302
-32866
-3535
64090
21764
31474
6190
42013
82175
11215
-18583
-17722
52235
-10702
-59769
27822
5928
41628
-9724
30489
2251
3460
-28086
3539
32666
3781
-46283
-18136
-679
43344
-47070
41721
16306
-16258
37857
-5603
-9102
-14671
46987
40953
40741
-22917
25342
-40719
38015
-27986
5473
18561
32003
-58902
11510
12479
27523
17058
667
-31059
5564
-33343
54248
52792
-9710
-19017
19399
10259
38403
-9014
-18924
-50333
17697
-41085
-18412
-43639
-38679
-31889
-20467
52316
-97298
21399
-33303
-13301
10679
-70737
12358
17928
63503
-46831
67480
14323
36657
-36
46297
-54019
39293
15236
-9783
-24980
-1467
-26152
-31740
-894
10507
-51948
-18508
88248
47788
-60414
10738
-1217
43445
23182
-47123
5380
4136
-5034
438
-20303
-35041
7050
21067
35746
-43092
-17474
-43437
-22073
8775
42029
31858
30919
-193
-10158
-2949
7228
12817
51400
-15589
50859
45914
-56636
32617
53333
67684
-31271
28586
35389
32689
14902
34535
5734
8354
20917
26035
-31095
38424
29818
-26593
-44393
-13497
-31993
-56055
-33527
69859
-16711
39648
-2984
-10311
-37956
-55530
-63955
19696
-35205
25551
-24752
-25716
2232
-6227
11182
16140
16163
15143
8539
-84114
-13775
-558
-28440
-36507
-70153
-57753
-28099
-61070
41814
-32778
25175
34478
35120
-20449
21471
23798
-11412
-11794
-9350
28242
-10916
19517
55252
13215
21566
-2911
12274
56086
60402
20206
-15345
19551
26092
3711
-9523
41095
6908
3735
-17319
-11510
-52849
74541
-8854
35476
-32434
72632
-58479
39677
-34517
33232
-28560
11650
-15856
-1987
-4702
-60262
11501
-27668
-34342
-45570
-51115
-39799
-65829
-28868
-40208
2326
-20320
-13380
-49566
41087
-5196
-58128
-71686
-14637
8814
-30892
-60025
-37950
-52054
-69188
-7155
-43101
-12708
-77891
26931
8606
59622
-47168
44515
-57505
-21239
-17810
37508
41636
50567
18534
20480
32717
39786
1570
33035
-52925
50635
53396
-28793
16347
-22112
14273
1946
73563
-1608
86661
-48108
-8263
-82015
24339
-28231
-6389
-54598
11280
-32632
19074
-42117
-34467
-12747
6786
-32722
-31426
-81396
-56634
-15676
-130117
-76958
-54325
-40032
-57994
17363
-61196
10721
-14334
-71126
-35210
-8468
-20015
11203
-53164
21853
-88300
-55334
-114961
-50032
-2004
22460
-17856
12996
-57485
11413
-13970
8445
-61117
99959
-44610
23099
-48949
34756
-14460
42186
6276
41874
-46659
12074
3198
-11641
31107
36161
-41415
17343
50022
-73949
-30813
25936
16769
6448
16982
-13396
67075
529
40034
34161
90752
16221
-18226
-19658
-35049
-58326
-41187
20647
44835
9026
-23939
30240
-62115
-16266
4869
-146
-43673
-67737
-7897
26633
12290
3710
-26164
6526
23308
-40262
-15379
58622
-66618
-46904
-85652
-44271
6646
18325
-60633
13411
-33659
65502
18275
51639
23233
-4897
-1418
48996
40601
49842
71642
1684
34312
9078
16718
-49130
-9250
13223
22709
19476
32963
22988
-43140
-24500
22916
-15009
3298
27138
52155
-19129
-5272
47000
-19237
-4178
-34805
-59721
-16205
10831
15213
10333
-25822
-3262
-12642
-71619
-22667
-15586
-8475
16328
-7078
3641
-12984
-33063
52226
39905
-26680
-5763
39501
-12582
17665
-15137
-72213
-72362
89796
-30462
34543
65696
35659
-17911
-44545
-44329
-57466
5271
-53211
-56768
-23269
14977
-3272
74251
-8944
-7923
-1830
32769
11941
-29
35697
-1561
-28842
68881
21418
32610
35324
-43028
25677
-10157
-9343
13816
41689
48498
-20578
-8233
-39506
-10738
42144
-1702
-23547
17961
12258
-9634
-4843
-273
48727
-60712
42987
3242
-3803
-38532
-34704
22805
4799
-15651
-18306
9833
28553
14553
37968
13
49586
-48859
57498
-40411
-20260
-11894
-905
7089
12187
-52596
5435
-44172
-35252
29510
-39291
-11943
-36941
-7276
911
40840
-19675
-42352
21524
10134
82894
-11189
53372
59898
16379
64183
-44718
13101
30285
7404
-2109
69038
-15800
45832
60379
-3857
-13678
10142
-12702
32397
-2897
21461
16335
-21785
-3723
-2509
15384
-47394
9553
53882
6679
