#SpinCore Technologies, Inc.
#SF in MHz
#SW in Hz

[HEADER]
@CLASS=	RADIOPROCESSOR
@FIRMWARE= 3087
@SPINAPI= 20130917_x86_64
@POINTS= 900
@SF= 0.000000
@SW= 30000.000000

[DATA]
5237296
-3902196
6976389
-3584792
7698544
-2301167
8005215
-988765
8067876
407866
7828306
1807325
7442817
3224176
6753497
4432920
5844013
5453238
4790491
6391770
3560129
7090156
2236397
7567784
836353
7762085
-536674
7810230
-1813159
7577892
-3111446
7138463
-4245097
6420917
-5312570
5450597
-6196321
4449076
-6804860
3305535
-7208357
2048749
-7404686
720493
-7413484
-532987
-7121714
-1895165
-6592894
-3057852
-5980304
-4182322
-5041204
-5096182
-4002780
-5916113
-2901319
-6374743
-1720787
-6775296
-459859
-6907111
816736
-6833321
1969206
-6520746
3043981
-6037811
3997369
-5352078
4924411
-4558055
5608110
-3552006
6012295
-2441428
6345261
-1333908
6390446
-199992
6321334
1051185
5973197
2029716
5444683
3079684
4737984
3982258
3937947
4720011
2930204
5304140
2072893
5680647
948044
5882801
-106180
5933192
-1214718
5772459
-2204485
5445021
-3137338
4819364
-3901346
4179067
-4515910
3367393
-5077732
2518042
-5390997
1478710
-5465764
514988
-5518293
-469470
-5263995
-1369057
-4848903
-2432946
-4307957
-3176854
-3636064
-3874113
-2863272
-4404957
-2053501
-4805803
-1056627
-5076680
-140727
-5168197
831115
-4990359
1644206
-4760343
2488488
-4365271
3179486
-3814121
3811656
-3134913
4261961
-2410420
4599607
-1546748
4745082
-710212
4763422
129800
4642697
1028167
4360906
1836375
3893238
2533985
3417249
3164417
2760896
3629883
2062414
4068331
1288549
4397222
457602
4488977
-334175
4398253
-1210320
4228646
-1863517
3941410
-2487256
3505045
-3001441
2953521
-3534268
2426003
-3834507
1653077
-4067057
968595
-4042177
222517
-4089529
-506153
-3793185
-1217881
-3563830
-1874925
-3137920
-2456477
-2577686
-2988197
-2040068
-3316701
-1396709
-3562981
-744998
-3775267
-24671
-3829278
649135
-3668522
1279128
-3454929
1809986
-3167560
2357837
-2779621
2806489
-2236147
3102051
-1704121
3369796
-1199786
3495787
-547538
3472279
113146
3374006
743583
3121055
1295573
2791610
1763306
2397160
2298911
2016749
2602639
1496585
2932106
906250
3183587
318955
3215517
-271091
3182396
-803001
3044605
-1290174
2834855
-1739749
2581311
-2110868
2192809
-2540049
1717548
-2803217
1201591
-2888778
745952
-2905660
219664
-2923027
-332531
-2812630
-857560
-2545155
-1382017
-2265340
-1697024
-1898903
-2083286
-1476312
-2349443
-988291
-2547905
-544632
-2641719
-47631
-2624250
432463
-2664566
790985
-2563453
1265049
-2307336
1665524
-2072394
1997155
-1681797
2249734
-1261449
2319706
-840054
2445055
-437310
2455191
2812
2378103
348461
2322521
882452
2066266
1259200
1782830
1572978
1398551
1863266
1125798
2035839
691074
2200668
337849
2267406
-66429
2314221
-516052
2153347
-819362
2038183
-1232506
1820793
-1526843
1560676
-1689019
1275684
-1899013
910319
-2005408
534308
-2013811
244192
-1977807
-124955
-2001499
-462041
-1763988
-784658
-1687407
-1109726
-1408401
-1334679
-1101953
-1613207
-812027
-1721164
-483674
-1840756
-172724
-1914830
132211
-1846182
499294
-1777751
808675
-1661222
1031049
-1395410
1343193
-1227891
1500325
-933579
1628364
-703810
1690478
-358714
1733178
-72559
1653463
231432
1574979
544847
1454061
776332
1301211
957178
1105624
1206199
859342
1323352
504935
1441365
259066
1466117
-701
1545156
-214027
1483114
-469441
1354320
-708054
1267588
-993491
1103290
-1128206
880105
-1229603
765868
-1294086
420315
-1367360
193019
-1387901
-107662
-1304371
-283285
-1228002
-542535
-1105301
-661488
-1006216
-848661
-864672
-1083733
-568212
-1112203
-363229
-1276761
-165906
-1260013
97785
-1206800
370636
-1214157
526580
-1119382
679637
-929115
822261
-836065
960746
-664896
1088983
-445363
1142445
-320699
1111238
-71975
1023633
138729
1052697
308055
972520
515423
819452
632427
644703
813133
512352
857561
379453
946775
209613
986644
25163
955750
-95469
995520
-317031
927514
-503474
818922
-582767
723382
-737001
556415
-855777
412332
-773786
257765
-937551
146434
-905914
-96341
-790666
-219506
-753205
-329467
-619311
-473149
-574187
-599163
-519402
-706426
-407620
-740218
-225939
-768243
-7669
-859059
158609
-797948
185460
-726502
270865
-683423
464796
-614769
541320
-483345
571349
-340397
685184
-245699
589123
-158941
630866
-740
665976
153437
619167
273813
541512
414424
469095
378347
374939
443882
226274
504959
199727
567901
80481
570583
-49770
607026
-135555
575643
-188057
511564
-380061
405788
-334369
298534
-444337
245381
-482183
210051
-470797
101529
-551535
11971
-484740
-108365
-454287
-172072
-422871
-244329
-447309
-308974
-315597
-384183
-226243
-371854
-96489
-404064
-23907
-442286
44636
-353369
135133
-409857
194940
-343013
211670
-316804
305702
-229061
271333
-290755
341175
-131724
334745
-133358
336710
-66307
319870
100400
236236
131083
334792
209386
243119
297438
204464
261515
153279
342358
79049
273205
-39059
340809
-40984
233005
-112601
214652
-95544
205327
-143370
169566
-204380
173733
-221252
153716
-259254
86471
-269660
16806
-229752
-18731
-172315
-97231
-205332
-186453
-218390
-177476
-122926
-150625
-164639
-209344
-35740
-154655
-13392
-219394
-17900
-176465
98397
-178314
126149
-180349
191550
-130720
168954
-94780
190360
-35010
144788
-10211
156124
-39319
130025
12525
168153
-17562
147026
72178
68057
141265
74304
110898
45036
177522
28533
104200
-53708
168557
-49808
131121
-64119
147060
-167893
116998
-143389
30369
-84193
42974
-149294
85271
-124811
44226
-190565
36145
-147477
-89221
-159271
-79075
-88306
-95221
-37942
-155148
-53040
-125936
24771
-128957
59676
-115991
46275
-137632
1939
-137685
76966
-26040
157014
-34567
83349
-90513
190299
-86951
170738
23955
87600
-4513
128559
4304
176292
88354
174839
106780
109261
114363
90127
173025
-70008
157252
-18518
167695
-36076
149085
-42914
133984
-95618
181788
-187907
96958
-174777
98422
-177296
76959
-155395
49159
-213426
23709
-217180
-30016
-156872
-90608
-185647
-94249
-126993
-134201
-107277
-201508
-48343
-134416
-22891
-131451
2514
-209855
12861
-215090
24894
-252760
111526
-161015
141801
-174324
100305
-127099
170808
-73467
193261
-71828
231792
-20452
201756
-32744
173852
28628
214091
86409
216002
139447
106822
133416
111757
250674
129632
219238
67940
244254
26634
256461
-49380
200188
-91213
250034
-102182
215461
-124559
223930
-163403
211977
-272995
168019
-252344
67926
-235342
47295
-260478
-26301
-279452
-54953
-235353
-107891
-263985
-137070
-174739
-176752
-135621
-220177
-107648
-255385
-122482
-265182
-45755
-302305
35150
-275277
115679
-276358
97648
-229496
161184
-246657
229219
-166514
216874
-123659
204999
-119164
282423
-72632
336147
-34852
286053
69906
291951
92961
222174
90646
209549
129469
172777
169846
151336
246883
96053
256776
87993
292795
-1049
334467
-61452
287203
-116407
296683
-244901
341915
-124936
229079
-247433
158098
-266176
111055
-257565
64188
-184142
20954
-263091
-59470
-298697
-117883
-296474
-108381
-182597
-250305
-214218
-175593
-133516
-272493
-120319
-255542
-59996
-310388
25318
-327464
89407
-285733
90573
-222060
151141
-268506
142026
-293896
201061
-168982
249805
-162130
291223
-122419
314919
-66310
303765
-37706
339247
49819
251185
187470
195372
150045
196731
254293
144066
326713
136164
200206
2905
205709
78176
246884
-79159
370961
-84961
303577
-179386
303338
-184766
270095
-261897
192601
-294892
139215
-319318
94647
-339785
73843
-263471
102600
-417784
-6958
-307843
-89506
-256313
-128842
-229246
-165830
-218963
-184647
-151273
-294209
-72542
-278836
-78636
-344992
-60481
-320433
59579
-318996
132133
-363847
193818
-229898
248847
-137500
233401
-170210
265544
-160925
367616
-82161
363902
-24393
281362
-1924
277891
60178
257181
139919
189770
162210
196801
297301
146812
204061
153320
336268
92493
213056
-47496
272593
-6752
363207
-43139
300847
-172450
261205
-250060
213771
-204803
234800
-277144
163111
-273020
36143
-315061
40829
-258484
-11860
-270136
-77967
-238675
-109511
-165639
-132874
-234373
-215504
-169072
-225731
-176254
-245982
-39225
-291921
-37756
-310090
86892
-226750
94796
-291944
149670
-209605
145293
-242643
271615
-209484
274164
-156962
232761
-100228
208243
-29039
253503
-24793
285314
-2097
285110
76359
292390
136249
208409
197552
201836
156335
196105
210498
100870
258524
19717
164125
-22630
221746
-90261
217433
-41878
265538
-54117
204841
-213103
124990
-126660
126215
-213865
121488
-169159
78365
-177832
29543
-229699
-19538
-229189
-45247
-168801
-83702
-166240
-96857
-176682
-182352
-141506
-183039
-134688
-216868
-11536
-194400
26301
-191592
22252
-239370
109363
-248079
117102
-114327
176458
-128012
139249
-47626
133499
-151220
153878
-67941
247204
-81281
192898
58903
198419
50043
149909
68551
139072
85830
153050
111162
144042
110991
100625
225868
27167
152062
56853
189875
97213
111574
-36754
175723
-15146
127418
-85336
111169
-83721
106226
-90943
83179
-126569
81235
-51029
18195
-94909
28855
-188926
58799
-159913
-12401
-114361
-72095
-115679
16786
-157773
-143995
-20524
-85739
-70432
-77877
18047
-96757
-48271
-104554
-80507
-91413
9892
-109373
23424
-110836
85804
-123727
111181
-88377
125388
-100018
131002
-63674
152020
-22488
94772
25
113126
10979
78530
-1015
84614
2343
57814
50558
88517
43976
74628
21712
59535
81030
6858
136177
-31889
32507
-27142
122097
-18469
117307
-52348
93675
-65875
54655
-81480
52972
23175
56127
-53489
24028
15617
-54475
-10201
24857
-23987
13553
-73441
47836
-26704
-38113
-78252
-20573
-50095
-48104
-70435
-25407
-39219
-83679
23495
-8728
-47523
5209
4283
26253
-3241
-77731
-65317
45534
13656
-49084
-26239
-43726
36541
-9021
50821
-36020
89474
-34466
11818
4968
78457
-36210
4709
19476
-14730
-46678
-8375
-33584
48760
-3038
40476
-8036
31475
-18414
-13841
-13683
-12498
-21561
9627
22669
24056
58909
1211
1461
26378
18617
37870
-28038
8897
28017
15067
10328
-21833
22446
49164
6226
-6586
19781
-29852
-35222
5182
32891
7797
36292
-37676
17339
-6950
-20135
5005
41988
-69306
-20174
19054
67387
-103600
-8537
-57851
43196
-28881
8276
-17598
-24643
-5461
-49083
-14379
-24753
-101873
-44017
-27367
11494
-34109
-124218
-3120
-36137
-7242
-71
29572
-9928
-41536
-72553
-20357
-4965
-2338
-18436
65600
-83982
-25108
-49903
50647
-29371
-1265
-45076
-1781
-4967
47660
6955
67704
6670
86655
-16369
54740
-28475
118803
3433
74040
56815
48322
-6989
29338
84632
-16376
101551
10582
28599
19772
30579
-1976
43139
8169
49174
-6007
30540
-15399
72574
-85966
76812
-21690
8523
-32440
35347
-72184
26568
-12123
-12035
-66844
509
-26301
-13091
-83980
-43220
-64592
-75844
-81058
-66689
-77480
-48659
-53782
-145909
-50124
-163264
-15909
-57640
-51483
-73312
97953
-172781
8226
-49738
59228
-52819
73380
-20389
72429
-61749
23934
-55226
102347
-47239
126745
-42457
146404
26778
155185
85419
54460
129057
76450
-114
24131
-8089
75207
47491
-34816
51204
57203
43566
34391
95699
-67089
61791
-42898
50600
-39966
93206
-10336
57893
-72940
122282
-28571
104324
-90023
-13750
-118795
10849
-122110
-44169
-51691
-29292
-48135
-37684
-26231
-11222
-57462
-66187
-75777
5652
-108868
-63088
-84011
-132230
-38815
-121703
-14553
-99521
58993
-65840
14085
-97271
106153
-5291
91585
-44340
84614
-61442
32023
-37466
79373
-114820
113535
-80719
181948
-8041
129071
33713
20962
82558
105289
81230
20857
46034
84409
103624
25733
13082
15978
106203
18038
80688
1177
95111
-20223
100337
-43102
91723
-47665
52569
-54642
36739
-139848
43370
-67599
122472
-146645
46432
-76558
14581
-36738
-11240
-81751
6573
-83332
-45114
-107343
-62031
-55245
-70142
-26330
-99044
-146047
-81138
-47635
-32394
-5305
-82418
77391
-91943
43711
3127
44314
-74744
81715
-72564
150739
-40563
81235
-28482
35402
-33410
22778
-14776
87059
50348
105934
20406
-7654
-54342
122199
79912
62522
43888
66618
36753
97200
12910
1447
87210
30399
108877
-51090
49758
-122092
51906
-53380
50623
-80452
81672
6360
44680
-51420
49994
-61867
-13256
-90798
-16579
-111990
12160
-65004
6565
-69746
-41688
-56666
24186
-18793
30145
-79835
-9630
-69507
-82878
-82680
-100411
-38459
-58980
-38953
-41456
-54282
6204
-78453
-84787
12012
-38969
-21791
-98361
37830
-78917
102450
-82964
45933
-27793
25496
-40262
88784
-24422
-7981
-48492
132789
252
57621
23367
108419
-34473
34221
87275
-19468
72426
-8912
88932
30875
83067
-13915
32433
-14680
14318
-56677
21850
-8537
31629
-10086
21056
-17640
37682
-26565
59240
-34891
97136
-53920
-14167
-73478
102576
-73019
12817
-69859
-37448
-20682
11310
-97019
-18929
12596
-26380
-45491
-70089
30373
-14558
4497
-54330
-14258
-27788
-38099
-90789
-14683
-29096
-58544
-43404
-20200
-35190
5941
-95817
63031
-51918
63864
-35132
45451
11358
112408
15457
39354
15793
11144
-22823
76769
-1717
118088
23937
52896
15941
126332
10848
28522
30706
15560
-7360
71014
36585
71429
17662
18136
61159
1925
68789
51878
63706
1647
65160
-9451
24093
-54258
84404
-36993
30560
33057
42905
-68629
20055
-69572
59214
-45108
-9891
56263
4409
-64146
17494
-67863
-39819
-5247
-1817
-104907
-30213
-135702
-17443
-66134
21270
-93500
-96096
-11693
-90308
37674
-35405
31006
-41725
60577
-55704
-33616
-30521
32975
-26446
39177
1473
36750
22479
79536
-12022
116450
1670
-34849
16206
38233
-52493
102447
-36422
40960
24455
96701
-21498
49335
203
-5320
51924
4456
38063
56091
69712
17296
77995
-48801
78285
