#SpinCore Technologies, Inc.
#SF in MHz
#SW in Hz

[HEADER]
@CLASS=	RADIOPROCESSOR
@FIRMWARE= 3087
@SPINAPI= 20130917_x86_64
@POINTS= 900
@SF= 0.000000
@SW= 30000.000000

[DATA]
-1145830
812489
-1456853
793677
-1622626
603461
-1740147
256028
-1788714
-94476
-1742809
-337957
-1646829
-681907
-1550847
-969411
-1300152
-1189938
-1089677
-1397535
-839733
-1542595
-447898
-1649594
-243370
-1643665
71615
-1681705
394720
-1712117
675025
-1542457
883513
-1432070
1096701
-1158939
1322400
-1012679
1506756
-732423
1652332
-489911
1617393
-179708
1653763
79977
1564824
337614
1489335
653106
1360672
819984
1136231
1064892
960659
1265858
653666
1421542
420579
1513727
76711
1587724
-105806
1499353
-412258
1429260
-710915
1357187
-862348
1198711
-1022567
1016030
-1243006
804215
-1307508
549439
-1431848
347030
-1430566
13819
-1421834
-170432
-1295435
-461669
-1262036
-605290
-1123477
-887018
-883863
-1017350
-791049
-1186019
-448765
-1278179
-278909
-1346954
-35001
-1426865
250340
-1321808
442015
-1250606
607652
-1135515
822797
-992100
972500
-794085
1137631
-600127
1216965
-374428
1217030
-168574
1233050
64230
1187901
282160
1086694
478227
996869
648097
869413
769550
678388
952702
478667
1074352
267569
1131937
108762
1110279
-120493
1127960
-334201
1122240
-461116
1007717
-686379
868228
-812913
706446
-929228
559633
-989536
323181
-1059548
135437
-1039646
-37219
-1017511
-165030
-929928
-374951
-868384
-518035
-723260
-675995
-666083
-742511
-476225
-822993
-328791
-945963
-147879
-965657
94210
-969345
217045
-961300
356418
-891942
583688
-827087
701143
-648694
809738
-570998
826600
-341300
880090
-260582
888730
-141402
935971
43654
875698
225871
703439
395976
677654
545526
524749
655610
450333
732582
333247
762457
157636
808232
51540
781939
-112318
779517
-251052
765216
-403058
701688
-500005
646218
-613338
545748
-664871
430656
-736076
329575
-770164
148377
-731023
-5947
-717600
-103888
-692115
-228833
-675973
-341739
-569860
-490000
-448953
-545927
-268820
-663207
-210813
-644370
-39052
-677855
7014
-728527
162374
-684865
304939
-628921
336791
-516767
472362
-471497
522981
-410683
598747
-281824
599481
-217263
649090
-59554
630620
56365
629889
147839
575744
316490
504014
326063
461378
466084
328656
539382
263367
590770
201417
620061
133115
528258
-49891
583843
-128843
553605
-198370
521689
-302932
446313
-405565
398812
-415179
255384
-492407
207697
-475350
61466
-516530
871
-538229
-114891
-456078
-219953
-382012
-222969
-378298
-324718
-356872
-424972
-272935
-458039
-170641
-510416
-94433
-485808
-96706
-486976
59996
-478071
180696
-377241
134469
-459676
310033
-248286
340150
-376152
437195
-281867
440031
-153932
422662
-111955
457459
-40588
443785
77304
434020
123020
322671
243158
315495
342111
288917
314210
285713
374460
88366
379257
64623
325777
4700
389684
-83942
339255
-171758
321608
-163953
325121
-272118
264379
-289187
188652
-322456
136294
-324607
148483
-341217
3292
-404545
-44516
-318690
-82541
-293601
-121187
-292242
-214382
-250902
-240612
-200620
-306213
-132056
-288014
-8596
-307998
7218
-321704
19818
-334544
92127
-335674
126410
-276966
109336
-277782
220679
-270948
270847
-205953
345423
-123095
319382
-56112
280883
-33005
298274
-10916
314530
29119
320364
107460
263353
131293
211914
172211
120938
208833
55130
265685
53432
230359
-17582
259799
-72306
277708
-144770
242302
-172912
269020
-159030
251827
-238977
147857
-240263
84442
-235368
77633
-271250
11240
-220079
41083
-236329
-97411
-210015
-67288
-169444
-198808
-126575
-148978
-44186
-198345
-83155
-220653
23111
-275844
-31696
-250708
58284
-250722
24099
-226893
73520
-208411
181765
-143802
146440
-133929
142630
-145928
170124
-86799
108631
-84092
186518
97214
143490
2215
131921
74702
134234
23143
128576
105691
127345
152951
98212
157852
93305
162076
28508
122275
-45773
150823
-2471
230945
-118514
184067
-86130
99925
-111313
143095
-132832
66505
-150889
29810
-70873
58699
-115227
12343
-131670
-33405
-152967
45821
-159478
-59418
-97652
-70348
-156400
-107607
-65123
-155808
-87105
-132099
-61821
-119323
-100407
-104380
-22037
-174860
81276
-53773
98405
-113764
66389
-141698
71261
-39286
75430
-73229
94403
9237
154085
37205
136471
52567
69546
60837
91761
65741
69490
81693
59818
53359
36190
62722
65195
90071
21297
50130
57147
115805
-33110
80108
28376
45810
62967
36817
1948
71074
-38246
104965
-35672
64750
-97712
-5251
-73030
907
-34442
8481
-78710
-4082
3749
-17417
-7668
28691
-81420
-18558
9570
-26127
-31661
-76538
-20986
-36106
28314
-100603
-6289
-97475
29507
-57410
55506
-5692
22806
-6201
58132
-65272
19004
-46562
70341
-45820
17267
-17811
11916
17487
11649
36756
68774
11166
77566
70710
69303
-7927
48770
41333
56134
32512
-18562
22037
33713
65113
-78223
58540
-26394
21769
-40070
-4074
-39786
-6363
-42533
-47270
-2673
3056
-35455
30619
-74532
5685
52435
-80089
15275
-278
33317
32796
-27203
-85345
77086
-32889
11253
-33954
44977
-24227
43622
50224
36458
14255
82799
-583
42943
35189
77493
9277
28913
85823
47861
68297
70917
64207
-7339
30905
-33232
-55162
-18676
67831
28626
89064
-28136
60072
-11335
14159
62167
78192
-29823
-8367
-11658
21535
-28277
4046
-52454
-2259
-2773
86180
-67329
-8725
45668
10897
14864
9857
29850
-10047
-56781
-61152
4344
24593
-18114
-21680
55058
-35106
-64997
-17086
56050
-16352
13892
-63131
57995
-52261
34037
-34850
38521
-53076
86266
-52649
86476
-41965
63729
-29359
66704
-8210
57880
9575
77307
45396
113437
12969
7284
97235
14122
33351
-47026
46979
-1627
-7505
-20640
61956
-37696
54562
-23266
16523
-62027
27415
29728
-3809
6034
-17856
-20787
-2461
-26706
-1263
-17512
18220
-11135
-30892
-20651
-3743
-96995
-45691
-39668
-52847
-29792
-36641
-20087
-120390
21280
-97452
-1238
-70044
61828
-64118
70702
-72380
-30145
-9786
57269
44806
26359
1288
151557
-35556
65691
-39764
-6654
-26039
97435
-20042
-4923
1322
180517
-35476
122580
12267
19012
40962
85483
91467
57754
-6280
75773
60135
11035
53020
52213
93676
42889
69319
40470
20296
27369
27788
-48565
94619
-56006
65632
-36649
9778
-1972
47068
-38355
-51194
-99825
-5772
-55887
-47717
-62627
39484
-54289
-31248
-21531
-93989
-36096
-22347
-73843
-38546
-90297
-60759
-35460
-91029
53538
-103592
19574
-71250
94977
-35175
65805
-35600
84961
11047
38959
-46941
82237
-34882
110519
-13197
40912
-20815
32367
20180
50179
32718
49884
29927
63558
9474
28237
32876
5923
28740
-41539
6720
-11809
34977
6054
60218
-28034
73243
-26335
-3707
-44522
109059
-88851
120691
-50414
69475
-82625
90365
-30182
-14194
-104984
18319
-71941
16517
-61936
-40083
-117322
-33022
-82439
-123857
-43716
-32104
-75090
-105818
-99383
-110122
-55613
-140039
-9099
-133326
25914
-70639
70471
-87336
54595
-86037
150386
-71054
101826
-13054
68885
-42229
54611
-125171
58556
-13338
83191
23666
53311
35840
115040
129507
47642
103056
103140
53007
28540
92423
70984
64705
51466
81814
57835
58566
19724
108518
-104
29576
-138
40593
33367
102780
-61102
91598
-75531
-4975
-107556
-17525
-56738
31324
-143318
68881
-85355
-36868
-46068
21597
-89844
-48688
-57675
-32385
-27896
-81766
-88397
-38200
-17932
4584
16049
14933
47872
-66374
34178
-111035
63995
3357
-1876
-62615
79710
-16722
44193
362
40896
28676
37394
-4118
77224
-29931
13681
12606
85669
-5984
99023
6211
-15197
31784
91183
35411
5573
77157
27063
62497
25910
105798
-43158
85454
15148
35828
-44817
63222
35775
10921
-34283
33186
-9854
59488
-31319
73019
6638
40558
-35065
59805
-91045
29277
-75534
-9481
-88319
-21645
-50184
279
41669
-59128
-33646
-85857
-29716
-36416
9093
-85199
-38078
-24880
35724
-50857
32638
-79970
52266
-93889
69536
-47048
54044
-76825
59117
-50622
26132
-52754
100157
-30941
84433
59669
84154
5703
52737
14406
67283
64350
89247
52096
34931
73490
10538
46835
81403
-33937
2641
37440
43679
47539
12778
49427
-26548
3971
-21738
58921
-5892
36383
-36765
52965
876
29758
-48528
6773
-14815
101125
-4361
-53372
-49994
-928
-66105
-108311
-45204
-56306
-26249
-57082
-34690
-81807
-44014
-88690
12877
-100177
-56367
-19469
41855
-83291
76079
-8063
-8131
-66875
42403
-78553
14827
-20361
7380
-42264
19839
441
22988
-41262
6757
-102046
98748
30330
25706
-313
-46028
15031
16656
56672
32008
60243
-7175
42969
-63493
39476
82675
-21148
79247
28013
22994
5411
-2921
73061
2310
14789
-18215
18892
-40252
15195
27715
40270
-8637
5782
17655
12862
5703
-43170
-49209
15171
2256
19103
39030
-67656
-15821
12970
17276
26660
-31240
-11066
-1315
-18748
48127
-74795
81772
-15042
210
-15725
25334
-47183
41043
19144
35146
-1453
97843
13714
31535
-14049
37364
-4107
15824
-12385
10487
-43898
19252
-56361
2266
-15636
25028
10195
85640
-14787
-7025
-60607
-21563
-58473
54329
9524
59410
17580
40881
38191
9874
25944
21044
-11363
29587
3110
-8524
-23470
45933
24587
30325
28318
28088
11893
-50195
12634
4624
-6211
30714
-533
54396
-16945
36869
13299
12723
90677
-36406
53921
635
-24756
-40399
-1144
28354
66769
-9639
-12767
-53249
-21884
-73431
-27861
35633
10905
72929
-4396
17986
-67705
-1901
33668
-7124
15692
-19440
17103
-2392
63180
1683
-40064
-3934
-44844
27011
-17375
30901
-27724
33289
-21646
25690
7476
22871
-49089
50789
13593
38898
-49623
104202
35049
72402
-12800
81491
-18226
6563
79894
25292
15619
84028
43504
18550
31411
117379
15612
81618
115460
6170
42406
20695
23526
-47526
-54977
10340
-1869
40187
15511
-438
21126
29798
92048
14097
-77955
48020
-37890
-35909
6544
57489
-12189
22339
-3224
4142
64905
-20144
19499
40226
-62388
8356
5015
-33858
34595
-17712
29136
-39854
22640
13500
5487
6563
-6196
30146
29467
31013
-64507
28223
21556
-28699
-3769
33742
2058
-34457
-18787
-26052
50150
5626
4677
-28566
-35128
45144
17723
99145
24025
46526
57792
-43515
-4807
-19413
32215
75305
-20828
20952
13859
-55831
53678
265
16417
27134
6347
46892
8990
79721
27568
8224
48963
29886
34595
-3481
5119
-60139
56133
-32091
-34392
-10895
-48533
9550
20143
-49669
9904
-20864
-68788
-25297
-32346
-43634
-17040
23530
34348
-42866
-80011
-51403
-14447
-12040
-27668
22214
415
-57140
-32382
-47799
21183
45368
-27409
2202
-68332
15011
17596
46788
-54673
36126
-28905
7806
-24474
45848
31830
34908
-27820
54530
46032
40148
14244
75201
10727
-5373
5612
38608
-24969
-7915
31798
39209
64123
187
58504
-40614
10992
39012
21852
-11621
-27481
-21777
12526
21220
26778
4070
20501
-22942
-14481
-20082
-5710
-12288
-59040
-1408
-23054
-11526
-5701
41867
5363
-15713
15666
-43930
-52588
60931
33946
98806
-24745
-51347
20790
-23217
-56286
-31700
-39728
19555
-27350
51131
-26616
14206
-5035
29558
33209
22936
-7932
30732
10035
-35969
911
-1920
34675
-23950
28343
83376
27491
51410
8464
-37666
-24124
45079
2404
62753
2626
25996
26041
40982
16264
51054
21780
18701
2888
11534
25799
-898
54159
-24962
9972
14255
11764
10212
48999
-28560
8623
9867
-10533
-79855
39605
-66012
-410
-46766
-89608
-19932
-15118
4742
-33404
5284
-15303
-75798
-21389
-36978
30280
55575
17986
18580
-42588
-46990
-123806
21734
-70517
82484
-12356
-9862
15199
-29917
5245
14961
-29556
-2593
-3827
77194
-16955
-46490
-14695
-26049
-19666
47998
59141
-10213
51525
9534
62294
-18519
80774
8104
1556
-15747
64666
-72460
10397
-40581
-7443
-1527
53516
52774
-22709
633
-11441
-38413
9739
-8991
-1186
-16179
2388
47181
11749
-6119
81109
-15814
58804
8890
5261
12063
-15086
50732
22399
13028
-16201
-38841
-32763
-28675
37394
40519
8483
-21260
-9726
25834
7346
17938
9242
9351
5315
-25082
-57752
-30924
-4793
3417
-2539
-10562
29200
35035
-32500
33373
14335
39025
-22802
48884
41375
3131
-183
15167
12507
-6559
-14954
-6944
15311
79168
85836
18816
24008
-8143
5115
48825
70670
20380
-10414
61608
-3820
23945
25387
-37696
36645
11079
-1322
11033
-25797
-27281
-9245
30641
69406
-8522
30363
43233
40493
36010
1402
7864
-42
27076
-67513
-15320
-3692
10877
-17805
-5679
-58728
64303
-8644
18475
-25246
-24292
22681
-10572
-21498
16769
-101884
12177
-53219
-14725
-47030
6013
-19229
-10184
-27
-20660
-64055
-16876
58239
23708
-13207
45113
-36
41076
-53464
-23874
30853
65720
36368
26835
-11298
-17526
-31244
37157
21112
3408
-8782
-32500
9117
-33033
33040
16010
30336
19874
46821
-80699
-12718
23242
108687
-32681
-11254
55002
-24162
-10459
-29353
-4009
62279
-4172
31179
-13759
83466
38635
-28494
-9902
22454
-11302
1686
-82716
-44904
-19975
-20392
-89990
-39237
-6004
-17363
-43374
60047
