#SpinCore Technologies, Inc.
#SF in MHz
#SW in Hz

[HEADER]
@CLASS=	RADIOPROCESSOR
@FIRMWARE= 3087
@SPINAPI= 20130917_x86_64
@POINTS= 900
@SF= 0.000000
@SW= 30000.000000

[DATA]
4482994
-3328420
5980349
-3104392
6576590
-2052888
6898118
-813858
6956740
343711
6762054
1534190
6346467
2761924
5755926
3785887
4993323
4726386
4050308
5459572
3018899
6074073
1902761
6496401
746622
6699311
-413151
6698330
-1552830
6549946
-2699271
6100385
-3654516
5439999
-4599192
4728412
-5247180
3836537
-5814528
2887405
-6185867
1823631
-6365948
632889
-6323090
-456901
-6102164
-1569319
-5656018
-2623118
-5064300
-3544095
-4333221
-4380890
-3526992
-5003985
-2462617
-5482782
-1481355
-5848558
-383427
-5986486
656428
-5860416
1677536
-5606356
2556075
-5207446
3495074
-4607868
4103622
-3871697
4676656
-3049389
5079518
-2126126
5425556
-1210847
5485073
-162880
5497196
800163
5089488
1789238
4642671
2610832
4106851
3326877
3363376
3982267
2627619
4497265
1678114
4891721
799241
5062382
-115571
5078971
-1044481
4917413
-1882326
4598846
-2653657
4197944
-3367158
3600277
-3869889
2878288
-4293525
2173769
-4613867
1284101
-4705663
520112
-4625072
-395396
-4484422
-1180386
-4210665
-1913417
-3729871
-2628066
-3168055
-3322076
-2505128
-3763040
-1728083
-4058806
-992533
-4306499
-140480
-4445269
662647
-4385214
1367771
-4091158
2094044
-3746641
2682225
-3268412
3157818
-2703015
3613591
-2092019
3903275
-1399367
4102349
-726982
4114511
63014
3956549
764677
3803238
1407277
3386862
2028050
2945809
2639827
2412468
3115336
1769646
3504523
1128074
3717602
448924
3810041
-262715
3790503
-965109
3694431
-1508178
3401230
-2087163
3040109
-2602178
2597441
-2898687
2034976
-3260362
1545597
-3447508
903386
-3546157
211778
-3493936
-368098
-3284178
-986943
-3040569
-1638125
-2650784
-2078696
-2186404
-2447863
-1802382
-2849195
-1179896
-2993781
-577738
-3190165
-115156
-3238590
418832
-3188784
1003774
-2965906
1483477
-2767554
1897450
-2325702
2343152
-1989231
2610246
-1562133
2845430
-1080341
2946206
-581965
2992567
58242
2942965
534930
2713148
1067826
2430781
1535971
2103552
1919474
1781176
2273809
1268142
2443182
818254
2681521
331283
2738465
-100534
2712836
-594090
2677823
-1005858
2451729
-1448113
2205665
-1776022
1905002
-2075950
1559108
-2358518
1123381
-2492954
665860
-2506184
180914
-2475469
-254474
-2396956
-691369
-2151913
-1022832
-1883741
-1361431
-1748512
-1700085
-1270540
-2060479
-937238
-2139667
-481804
-2290059
-91799
-2306659
338098
-2318284
691802
-2160916
1032658
-1961457
1363589
-1758268
1616354
-1472308
1875807
-1150173
2005620
-749493
2097270
-376863
2111886
-16839
2058931
346458
1892937
660455
1739745
1014224
1545672
1257029
1326529
1493945
1051784
1686258
691050
1845347
314860
1902927
-44726
1959565
-332527
1755168
-739195
1755225
-951963
1576643
-1236371
1406729
-1418513
1152666
-1583222
838583
-1751294
572219
-1776940
261512
-1787191
-37743
-1789855
-362624
-1606895
-671706
-1416538
-919368
-1278088
-1150893
-985847
-1368959
-721006
-1465251
-526472
-1532092
-147103
-1621832
83267
-1517829
419667
-1527722
661749
-1455175
809870
-1264722
1092232
-1081479
1271655
-897102
1458938
-604894
1427328
-372651
1453417
-103290
1383025
150921
1324030
429192
1292105
584408
1078916
782458
935008
999717
751818
1063521
627194
1283206
302638
1309438
55122
1352983
-153314
1364932
-364184
1215099
-652291
1103069
-829070
979132
-999302
785811
-974023
611290
-1114414
355859
-1165140
230002
-1197979
-21896
-1131203
-221865
-1079004
-427725
-955730
-572992
-889007
-729606
-710415
-949194
-539808
-965562
-341983
-1046480
-85156
-1111909
-44227
-1029194
184825
-1035668
381079
-960920
565071
-862201
701214
-674753
808797
-578895
871122
-419782
912015
-306558
927703
-86618
942437
136593
901600
227257
772657
481124
686752
497864
588962
731261
487586
750061
352697
836568
214795
869691
19734
861409
-103555
849630
-305322
853198
-439288
691337
-511304
607347
-596305
474959
-714632
431747
-710922
184024
-701411
96894
-687312
36283
-654677
-185188
-685979
-295462
-624514
-378691
-509998
-485374
-413167
-545880
-308456
-564420
-212662
-681089
-105775
-697237
53762
-647679
77346
-647468
199529
-616635
308509
-478992
378900
-438960
467890
-331589
591028
-304332
625898
-156418
682289
-54968
563448
137268
576037
118925
505830
241198
470403
355347
382188
329454
239887
434826
113471
448467
77759
503387
15167
466722
-87526
440875
-120346
428964
-256007
419997
-340051
283037
-333137
265685
-389241
161644
-498360
142391
-438630
100318
-430363
-68186
-459869
-103372
-442841
-231599
-394297
-269981
-241618
-355666
-195696
-358858
-164024
-372553
-103482
-349607
54914
-344462
112463
-359296
147869
-331291
246586
-190743
243313
-215177
300836
-130490
272769
-111538
344874
-113556
301316
-44487
303720
53246
295781
95323
208905
111206
175981
197658
196149
226996
145197
197993
83358
282597
23936
319411
-69438
231259
-42095
238887
-104846
241520
-128704
144065
-110109
136334
-177007
203656
-248580
69064
-243746
32593
-188837
-50897
-218716
-18691
-154519
-82768
-190053
-171514
-160303
-136339
-67524
-219790
-76460
-189567
30997
-155973
56079
-177070
26883
-211058
168486
-237226
139335
-130962
157513
-56442
219410
-48657
192281
-23655
182248
33341
191274
584
164483
85093
169973
69470
122166
69230
114341
112118
107419
105769
17763
108850
17586
109597
-60885
72278
-83644
116975
-90334
135379
-78564
48263
-108088
133208
-74505
71075
-115576
61568
-176023
-34389
-132745
-19546
-110791
-86409
-95229
-124432
-38025
-162576
44770
-109877
20068
-62126
62507
-127397
29958
-142195
61547
-67573
82522
-90707
78971
-110236
67338
-47788
121908
-23926
156481
-23514
127620
-40801
123412
74191
151745
77866
153999
158339
68072
173436
5552
178417
-3669
164857
-32025
107760
60848
107545
34651
138095
-54628
85214
-117898
115266
-105040
30411
-109374
148491
-158282
53568
-217340
76593
-221086
10195
-201615
-61173
-186101
-88121
-92916
-155523
-73294
-236228
-52007
-163134
-62132
-119129
5550
-190164
8829
-210914
62038
-236132
126880
-180825
150147
-112239
177814
-159316
201982
-110609
146998
-138505
240601
-34617
210309
-40887
192125
-28088
227807
57539
219804
118950
88279
147712
102525
145820
67046
155432
87617
217157
-2838
198970
10108
161775
-33206
147774
-97865
189517
-122044
162067
-148958
225443
-176846
130482
-204677
62883
-224893
12509
-206962
72284
-216760
27474
-144252
-101168
-169948
-106962
-126242
-139665
-137159
-128060
-165258
-183229
-114459
-201686
-30665
-271841
47188
-215008
60514
-303597
97495
-168250
205846
-231398
158861
-159415
169224
-167952
201730
-102454
215934
-68850
239890
2331
238181
3503
253582
64973
176249
97375
174907
103766
181971
197547
172818
238570
111841
274090
96812
284716
-64797
270127
-42146
232883
-113804
182725
-161646
218658
-184509
270299
-238801
113819
-242168
173306
-217485
75063
-250413
41111
-356339
-3093
-330751
-94160
-262770
-142426
-189716
-130087
-205209
-199427
-120188
-222156
-143358
-252886
-20319
-238886
-4758
-248808
28408
-265593
125745
-280089
159693
-223724
137544
-171397
169698
-169914
234820
-84130
250669
-87686
302921
-3248
294030
18806
228695
52146
246545
122638
215655
111438
181878
169247
165379
249983
122717
203852
103375
278595
16876
329801
10956
347205
-96398
279966
-60470
257261
-171836
201634
-209450
181023
-213085
100824
-232752
94253
-267196
71468
-279855
-290
-226614
-2049
-273948
-107791
-250302
-109413
-222985
-165944
-207673
-251809
-120706
-185263
-14357
-253114
-58733
-191313
-36436
-292872
-43982
-273560
72097
-286229
114211
-204410
247714
-190790
229305
-137770
301967
-143248
241240
-58925
205170
-90533
225990
29683
317792
-25867
280556
81038
232459
79390
185205
153992
194898
212405
134436
220343
45950
234928
23873
253130
-952
295642
-16986
205944
-77125
230565
-177944
161279
-234654
183970
-227689
120171
-233560
73696
-239971
76558
-291218
-25919
-271152
-75165
-229855
-62302
-210960
-101307
-180400
-142327
-152377
-199376
-91830
-204098
-67328
-163284
-85077
-219321
-1730
-270329
-1693
-149572
46669
-186524
144673
-202150
119265
-210878
256719
-156600
156066
-166134
184108
-95000
231099
27596
178435
-1082
155613
122338
141911
95381
157927
89361
164812
79908
112985
185707
113530
186082
35305
199549
42936
167824
46240
216340
-25450
235448
-61816
184322
-133225
161200
-239971
61896
-139465
119027
-185052
44174
-160876
10934
-112278
8717
-200134
-44656
-221833
-69077
-144617
-19625
-134589
3086
-151025
-91649
-71844
-165346
-12949
-225552
-33584
-166593
40071
-168671
88905
-213197
89453
-166825
70334
-137963
144422
-124445
124242
-79969
182052
-114162
135691
-44234
228459
-74131
101860
-32876
114666
-20180
122403
81810
113847
40936
209449
105790
89245
145208
69097
40184
36608
175922
21286
136341
-13750
152157
-45877
145941
-62916
150244
-6917
38467
-74038
69353
-112293
103346
-93415
22497
-119476
40996
-193963
29436
-118052
-12415
-109940
-66358
-26770
-80527
-127906
-69410
-99133
-93786
-59705
-140893
-67347
-139239
-21438
-112198
15787
-147594
31877
-59912
19511
-63048
75353
-80881
20675
-74204
123807
-54716
110293
-70433
67906
-48731
119741
23472
93633
-62008
99865
26107
98025
37826
76503
4044
60998
59304
24056
60079
99559
43936
56642
4640
61419
62444
65555
91255
26009
56707
-10546
99320
-72775
37181
-14230
64346
-23421
32857
-42560
49478
-151239
10610
-60219
33466
-64620
26460
-62233
804
-17047
14171
-31390
-44919
-86009
-33650
-51825
-14605
-17472
12075
-23608
-10294
342
-38494
-24659
47796
-8412
-114601
20468
-51014
-14066
-70577
4372
-27500
49725
-2998
6672
-12593
35965
-31246
55968
4150
-41703
18873
-6657
-14012
29160
-65975
98488
-18085
-31919
123203
52291
-55201
-8445
2826
35276
-32002
-7214
-1638
33011
29473
-17093
90807
-26394
109806
-629
-29073
-12437
27124
54616
17227
21710
100792
-21520
44307
-47884
17710
33491
19530
-27355
46417
-32414
56816
3160
12352
102
49905
-20684
18676
29265
-28314
16858
32420
17195
21194
-19543
-15673
17276
58598
-88653
5672
-61003
28614
-56217
22289
-7952
-34456
-54666
62536
-71320
12537
7743
25679
-4780
-98169
18272
-31006
-4764
-3290
-7571
-73877
-20452
-19905
40784
-87504
18281
-55895
7344
-22490
47505
-86355
25578
-30971
48742
-25993
80038
5521
131588
-70852
77189
13168
2306
-56653
97597
11262
27838
20585
67715
20494
17848
33757
42562
75249
86570
-43948
39852
95584
6316
95415
9907
11891
-13163
36007
23584
29651
-13513
55959
-20112
88638
-77216
78896
-72074
28442
-40594
59396
-77591
-26362
-105552
2103
-64799
-11351
-28942
-54830
-17460
-29359
36836
-17280
18569
-10592
-74480
-63160
-15949
-152826
14684
-121738
2753
-145015
-5513
-97066
13278
-63374
60285
-44249
4397
-74832
21672
39199
74058
32718
93983
-28272
40907
46488
79834
65390
83230
-49428
13460
40296
83262
60000
73582
75858
-3384
98235
66221
29565
30945
84991
-18426
76048
6884
109915
32377
47372
-28096
50715
-38264
54612
14870
85711
-19381
77801
-23894
19624
-88416
65910
-67237
11915
-141720
12362
-95917
-79758
-77465
-107341
-35955
-106676
-10050
-87469
-39908
-45397
39989
-39419
34104
-15713
-54494
-72373
-1907
-41633
22902
-74895
36725
-69361
109115
-117661
113467
-27426
107114
-11776
69365
20834
56359
65861
141173
36659
100448
54628
111157
59471
86908
55204
105438
90308
37992
100420
25420
109623
-2289
58456
40874
140124
-3169
78023
-19824
78732
-24465
85533
-80445
111001
-69267
103597
-88293
49710
-67991
-12566
-71226
45697
-157760
15672
-115632
21167
-100677
-74186
-21684
-29750
-55286
-22449
-94732
-60921
-64200
-39577
47104
-87615
19547
-86860
45079
-37517
28336
-66384
-3011
-98391
66003
-28135
23613
-129187
16334
-44995
105313
-59286
2686
13902
72459
53491
43127
-56522
47489
-18570
37783
18754
73975
-12499
46550
28185
51349
82518
860
92321
48329
32920
57896
160355
27820
86482
-52592
41052
-51873
27243
8618
90714
-28974
68336
-82964
90217
-60061
44906
-175773
44600
-88290
-8273
-67559
-6795
-74812
8407
-87666
-35673
-53919
13269
-34271
-51444
-37466
-53591
-15950
-101591
4974
-40767
3250
-57138
-109801
-3566
3747
-114765
-29805
-66411
95511
-65303
83183
-21410
67590
-27853
80021
-25300
23350
-6811
109860
53602
116130
-10415
30176
-23515
55945
-46399
97293
23799
61590
41228
-1300
32772
-5175
35138
12553
16924
-19439
3326
-5290
86362
10384
13060
45275
14181
7418
52941
22940
43459
12668
96556
-71249
22420
-39137
16640
-30411
-66520
-65286
-7331
-30695
3007
-58229
14103
-22377
-37522
-66154
-54924
4351
-14800
870
-32914
19295
-42979
-43618
-5801
-48502
-30582
-29428
-44814
-30734
-72434
41018
-44314
31278
-1540
41873
-54191
84035
37778
7357
54322
71232
-46103
55935
-66177
45221
-62751
1456
-21011
60862
20255
33871
7866
-41865
40083
42876
-2692
5927
78589
20225
19564
82873
22461
-1926
55954
-5254
4240
-40624
-24829
-40015
18816
11026
76670
6991
51507
-69112
45339
10454
48585
-96991
10972
-66815
71579
-35511
-1434
-79652
21506
-108047
174
-59229
-32369
-47166
5536
-7669
-79325
45290
-67824
-23939
-14790
-66232
-8995
-38248
-23304
-34814
-3649
-17611
-35078
-3813
-49771
7814
-10157
22964
-49925
50964
19424
27630
34375
92243
-67847
-15165
-8370
30793
-17041
-2998
-21445
32323
37224
-19856
37881
96557
27084
94433
85378
95213
-6707
22576
47118
30395
59830
-52647
121881
