#SpinCore Technologies, Inc.
#SF in MHz
#SW in Hz

[HEADER]
@CLASS=	RADIOPROCESSOR
@FIRMWARE= 3087
@SPINAPI= 20130917_x86_64
@POINTS= 900
@SF= 0.000000
@SW= 30000.000000

[DATA]
531575
-476152
770901
-383914
774866
-294488
800256
-112206
833560
-1924
772452
99536
872631
265085
729807
435070
627047
575917
495813
575831
449474
755253
227146
713203
166756
818583
-37045
806642
-158212
746228
-250006
699559
-384207
670140
-467206
569384
-560927
470798
-649966
404649
-665277
223917
-690640
147066
-710732
-55270
-709577
-142807
-612577
-237583
-566551
-317679
-471439
-437054
-446182
-529391
-349737
-552996
-195625
-650340
-60597
-650579
38150
-651858
195703
-637367
360270
-643781
363258
-525666
468822
-471819
484791
-370428
595647
-329239
519050
-191441
661045
-32351
631468
75167
636365
123013
528756
304438
462091
406800
414777
440799
295207
491572
228013
594676
145921
559364
-22339
539820
-88583
604923
-186632
481585
-295712
464322
-358998
412788
-417403
349802
-523761
247166
-537718
196147
-513751
61606
-504231
39113
-479217
-29505
-519204
-196842
-475333
-275536
-429937
-292289
-280215
-360438
-223537
-432303
-182174
-543158
-121678
-552677
5476
-451726
108438
-404440
140140
-440854
287602
-326457
305560
-389901
356186
-222730
335555
-99682
406935
-53548
431947
80806
402364
55814
366220
111393
355559
215103
340201
289648
262935
315917
272323
341647
130385
456960
94082
426404
65556
422979
9729
364443
-146529
365394
-191268
361504
-258312
288971
-306661
226443
-316144
207553
-388544
99441
-351340
58721
-377562
-59109
-346025
-57069
-343902
-89231
-307469
-109869
-273721
-241354
-206587
-334350
-138210
-296206
-113878
-344516
-34206
-381816
19225
-348674
76538
-286394
120053
-294049
156771
-268985
292293
-169551
217906
-177561
314607
-116723
326948
-44816
320285
-56107
315709
26228
258855
79972
343104
157771
222325
151477
214284
237155
138455
239256
76520
228708
74619
321478
-5973
317601
-86372
335565
-62944
282200
-181655
302394
-177240
284170
-203950
176451
-212879
195990
-286660
111595
-312618
70097
-216183
-9776
-193009
-6284
-277168
-92862
-188599
-164271
-175687
-161509
-151036
-252094
-206393
-225628
-62600
-231445
-88789
-196936
-35487
-301850
64022
-211703
71797
-266144
138959
-243228
217586
-162582
210170
-181233
205399
-72929
240190
-125698
223129
510
238239
20707
247475
59370
174085
80012
182091
214317
163654
223374
134974
170185
99662
138397
40898
176225
-8219
199189
-23634
235841
-91995
242083
-67900
256972
-104137
168938
-158735
152196
-193069
109504
-167121
137257
-175042
53265
-216338
1764
-138245
-61292
-200047
-79940
-146069
-105616
-169751
-97720
-130195
-196860
-57810
-114317
-6243
-213569
-52694
-191901
26531
-170548
33550
-140938
115150
-146355
106301
-116880
138725
-125873
165510
-130512
200471
-43620
205814
-57555
228704
-40645
174252
27066
191308
51248
100559
52574
124745
125608
146796
81451
154029
130380
38569
159742
73379
122385
4529
111060
-72735
165072
-24261
201460
-75153
113616
-137246
122566
-163728
93742
-175648
71574
-156055
16541
-146555
-12868
-137875
-38245
-171377
-25171
-127180
-35620
-158502
-44802
-50833
-115077
-131548
-152680
-57511
-164161
-254
-147984
-2067
-69719
30021
-137236
71994
-165193
45942
-194206
96913
-63997
110299
-49697
161360
-104031
154228
-60409
117089
39475
146022
28231
215412
6645
130676
36245
19704
-38270
35158
44437
117039
152952
23902
130902
70960
101608
36328
111930
-47702
95979
-10373
70152
-11052
65388
-51185
76595
-67570
42582
-104741
110520
-139775
-7321
-74953
36085
-69145
-2365
-137496
108464
-143443
30088
-94024
11757
-159615
-16546
-69219
-18708
-25679
-63998
-61527
-95173
-45612
-52895
-42132
-117183
-7231
-79078
18615
-119193
18920
-82868
23876
-90694
32912
-133065
14972
-73253
91432
-34703
64785
-68394
44633
-2212
143444
20908
106735
-20109
3853
25023
106488
87838
-3561
74649
32046
93369
7060
116328
-47949
55916
13611
37830
-16505
102694
-73237
84199
-84543
22885
-5834
63432
-76361
85787
-79814
31285
-38646
-14729
-45613
56149
-41985
11090
-54051
7139
-75005
-13050
-72097
17234
-67716
-24435
-9859
-44537
18300
-3117
58746
-18514
-24887
-118398
-27763
-22724
45807
-28751
433
-115143
2555
-100849
121404
4233
53040
4397
74464
-10579
23957
47584
69061
7617
51038
-1596
53797
12994
-16745
61481
35400
-17647
51150
14678
47592
46109
1657
8967
859
92699
-8734
-54001
849
-9470
18812
33946
30052
46230
-15030
82760
-51573
-42853
4960
56844
25136
18162
2780
61586
-39849
-37145
-41582
177
-65371
15530
22077
-29888
-24499
23038
-3992
15456
27269
-40923
14383
-34397
-38184
-3556
54855
43847
29128
464
703
-57604
-4721
-58822
-47775
-43787
56917
42213
-52975
31189
-31894
24379
-21010
69973
-44162
-31073
44062
88786
64203
14010
52011
81988
-43203
9549
-58737
784
-9590
-9568
4871
10078
-7131
17503
-39694
32176
-56930
-50377
-33606
60464
-55883
24939
-16712
-11321
-62985
33021
-98110
-2371
2450
-20961
-30778
27825
58618
28851
-33285
-24968
24910
-64346
-26769
-51462
-58394
1905
2358
-89552
-69802
85141
-24283
1606
-57840
-47314
3020
-36531
44687
30518
-21710
8668
27668
56578
20178
-361
-3032
38552
-27554
35735
-44870
55680
20408
59721
-25295
19535
36954
29360
-27470
1207
3933
-37402
-53034
62690
-16257
21199
-18726
17755
-40640
14402
32627
-50807
-37288
26760
-31781
-40523
-47133
5956
-23603
2834
13485
-74680
8361
-98206
3002
-64087
2692
40643
38291
-20275
-61780
-64515
35782
-57983
90193
8640
-6485
16624
3685
12438
20320
44365
-55003
-42854
-45562
-34509
-25592
-61084
-16129
-21009
30928
-36001
-23484
-60231
7312
-3094
17706
41957
-43675
19275
-56091
55511
-7846
70548
-24017
-10602
-16377
59759
-76417
28933
-10707
29753
-8995
68125
40845
-27805
-21652
-15354
-57724
-30497
-32722
-9417
-89350
-19940
-26653
-51164
-46390
-81517
-25611
-105857
22283
54435
9505
25658
31094
-64243
9144
-93695
55239
-68858
102889
21048
58717
-17948
8148
-48745
59003
30444
7084
35592
-56864
42739
-48411
68329
-56854
3543
-34696
-32302
-23993
-40664
42234
-10202
14286
26534
37547
27160
65812
56527
51929
9447
-54796
60932
21921
47521
-21543
31958
-74363
-86496
-75959
-38276
-76258
-14737
-40844
-41965
-71266
-2245
-21859
-63119
-35757
23709
-10028
-53200
977
-13763
21914
-67933
66347
-18596
25490
28601
38504
8699
37045
-68626
31020
-49025
54319
8825
64383
-1192
94042
88938
24716
16646
12995
52728
2274
58104
94561
6423
2660
44857
89587
32577
-32691
56448
6144
109345
-33382
41944
2628
21249
-47352
3097
-33913
-18161
55782
71696
-5901
42759
-32912
81527
-25679
34584
-15928
-2130
603
50882
6129
3373
-25512
765
-51586
-32791
-9179
-3392
-92770
-51019
-35261
-33944
-5649
24224
-433
-25103
6423
-125746
-18412
-67319
21817
-66489
-44900
-17478
43819
-35238
37824
-55709
23408
-52799
61620
-71560
-28600
-32070
56279
28522
-61673
-43936
22
25405
64532
15467
31159
-28807
-9707
-35932
5898
-15355
18146
21153
-35452
34201
42610
23359
-65044
54684
6867
42727
1843
-16522
-11018
99599
3497
20291
-40727
24946
-90565
27060
2194
85750
-52310
23368
-32722
-3157
-13818
-44401
-32566
14254
-42346
-82522
-36139
2038
-21785
-13513
-21628
31511
-23073
-45246
54672
38156
54923
-31938
-16262
-6277
4254
-53193
4041
-86745
49543
-21489
42508
-37349
72094
-1586
8738
10700
60073
6481
40001
-51509
61194
16910
7870
19947
22670
35435
36858
37169
106485
84823
-4339
23114
21364
9257
-2924
57944
47152
58932
-15185
35212
-16685
-20087
8296
1595
-18834
43682
8503
-18653
42827
-17091
20390
-3414
17464
14762
-38612
-4849
-48528
28083
153
8895
-13389
8583
10966
46728
-36100
-26575
-60788
-23810
-28446
-25621
38889
-2938
21220
-19474
40316
-6115
-32662
66425
32175
-19725
51661
37736
27771
25297
47017
1252
39015
62765
-4129
49784
-6777
53972
8668
14904
-4362
39052
16657
14121
1973
56793
14464
-12122
-28816
-53469
-8584
-11912
26669
51517
2408
-72527
1653
7950
21718
10876
37686
64346
12467
62404
31399
29218
-65474
-55628
-1972
58399
-20234
23614
-24415
58166
-29557
19754
36818
-21638
-21406
55453
7414
15514
7805
739
41248
3366
-37337
1239
13040
-14328
43485
-21400
94840
59457
-26496
14119
12628
-48485
31649
-36013
78167
10079
54359
22364
-45759
41623
38936
40064
-5016
-23197
5032
-4930
25594
13903
40615
1296
34713
57376
20298
32513
23035
75809
58929
30915
7248
1796
27820
45518
50460
46190
-28042
-11287
-34711
15436
1744
61419
46214
-18725
-27270
38020
-17970
-30372
22566
30014
-37112
-26992
-14273
-28141
1606
-21257
-43845
31583
24506
24024
-10096
9431
-68763
-36739
-20927
26850
3084
-413
-18010
-268
20160
-13675
-15832
7624
42012
77438
-12326
-28469
-4495
2603
-37765
38661
40835
26113
-11671
-57776
-65871
-954
39597
9978
-22983
-59495
-16568
34763
-25141
37820
31539
40115
-45734
9997
-74618
-9251
-6876
70282
75398
54756
-34508
-35442
-12867
-81747
26450
8504
14506
-67441
34745
47733
-23786
55944
46696
31175
-15772
-10544
-55480
18087
-50303
10918
35124
45036
13071
-11764
-28695
-32418
9211
15205
52909
-16405
325
-19994
-26181
65450
-27107
4634
42884
-24811
-53059
27312
13412
-15852
6901
18594
-47935
-53691
39659
-4336
-3268
-68835
-27842
15198
-11997
24257
27853
24057
25576
-59346
78350
1139
-1292
14712
13505
-34747
57155
23168
25461
464
2606
3353
-35876
-9716
-34635
26684
-5428
53951
27347
-3268
36904
-26313
61816
-14654
-9843
84705
-2251
-29251
32003
-44984
-25804
23731
51363
-108
18367
50805
13827
-36418
17506
9240
36751
30783
-1617
48353
-6896
61686
-627
32638
-34735
58650
-15753
50288
9009
-20148
-4626
40324
-36804
27363
38186
5083
-9683
63414
59834
-50404
-57071
-35001
-30313
-59509
7205
7885
-30495
-20674
-31781
20367
-27300
-58744
-18937
-68522
-85485
-6265
13057
-65174
-24915
9281
30563
8500
-5610
24963
16684
-1718
30151
-6979
8374
26837
-6111
-25496
-5193
-7108
-30086
8156
-66213
51660
19739
58708
-30905
51544
10279
5696
-15690
-40764
-4373
31606
-24140
-12892
13400
20453
-2140
-16456
9058
24639
10681
-23516
52409
11486
19551
43654
-437
-58179
22430
-64152
43281
10424
4839
50721
-46328
-37540
-5950
-26070
-32110
24529
4535
-35340
19818
-19968
46248
-46466
21974
11320
-3442
-1654
21991
-67821
-26063
30886
-24380
30514
28778
-27028
-16625
-10303
-6438
21914
-10456
964
47957
2183
-32103
-15079
-10093
-34750
5055
41938
-32288
42784
7387
49135
328
-5427
-56935
32476
9714
100736
-90192
-11295
1922
72075
10980
73097
25334
19820
-15641
30377
40671
-31149
58614
30554
-40724
22405
62282
100985
-64145
-62945
-516
37033
36263
104382
-31859
67637
35553
34231
21983
3421
52516
-23769
12525
-9613
2842
23747
26986
-3667
71696
-46927
2127
-72659
-22738
-92830
5079
11606
46480
12328
-48693
-37209
2496
5041
50523
-53646
-16552
18527
58076
8761
-11755
-12419
11983
9233
42304
39383
-17520
-54409
-50316
4481
-8015
28968
10721
-26962
-19712
-1284
9326
-18095
-58994
-7386
-72412
-41769
-23033
28256
-2800
-11016
5354
4684
-8809
-30107
4654
-22744
-64174
-62567
-49328
-74997
-11634
2390
-102577
17987
-53808
18196
-57833
-53633
-5412
46102
-54885
-1118
-33553
37332
-50135
-65048
-16311
-23318
46562
-51383
-75792
-42334
-9305
27781
-5649
32155
30213
-5787
27303
-5862
-18221
51582
13114
12412
-38703
-20907
29226
-17931
-357
-28659
71581
-37402
1621
-28841
15450
-18686
14854
18358
-10196
11745
-56849
68861
22232
-33955
4146
19524
-92612
19854
16316
-22789
12132
37252
57961
26100
-28080
-41720
-28927
-64233
36999
-14562
-102
3682
91697
20210
37247
-28927
23950
38007
26305
-23031
-41765
76567
1531
59825
56156
-52161
47029
5804
23538
-97403
38183
-16557
110917
-66042
32877
42463
-22545
35894
81194
41964
50209
6070
-46492
-26931
19602
35281
-23351
-27096
8550
31218
-63982
85869
-1852
-80378
-57594
4829
-14725
-2984
-53895
36858
-58583
27279
-21362
-38521
11701
17064
7054
28673
4238
3260
63450
50038
7173
-5480
51723
44407
-46936
41363
-5719
8930
30970
-51568
-59348
-31728
-86901
-55773
-29259
56
18387
8500
22575
-37583
26344
49436
-8203
-24759
-31678
-22837
-28394
-7544
-17733
35757
15752
-54683
-62355
-6852
33077
-73256
-13561
171
34152
-44228
-30268
26401
-5044
17106
-27575
65448
16160
-17757
-51890
9772
-2419
12642
3309
-15871
1294
16962
5541
3745
-7838
5613
18229
-48111
53
55246
