#SpinCore Technologies, Inc.
#SF in MHz
#SW in Hz

[HEADER]
@CLASS=	RADIOPROCESSOR
@FIRMWARE= 3087
@SPINAPI= 20130917_x86_64
@POINTS= 900
@SF= 0.000000
@SW= 30000.000000

[DATA]
7769279
-5677214
10283018
-5191769
11183040
-3355238
11667522
-1360654
11752730
727019
11443494
2797757
10752177
4775599
9749667
6593567
8434001
8148101
6859606
9442438
5082907
10474733
3195572
11140627
1128680
11486540
-844025
11414457
-2882132
11043779
-4667215
10256900
-6417305
9247910
-7894042
7954238
-9151267
6428547
-10031604
4585592
-10653457
2834249
-10892207
876405
-10720866
-1082611
-10330420
-2938544
-9570355
-4670846
-8528962
-6258099
-7208291
-7578083
-5727345
-8701636
-4041674
-9513487
-2252694
-9991445
-436023
-10102240
1360075
-10076103
3121454
-9490828
4657020
-8711247
6133979
-7677591
7267704
-6375103
8337491
-4880702
8915844
-3345227
9287640
-1636935
9396725
17895
9131209
1695794
8584421
3250362
7862796
4647168
6745017
6064256
5501580
7023106
4142168
7903153
2621899
8404752
1012747
8748000
-629446
8680612
-2157926
8343750
-3473978
7686230
-4857912
6938432
-5882689
5879420
-6860754
4689495
-7539618
3356192
-7902061
1902630
-8098754
407816
-7914359
-1036857
-7551948
-2445766
-7000546
-3752317
-6075127
-4895116
-5107287
-5834694
-3911599
-6710912
-2548450
-7226372
-1185649
-7514071
139056
-7501444
1447460
-7366471
2705358
-6941453
3965043
-6205657
4930833
-5349079
5731536
-4422573
6450528
-3175001
6823919
-1998041
7069899
-765735
7031629
508850
6718695
1807644
6248714
2820462
5539480
3955514
4745145
4843901
3779881
5585875
2695095
6125978
1463682
6409711
318364
6491437
-812816
6411149
-2027090
6163465
-3031259
5589307
-3910031
4979146
-4723515
4037328
-5320846
3120442
-5745593
2118991
-5952207
1063650
-6073899
-3884
-5853495
-1041551
-5525272
-2095764
-5053440
-2925272
-4384344
-3868990
-3540951
-4544524
-2677372
-5056225
-1728940
-5357745
-731586
-5581345
337369
-5546432
1297877
-5335008
2207010
-4922224
3006514
-4472770
3706371
-3818626
4341486
-3073129
4704021
-2225739
4961454
-1298122
5151626
-430814
5021935
575623
4922582
1341122
4475146
2194085
3950562
2943408
3378203
3615058
2622905
4070957
1842239
4409923
1009413
4674574
205001
4658497
-663814
4639784
-1561605
4362731
-2157185
3988622
-2857437
3529913
-3425250
2940342
-3845341
2250289
-4105423
1495457
-4247246
673669
-4315231
52815
-4255643
-851736
-3958424
-1571353
-3621133
-2183526
-3124806
-2752988
-2573827
-3231927
-1907422
-3640838
-1157922
-3879939
-449118
-3961829
221038
-3923745
849474
-3792581
1553236
-3534678
2075765
-3235283
2613707
-2817024
3016454
-2232793
3309633
-1645900
3516319
-912319
3606142
-340920
3523061
323386
3446131
872809
3226138
1526570
2864953
2044364
2401017
2468315
1918266
2845285
1386894
3043608
814668
3293498
156587
3309780
-353032
3256141
-913772
3114266
-1457275
2958523
-1893750
2576911
-2311937
2143080
-2711920
1665776
-2918641
1161814
-3027904
630062
-3067315
97022
-2964437
-484329
-2786035
-968822
-2592471
-1398537
-2264354
-1889268
-1777590
-2236729
-1404439
-2425507
-1021452
-2666432
-480165
-2693913
29108
-2764375
505466
-2706976
919063
-2517589
1366037
-2281182
1746144
-1929048
2061314
-1635279
2233891
-1271627
2482967
-774059
2488712
-320677
2540992
141397
2426195
561623
2281315
986960
2031706
1351877
1737573
1715304
1433074
1925706
1034125
2077845
648426
2239279
227845
2269931
-230198
2222538
-594857
2187115
-973535
1946296
-1273318
1790434
-1546030
1578411
-1862650
1180496
-1912439
828970
-2048047
455813
-2000326
162819
-2010995
-228118
-1889887
-582682
-1801739
-934276
-1522472
-1291349
-1273654
-1440826
-1002382
-1638556
-636768
-1836233
-337755
-1865629
-7276
-1853118
291773
-1832820
647819
-1669725
902454
-1524948
1155047
-1352972
1316998
-1098368
1491959
-824221
1579343
-496611
1671374
-211258
1623379
80092
1545796
363161
1411074
652839
1296435
842222
1125823
1102019
880340
1240722
717839
1377136
432120
1485110
125445
1459730
-122184
1444117
-351905
1417203
-636660
1301232
-845479
1121700
-1081230
987626
-1129603
733743
-1263950
554295
-1276901
292258
-1309349
-12399
-1265000
-150074
-1224986
-434129
-1147448
-599548
-898184
-762459
-777866
-917197
-559364
-1047117
-366492
-1121560
-169837
-1185794
16270
-1124658
176991
-1097042
470472
-1044925
617824
-911643
713044
-759790
890304
-618074
889672
-471426
994520
-263641
1028142
-78704
910549
152920
957581
273591
914321
453630
754348
558580
628265
691500
482395
778005
331772
801953
159563
839657
24943
871897
-185039
755600
-332016
751860
-413925
621142
-554157
647686
-619063
500516
-709663
362594
-738431
217980
-713898
127900
-741851
-24951
-708884
-101495
-640400
-287138
-515267
-389419
-533853
-412516
-364223
-544033
-262074
-611572
-141081
-611194
-3742
-644179
90049
-588985
208415
-637310
318414
-544340
401586
-404363
464531
-330893
511518
-327720
450646
-119446
496297
-46339
512708
47416
507401
122331
404828
243535
401953
270015
315480
388009
169912
395155
92923
450964
55235
443028
-219
432402
-68065
402547
-199582
326559
-238823
339804
-298983
261263
-309675
203704
-246645
179481
-345197
114705
-387878
799
-282027
-55181
-297428
-133174
-236845
-148694
-274310
-228254
-178524
-316557
-131330
-288720
-11110
-341834
-17673
-333185
-4762
-311966
139874
-309162
164735
-355890
210566
-140035
199075
-128361
225818
-68829
230833
-133348
252760
14243
232541
87244
232555
151944
170809
145255
188244
198478
95526
229514
67268
215377
43339
277944
-34394
211342
-52259
212329
-170997
185321
-126067
157860
-174586
137926
-173896
48276
-202870
45061
-189854
-13043
-192862
-132528
-234380
-101209
-125960
-162973
-65793
-121941
-32379
-222528
-118168
-219581
14973
-288555
99663
-212354
98283
-207735
111492
-177888
214216
-171517
190929
-87923
283798
-117901
264809
-79236
282529
-28745
235868
13226
147703
77302
215453
163940
165086
237211
98928
184417
74747
188540
49133
241238
-34409
297120
-147201
250686
-24360
216083
-210283
219096
-226746
196804
-275727
187548
-259449
76245
-284069
22396
-233369
45112
-338031
-52179
-246789
-146307
-268567
-176767
-241886
-220245
-168635
-207345
-49062
-245839
-87764
-347784
-54263
-295982
101461
-282048
156199
-273212
161765
-329293
186235
-197472
269536
-227531
286918
-69043
328912
-45101
333639
53451
289170
46160
302268
81797
374185
172019
260662
179865
239868
258562
175546
297035
88682
280414
56975
368774
-26177
367498
-45005
341153
-102193
299885
-228388
272543
-187962
206038
-288337
195575
-392441
143837
-344043
106944
-372607
72109
-365663
-61516
-352445
-64224
-295008
-182783
-236553
-274516
-236586
-282025
-221600
-318426
-167013
-336966
-68575
-336442
50944
-364029
89849
-379063
136528
-405150
185877
-313802
230708
-299132
346613
-252877
341610
-182571
325912
-98152
405736
-100882
434161
-344
400682
149205
372078
159366
366523
206129
282863
249491
204726
341526
142302
375475
68335
355521
-1252
399805
-9203
422709
-114938
417006
-240139
475700
-298701
367360
-366520
271569
-333044
230593
-384782
90978
-415890
73538
-426439
54610
-416280
-115984
-416608
-112239
-410003
-226865
-296328
-295828
-333679
-422921
-169735
-382212
-147492
-417992
-79060
-424727
-20740
-491672
121492
-484653
179328
-363505
241762
-336730
352687
-283032
346064
-268700
443970
-194081
428990
-164326
483389
51299
466715
95100
439239
79317
415381
210933
376678
230943
220798
396188
259027
426352
112796
465280
28694
491244
-14542
472450
-67728
451516
-240627
423914
-288870
442728
-303249
339094
-390974
284117
-434638
184235
-446136
77345
-459281
3596
-463713
-79337
-467869
-104483
-385195
-136205
-441589
-285402
-345014
-382800
-193881
-341377
-182918
-449949
-97957
-452193
-16562
-446937
116756
-419193
191919
-442047
185078
-323512
382146
-348737
383640
-313416
438681
-225855
434184
-135450
446356
-36221
456553
-1372
471016
66988
398721
244453
388911
219432
336425
323333
276604
339623
162496
362675
125509
454509
-14856
399877
-42195
357236
-122125
372440
-158457
374944
-259846
388306
-318292
298118
-402251
250591
-428315
136456
-407334
26308
-488146
-38547
-444064
-51212
-331833
-114324
-353670
-222591
-297458
-311921
-181055
-306935
-234436
-352848
-128361
-368135
-90539
-366370
83798
-380939
132599
-384302
128265
-353624
154629
-364981
249957
-274344
410769
-239943
372671
-216272
383559
-115664
367219
-63598
431089
39888
397897
116615
416946
200252
333360
284068
232632
306974
178716
339078
178452
298804
60126
355606
-20175
393665
-103095
418746
-117458
405078
-165538
309378
-273684
241713
-279907
140875
-274680
189168
-393691
175643
-326805
26373
-290812
-67505
-325285
-59303
-328018
-162796
-289357
-176714
-244166
-127168
-206209
-182586
-143909
-282755
-69142
-346210
1807
-303255
-4075
-304269
98866
-274080
141918
-211911
126453
-262032
207364
-186607
261629
-150936
238018
-146107
351534
-58054
269244
-38906
283446
22287
280647
129230
247045
184569
190632
184869
151229
162821
171166
175411
132565
218349
42042
279388
42409
231534
2819
286766
-38379
229536
-133913
244042
-127445
135572
-161918
109386
-225737
128043
-204151
73952
-185657
16634
-220128
30166
-222337
-72338
-151159
-61057
-167704
-90234
-191810
-144862
-91972
-153704
-95923
-141384
-49383
-199344
-14739
-171042
29782
-156822
54555
-212218
59268
-186794
73719
-87085
117139
-152467
132972
-91274
161807
-63554
113867
33843
203975
-6011
108147
63229
110182
38400
76848
52840
104237
184739
90100
134030
104930
168838
119684
120870
8923
188094
-50994
102356
-27615
115635
12411
151848
-53856
121644
-75979
64657
-152607
54539
-51678
86347
-118218
68969
-83291
474
-110570
80219
-139012
17109
-89721
33273
-66702
-43564
-115687
4592
-93573
7706
-103886
-26127
-64099
-53982
52300
-37568
-77773
-28984
-9125
-74775
60424
-129876
2216
-133670
10572
-26001
-9979
-117489
82407
-112533
-28114
-44027
83792
34918
77913
-27426
58679
-25559
94653
-44800
88615
-7556
6822
-12571
15742
98369
-636
7431
37067
17308
33792
-45106
23505
8938
16237
1587
57188
4172
-23970
87080
-6607
63648
40333
-7169
5714
25208
26576
86752
-24289
62728
922
-28787
53686
54287
-2746
68619
-39458
-45214
-20995
9778
-49665
6769
3867
11691
2872
-5857
-44639
57759
-65904
3262
-83164
-357
-62328
49784
-43224
-37152
-57856
-80380
-53468
-37010
-81160
-25760
-30369
-29092
-4824
-10606
-71834
-123806
7056
-26942
-41935
-77565
-47923
145
-37834
-16471
-30621
-37126
59506
-109362
-31913
-38789
81925
-67883
14875
-28120
33677
42966
69747
-31502
88217
-20274
44863
41542
111427
52725
101934
34138
33861
24672
44966
52284
82293
96361
55083
49001
55745
100112
-8865
74564
19706
133209
8929
103226
5158
170687
-12885
40832
-95883
46828
-22119
100922
-91396
94304
-80723
-36966
-139877
32571
-120892
38231
-122576
-11117
-92608
-69728
-106349
-84002
-144555
-45304
-87028
-101452
-93757
-85793
-29181
-53384
56772
-147523
23477
-107242
-85195
-74599
43718
-137718
70556
-126129
11823
-129753
63102
-31643
195065
-43784
135874
-19860
85045
-28574
86461
-15031
114358
-1402
163834
94893
98088
88405
94250
105500
85758
109220
65738
108578
30111
175356
-33010
126594
13561
191980
-31242
126422
-56267
110690
-91078
139976
-70105
131668
-111543
126626
-154156
80411
-129752
-10400
-111464
62478
-158280
10013
-146144
-45173
-159856
-78835
-123892
-96514
-135428
-101838
-71521
-153334
-13138
-170121
-55260
-95230
-15605
-203971
47746
-135178
107217
-147569
28538
-154444
72131
-72826
50522
-131065
93740
-77131
118730
-67591
105409
1053
186165
-34251
142322
28697
142522
-9562
132278
73959
95988
8765
106362
119303
35962
133726
40583
115631
67167
182558
-18806
88943
-43458
198672
-31296
165137
-35648
211443
-57723
112797
-125201
90065
-92172
101689
-141943
77243
-153386
-14248
-114438
16656
-138403
13913
-145841
-15819
-133731
-101163
-117381
-115551
-138758
-107269
-41193
-70840
-55473
-128516
-57520
-100370
-81863
-210769
-1915
-145341
27942
-154717
82466
-127084
108810
-150349
51144
-66930
123234
-58089
139911
-39595
179250
6720
130502
-38410
102755
57127
186549
12861
153858
93174
146551
117625
138491
103002
36939
131593
-4785
127417
38716
66347
42307
165688
-14285
91758
-57952
53411
-92798
52740
-48745
71118
-147603
120991
-124191
9967
-66316
-7845
-133527
63910
-123691
51571
-80304
-45970
-96504
-1056
-163239
-60683
-89532
-29795
-91287
-101989
-25474
-64138
10190
-104537
-53408
-117624
-2477
-109327
76394
-101110
54447
-137387
2747
-131458
80955
-33575
5438
-56413
124637
-119807
154584
-29242
125663
9370
56232
-27657
86488
-38700
57028
27909
64289
30224
79979
78774
133068
65497
39298
78758
80441
71148
11857
63447
71984
88921
-25955
144383
6009
108001
48761
150866
20643
82847
-73235
132251
-126324
73071
-146902
31380
-115533
42990
-26804
-30966
-118063
-311
-86812
34714
-73558
-66991
-69154
-45631
-156285
-44215
-58875
-31876
-40950
-13113
-12730
-62283
11063
-64441
-46228
-61322
32046
-115680
82128
-57307
-11598
-82508
67538
-49333
74681
-81034
60329
-6281
83085
-57404
74834
-54136
82026
-59094
44851
28402
63676
23627
117033
25895
82658
61741
57671
-461
120755
7283
38194
38889
57348
8432
26688
78498
-6168
35238
11938
121964
87046
65593
-282
85570
-93714
126967
-60651
71232
-27431
40572
-25271
43889
-79544
15391
-78004
78869
-158884
42550
-107370
32704
-19994
-1605
-76086
6889
-118784
-9245
-31027
-21687
-57680
-65549
-81042
-67112
-65468
-100587
-8476
-116187
-25578
-139823
34903
-93401
9327
-131231
49903
-63026
77750
-55050
87248
-125439
82861
-105744
88356
24463
45506
-27701
125286
2079
146980
20553
56875
3616
61926
55972
96926
66141
53706
66796
103313
56521
111114
111172
-13937
98053
5073
118058
38407
74023
