#SpinCore Technologies, Inc.
#SF in MHz
#SW in Hz

[HEADER]
@CLASS=	RADIOPROCESSOR
@FIRMWARE= 3087
@SPINAPI= 20130917_x86_64
@POINTS= 900
@SF= 0.000000
@SW= 30000.000000

[DATA]
4940927
-3648059
6470474
-3318525
7131253
-2171232
7491341
-898017
7474500
429823
7300035
1737842
6870315
2938261
6272710
4159162
5404367
5142267
4442424
6021088
3331606
6583265
2138151
7017553
872738
7273421
-484648
7266969
-1698941
7056219
-2888353
6603731
-4051852
5939613
-4969903
5147923
-5734727
4208502
-6316459
3066957
-6679085
1942212
-6920584
646583
-6888280
-581195
-6644420
-1712690
-6237275
-2869307
-5539542
-3927690
-4721613
-4767570
-3788614
-5441163
-2808553
-5986746
-1705456
-6297918
-509838
-6487527
622380
-6342845
1746246
-6122486
2886844
-5682018
3799447
-5010095
4483136
-4164239
5117786
-3307902
5576688
-2356360
5884294
-1256757
5938884
-248122
5831312
820973
5573456
1852806
5129832
2796863
4444871
3605140
3681569
4373146
2853492
4852212
1903226
5249978
937989
5401783
-151690
5500023
-1074511
5312474
-2034771
4959476
-2887711
4544032
-3572454
3906358
-4227490
3214310
-4683879
2373344
-4915754
1385588
-5130545
518275
-5106868
-432258
-4898279
-1332049
-4532053
-2142958
-4038359
-2874466
-3460660
-3490297
-2719346
-4022768
-1958335
-4437514
-1066342
-4619582
-196347
-4750167
673020
-4713998
1423117
-4459095
2223819
-4141061
2946594
-3616514
3489099
-2994121
3897690
-2289998
4180855
-1542661
4464177
-754451
4394190
25813
4348924
799740
4052338
1635891
3672437
2268527
3189759
2835780
2556892
3373964
1942794
3689511
1259690
4019282
445149
4159100
-262997
4140228
-960974
3937441
-1681483
3733114
-2299238
3358756
-2727902
2845010
-3283491
2355022
-3482431
1638153
-3683755
938832
-3784768
256321
-3748339
-421585
-3584035
-1009695
-3333706
-1650857
-2977402
-2175953
-2481299
-2694526
-1935904
-3116280
-1374818
-3309319
-707426
-3493174
-29757
-3532520
520906
-3443249
1111121
-3264081
1657894
-2931048
2076796
-2566938
2502680
-2106748
2835950
-1630662
3050332
-1117734
3265940
-577497
3235358
91129
3161056
583493
2929269
1154358
2659632
1664544
2370981
2111672
1972574
2419051
1425350
2638257
917586
2845187
377411
2928175
-186891
2977423
-721169
2833252
-1249136
2617132
-1580038
2363307
-1974011
2083282
-2327108
1651674
-2566429
1193196
-2671221
670081
-2733444
226948
-2676655
-261968
-2588122
-660723
-2379839
-1128070
-2166410
-1557804
-1820610
-1868353
-1451695
-2155132
-1031550
-2345012
-526294
-2474337
-217694
-2499964
257473
-2483470
773106
-2370275
1123218
-2152647
1531797
-1874433
1794463
-1553202
2011517
-1230611
2134955
-803520
2294589
-401623
2305883
-25964
2254834
332595
2088651
745141
1926322
1041613
1661179
1436126
1386950
1693200
1135341
1963606
713954
2032483
298277
2048121
-129683
2130711
-409667
2019939
-808809
1902134
-1062887
1796359
-1300886
1518488
-1531254
1251950
-1692567
923126
-1846748
576779
-1870472
227474
-1877342
-127812
-1847391
-369059
-1685210
-738544
-1541773
-965650
-1341913
-1284638
-1080109
-1450931
-778043
-1587761
-538241
-1714140
-248579
-1740604
85113
-1745922
426399
-1676972
712099
-1496856
954830
-1346967
1198532
-1114841
1299914
-858462
1462010
-618188
1517616
-301021
1582725
-79708
1600611
204215
1474016
413390
1380231
721366
1222627
885029
1009976
1083962
750177
1263442
513496
1342502
256041
1383212
34945
1455805
-159171
1346177
-429492
1340820
-646212
1225490
-867208
1076239
-1085295
829506
-1196712
731145
-1247312
424560
-1272314
246356
-1252639
-90056
-1263647
-255929
-1252272
-473266
-1013005
-639426
-904243
-779418
-790586
-992337
-635919
-991349
-375451
-1133459
-112772
-1215690
71930
-1129530
242304
-1091957
510092
-1072451
660522
-943207
826189
-875357
899697
-594212
955197
-433151
997462
-254367
1023566
-97550
939699
55308
1020916
257830
950920
460213
784578
546654
724943
758210
578819
786395
346561
829088
185710
911421
16104
932240
-193775
896721
-317570
837025
-474799
793939
-620405
650292
-627630
588141
-688921
474145
-806004
240684
-838375
84223
-838670
-86136
-714910
-155184
-709831
-309330
-709578
-402470
-533057
-510540
-416805
-671871
-339939
-674548
-242574
-714349
5030
-694083
103156
-729836
217017
-677322
300907
-663743
412969
-549639
503009
-420007
510312
-330022
527814
-242719
592414
-153346
627448
16296
655395
106663
610904
183867
513566
294832
504189
404576
383635
454603
255770
508241
156979
544868
69490
569442
-25427
591317
-142529
561623
-277605
493051
-293465
392056
-298098
367644
-365697
179961
-432695
201447
-461708
147175
-461158
13504
-478461
-99901
-486698
-96787
-419901
-255540
-335187
-284507
-326738
-350156
-231693
-356761
-177933
-381465
-113023
-426023
32932
-364808
98298
-286693
155596
-316811
225914
-316601
234790
-257124
318706
-228698
294812
-117693
299167
-30982
417696
41918
336834
107571
301399
148803
240956
176162
235043
182409
179137
297537
115644
296151
32301
243038
24859
300633
-25856
276101
-182343
275295
-194207
218097
-151303
213407
-164055
175851
-288377
95797
-208703
-2195
-305178
-45712
-128008
-77185
-184053
-71889
-171017
-77943
-144124
-140436
-134416
-162241
-156593
-196013
-62213
-192745
-22669
-127120
36719
-230209
36386
-245858
110753
-173109
65229
-107725
158379
-126544
213351
-32918
135259
-6690
155304
35419
165374
-65164
174070
44903
83831
117631
140715
133733
104736
186647
90452
137157
30693
159443
-25552
174271
-335
164965
-24687
110387
-52879
118152
-87977
98659
-115004
62456
-88595
12642
-143703
-7344
-137952
-40384
-186049
531
-154090
-77169
-103665
-108316
-81225
-135451
-61152
-82721
-21718
-201351
-17821
-74106
84148
-158746
83687
-128420
71586
-103350
123552
-129681
131493
-146406
132584
-62976
138394
49054
143919
44291
141221
20491
138735
69227
150316
29707
106209
71983
33479
118959
32358
99702
9778
144380
-15168
149170
-48121
162402
-127767
118772
-128384
179068
-168613
99493
-114227
64932
-204870
100455
-168360
-57666
-139112
-33034
-201960
-48747
-104468
-105610
-197761
-109009
-137045
-124217
-145541
-147095
-58766
-237889
-76273
-179022
7720
-244288
91166
-154894
126310
-204565
159312
-95120
151764
-70795
177386
-125462
144607
-65666
225462
-39061
225257
-9677
218503
23448
162250
51567
206010
146985
194211
94790
183147
173714
99082
203225
-23043
215218
22028
242015
-24501
306010
-41336
212915
-133316
216119
-130490
212468
-200754
178838
-179022
73675
-189599
102336
-243139
73892
-266795
8598
-234672
-59955
-221209
-155813
-189309
-90930
-211269
-218297
-139421
-181362
-119968
-257220
-72411
-198894
-19223
-239546
40083
-234512
39118
-264205
90433
-193376
149561
-178897
153177
-174744
228348
-202349
222200
-83228
287830
-44636
303055
-22984
243618
94979
257653
58283
274255
79219
171011
206238
119728
203512
98793
232982
107119
210144
65155
226444
69483
294572
-50600
322518
-24164
236849
-163443
263663
-217051
187360
-248884
143907
-152176
57343
-290248
57302
-286439
25923
-230990
14394
-270483
-63524
-292475
-146209
-214969
-125407
-126903
-124365
-174570
-190883
-168967
-284958
-134518
-265948
-31017
-339693
21998
-286576
109023
-273529
148047
-243724
149594
-253726
236889
-311003
262582
-116742
269352
-113273
288514
-51007
279421
49505
261626
74206
258783
118793
280860
144390
258996
149970
128010
176897
152020
262247
92424
341181
-56386
344254
-18877
285660
-101885
295540
-147662
264708
-198489
198230
-206715
224204
-247994
206439
-235602
122695
-307257
42543
-285052
-25971
-305885
-69962
-263947
-23870
-284636
-126067
-195849
-177649
-179070
-240683
-199645
-249739
-100694
-274855
-54866
-277257
-33462
-351230
90385
-369606
105170
-270201
111178
-244294
213958
-263182
182749
-142273
254996
-187509
279498
-109802
253211
-66072
253960
-46379
292343
84707
279171
132228
239193
207643
155614
168031
118802
221727
47262
220368
45316
238265
-14879
284898
-49548
301477
-61958
226066
-94436
252055
-128269
201516
-227449
219505
-203996
132348
-364728
118889
-259587
40982
-279515
13507
-257412
-101119
-244434
-99302
-183680
-192367
-183789
-120135
-229978
-205214
-84887
-220581
-78518
-300980
-24040
-373585
-11409
-262606
28161
-219888
48147
-236303
118979
-190890
196216
-184297
251542
-150043
199124
-133069
208823
-46713
234318
-17876
274190
20790
192113
72941
254957
134876
191851
187501
184652
197636
72586
150772
137325
253496
38665
289722
24243
207183
21581
233190
-61304
285411
-99310
134910
-158531
161901
-107380
99323
-244258
78841
-197325
62679
-187462
23223
-198568
-23770
-221150
43111
-269836
-100010
-169857
-82249
-188719
-108928
-121579
-173537
-112531
-168839
-70798
-194498
-43076
-154121
32342
-170461
40580
-173446
92372
-115587
53818
-119672
58901
-172330
197185
-165831
229178
-79484
166225
-140969
195876
35794
202670
70875
229876
65650
189495
67485
152086
104229
104604
138639
78264
140402
85834
155169
-30797
191690
59692
121872
-13470
140468
-16385
132244
-70901
146884
-85902
95827
-82863
113081
-172341
89301
-61028
3657
-126897
25965
-54143
-10661
-101850
-2788
-74958
-46156
-89046
-54924
-187498
-24687
-73737
-82091
-62353
-87212
-133938
-79718
-113320
-120523
-27129
-117183
8287
-131612
46308
-104839
20212
-114734
59172
-69358
102419
-66324
99031
18165
64914
-51501
46549
27917
141818
46206
103789
20022
102026
-60928
27415
83155
45218
53695
49648
103806
49821
132761
48596
45133
69957
111248
14446
63649
-80312
124281
-43302
97119
-5988
101889
-98161
70585
-61067
70356
-43902
-16194
-58750
-8801
-68424
10208
-19027
81115
-80151
-30150
-40736
77909
-21792
27643
-55685
27809
4809
-28220
-58165
-22533
-64907
-25491
37242
-16856
-67579
-32352
-11905
-24804
-16517
-59776
-80451
-29593
81766
-58975
-28627
-56345
9895
-11445
-4002
-657
101165
31206
-42792
20620
9492
14481
90847
55529
52465
35870
11180
-37073
40834
-29566
18240
10455
5674
49649
31091
2269
31826
91993
36479
60175
79561
34967
63171
54949
40422
-19629
-5102
30898
39186
23571
-28487
26985
63785
92199
-15231
20445
-23923
53489
23823
14440
7981
17682
-56920
-5839
-34877
41067
-324
915
-29990
10344
-66397
9424
-42320
15415
-75964
20997
-57799
34233
1509
39592
-53991
-7038
-68497
39831
-20303
-47753
-9977
-73019
-4807
-85704
-67131
-32142
-3281
-52652
-1060
-6854
91420
-41332
28717
-11210
-23976
-61071
17883
-17426
21639
-16344
14024
-34495
8125
-56433
12266
-19452
70864
-34611
50735
-3878
104447
12120
45377
-6470
24693
-29847
64912
3946
53763
-35923
22411
49873
42841
-14405
47302
99688
-5953
95631
-35415
110942
-46905
10253
43815
8559
10248
76901
-34593
44073
-126004
75931
-88933
45420
-127898
56138
-118786
-23135
-69750
-49990
-85401
-18455
-13348
-4115
19734
-68165
-43124
22657
-104542
-8410
-69226
-40650
-83628
-39790
-35957
-116272
-38564
-57935
-43830
-21050
4079
-79735
30955
-129993
-20450
-101825
47042
-84536
58929
-60845
110152
-26218
63102
25269
36622
-23721
10456
-43379
116846
3774
81421
46900
37779
64419
80887
70957
89547
118844
67265
81512
-6801
46320
-43894
87421
-80736
110699
-120391
117554
-94123
91919
-110329
116480
-70875
63808
-138944
-13390
-88484
-53
-73159
78745
-88597
54983
-135633
21152
-27138
-7856
-98494
-50927
-74805
-62124
-63295
-50799
-39814
-118809
9618
-45820
20491
-89201
-2290
-166856
35529
-79068
-10278
-40413
39857
9651
33711
-58467
74677
-49899
77011
-72511
84663
-78902
141899
18719
92073
57071
128762
38187
101183
-17593
4825
57110
89545
20511
109315
58196
87436
134427
46060
83322
-11044
93631
-8515
111654
-70805
106674
-50665
94923
18053
76255
-92443
21342
-79502
92055
-86861
39345
-131772
10994
-115756
40746
-132289
-577
-133166
-38027
-67606
-39924
-114658
-112668
-67926
-15428
-53644
-51947
-39100
-71060
-70884
-19680
-40545
-37911
1068
-131343
3720
-105864
27363
-54884
63396
-63304
34698
-66503
40458
-44122
52357
-9712
77666
-15650
117559
-24053
122506
22092
46094
12757
99148
86910
14611
71798
104411
47414
21356
108451
2270
61682
-33689
137110
-2220
77485
32630
68894
-15120
69049
805
48496
17215
-63979
-9520
48161
-77754
87976
-112693
96481
-150972
51722
-98671
-64697
-94434
20903
-62376
40964
-55330
-34978
-35179
10347
-40193
-26408
-48958
-74524
-44904
-59006
-6830
-18875
-49087
-57952
5025
-55182
21558
-111102
-6632
-81230
82326
18463
89693
10795
20884
-19699
50106
-4645
37355
4983
45268
-59082
33790
-73427
64103
38922
51404
-8999
150910
57387
84435
76110
97557
62256
44845
33476
19139
74877
-8657
78492
19908
102759
-50005
6880
-10085
32053
-25770
2621
-56119
94964
-59162
32095
-50447
-1546
-19310
49353
-18377
-10993
-54973
-18542
-49875
-3108
-50658
-24535
-105039
-16009
-58851
-50178
-15728
-26633
32409
-25922
14456
-25654
39404
-24586
25583
-52121
-43810
-33121
42616
-71948
11629
-77766
97785
-72483
80451
-84877
82286
-12891
62453
4425
44407
2684
79294
10395
2270
-27047
67715
-27497
37728
52677
52300
50350
47768
63164
9750
57714
41860
85132
-22084
6262
-26043
22378
-38647
70049
-845
50099
-17434
91367
-2049
18757
33575
55926
-20368
73757
-12657
56700
-52604
-25075
-52811
15687
-81860
-38399
-69569
-35260
-18618
36736
-77700
32198
-10473
37545
-36792
33759
-83894
16065
-84153
-34025
-81182
-50117
-1735
-66689
46158
-119336
-24369
-84900
47807
-35555
-4041
-73188
61185
-77390
25531
-75031
64859
-54393
-5081
5514
55021
-184
95836
-64480
46016
15573
93575
40430
48601
57905
-22445
14037
19181
22119
20740
4671
252
44502
46149
-7532
7528
28189
