#SpinCore Technologies, Inc.
#SF in MHz
#SW in Hz

[HEADER]
@CLASS=	RADIOPROCESSOR
@FIRMWARE= 3087
@SPINAPI= 20130917_x86_64
@POINTS= 900
@SF= 0.000000
@SW= 30000.000000

[DATA]
-2095823
1403934
-2732863
1402900
-3007863
993619
-3167238
391339
-3201050
-160417
-3068666
-635635
-2922124
-1209522
-2731975
-1681995
-2351670
-2174295
-1961912
-2508429
-1490090
-2848249
-933915
-3001589
-354739
-3107417
244568
-3135858
755160
-3000027
1267387
-2905915
1700067
-2571777
2175946
-2221161
2474398
-1812654
2709899
-1354938
2867694
-871831
3005149
-411700
2901569
182739
2873621
758001
2629727
1157851
2454764
1636137
2093917
2019384
1662606
2282264
1199443
2555156
772947
2728653
276372
2802116
-335646
2718187
-729023
2635147
-1181348
2415970
-1496129
2186130
-1944048
1836019
-2173006
1450697
-2452287
1093110
-2625359
578874
-2592559
142852
-2544270
-238219
-2378541
-770321
-2208294
-1223259
-1940950
-1578711
-1632799
-1810012
-1262289
-2152086
-777935
-2287302
-403436
-2282180
41595
-2337789
480015
-2280999
899519
-2206415
1271575
-1992171
1562990
-1638009
1831929
-1353556
2079759
-1023771
2124037
-657776
2283334
-186019
2255549
117516
2130698
514511
1951376
956137
1729898
1216517
1586021
1557661
1163383
1778533
855137
1911332
443401
2050676
112611
2081230
-259122
2042587
-554401
1952923
-955268
1738393
-1214259
1532969
-1472966
1300456
-1633813
1059698
-1816823
716123
-1902001
310964
-1915238
30489
-1835516
-327408
-1740099
-660934
-1548604
-953155
-1388479
-1249636
-1163987
-1426274
-751166
-1604785
-463697
-1733609
-202989
-1779237
143397
-1705938
433149
-1811640
679347
-1595458
970020
-1436013
1170636
-1216803
1451866
-971910
1577302
-717874
1632516
-430533
1670303
-138511
1642112
85768
1521934
489123
1433064
649195
1280337
997011
1026242
1129225
860771
1281327
578655
1406793
406121
1556876
66401
1585514
-251050
1489555
-531481
1464187
-712311
1321119
-942909
1141469
-1129685
938540
-1246516
783066
-1347073
513853
-1376862
239648
-1436004
26675
-1362575
-251705
-1238529
-452835
-1168873
-748711
-1039154
-882973
-793497
-1059863
-595154
-1143318
-370602
-1244992
-149115
-1236092
28933
-1273696
265361
-1205456
455535
-1150309
668299
-1026014
811518
-879194
994073
-665391
1106217
-517425
1142139
-325762
1167978
-129910
1178727
50150
1108960
256331
1031935
435258
949798
703853
777074
801651
665822
860793
462948
950135
271378
1059226
90265
1070294
-152010
1023086
-336939
1042489
-466695
936434
-628119
760756
-730989
728138
-883457
582213
-937610
421543
-1006963
212014
-891565
69529
-966119
-142633
-850096
-291019
-833635
-457852
-694085
-594016
-580717
-680331
-451595
-743438
-368031
-819342
-139558
-879810
-12969
-883888
137785
-907616
271936
-850399
489085
-801253
600959
-661806
693772
-548223
730061
-461250
795555
-238440
862673
-125354
882102
62924
751527
227569
710027
318494
716997
454135
560911
514627
496716
590570
381429
703297
194570
744971
114335
732902
-33147
712951
-175038
691593
-306186
682910
-375528
602357
-485372
476598
-597484
369557
-617942
290238
-626937
192644
-632153
10415
-658505
-64210
-643520
-166706
-588016
-270541
-558562
-382928
-377394
-474825
-370923
-524996
-162353
-568091
-97488
-660155
-45353
-548861
93159
-587325
148904
-597288
229212
-491340
359824
-428047
465084
-397568
452547
-318310
537229
-159201
556468
-79573
540545
-27099
597879
81805
587053
235663
440610
279728
356952
351757
348291
401416
200533
441190
170027
452410
60707
494360
2781
451632
-73382
488403
-191262
453366
-250080
374673
-324590
325625
-386799
276765
-360752
189195
-440420
149897
-475916
49187
-417390
-109666
-387177
-91172
-313318
-154331
-241220
-198856
-248924
-269624
-179806
-255517
-107536
-336565
-78318
-377346
67796
-379243
67742
-406182
152666
-370165
196310
-304871
225839
-304866
298285
-211250
338185
-207544
311669
-139305
432591
-55684
424312
4281
384263
139810
324185
125220
247784
171138
266566
261806
232036
322029
149147
330406
87160
288605
26424
264425
23920
299181
-90487
272790
-105682
186509
-146100
220192
-209064
248658
-296626
171364
-253991
140443
-318196
56234
-262874
-49192
-242454
-46168
-229471
-76845
-215803
-110526
-212245
-162808
-115313
-224136
-121593
-199998
8281
-231909
-35659
-238259
19521
-237371
97243
-178397
104809
-201258
106361
-161985
161776
-156637
99376
-151101
233784
-56907
185110
-70938
126595
53134
176044
69482
117788
85183
158416
151736
122487
135477
105526
100709
99630
110342
74018
160354
21637
119188
-28704
119934
-39126
126945
-107202
158257
-107339
143044
-77443
111527
-123054
145794
-143872
43419
-136529
63822
-145500
-21683
-131766
-14590
-53022
-43866
-115998
-22508
-30614
-130738
-5940
-103363
20313
-124477
-12
-132905
-28804
-70364
30101
-76513
23862
-76612
7097
-120737
74489
-149737
54635
-33785
29502
-91452
58849
-7503
77269
14170
73515
20496
86514
1436
116797
75828
94161
115929
52962
19000
-5982
87721
61283
66682
-5791
-28411
27419
1991
-5942
265
-24417
92277
32903
-67374
-47378
55231
29
-9271
-38939
-19925
-100900
11870
-58031
33162
-103052
25547
-75579
-74230
-19242
-31272
-24664
39936
10778
-91348
-9562
-56846
17867
-26958
7281
-73805
55881
-71172
27075
8831
44151
-62537
61023
-44989
139328
-198
44371
1353
89684
53836
99963
37749
94455
-15899
86838
41096
68904
84796
-277
76568
28096
152816
-32858
83029
16964
127163
-17813
10245
-30153
7553
-19193
60401
-21143
9908
-116793
45676
-40980
5440
-61727
32356
-29117
-37920
-7418
-35046
-16374
-19220
7786
-65163
-27456
-102638
30931
-119857
40418
-48040
58342
-65315
32348
-70199
5630
-48317
36772
-56814
70952
-41731
101591
37909
42021
10239
74012
38989
96742
-20535
82388
59795
99825
78572
102015
117799
44946
111557
21482
117966
25380
99524
-1409
109857
35344
20007
-21448
100640
-16258
47984
-28801
95930
-97406
29577
-52589
82756
-74555
63143
-92033
10869
-33508
66434
-68299
-12334
-121943
-9836
-44662
-85231
-104043
-72865
-72154
-9950
18619
-26606
-58259
-80846
11122
-131594
48239
-100232
42003
-124108
51267
-56029
28347
-53969
82992
-100931
100159
-71898
158981
7397
66507
-11140
110621
74354
125136
-36160
125380
110283
61308
19282
130769
63452
39684
93267
132150
119044
21670
116075
75394
177268
-47039
69414
-54379
99659
-49047
120750
-70841
54844
8523
156222
-74097
51223
-86570
-6823
-116313
-20117
-122482
-3568
-99581
-14017
-114615
-62355
-122859
-118650
-98388
-55733
-78804
-56679
-21783
-52476
-53037
-125594
19758
-112880
4947
-219239
39479
-125575
59742
-122901
65027
-148276
63283
-97405
36798
-120255
124339
-81326
207368
-35156
132966
16880
144258
5762
150002
34432
176145
54905
74612
16925
134750
169947
113660
197320
53827
67085
93375
173363
36854
117993
-61174
121236
-24448
99352
-109380
166649
-74510
69938
-105128
119343
-74253
49598
-106404
-2170
-168779
41307
-111856
24827
-132165
-56093
-84381
-55482
-159889
-72390
-68314
-55278
-141418
-134641
5756
-109318
14838
-155118
17825
-165947
-65110
-157536
68434
-70851
90076
-125916
81758
-108037
108872
-111966
70793
-50139
50432
-55467
133810
-60841
134605
14434
182241
4249
68680
62676
74170
41391
88201
91045
109287
143243
116887
77285
46049
165519
35684
131800
60678
148288
67583
121226
-17230
95651
-81759
91145
-48910
176662
-98690
118342
-115291
52332
-109573
-52730
-120229
16696
-85999
-43052
-127512
-16020
-87981
-68900
-152499
-27727
-81124
-26725
-80691
-90716
-71487
-127469
-21370
-130604
11804
-128387
-22679
-120479
11492
-104355
104012
-155837
85503
-96369
131688
-76605
164944
-65598
115108
-11290
136938
24417
-5458
36993
10005
1508
49624
30979
103795
124442
23926
10135
77961
100980
31326
84299
38661
53953
-26270
86799
53124
129012
-24684
141959
-87616
67262
-61226
7816
-81100
28593
-56833
65636
-89310
53898
-75191
26919
-43875
62259
-109413
3012
-5096
-8621
-35456
-3440
-149251
-39792
-45988
-89401
-76246
-108391
-17282
-97558
-56103
-105695
-49724
-149004
28152
-128186
29764
-138298
8128
7218
67250
-122904
11323
-61445
67652
-86641
85737
-94035
92553
-9892
60326
65835
26824
72243
157200
32589
95930
65626
21608
65172
64531
93579
9045
84214
41231
141325
-31038
99365
-20035
90475
-38917
106740
-16346
22731
-37824
55034
-60166
125191
-11916
8195
-77662
45711
-55058
57084
-71744
-28833
-111970
-46962
-4861
46017
-59708
21611
-33329
34492
-89327
-20448
-63690
-30907
17553
-75339
-7716
-89612
21364
-55096
33302
-33004
35432
-16088
-6038
-13682
3345
16788
-7809
7931
14529
-87570
63632
25391
48160
-54611
75641
12220
49029
-22667
11708
2778
30470
23888
-5087
20909
49261
50808
-14753
31623
11402
81392
34576
132010
450
51076
-56701
59003
47166
45650
-37318
42197
-41330
18732
-15737
-22594
-120311
74213
-74571
-35054
-11083
24813
-39292
29460
-95205
-29469
-63299
-11118
-14297
-71074
3141
-44645
-31600
4033
-30769
-28234
-2231
-73282
-75909
-131752
-19392
-92948
36134
-6821
13195
-21175
-8112
34348
12384
-65598
39140
-29376
-18518
-51487
26117
-36060
16619
2968
59323
-15349
36495
24325
23364
6727
53491
4663
-50968
29981
10151
21641
18741
-24959
30881
38688
-14718
654
6447
62228
-32709
51992
13431
3456
1414
25531
-41633
43175
25719
52804
17069
-35814
-14356
-33108
-62246
75277
-33480
-33208
15212
9294
75500
-32297
-14798
-53610
48922
35657
31034
7535
44226
37981
29791
27200
97858
-8505
4767
13357
49212
-4383
11298
22074
-20107
-24129
54798
-18377
63066
16118
-11489
15027
30192
60174
48789
28597
-15093
-12457
11715
56959
-2126
-22740
3431
-14096
28820
-5995
11830
-5740
23192
84676
19774
34700
59678
6908
-22742
-61535
-9929
-11955
2126
-20645
-2480
-13838
14781
11534
45018
18965
325
1335
-8136
-20344
-16986
27203
-42121
42431
31789
14445
-50629
20567
32311
24492
-11660
24459
-7452
110776
13915
-12173
-30812
-43973
-19481
10507
15381
-58733
-70839
20401
-31695
40420
-101
-1944
-119826
-3078
-11545
28537
-63508
32533
35768
-6318
-37243
-13476
-51118
-75975
-12343
12768
-79908
15792
-37851
45429
28598
16681
-738
-45102
-6394
-11805
53101
-28077
41214
-80069
-23561
-45323
44507
-25689
43602
7461
17360
-24266
30660
-33828
-33006
16776
55271
19993
67280
-17892
15522
37108
25136
-3732
49464
-3735
11780
30399
27762
-18952
-36806
58277
-32930
71020
-32390
51956
10745
8882
-23494
13064
11712
45467
15631
48103
-30060
98013
-80987
-1953
-27836
-31251
-54236
-69947
5320
-13684
-30014
9723
-22432
-8146
7893
18092
17148
32445
17886
-6035
-26016
29372
-2488
-12953
-6704
46298
-18376
43559
3074
-9962
12865
15126
38984
10547
6069
-31945
32079
40729
5328
-28472
-6646
58412
42528
55228
-40871
-20867
-45496
22366
39346
-36008
20429
104936
26177
16579
-26220
-5008
-11509
52860
38722
87978
10291
-36124
-15211
27948
-4607
53611
-80644
31897
-59694
-39671
1824
15480
29819
46280
-86098
-6142
-9711
-29721
-51100
-39671
-3253
-39551
-52900
-21906
43082
10837
10549
-21945
-303
-117738
-44825
-84434
25648
-36101
46663
-66779
-17043
-69393
57945
-11221
-5944
-26827
-44972
1386
59957
-23064
5161
1945
47682
-64496
9521
-15
-28168
34459
99176
38030
3900
48
5705
31827
68178
49135
16987
118972
13164
23166
24655
71077
-10278
66631
43425
91024
64259
65303
-5626
57513
-100046
76274
-44060
25253
-43531
16475
-48924
50590
25823
7443
10370
3794
-612
-20718
45003
-19220
-43684
19798
-77184
11214
23817
44203
-36407
16459
12744
37717
-18350
22194
41509
-79968
-7057
-27952
-33302
4763
25791
-45593
15881
-20451
77033
17728
-4368
26364
-18621
59302
47072
-8087
26181
-12147
41968
8436
24137
2904
20148
58665
62314
45699
-25612
24816
84025
93163
69491
19766
75131
166149
4423
-23394
27950
31190
49127
86840
-32694
-19738
-28908
-56341
-39109
23372
-31555
8327
14581
22837
32769
29008
-46425
38703
-34369
54010
-20950
-8490
375
-64095
-45624
-30099
17297
-7942
-46501
-42519
-40998
-57471
-37539
-14128
-5846
-55961
-10154
-75105
-306
-29979
-8091
-78517
1439
-12335
34820
-89033
41686
-6708
61422
-63994
99989
-67621
-28325
-40805
-20674
32737
49839
25813
-554
-23483
-9406
-639
35503
28449
-14762
24310
14857
16816
22947
-24542
14764
10994
1594
69076
12956
-1076
-23036
45575
-33102
-7378
32643
42391
-3096
14064
61637
22361
38846
53471
22980
29530
-19793
6241
789
-18465
63347
32953
-28031
23011
-51060
34996
-30279
-35935
46167
-18067
-60085
-15906
-82847
44587
-43410
-7402
10763
-79311
-30722
-90484
-41456
28589
8117
-48666
29221
-38553
27293
4514
-11721
-15286
18447
-20121
21119
-53794
-8093
-19840
-17858
-62983
16513
19028
27663
-47359
33673
39816
-11906
-4946
82651
-368
73700
30012
-32374
15970
6238
19072
-5792
18868
34394
95216
20153
123171
-31075
58286
74598
15443
-42989
-22502
-63103
11951
-33970
13046
-1141
52157
38957
23412
-21560
70320
-52550
26324
-64148
276
2546
31513
-17226
-48278
-65936
-28109
-21431
-18307
33067
-20543
480
-41338
