#SpinCore Technologies, Inc.
#SF in MHz
#SW in Hz

[HEADER]
@CLASS=	RADIOPROCESSOR
@FIRMWARE= 3087
@SPINAPI= 20130917_x86_64
@POINTS= 900
@SF= 0.000000
@SW= 30000.000000

[DATA]
1926208
-1429236
2518954
-1380979
2785362
-881531
2916626
-392085
2929222
118090
2949796
607270
2721293
1146770
2468702
1567833
2134390
1975340
1788597
2367455
1288814
2523157
846911
2715400
349054
2855234
-129086
2830178
-521633
2726051
-1032898
2595234
-1538411
2364175
-1896165
2078181
-2185365
1583728
-2475182
1235474
-2631630
740860
-2736845
322286
-2686471
-168425
-2601974
-647016
-2383917
-1013471
-2145387
-1438719
-1912860
-1814815
-1568607
-2131467
-1069919
-2289300
-609566
-2465245
-209591
-2512150
246888
-2497649
715156
-2422110
1056931
-2249744
1373255
-1965773
1716375
-1751013
1978750
-1320823
2187145
-969665
2244502
-530502
2334816
-143751
2303759
320658
2116296
675587
1915849
1079557
1748001
1440257
1518833
1732923
1155982
1870792
699769
2031817
402906
2108785
-23045
2218625
-315654
2059012
-724089
1993277
-1058145
1848084
-1440662
1490635
-1653917
1196890
-1780637
1007201
-1926545
608583
-1960190
213304
-1926139
-151543
-1844056
-519007
-1726488
-802973
-1606642
-1135640
-1322063
-1405838
-1028630
-1556758
-805021
-1792359
-421030
-1831520
-99204
-1881035
201160
-1834511
562417
-1737090
878762
-1614926
1089716
-1412554
1278949
-1141536
1492735
-915264
1599729
-586493
1681668
-303262
1718141
-47796
1656913
254515
1590654
581481
1454946
852995
1247110
1084627
1051891
1240935
784209
1507542
559254
1586694
272206
1622876
-133459
1618814
-329388
1565843
-631999
1438485
-898210
1295181
-1139266
1111342
-1259253
905085
-1485196
666148
-1523404
430759
-1495052
50048
-1482983
-189968
-1402772
-449014
-1282332
-641529
-1169370
-891828
-933106
-993221
-749016
-1163363
-496594
-1286854
-258111
-1337297
-34830
-1329407
225807
-1327955
439582
-1264901
619815
-1214093
843703
-1006476
1033569
-781246
1131292
-702714
1281916
-417575
1269595
-214013
1279096
-21989
1237159
239425
1156938
483497
1093088
687979
915905
823242
781673
952628
596225
1075083
364248
1082937
200191
1157038
-41902
1180396
-237078
1110685
-425223
1026093
-579669
942338
-711090
812304
-863772
638040
-974081
495778
-1081441
324730
-1036888
89008
-1025772
-131080
-1024764
-265512
-949623
-438319
-795954
-590594
-739980
-755254
-543447
-865833
-348985
-911554
-209003
-976049
-39587
-974950
125143
-977292
261578
-947194
469872
-853630
619932
-856416
683210
-675172
766485
-492719
827291
-398344
886017
-180669
911199
-59238
875199
131858
851086
287602
750235
430875
727695
532352
575286
648286
465588
719716
303600
798253
83864
816090
-9106
816914
-173614
740336
-203157
737289
-446549
766660
-461360
586135
-551254
490311
-672649
357961
-701414
253861
-773151
121186
-686621
-68891
-696544
-141188
-673580
-287837
-639116
-374758
-518817
-438310
-407139
-529157
-326111
-625818
-213995
-664848
-75074
-730603
28190
-752128
149628
-718408
315950
-592805
358550
-561694
491359
-515870
542554
-449952
577052
-256207
599991
-154319
592589
17792
597396
92026
547825
208069
531685
266902
448975
415898
422218
370732
332441
477947
247532
547748
107683
570849
42099
617556
-98440
524171
-167424
434250
-275374
478312
-342500
393060
-421382
368381
-468663
265949
-508661
165012
-464133
65807
-523671
54652
-478581
-95812
-458833
-192233
-433789
-239735
-413320
-266116
-343357
-387233
-257838
-430079
-145232
-471004
-21764
-478596
42679
-496851
119715
-449642
138092
-427046
221210
-373496
249894
-359577
313666
-202905
351442
-113933
405398
-108955
381473
-51528
427170
23808
355446
140472
296485
141970
300257
218801
209004
233917
167217
305783
177016
287241
36987
365034
57527
315362
-34818
341501
-109101
319284
-194592
344891
-224215
210481
-286145
210383
-296223
158027
-252586
108181
-290536
81072
-290565
15086
-326636
-64255
-267102
-160232
-261658
-198040
-197928
-153947
-197216
-266508
-154935
-276495
-90947
-279839
-48862
-301769
54572
-368705
81016
-290021
109901
-222523
214738
-131246
135014
-176133
221180
-127700
267292
-79979
252571
-24462
231103
3250
256239
101514
174231
77039
179763
187987
175602
139912
74553
133255
115811
205837
64578
174912
2255
173331
-12897
211201
-43955
201624
-100281
197926
-87722
119756
-139493
57560
-138787
88367
-149510
80381
-175421
15635
-137987
-37726
-114977
22548
-153717
-92952
-156616
-18088
-206812
-202840
-88473
-91872
-119423
-151831
-40323
-189400
3031
-89460
11865
-69404
27247
-136555
40263
-151238
85509
-116625
126402
-99094
88295
-5775
166274
4683
116396
22496
137258
61050
81488
26299
144053
108462
101781
97494
78880
77479
113114
126911
-14463
108927
78537
62592
25512
164308
77781
62855
-9015
172213
-17635
41882
-43582
7373
-24992
86144
-133248
10575
-52060
17150
-56629
68293
-88961
-31843
-90694
-20191
-80123
-46798
-58516
-69161
-33761
-96619
-56532
-125680
-105157
-72709
-12474
-67191
42744
-84100
7829
-60421
81129
-85481
105459
-79951
6593
-97633
66057
-94021
27252
54688
56893
5223
75099
-7592
92848
-2698
32787
75183
10347
63912
64246
56833
-13292
103151
26738
4855
-24184
52983
-3228
32911
-6822
80800
-65111
49506
-88791
38079
-42760
32781
-41547
-19405
-5598
52021
-3278
38580
-37779
-14562
-15015
1639
-58856
-29732
-15348
-21904
26831
-8296
-27021
-37290
-18292
-56843
49261
-147403
11143
-97534
-32093
-27071
38997
-42239
77576
-82154
-19238
-12854
38722
-1859
72233
-10262
55929
53162
28744
12769
89952
17886
73418
16417
-8504
73898
53400
39085
5068
125987
-77819
53244
14827
73774
-104096
34372
-31226
25115
-61455
-65538
-35464
70215
-79139
7179
-55848
78777
-102752
-46084
-81768
-48709
-62510
-68520
-17466
-57503
-108815
-112645
-78240
-39133
38354
-68516
52737
-104362
-48271
-79292
8080
-78586
-16202
-68864
-44901
-69286
50617
-120069
55830
-85170
57581
-55442
44277
-59750
104796
29507
38865
38728
63715
25987
76315
10425
-1251
86603
43551
94003
74846
100271
8685
52728
10469
76877
-61734
101924
13731
59428
7542
64112
-17421
86862
-83864
55468
-75479
16082
-40810
84703
-133703
88095
-69292
98373
-75257
8317
-95432
-66556
-125373
-31203
-105160
-72176
-45390
-77717
-68339
-84985
546
-88327
-19940
-53583
47008
-123569
45536
-155439
46525
-137321
38781
-96990
40826
-101563
144291
-126247
52380
-23454
115722
-36329
86037
-63940
157198
9105
118011
-337
94787
-2997
135710
94128
45778
61832
92665
62183
19957
149987
31929
56034
-7314
80639
-17130
85086
-63279
18688
-84504
20972
-26955
16997
-116345
45797
-92910
98959
-128563
20916
-29412
67772
-136616
-41507
-118231
-20946
-79400
-33161
-122697
1630
-82009
-95256
-120474
-81714
-19599
-51029
-28170
-113574
-67205
-143323
-2470
-110946
-11466
-122376
33847
-180229
4828
-91872
55348
-91087
112562
-151937
32909
-54830
56407
69494
69312
42093
79477
31455
119150
8300
94443
-27973
84681
32691
161730
57312
71411
52656
24712
44485
15692
85889
-7885
97448
-14847
95315
-9242
88844
-46391
97814
-43570
79480
-99722
71886
-117570
36395
-113982
49665
-115152
11426
-64072
-40849
-122457
-34556
-157721
-30476
-111335
-56274
-19732
-47033
-86984
-30392
-25840
-103150
-33081
-65758
53348
-56229
23175
-65623
-9313
-111525
53136
-107313
50320
-95898
91525
-65453
29538
-25891
125744
-96881
178607
19060
107403
9717
132571
24299
69211
14054
115489
33120
86336
104224
94656
97272
98292
165528
-5495
85739
-13679
122303
46492
76505
-55256
116622
-102139
-3780
21741
7850
-75779
69938
-120939
18573
-86461
52781
-87178
-11801
-114602
22855
-123301
-23174
-92637
41977
-107180
5860
15758
-7325
-66168
-54294
-60326
34905
-29909
-94662
-38995
-94454
-53108
-174289
52680
-135931
-36100
-65625
30249
-124291
37997
-98881
87191
40938
63751
-29297
95846
-23357
54893
1881
63170
-8426
37423
33604
141425
13497
34997
60620
45684
58724
25115
66019
3119
80026
38950
132397
56975
22707
19250
103616
15569
82957
20248
80785
25655
57823
-18026
81263
-73301
57579
-26751
-7278
-108188
-10421
-51470
42532
-61833
41821
-7504
-64820
-79381
-70358
-42589
21041
-66045
-62653
40563
-3363
-102329
-74377
6348
-38087
36897
-84587
-47093
-110777
33353
-59884
-7045
-94059
48913
-85660
86289
-10088
75972
11725
131324
-47921
102795
-11857
55482
27378
43522
41111
63891
36290
17913
-11266
10953
94374
-11512
72205
28477
-10144
-19005
35606
-16436
27005
6954
57565
22138
40197
-71887
31950
-8267
34711
-14490
31451
-74744
-18881
-31439
27850
-98614
48572
-81730
48502
-9890
2644
-94565
19439
-55914
-35313
19867
-2686
-87862
30901
-29201
18737
-38844
19400
1870
-109852
50835
-39859
-54836
-69911
41541
-116812
5643
-82913
-89382
-42227
63643
-72463
35764
-70327
27845
-39659
450
-96142
98013
2525
97441
-72621
-24341
-36616
30168
-37506
-22224
2047
94154
19336
-960
45821
92707
69553
-10292
55852
48981
-824
13863
16085
-45692
-71899
501
9063
-92558
46183
2795
20686
-7770
-5395
20854
15029
2846
8442
-40412
12958
-73879
-5832
8560
10654
31748
-14585
35347
-15799
-44313
-51497
-60301
-29523
-22073
-1631
17470
18226
-6068
19827
62295
-51666
-30749
-38626
8802
-15921
21449
6828
-11402
-75945
-36633
-32586
58689
-44702
29956
16415
70846
8727
30915
-45917
-2205
-33055
64997
-51243
19547
-94966
22707
-10481
-51202
-25209
30331
-559
-27926
-33482
43098
-5516
70458
26636
37061
18262
-65317
-70738
-25824
-67071
-51538
-7721
14106
-7076
-19831
16373
16061
46499
-42230
-2601
-3772
27456
-44115
72127
51472
-23398
-39910
69536
42515
-10870
-46298
36441
-7792
56265
-24054
3593
-74506
24752
-135284
-59510
53850
-22143
22919
-17926
-16592
4892
3043
-68428
-30466
-69176
10632
-40230
12301
-60263
83610
22918
24408
-6555
48231
-27582
-17672
-43087
34635
-8604
-16429
7818
50569
-17393
65173
70730
24652
-11440
77398
-25066
-28021
40028
28817
45973
-55035
23249
35951
5592
6540
40080
63674
18513
59041
5009
6490
80688
5110
47712
26831
101085
-3231
10213
19537
60140
21337
93211
7391
43448
36519
50872
53293
-46293
63282
2624
-35767
46113
-16691
36589
14061
31727
-29207
-26261
6278
24228
8858
1171
-27701
-54382
-56788
5918
-10513
-5370
-44636
-18191
-44774
7327
-28395
-1174
-40375
-101123
-8043
-48137
-9376
-54228
22621
-65123
19794
-37762
48281
-62259
56084
92680
52462
35208
81412
38450
69957
29540
63761
47778
18145
14512
57237
88780
37832
-1736
68760
49131
71915
46588
81725
4678
92494
1384
1601
70683
38674
51692
26388
52563
20427
116987
-1607
-34601
5280
-33886
50845
51940
-17251
24934
-55810
-2485
-67238
89721
-44732
32968
-100041
68232
-66799
41942
-57548
-14370
-51961
-5189
5270
-27656
-61438
-111933
-13157
-106734
-30466
-80182
24396
-32523
49529
-42898
-55682
-104136
44411
-43638
42162
-42223
52219
-29296
46318
23818
8606
-51827
53801
-23946
50287
11018
41750
-14399
102697
-3904
40111
31148
-1136
46320
69968
10074
-12458
15650
-4130
24318
64493
42208
32510
51769
2206
2176
-2546
57338
-94644
92908
54223
14402
-91674
-55894
-10070
76519
-18115
52475
-52452
57960
17870
34126
43587
-62400
-41291
-19058
-11553
-62955
47597
-19784
-22233
-2249
-3607
-19632
-90231
-33028
-18758
-34774
-31121
-28570
24095
-52483
18670
-49814
34820
-90387
-16007
-80592
22440
-33721
35255
15025
57114
24532
74022
-8165
39955
-36501
-12793
60965
23732
-373
-494
40516
28565
21810
39507
17357
-22123
-27111
15994
17824
41644
1367
63883
23836
-65242
26353
35683
3486
-26066
1002
-97402
27127
-37115
-29706
-21967
-41095
43684
3826
-62469
-9953
-59375
-39908
20283
49395
234
-51758
-24862
-22720
-45811
5785
-33238
4121
-15616
-18351
-4608
2508
-1390
50319
19177
-5211
-16365
15192
-40465
-46164
31782
-88277
50766
-34085
29997
-31332
15626
-23140
21451
-16488
45219
-14620
66168
-9432
22958
47328
50538
60388
36887
59772
48074
32979
-25279
43870
-85608
43345
-52473
31037
1564
33126
35976
17016
-40646
-5378
52339
73679
-15121
31860
-22784
100175
-2700
69782
-34728
5440
17313
26850
-6252
-16629
5178
13629
28572
-53157
-12471
37890
269
-20351
-19520
-36061
7557
-18891
-10957
-42457
-26730
-135872
9387
-67576
45287
-26354
25430
-73111
-35011
-50903
27789
8352
-25771
-62589
-5531
-22599
27294
34663
11150
26053
-8024
-6423
6805
-40937
-7580
-32462
-2432
69303
-28944
39609
12262
6209
48635
24442
13069
19920
51647
47324
80673
33277
46537
15169
25503
85157
2570
39163
-8115
29011
38695
48556
-2512
-7385
-46067
31152
-26857
50076
49776
11795
31064
22247
20641
20245
-61686
17079
-3818
9789
-43274
1283
3277
46249
-16376
-4520
-36166
17579
-9770
-2511
-38851
-37432
-13077
5716
54935
-24094
-43285
-30404
47940
18926
1080
40250
-2152
-11731
30536
17710
-43271
13784
-21753
-1181
-26094
2049
-23651
14883
-50116
25353
-6618
213
-31141
-21253
15727
-68512
48048
-19508
27101
-15406
41116
46280
23892
66810
36519
209
