#SpinCore Technologies, Inc.
#SF in MHz
#SW in Hz

[HEADER]
@CLASS=	RADIOPROCESSOR
@FIRMWARE= 3087
@SPINAPI= 20130917_x86_64
@POINTS= 900
@SF= 0.000000
@SW= 30000.000000

[DATA]
6467281
-4736540
8540739
-4354555
9352975
-2858296
9782095
-1158064
9809433
519094
9544531
2299360
9003368
3890474
8166215
5439375
7039545
6742892
5769928
7896055
4286128
8739981
2688771
9320795
987023
9520597
-642772
9519242
-2327574
9173563
-3869351
8678232
-5277144
7818340
-6549710
6661649
-7557825
5418866
-8370662
3995821
-8811679
2432833
-9040957
781550
-9011828
-833895
-8574993
-2321864
-8030080
-3736402
-7174069
-5072255
-6127511
-6275714
-4929006
-7249193
-3526624
-7928741
-1942299
-8344038
-496196
-8435618
956502
-8283377
2511767
-7983381
3808089
-7333534
5007394
-6435032
6019225
-5453681
6766790
-4247793
7407270
-2959237
7779653
-1547829
7821113
-160667
7636142
1293314
7201231
2572833
6549269
3796215
5813489
4852852
4695447
5824240
3560966
6523799
2321527
7010438
1050756
7227245
-335434
7218888
-1504629
6969255
-2764671
6572017
-3867017
5848705
-4886915
5040129
-5621097
4015749
-6199782
2893931
-6599114
1748212
-6697615
467603
-6737344
-735540
-6327238
-1900306
-5892567
-2968891
-5243294
-3902619
-4398809
-4785326
-3414164
-5503656
-2344089
-5924634
-1305172
-6212626
-4902
-6232616
1026504
-6135347
2054893
-5843630
3075660
-5346717
3872982
-4615066
4673838
-3837949
5261610
-2882106
5587270
-1885926
5831243
-827721
5808903
272515
5618001
1221697
5268381
2224121
4735971
3131917
4085402
3889504
3300786
4580767
2369108
5000376
1438232
5280107
412166
5415828
-487916
5433714
-1496856
5145078
-2338448
4731520
-3187287
4167110
-3763070
3610217
-4426656
2820655
-4760668
1960137
-4956038
1090779
-4993035
186972
-4947482
-628952
-4643057
-1552839
-4301654
-2344349
-3760599
-3110361
-3137559
-3625729
-2329628
-4126863
-1579767
-4364275
-845657
-4572837
69766
-4663575
879564
-4477573
1704067
-4207500
2412573
-3793490
2934491
-3299416
3466727
-2620833
3923649
-2041787
4088005
-1297850
4260879
-498886
4193996
243104
4105077
1071540
3778477
1721758
3456988
2345002
2919935
2793295
2310046
3277887
1716245
3655365
1021108
3838920
309362
3905596
-410625
3871344
-1022947
3740710
-1712215
3508409
-2225494
3004195
-2694664
2600800
-3087640
2034482
-3340191
1429487
-3553249
779709
-3632163
99981
-3472049
-489746
-3334507
-1106482
-3054582
-1636596
-2734435
-2107009
-2231818
-2575413
-1695979
-2960378
-1181019
-3206228
-555486
-3272158
-68507
-3299891
581876
-3205916
1100554
-3057053
1676883
-2786268
2026063
-2379175
2412321
-2009784
2721384
-1543034
2912286
-1035515
3002925
-372391
2973227
86728
2902213
690306
2759327
1069756
2493357
1555795
2184698
1930472
1772285
2240630
1250167
2516403
768537
2711036
339322
2784756
-157951
2714459
-688742
2631225
-1101261
2404377
-1459659
2130212
-1794419
1927705
-2101252
1559899
-2304653
1163999
-2413787
610702
-2512892
181775
-2542328
-256465
-2432377
-628738
-2242306
-1049302
-1984019
-1474653
-1683445
-1766986
-1322481
-1926091
-924786
-2107182
-545990
-2316945
-129639
-2295496
317595
-2242260
708219
-2127542
1024705
-1938666
1399679
-1698329
1598386
-1435530
1879639
-1089920
1960354
-730747
2056601
-433225
2053511
-74200
2036711
333055
1871342
698112
1752810
1023549
1540618
1300340
1242612
1567549
925770
1757900
603236
1780760
287137
1926066
-72406
1898411
-406602
1797117
-749293
1687040
-1021615
1540553
-1195406
1336933
-1380905
997891
-1574744
790833
-1697124
519001
-1718680
157972
-1663336
-128615
-1610112
-390778
-1466355
-612009
-1357441
-967246
-1179152
-1122851
-934592
-1334309
-605171
-1476613
-385690
-1482641
-80660
-1507643
198833
-1494747
447582
-1392437
657153
-1308949
945068
-1137445
992409
-961308
1202556
-735594
1299432
-535381
1381235
-289362
1372630
30044
1337814
247944
1232140
437269
1110095
646882
1025612
792347
827502
1009692
572244
1163826
351859
1194985
233089
1185305
-40816
1187830
-270451
1180293
-508607
1099422
-665365
921500
-769419
897319
-963941
560400
-1032395
527491
-1081199
270099
-1120436
43276
-1006012
-98675
-993604
-346572
-904301
-416777
-797831
-640830
-704241
-735571
-529062
-893812
-331456
-887834
-219914
-914711
-48263
-948274
139601
-870021
318775
-872435
467373
-798203
611011
-646420
663261
-508215
785343
-403256
779366
-182428
869658
-140955
850219
76352
737873
178207
723491
284044
654402
457291
551136
539661
394855
659563
375966
652824
175702
747079
-61635
690766
-143445
721781
-215556
617484
-326867
622153
-388744
542870
-501007
478014
-578992
298339
-556558
169576
-593748
109442
-561225
31692
-570266
-97888
-566203
-168870
-448868
-286023
-352865
-314580
-330803
-505676
-203949
-438401
-147182
-506288
-33918
-485939
31702
-551068
159391
-443938
252077
-436721
278909
-383066
336210
-275745
421443
-144150
428842
-92172
434991
-45582
504686
-21801
468566
150746
362553
170657
289609
245039
291957
354410
224791
387830
64472
376681
50925
407553
8344
370790
-49669
275384
-127944
303059
-210719
306255
-264887
249479
-245812
128219
-301186
80297
-379844
68567
-318096
33800
-280530
-97581
-248895
-116723
-175202
-182995
-215695
-183438
-217573
-220072
-154673
-240201
-28588
-281461
37566
-312437
92768
-260507
119301
-236238
91596
-169076
152595
-143441
211768
-81734
248230
-88294
273801
-4630
208029
71101
164374
39229
175240
90474
163591
144990
149165
175443
156429
95993
73825
149452
-4694
202727
-53528
129282
-14208
181598
-134805
158427
-114782
114892
-185959
157780
-197564
50399
-212634
-10644
-229022
36677
-137661
-33125
-159829
-83291
-116582
-133391
-144166
-132149
-28460
-144842
-53556
-117807
834
-163145
79185
-216386
69143
-160566
121537
-163778
125989
-118500
163039
-112265
171045
-65936
133696
-2844
131747
-31103
164344
48693
148151
72761
95452
147037
98761
110234
122622
136863
21137
185493
31547
229640
-75118
263669
-119861
166839
-65765
222013
-144508
214590
-202206
130986
-189086
80958
-220471
38694
-209426
25383
-246601
-7977
-182283
-65740
-189417
-52034
-207995
-176110
-195079
-172510
-56721
-236721
-106413
-233471
3176
-246675
-9743
-271632
49919
-275800
81677
-200682
129525
-133448
178791
-181725
182788
-155864
247582
-135861
298210
-76558
301516
77233
259746
1981
257840
120426
334930
94329
255733
166690
135638
194982
99153
267185
69744
286858
44066
276837
-1482
330600
1830
273834
-153264
314242
-169940
258217
-164570
187125
-252857
91454
-268228
75567
-245645
83113
-321473
18655
-321706
-56471
-286584
-34932
-264838
-125596
-261872
-195398
-174353
-215641
-218433
-262737
-104539
-288538
-42663
-324360
14269
-368068
22217
-260430
114256
-325349
231905
-266631
252825
-260688
264637
-253939
273692
-195260
342412
-99428
359392
-16643
319196
-29979
282411
87844
366587
158206
307806
195882
285824
254137
219982
298758
203417
318012
31460
426723
12906
325765
-54734
344964
-88083
359294
-190132
313542
-253131
306276
-304440
191528
-281284
215671
-378431
187853
-362250
53641
-331529
-24470
-381418
-84328
-324083
-131890
-338207
-240657
-257135
-213222
-212862
-297537
-175104
-368714
-134795
-360140
-57949
-294476
25636
-399465
113697
-461280
212122
-353137
204048
-266902
274860
-230073
304929
-220240
355991
-128154
283002
-58626
341288
-8307
421191
60079
382653
179184
362448
217442
246716
291355
266613
240936
188443
315817
143943
353145
50654
375510
-32710
281233
-126968
400344
-164251
355871
-201696
351514
-284006
242908
-276011
241419
-347451
151024
-318263
199609
-408666
59806
-329895
-47222
-351438
-59568
-395697
-149221
-244468
-241739
-281601
-235671
-148732
-354711
-127482
-348635
-122760
-399984
40798
-428440
28248
-388638
90100
-365851
159023
-359119
310645
-245688
290673
-234925
353151
-223508
347133
-103318
346526
-117703
407231
-13408
340172
120089
328994
103767
372596
181527
271789
241436
242745
301790
176188
338426
57521
346905
35326
286182
-19194
346322
-40112
350886
-124863
336596
-212344
273616
-258881
322929
-240707
161695
-312815
167366
-371304
107107
-333737
-71012
-350103
-84243
-297402
-90638
-356572
-130245
-313630
-155408
-201625
-270667
-209162
-267040
-92450
-318981
-94520
-292332
38388
-344052
102066
-278285
111888
-279643
149566
-213204
188867
-257488
243901
-216047
336258
-135389
385928
-107923
326444
-33336
199107
23671
307642
143877
223399
164541
310319
180432
200108
174997
232827
257383
124300
287810
64336
317295
-59630
305006
-7106
240329
-31332
292071
-130232
306546
-150944
237644
-263539
263319
-193768
164754
-283374
99076
-185699
61759
-269474
35751
-306652
-16874
-235826
-74898
-215439
-102069
-192420
-166725
-156436
-187064
-166864
-254882
-142569
-222512
-23146
-274355
55866
-208183
81863
-270952
133658
-192236
131098
-154201
135220
-177072
126642
-193888
229419
-168527
252768
-47614
215061
3045
238318
27055
191371
30781
226444
49646
192577
177758
202482
194934
114304
181548
54590
172390
69437
131513
44138
169867
34956
193189
-64845
162741
-60322
185029
-104288
171872
-166017
142522
-123040
77014
-155166
162607
-209643
25984
-196984
21385
-124169
7241
-67243
2064
-183848
-107428
-127027
-75774
-74121
-95561
-9938
-96956
-40195
-160384
-36808
-137595
47467
-145227
24379
-205954
28745
-144439
52771
-142344
92144
-64249
92592
-84633
78355
-96911
100243
-107360
117416
-21957
136581
-8265
105413
6525
151269
32595
144113
77257
89276
137159
69986
54982
78192
141141
30464
119311
105625
83979
2663
79136
-21465
31335
15960
63481
-2006
76823
-85661
102272
-63893
90345
-50960
36560
-115624
46424
-105562
-24773
-63942
-22568
-26874
-70748
-47173
-20283
6259
-18287
-47940
-51499
-35633
-22492
-95432
-86351
12169
-32719
-47127
-59200
98574
-28733
48422
-30222
-16024
-13957
-22498
-35530
37782
-34289
54017
-35289
-63162
-87497
31973
-28615
2138
22017
-32330
-59306
-20078
-8924
29008
6899
37307
-4743
-19166
6180
27512
14351
27196
30232
12589
48255
-54930
-19313
82616
24683
-9951
76613
-24246
17682
-33533
7302
77258
3826
23544
24822
4980
57750
-20794
48433
-27929
-15441
-2975
15999
2914
72502
10963
21241
18825
2366
24851
67788
-73148
33123
-33011
-46357
-24530
26722
-27414
62606
-50518
68519
-79430
-31950
-90400
58380
-13035
11712
-64251
-13181
-49260
-50762
-65424
-28058
-41022
-31609
-64948
-102280
12585
-42915
-2072
-39994
5930
-65043
44265
-70758
19242
-64735
9283
-35185
-2004
-127574
34343
-40609
103882
-75717
27305
-74331
68720
-3800
44228
14235
64089
64543
107813
20838
68848
32510
103375
-41388
39966
23825
89738
-2949
51931
106799
111275
88464
70984
92874
-29195
99326
22849
87204
-78587
107314
-7972
30730
-5240
122982
-94187
90185
-123263
30630
-153354
-611
-32608
38970
-65096
-40835
-114848
-50595
-134613
-43041
-57757
-61880
-56343
-21301
-67522
-96005
-87557
-75158
-57273
-134289
-35176
-80645
-29978
-14800
-21077
-86267
27232
-52603
-13932
-138462
151130
-134965
56238
-14156
84515
-90888
91539
-32662
198516
35555
141176
-2478
136471
-18973
158076
13846
53727
550
71892
56792
114708
51435
108617
54252
29992
84308
19880
24788
52196
138084
-35156
150965
7504
155023
14234
117277
-85174
86152
-92100
110466
-83155
50902
-113503
23805
-139010
-21313
-81892
-57701
-124188
1074
-202683
-8344
-141169
-57411
-97747
-25090
-112371
-61651
-63214
-45268
-66405
-79183
-54971
-148358
224
-112755
4133
-126236
-30377
-136599
34735
-137232
104742
-88868
162161
-70931
127310
-58438
56845
-45665
44095
-12694
106008
20937
160483
6957
194565
107062
139489
105509
78871
103800
84762
110252
-8485
169775
83868
107556
17990
193157
-17774
144597
-49131
116860
-29333
109262
-46256
154813
-61794
99849
-175075
91976
-95264
88724
-155101
28246
-141901
-32001
-33629
39625
-109242
-22184
-97670
-79086
-72419
-58839
-2724
-48049
-84344
-81137
-119964
-101018
-9473
-111071
1203
-132466
65037
-157460
70181
-100517
-27408
-72612
102841
-67890
129899
-67885
134990
-29281
82403
-10072
75769
-35494
97078
-95658
150814
-8718
136999
29255
92189
152975
102474
24370
62072
77718
38628
140218
70502
84592
79622
88337
-1097
115463
6485
114563
-6073
141493
-14431
148682
-16283
24379
-102436
45798
-92493
94308
-79316
-31623
-111926
45288
-51614
-39491
-57707
-12689
-68222
-72555
-119618
-76862
-61886
10273
-133694
-94484
-105412
-33226
-18660
-57300
-43866
-66123
-22927
-13673
-11428
-78393
38911
-167953
1959
-139913
63198
-71098
107147
-45724
30887
-86858
66355
-6910
135750
-100903
128800
11841
67631
61710
77093
40006
60556
53021
74080
95822
59449
57340
79762
91426
24598
38415
-28227
58358
-48888
115013
41491
47706
32670
111934
-29814
44365
-103456
52375
2069
45926
-42148
50830
-69441
104917
-69177
68622
-11940
-16799
-43591
49001
-46605
-16946
-31126
-77800
-95413
13324
-57193
-69793
-93357
-11055
-86570
-4117
-54642
-91322
32979
-64643
-17828
-62294
-20462
-106278
55639
-70020
13958
-130252
12537
-34588
43401
-87650
62382
-61023
103859
-68999
9125
10965
15687
-48735
56030
-49844
42946
-10406
93755
-24617
-5938
9396
46494
75961
36871
-13346
55192
-1855
52323
107057
47367
86913
31150
102795
28843
91851
-8827
87928
-82552
143256
-34453
41113
-41881
106722
-28093
27714
-58702
67227
-40555
26487
-21706
35723
15986
18485
-23301
-17273
-112709
-51155
-33856
-14018
-28836
18111
-85235
-62726
8033
-47770
-39665
-44094
-96844
-71059
-36852
-37336
-17946
-129757
5277
-104005
-24531
-54322
-16099
-121246
-22603
-98211
26946
-24797
62205
8209
127212
-20520
63671
-48444
108598
15111
108489
-44167
95087
-9749
62177
37611
72014
77813
60075
50521
52408
48970
45133
40468
86319
71929
43696
85459
25565
60015
