#SpinCore Technologies, Inc.
#SF in MHz
#SW in Hz

[HEADER]
@CLASS=	RADIOPROCESSOR
@FIRMWARE= 3087
@SPINAPI= 20130917_x86_64
@POINTS= 900
@SF= 0.000000
@SW= 30000.000000

[DATA]
5919521
-4298241
7840970
-4024764
8593880
-2578143
8981951
-1050608
8956665
478969
8772222
2084860
8258165
3581973
7491770
4897138
6496182
6161822
5334904
7187328
3977351
7907721
2510926
8507910
965337
8791147
-522986
8754752
-2126512
8470678
-3479279
7885490
-4844157
7142597
-5933874
6161123
-6980196
5009118
-7635119
3622910
-8109456
2238986
-8283102
769895
-8256126
-745093
-7947517
-2168101
-7343033
-3526877
-6620216
-4664630
-5626451
-5745918
-4510501
-6576368
-3170631
-7203389
-1908296
-7603326
-478571
-7793370
898049
-7613056
2242466
-7285923
3459049
-6778693
4583059
-5978514
5524789
-5035462
6268168
-3900889
6800591
-2759478
7129751
-1393622
7093788
-119113
7044405
1095982
6644211
2345799
6120935
3445507
5292957
4473081
4354014
5345082
3310318
5920326
2150721
6463486
935000
6668059
-249455
6645992
-1423106
6394794
-2587374
6001879
-3488554
5427231
-4446485
4663396
-5194706
3745251
-5711387
2614132
-6010918
1575452
-6148068
478190
-6088078
-581660
-5815657
-1719629
-5380391
-2746799
-4781802
-3581408
-4002234
-4352695
-3141496
-4925405
-2172418
-5415188
-1103640
-5735432
-91937
-5763764
894405
-5542246
1878963
-5343062
2793995
-4886666
3578247
-4270853
4239845
-3536655
4814129
-2619991
5129172
-1752346
5344845
-770456
5383397
256713
5215367
1143468
4868873
2075258
4371770
2846150
3760193
3605420
3089041
4077785
2266356
4572080
1352607
4861410
487727
4965732
-416548
4865003
-1308666
4697826
-2172026
4338672
-2833427
3884121
-3428959
3278856
-4004353
2610155
-4320268
1823120
-4586764
1012182
-4623581
221586
-4544642
-625149
-4362274
-1409563
-3978623
-2129388
-3437414
-2860546
-2900502
-3293067
-2150460
-3778875
-1542589
-4031144
-776535
-4136299
11190
-4258856
692877
-4143947
1435562
-3928797
2187798
-3495903
2715361
-3047314
3195299
-2455958
3554897
-1817996
3758205
-1269057
3894834
-570454
3866369
253846
3767016
876184
3459619
1541776
3090871
2040458
2649700
2594505
2171118
3028493
1556969
3384169
911290
3526659
358090
3546319
-363065
3566848
-952533
3501064
-1546695
3126489
-1956795
2795989
-2432941
2413738
-2832330
1895221
-3068969
1367764
-3187718
779945
-3270141
68734
-3257428
-459853
-2998874
-1064268
-2825754
-1474548
-2536745
-1976992
-2141943
-2366367
-1579618
-2578937
-1002067
-2853262
-493385
-3041035
-43476
-2936629
541034
-2910871
924060
-2812271
1458513
-2556728
1890692
-2202428
2181446
-1821487
2514418
-1427981
2686553
-896738
2726316
-418331
2753083
67967
2712158
547891
2552989
984675
2254766
1404459
1973085
1779353
1591826
2103883
1158745
2260716
749000
2445451
263521
2514148
-119446
2561804
-577983
2426711
-998599
2207014
-1329890
2039033
-1670312
1753324
-1931084
1373899
-2164246
1057551
-2238827
630677
-2315736
199130
-2287144
-205955
-2220108
-540814
-2058265
-958131
-1719191
-1296909
-1444955
-1589517
-1201585
-1806290
-929741
-2059287
-506543
-2085856
-60906
-2046880
237747
-2096273
601818
-2012094
917804
-1787219
1303570
-1604608
1537630
-1262454
1660388
-1057440
1803271
-749321
1944262
-414365
1904517
-9637
1885141
297847
1729054
622178
1581874
976258
1394391
1172504
1059432
1353039
953959
1513602
560568
1678949
276100
1755255
-22639
1651873
-366942
1616303
-633511
1580839
-878585
1362334
-1151554
1217070
-1309962
980551
-1450160
745068
-1443073
503691
-1555081
229032
-1596011
-48771
-1472800
-342924
-1386779
-587957
-1185011
-902891
-1002991
-1046294
-824318
-1229848
-666957
-1247593
-367760
-1320335
-118609
-1425725
113229
-1405428
425049
-1320026
661409
-1202916
777798
-996511
952777
-884520
1082688
-737539
1255457
-488574
1293102
-214643
1237585
61525
1208285
195556
1169996
390365
1018352
526217
870416
791443
740905
915028
569186
1086237
404843
1100872
154438
1101918
-47446
1140350
-248338
1104107
-410637
991306
-594861
864151
-750296
817711
-816339
651326
-930722
516033
-965588
249625
-1039846
80527
-940748
-79561
-879119
-224526
-847398
-372544
-796818
-540337
-633238
-681732
-494382
-776927
-342232
-846789
-96385
-816324
-29073
-894814
107298
-838778
207543
-810897
424587
-741241
534649
-622604
590744
-534182
709768
-361281
769549
-251647
763573
-110696
734895
18762
714181
189412
655098
297920
633238
374277
519250
490243
443853
563271
197220
601519
145497
609042
61983
592443
-97498
661277
-191422
626501
-280175
542210
-393247
474085
-519665
435077
-545891
226945
-507445
214244
-603535
132433
-550504
-43368
-609091
-142742
-540436
-221270
-489143
-274087
-322609
-356113
-335898
-379467
-222822
-408485
-106820
-462813
-63770
-556769
55352
-456007
115876
-452603
216929
-394544
220399
-296645
314120
-252648
316761
-232042
430436
-123486
393627
10157
356474
-12305
321298
96640
351463
138415
296714
248312
266768
230579
174060
309364
206557
289273
75623
321333
-37408
389913
-126743
307761
-154257
314989
-216141
169533
-191058
153585
-182287
220438
-275493
150915
-327713
117072
-278709
51519
-245377
-73903
-243036
-95569
-171668
-65835
-252419
-131304
-128221
-226414
-157166
-211005
-76229
-227575
-8976
-236007
57674
-265037
76724
-207041
110814
-135218
142579
-176398
104201
-169026
150027
-26719
205240
14579
213152
-15567
77939
27183
165132
78020
158405
162725
152398
154233
14291
145331
42297
187385
23956
229444
28109
212220
-84834
132445
-152408
117770
-144539
122931
-32152
91695
-106109
-4246
-122864
63852
-127035
48930
-122333
-58128
-144315
-107736
-177204
-91585
-88521
-143699
-27624
-75384
-32222
-127698
-8742
-202269
-5214
-145847
36821
-145555
86499
-123175
86822
-125629
118394
-73523
166838
-66032
162825
-47110
118511
9953
211829
77122
118595
122521
163780
173752
132924
107874
116072
114186
166717
173419
106955
217738
-16388
234173
-58339
249233
-63123
197419
-155809
134782
-138377
173634
-112431
83934
-163782
59572
-177832
85706
-139512
-41836
-258163
-74167
-209686
-67580
-207953
-50084
-115293
-153992
-88426
-187826
-100119
-224482
-40105
-215173
-81775
-225501
45201
-222036
77500
-163327
90180
-193307
103084
-203969
180435
-209129
201452
-142141
245759
-50043
309933
-36865
253629
17493
200401
53953
165058
108126
147696
80582
145719
177271
209286
160824
202478
230933
9411
239302
-67140
281779
-27607
316468
-127925
241165
-121599
263470
-197068
268116
-219840
224680
-295271
155857
-282130
80358
-206851
22014
-249017
-22736
-294064
-24432
-280169
-114295
-225313
-235542
-234649
-225193
-193037
-227031
1888
-294597
-42680
-267365
-19757
-294877
20658
-289478
105165
-324503
179615
-306841
234089
-246621
197226
-222000
253003
-85023
286546
-77904
305021
-26472
301015
-26983
277091
67725
297633
148534
289409
188131
246304
224372
168548
256767
134177
284067
87485
275150
88172
358357
-39717
313834
-96860
369643
-198518
286169
-193903
282934
-260522
238995
-248080
199145
-331869
112104
-282429
83187
-342399
19918
-326688
-54525
-288733
-136811
-252622
-130130
-269296
-227000
-240675
-239497
-120698
-317291
-143569
-310258
-60852
-278411
19782
-343522
105484
-365443
137095
-377725
227491
-275013
221857
-233324
269954
-206289
311379
-127898
305855
-66630
354144
-23448
318243
58021
364065
-1143
394385
155097
284944
243699
210722
213471
186206
304831
45781
299779
46138
379879
-39479
339473
-74422
278486
-112062
314971
-113432
335282
-205750
244210
-281213
227010
-283748
167068
-392243
96047
-354801
84247
-373732
18617
-278100
-104964
-317563
-91897
-317675
-182492
-308132
-237634
-219094
-316519
-83098
-327818
-87393
-366956
9258
-397269
72235
-331355
87920
-348905
130661
-260348
127778
-199927
263889
-233534
281193
-167967
323661
-151884
332277
-97564
421028
-9167
283192
83625
293392
120447
238408
207340
244755
226362
204159
181716
219200
288520
116817
247143
15277
361230
-22754
298515
-89806
347919
-111668
275196
-100227
270362
-269377
221878
-247357
223627
-402310
194427
-376391
84141
-340924
50972
-259736
-13088
-277522
-51212
-258656
-77386
-266507
-160885
-222434
-188322
-167259
-278375
-128821
-385806
-90041
-312093
12651
-347567
83554
-320987
113148
-325778
172870
-303982
229605
-278023
279256
-148119
243803
-128414
240237
-92342
293541
-2143
279369
18971
286512
92469
219197
86999
232025
134539
182594
178542
201331
230074
189444
202063
56274
297867
51556
277374
-33627
276413
-100224
277308
-133295
249875
-198451
207608
-194002
188085
-227630
111298
-236339
161290
-282652
71804
-268610
59567
-255218
23544
-240802
10541
-261285
-55736
-175699
-184557
-125811
-206747
-133313
-207335
-49500
-272633
-34660
-176164
-23495
-223689
67051
-208588
99619
-157358
100785
-175233
112768
-166111
226314
-100704
201617
-72256
273364
-4459
184058
-50946
214110
-37100
208337
54789
232266
53000
183044
147677
178084
129874
147421
124730
125963
190288
-18195
118372
14360
145318
9469
130554
-11539
202752
-133782
187203
-64946
132379
-53925
95076
-92996
142915
-146378
58904
-158018
14798
-152027
5961
-101511
-51896
-126627
5853
-106296
-9805
-97236
-44097
-151749
-122437
-67449
-108778
-32002
-140950
-78986
-134457
-3949
-142205
3095
-181745
120343
-121908
96448
-85962
50905
-99733
90236
-80811
29428
-79981
148844
-31862
156634
356
142630
-14278
106060
-14070
73997
39490
123507
63144
53936
111523
131601
70634
69041
115902
10295
102519
34535
53130
10337
143339
-53890
42048
-24799
72299
-14817
133084
-16958
22045
-22439
52742
-99042
80554
-107666
48570
-120140
48762
-65177
43658
-64215
-21715
-98640
-6527
-96994
-6900
-88937
15021
-10498
4200
-88372
-39152
11834
-69892
-36711
-75722
-3088
-99413
-45233
-16703
-31505
-45379
-50687
-108136
91624
-10323
102485
-70032
52996
-81967
69761
-24974
-11275
-97442
18028
14638
-13058
-19926
38160
-62205
65964
38729
2696
40064
25949
60708
3783
-749
30525
1931
32344
38617
30709
48347
22194
563
-23457
46753
21968
84257
23057
33562
15249
17798
100760
-25104
48107
-8438
-61931
9903
-3088
33370
-7789
43649
-13469
104259
-28365
309
57399
-24910
16909
89367
16438
-6851
-24112
37584
-75702
14106
-44413
34831
23736
32558
-60861
-12131
-14867
33855
-53175
-10679
-59933
15662
-16735
7082
49274
-5099
-41650
-42821
-62737
-39019
37798
-77549
-18689
-26580
22556
-43527
-81215
-14723
-4899
-35749
-29919
-11063
-13520
-113742
30204
-30950
98153
3182
72747
-28567
17264
-13663
1473
-48848
83073
22994
98568
34613
97653
42754
7986
54165
37835
42773
20748
50512
81701
46474
11611
128676
7275
38366
-43340
119078
11087
112201
25840
79254
-16591
115410
-64392
21449
-51233
20674
-73320
17417
-56069
21151
-54563
36290
-52199
21308
-116539
14199
-97838
15447
-30143
-115833
-89668
-45743
-65462
-71378
-27613
-131272
8682
-111422
-54428
-81164
21833
-88565
-10923
-88823
61552
-39082
-6473
-75476
-12611
-61294
149977
-109929
111118
15618
35727
-36197
119888
3466
74216
40110
59236
-35379
38733
35000
141035
27887
52855
96098
28137
89910
91837
48770
54057
108934
108045
91088
-15327
78729
-9983
99275
-32557
56713
-85384
50468
-54323
48974
-114383
11615
-55078
68134
-151378
61171
-132690
21027
-164586
9986
-63623
-39853
-82113
-16072
-81832
-72852
-35010
-86732
-75940
-92710
-43941
-149732
-108382
-87917
-23929
-127929
-14211
-114705
25429
-83556
31205
-62672
118584
-55816
87736
-38580
118076
-80921
79242
-27696
154177
56510
117005
-47664
151587
-1900
151240
-6560
104131
43665
128120
56557
64884
84278
9075
129566
62634
88676
87675
119815
48792
106183
-16879
147868
-26234
145802
-27790
48343
-71758
91092
-62766
63241
-111401
39790
-136671
44707
-69407
91896
-145917
53539
-103878
21776
-124458
-56150
-125670
11810
-81605
-52458
-65758
-103046
-54996
-61974
-14771
-56214
-15043
-143260
-20567
-144700
47902
-110981
28303
-134892
46169
-125172
85210
-69308
129003
-49543
77953
-61580
61958
8410
115682
-12212
128517
-43497
76144
20700
83750
38383
97220
94530
71484
61745
53405
101185
66047
90905
68875
108751
-46963
101499
-59815
153203
-58655
119544
-14639
4733
-132674
52061
-101947
60389
-61320
114686
-126742
66562
-167834
9046
-86067
-31204
-68321
-5131
-121276
-4788
-122441
21184
-125745
-79292
-105226
-50619
-67010
-57361
-117099
-88083
-13512
-37959
6138
-49877
-48798
-51764
-5102
-118742
18443
-109196
55540
-99171
15909
-73720
57242
-45476
121445
-91206
105096
-58593
132632
-21633
42777
72105
25242
14351
54136
-83207
57984
9886
122288
34378
28375
68492
-9233
49206
35851
-20272
29032
66154
49475
69741
9737
42817
791
44185
15615
40534
-16873
30047
78866
-46240
-128180
127325
-65125
-23698
-78570
4089
-110554
24555
4351
-51838
-14717
4884
-50884
-748
-121181
-37334
-77846
-105990
-23634
-29384
-38442
-109504
14820
-45143
-4363
-61323
67589
-63981
16044
-94975
13797
-31392
16680
-114951
76271
-63456
34897
-109379
8031
-63514
17305
-12211
79201
-20912
16938
15184
31640
9555
-1520
7820
39473
52526
76550
222
-20332
11565
103662
83804
-41988
60159
61107
-30411
62390
95027
61633
56631
-813
22276
46756
66276
-84678
15688
-61647
40377
-56898
90046
16192
93797
-40921
50669
-75206
70085
-57976
-3089
-45844
46876
55687
57242
-31485
30387
-99877
-4
-32097
-55093
-104108
-34716
-20281
-68527
-20587
-12954
-24396
-18626
-13576
-50373
-15847
-43186
38454
-69290
-36846
-63168
23316
-108336
-21757
-73737
76573
-44414
22394
-38704
51960
-36756
60997
10735
59965
-7953
109762
-11796
68608
75588
53929
7542
90494
1133
68332
33434
15495
46597
40011
84834
-1413
94930
-65492
56592
