#SpinCore Technologies, Inc.
#SF in MHz
#SW in Hz

[HEADER]
@CLASS=	RADIOPROCESSOR
@FIRMWARE= 3087
@SPINAPI= 20130917_x86_64
@POINTS= 900
@SF= 0.000000
@SW= 30000.000000

[DATA]
6631738
-4868091
8849157
-4527865
9703621
-2903797
10030345
-1216866
10166265
598767
9904027
2378995
9322941
4067055
8469234
5589609
7336258
7010188
5937043
8207760
4396712
8992908
2753923
9587556
1079626
9884011
-681621
9956040
-2406344
9570058
-4020835
8949242
-5472186
8039061
-6721586
6950860
-7847760
5620474
-8638338
4060847
-9193248
2462972
-9390852
828570
-9288143
-795338
-8942287
-2433463
-8407200
-3922901
-7465079
-5295765
-6333323
-6558513
-5070501
-7472553
-3635653
-8176367
-2081097
-8651981
-552110
-8753837
948840
-8645657
2607295
-8291478
3953455
-7603223
5191885
-6762680
6205821
-5668753
7048717
-4389196
7631548
-3109231
8042930
-1634811
8029526
-92898
7929603
1296868
7507600
2654569
6847534
3924155
5944435
5086399
4937590
6053724
3668411
6696407
2406701
7239846
1045797
7479937
-286243
7484859
-1574831
7248002
-2875455
6755298
-3992045
6056804
-4983007
5278253
-5763514
4179545
-6419026
3064421
-6828670
1792167
-6994535
544931
-6936806
-724355
-6571132
-1914722
-6089538
-3064074
-5406211
-4117476
-4482401
-4944319
-3618711
-5609244
-2400084
-6118097
-1309128
-6422097
-21242
-6506298
1044653
-6389832
2193946
-6002997
3179371
-5522627
4091510
-4716301
4890586
-3926581
5412246
-3009762
5817449
-1994330
6089177
-809215
6071133
271993
5834820
1306873
5438960
2342483
4975388
3251533
4239741
4094242
3403843
4677267
2518811
5109175
1445893
5527249
483437
5642093
-594754
5626070
-1532445
5369038
-2471931
4928857
-3246800
4367396
-3912669
3688704
-4540085
2892759
-4906408
1958464
-5082123
1122346
-5234285
228353
-5137640
-718602
-4845763
-1641164
-4556544
-2411992
-3806970
-3150607
-3259332
-3720141
-2441809
-4264567
-1674677
-4589429
-809991
-4751266
89617
-4779981
931441
-4645770
1785925
-4374058
2411915
-3920451
3027058
-3476750
3566655
-2782786
3984181
-2109716
4302344
-1394496
4386848
-548581
4353795
288633
4256017
1089404
3909748
1763015
3529358
2436391
3007235
2936895
2429572
3454508
1785770
3773780
998133
3979557
308973
4096395
-347603
3985049
-1094431
3856254
-1746153
3579444
-2272070
3116561
-2827560
2662169
-3263556
2120454
-3520017
1464364
-3727741
825751
-3769539
188265
-3719369
-499802
-3464691
-1180554
-3234227
-1709837
-2749148
-2248271
-2356687
-2654456
-1756602
-2992825
-1219689
-3227334
-614442
-3356233
17231
-3451081
607287
-3329374
1168066
-3188489
1682541
-2835493
2158460
-2445910
2527668
-2068531
2797400
-1534427
2985189
-1002820
3081379
-455078
3119216
76725
3082425
626663
2803367
1139837
2634905
1559287
2194777
2082931
1761525
2436282
1376619
2625777
788058
2820971
241159
2888210
-194170
2843442
-612957
2681670
-1050323
2521396
-1535833
2257525
-1837821
1970808
-2240779
1586282
-2357688
1122619
-2549970
669956
-2582582
269450
-2570924
-220459
-2519416
-719500
-2325483
-1127767
-2045855
-1497278
-1647298
-1751284
-1350637
-2029365
-926543
-2250668
-504193
-2410662
-40860
-2325444
335630
-2298328
640752
-2149692
1102416
-2067456
1394587
-1772512
1680486
-1431516
1882794
-1078695
2018535
-681459
2131627
-395189
2081124
-20901
2082737
365801
1999045
726570
1784894
1072479
1554124
1295110
1249581
1621328
990971
1748455
666873
1905456
287591
1873596
-44773
1965196
-348532
1908727
-747400
1783250
-1036794
1601334
-1318664
1368006
-1445752
1080363
-1589958
878708
-1774028
500727
-1778344
209179
-1730981
-140848
-1636355
-501767
-1548090
-693948
-1397976
-1019543
-1222244
-1133000
-930548
-1420192
-670179
-1471806
-420104
-1594766
-86386
-1657875
179525
-1581436
459407
-1447074
717567
-1422961
943770
-1222777
1083970
-894371
1227705
-770438
1356070
-545701
1406047
-231605
1448515
-3466
1390553
249828
1284882
460212
1139498
664973
991876
887661
838993
1030306
642128
1170562
420979
1195888
111263
1280061
-97845
1300442
-310583
1280961
-475022
1107287
-669176
1010928
-809432
870783
-1015966
685778
-1059420
490993
-1166072
277060
-1139808
74533
-1062989
-146666
-1022455
-270807
-984555
-418321
-916687
-613646
-740748
-780845
-520382
-864266
-395045
-926303
-253455
-1031787
-78690
-1044458
173660
-966266
347861
-919561
491660
-837461
471940
-706539
760520
-539280
787146
-391013
832882
-248616
839752
-123389
873931
61907
785930
211616
789749
293041
686256
445315
555811
575003
415456
693292
251017
711388
206260
690423
44733
700501
-57826
677807
-296856
706832
-313895
563305
-383948
558456
-553275
422557
-523290
340198
-648496
210898
-642504
115010
-591715
-11137
-597980
-114045
-538584
-251751
-465301
-332018
-338310
-436137
-348805
-530779
-200014
-482948
-166478
-538109
-32812
-476408
142149
-553036
151532
-456784
273109
-463932
288948
-448134
403616
-326842
423937
-197822
478355
-155415
462908
-14291
428670
76346
389694
86655
414505
140674
391650
184263
313859
389056
223355
383069
221014
393153
80641
401190
13375
327700
-102877
339134
-213577
275806
-179704
271316
-252077
219271
-281107
194736
-303851
115080
-282076
60449
-289670
-30098
-302201
-51688
-276363
-160146
-245702
-219779
-128854
-167234
-176606
-143312
-113983
-249673
-50195
-240689
41783
-273841
83087
-206870
95524
-211812
76352
-192697
176987
-175205
204024
-147729
207822
-63397
298432
-59565
153637
-27334
204965
13179
174175
137739
140042
54139
160573
185935
108500
197491
16534
217772
27252
201815
-40686
192161
-74985
250312
-90846
135487
-77929
102354
-111313
53692
-130640
64775
-188940
57067
-148124
-23966
-201449
-59786
-115972
-145003
-200277
-145767
-88800
-88617
-123101
-182152
-49934
-166641
34874
-207543
72725
-201784
48153
-149667
53796
-204797
156569
-140503
180246
-32067
164532
-74198
175286
-85250
192963
-2756
245167
-41066
136546
95410
162178
113399
158459
175828
112601
201502
78417
229222
23881
170812
-4839
253568
-71672
201303
-13174
230454
-128706
206923
-176747
132719
-131524
125173
-209336
110630
-246978
9358
-229278
21382
-204525
-59869
-249821
-121474
-207100
-101804
-206978
-115415
-110508
-141460
-81843
-249327
-43686
-238827
32915
-283428
35498
-232721
182050
-213874
59226
-156977
147833
-227695
233526
-159416
272904
-48144
225597
-65919
286139
-7473
365503
13692
277029
78895
254554
124421
212636
167718
192592
204919
164941
243286
69945
332460
9217
258110
12217
241563
-41113
251796
-111755
350405
-204652
235802
-259199
207566
-218070
215507
-273441
176008
-286533
54686
-380012
13091
-335242
-7696
-297026
-37843
-286200
-125681
-324197
-253770
-249788
-304637
-246360
-331458
-104717
-333742
-94639
-384327
-36944
-344327
53798
-349213
165733
-320119
205709
-328086
219760
-285476
283984
-226619
321598
-69437
237175
-128924
314608
-41529
354727
24548
378555
-10333
299944
166457
338353
184320
244605
238270
236412
313551
140451
333936
136801
342566
29883
311478
-38002
386044
-106114
400058
-171140
321504
-263142
262040
-212367
300193
-366408
234528
-393618
186198
-422777
15388
-383040
-28277
-353938
-33966
-290743
-64648
-305307
-209536
-275298
-239941
-238818
-345862
-191132
-295201
-95497
-369224
-12635
-385264
-18677
-377977
104715
-356667
181727
-375202
182166
-325989
261367
-326852
278622
-297247
354986
-245184
406673
-84852
332557
29252
390704
3764
419221
133682
421903
181913
351044
199117
263628
307455
284880
328585
113148
378369
51027
382885
21587
453529
-73600
419174
-180437
355970
-194066
307117
-205806
292990
-234596
294744
-374411
141737
-416843
75607
-376343
20153
-327896
-15320
-380308
-76124
-319274
-176193
-339562
-260070
-269828
-264070
-199882
-283779
-190576
-362936
-81780
-386149
-29877
-364459
33772
-393034
126777
-406687
122265
-379568
218666
-318484
225471
-244244
281170
-159212
303416
-119481
394204
-144926
319932
368
368674
27643
399245
79444
352333
177946
295615
236770
228911
269472
213954
409369
129639
436395
81375
369042
40582
386248
-29996
368998
-203808
362777
-240478
373964
-258708
234920
-290277
222312
-294515
134721
-286136
165731
-365853
70860
-410070
670
-333186
-91416
-320484
-85610
-319891
-146144
-280455
-256423
-277078
-335603
-93763
-410618
-1446
-357772
41548
-304182
42006
-305828
165132
-332649
251793
-300142
234011
-308033
284307
-207754
303234
-186713
285162
-97278
406024
-78381
281300
21873
347000
100638
346909
84037
304787
212337
219717
227867
177473
240759
179920
242770
107682
295577
56503
273932
-18580
308424
-119204
288939
-132092
294502
-218009
246918
-206839
134716
-304319
143635
-245684
110944
-245208
58854
-246571
-25006
-303878
-7631
-289600
-67555
-212580
-78158
-172248
-211253
-190603
-191026
-125603
-203773
-44072
-294139
-2869
-222686
26766
-233819
25472
-263976
149647
-202364
194552
-224109
129464
-176736
146516
-202100
276092
-131303
233126
-60274
221680
-62776
171389
8238
200207
-9737
172218
60638
203861
132913
187124
151767
142145
141898
106475
195679
40873
184062
63844
255360
-86896
159127
-42418
166958
-114389
180874
-123419
219818
-155204
144625
-116653
159384
-144607
111215
-155002
17168
-179351
23295
-170284
12050
-179025
-51575
-86068
-47987
-185573
-122682
-55091
-99948
-123147
-103491
-15865
-104182
-34137
-196587
24184
-187693
12323
-179622
6273
-104327
96414
-137418
66771
-69732
132031
-99633
113713
-56047
225092
-80775
109981
-59765
178531
-47106
128975
-16970
161867
46121
48894
97824
50630
74548
126748
76885
51755
150621
56286
128589
9746
95817
-11027
137947
-24320
171906
-34760
119958
-411
133088
-67029
68490
-88936
83005
6595
73804
-39093
40733
-94232
38976
-104608
9316
2109
39318
-127114
-70622
-27998
18932
-12511
4280
-51248
-32167
-46171
-95624
-24437
-47765
-37411
-29367
-24365
-42189
9203
-43327
40021
-43999
104355
-78655
63445
20929
46561
-61518
7027
-66663
-9487
-16399
136874
10846
-5811
19256
61149
-31285
54940
-26328
34596
37927
44377
27272
23302
26724
81394
32894
79526
22386
32354
91043
55747
10444
-49109
-47152
-39539
-55047
31740
12634
32671
-39222
-22056
43847
74327
-16386
249
22456
26401
66155
-91714
-29625
3850
43843
669
38542
-98357
46484
8101
68437
-12040
14510
7463
18349
-48241
24418
-79706
-13098
-48602
42055
-40896
-64544
-12880
2110
-87020
-44647
-61594
-13078
-25324
-4440
4208
-23883
5414
-13758
-2597
-23864
1744
3336
-42007
-71109
30517
-94235
-18585
-52110
27155
-79220
45235
-35207
62131
-54158
18729
-57517
31648
-7601
62114
-52754
-1177
21012
145875
-10946
132661
-61104
19607
38181
51235
41300
95778
7886
68244
50918
96601
52910
8055
108432
-2936
49053
38253
81682
11490
101340
21150
106790
-21229
84084
-54816
62870
-41607
124189
4718
113036
-86267
127691
-56591
112387
-48455
82239
-134486
28875
-37039
-40318
-72144
34851
-127903
32621
-97136
-64314
-129854
-80669
-67159
-107392
-15429
-81062
-40810
-122912
-12666
-64120
19317
-96509
111206
-86449
61119
-63906
-11584
-33282
69257
-40174
79707
-101768
144489
-75807
143785
-134484
161908
-57446
105228
34485
50008
-2658
108048
-7685
145853
66475
59655
92014
20014
61408
17910
48698
19191
45746
19617
119563
19751
116302
-51389
111915
-54558
63156
62302
148868
-119299
136089
-77159
125836
-95747
44195
-139822
46145
-93715
-12841
-172760
-12415
-104389
-78124
-105847
-11366
-117127
-100851
-159364
-63800
-62477
-104895
-65223
-114370
-14480
-111558
-30921
-129654
-10287
-145524
83998
-109070
-10591
-46837
82407
-91051
115230
-82537
114195
-99875
143027
-41066
71724
-52657
102142
1780
82300
21089
93242
24917
83354
100859
29779
62251
131772
64163
125756
98810
62547
190162
-25052
124962
14234
44320
-4828
137565
-36200
111777
-103496
75358
-81042
38956
-150705
23810
-119227
71903
-171620
39195
-146491
-33697
-135748
-15043
-134574
-58474
-145108
-133689
-56019
-50177
-49130
-57645
-95762
-128098
-49023
-126599
-68328
-113073
-17467
-151658
34443
-123346
12377
-136824
21347
-139230
61733
-121805
43434
-77317
127258
-44020
103486
-15879
55421
-22295
62920
-92479
62338
44781
81449
6298
93715
72558
53711
65809
101924
87885
89653
110384
-32208
126551
61827
81159
61660
116661
-52578
67786
-36958
92685
-49990
130803
-72908
68438
-88886
33386
-78871
36377
-48019
-28406
-102522
-11619
-60507
-45754
-140164
33751
-90948
-17211
-84754
-54345
-72506
-66862
-108596
-12259
-138745
-161309
-71779
-87320
-24567
-90784
-114
-112848
-68257
-153011
3266
-97715
101771
-43077
90092
-96083
48489
-74963
19414
-52640
64585
-35385
93768
39681
38028
4155
14570
35986
62774
56983
45501
-57772
186322
20797
91680
36080
41638
81406
2375
12707
61199
47608
53658
79736
49684
129753
-65096
103737
-15883
128233
-38658
5109
-63226
49903
-63239
61543
-49855
16062
-92871
94487
-61646
44061
-52249
53584
-115398
59134
-80185
-18715
-117170
9834
-30250
-61368
-26189
-68478
-48496
-101498
-33272
-21444
5646
-28716
-31799
-50065
-42459
-83869
33476
-79866
91542
-70130
-23188
-75222
56813
-53040
-14750
-86886
57841
-48422
133536
-35999
58890
12533
75202
25217
134768
-26751
65598
9520
84639
48598
95724
30808
68113
53477
38120
46691
30079
32762
-44320
72582
38649
106409
-3094
91828
114813
117525
-6248
119474
-63127
88323
-1705
91718
-53370
-18273
-26114
62355
-15450
141867
-45562
22801
-73889
42060
-92741
31735
-23878
-10096
-38052
24248
-13117
-22895
-49639
-30358
-62327
-57606
-52568
9781
-37661
-89400
-13205
-58211
-8936
-105340
39747
-18247
19832
-79323
69422
-125947
9685
-73404
58749
-56033
53603
-50974
109539
-21032
54390
-42525
35665
-5710
94470
-51200
139289
-19530
104652
41249
28950
21219
77983
50903
39940
31564
59576
90487
17823
122415
6170
26524
-21612
117374
