#SpinCore Technologies, Inc.
#SF in MHz
#SW in Hz

[HEADER]
@CLASS=	RADIOPROCESSOR
@FIRMWARE= 3087
@SPINAPI= 20130917_x86_64
@POINTS= 900
@SF= 0.000000
@SW= 30000.000000

[DATA]
7085678
-5192050
9431325
-4829264
10311234
-3089445
10626827
-1224758
10811660
616468
10508416
2505489
9915932
4246501
8975972
5908346
7779547
7415548
6361480
8618316
4726863
9624362
2929469
10243540
1123359
10531322
-777887
10486631
-2560721
10184951
-4233944
9512479
-5745308
8478824
-7185992
7409782
-8344468
5970590
-9169840
4343642
-9782574
2655477
-9924060
916611
-9905969
-863804
-9599787
-2574245
-8895770
-4189643
-7900998
-5606183
-6772643
-6882668
-5345411
-7950684
-3933968
-8683837
-2213136
-9150588
-535313
-9254278
1053756
-9163550
2687455
-8744318
4130927
-8059472
5470428
-7268363
6583811
-6007099
7508737
-4664881
8149353
-3245964
8480931
-1771328
8564851
-206546
8478537
1387667
7975085
2835067
7221947
4166236
6363097
5309906
5204686
6382904
3873755
7149491
2622158
7640362
1136424
8046216
-299589
7968562
-1699288
7694048
-2987839
7188630
-4294614
6534671
-5286293
5522242
-6144528
4552859
-6776211
3292629
-7169321
1954628
-7370963
663102
-7295023
-651316
-6995633
-2032258
-6492442
-3235543
-5732410
-4352328
-4917037
-5198784
-3773612
-5916500
-2627159
-6540129
-1432206
-6801970
-169238
-6902713
1094281
-6770886
2242368
-6389990
3331227
-5863557
4345830
-5104264
5100523
-4235738
5745645
-3204667
6184232
-2050509
6413138
-930180
6389977
199318
6248300
1310475
5791727
2347587
5279913
3322692
4520424
4211588
3651159
5008560
2653470
5533659
1610416
5843212
535096
5951848
-435007
5901357
-1498162
5623462
-2483096
5289618
-3353359
4687991
-4138195
3944652
-4730148
3164244
-5184870
2219953
-5486756
1315997
-5507487
248382
-5444804
-706261
-5147341
-1609860
-4741422
-2498224
-4091476
-3370515
-3425897
-3968771
-2663569
-4466516
-1772925
-4818342
-947343
-5084645
-46488
-5160018
865556
-4974492
1757801
-4700698
2521199
-4245653
3213281
-3686732
3797525
-3023825
4244407
-2321942
4556659
-1564904
4663704
-697541
4678911
139691
4485398
1037204
4245788
1816479
3828509
2526915
3255690
3097363
2666004
3643690
1947993
3978505
1137479
4194776
395687
4299011
-264341
4257177
-1174222
4103075
-1798749
3781256
-2364843
3427882
-2919943
2933478
-3377714
2318104
-3697022
1627535
-3892406
888889
-3908262
254860
-3915743
-493045
-3723313
-1179799
-3434023
-1750814
-3022017
-2344281
-2478385
-2770002
-1962125
-3226580
-1363344
-3341857
-696303
-3646961
-128367
-3669088
518981
-3581601
1140243
-3326870
1737509
-3082188
2298111
-2699996
2624848
-2297294
2991436
-1712318
3193600
-1098732
3352370
-523155
3382549
14844
3188189
558540
3056728
1125491
2842251
1688871
2382986
2122871
1907244
2462398
1569568
2733102
931008
2996143
337582
2993363
-130208
3030633
-648235
2922626
-1131330
2736687
-1576162
2464173
-2019482
2099113
-2313695
1741152
-2525416
1234198
-2698559
856387
-2807663
240926
-2752115
-241306
-2607933
-641638
-2473006
-1115366
-2251556
-1528293
-1904328
-1843056
-1571964
-2113711
-1057360
-2369830
-664340
-2460546
-191894
-2513431
284867
-2478102
680334
-2328471
1056783
-2147364
1383594
-1974290
1714931
-1562305
2016333
-1274788
2155434
-817086
2187068
-514588
2313034
-118483
2225503
272774
2086483
695103
1930361
1079135
1642946
1375649
1413783
1707051
1110694
1821350
769969
2071605
281256
2069891
-65913
2049637
-424989
2047392
-746740
1913726
-1015269
1713973
-1303158
1508952
-1477586
1247072
-1709813
885067
-1767280
598142
-1885878
291394
-1900043
-145051
-1815810
-406893
-1662237
-688352
-1541377
-996235
-1294819
-1271683
-1085236
-1442365
-731469
-1581735
-435087
-1647464
-248764
-1671801
207373
-1682917
400695
-1642014
675075
-1429921
986710
-1292062
1204487
-1100450
1287935
-904558
1486549
-629725
1504621
-371479
1453974
-43745
1486448
224752
1419304
461453
1213989
645428
1100056
837400
1000606
1032840
765753
1245121
457017
1295902
287351
1323489
34171
1307135
-249816
1285027
-423898
1168343
-674763
1080366
-911287
962996
-960892
742966
-1009585
579397
-1230351
397241
-1167510
95022
-1133734
-95268
-1123153
-277393
-1065732
-487830
-949151
-683040
-742472
-822447
-573237
-881129
-484150
-970091
-223047
-1088992
-42610
-1057233
156398
-1001702
311957
-972494
464848
-860153
618987
-732576
711737
-614119
795602
-452251
934933
-384592
943932
-114159
912580
23563
826697
181656
857926
281928
732564
454722
668447
613860
519528
674512
352647
760763
254474
725400
84851
769903
-132997
796151
-230870
640566
-338115
615834
-489372
561988
-594406
503857
-570035
376332
-550888
277226
-610969
102335
-654429
20153
-634606
-111251
-586862
-222399
-566754
-349230
-450009
-457101
-312492
-435498
-258445
-534839
-169062
-584409
-1270
-595905
140579
-585070
134740
-480989
279251
-491537
344747
-447535
356399
-338129
450572
-236321
430190
-184108
473739
-56032
495321
-33080
449321
66167
502501
161309
287503
248330
297344
287675
263477
374838
170597
340410
46882
386821
32972
342955
-31407
408426
-102721
381034
-189110
293056
-226419
264889
-268623
221948
-366072
104808
-303161
33755
-361248
32422
-232825
-20623
-328881
-105032
-262410
-155062
-249026
-183427
-153787
-230485
-92205
-234070
-29471
-254476
-37368
-332428
25389
-278962
43221
-220089
153639
-260224
228040
-120922
192005
-77313
258268
-118868
281121
36234
300836
52257
278077
46195
108949
81304
145746
129789
151588
119851
60197
211877
131719
204294
42297
247101
9833
251339
-100943
268907
-114328
176641
-110918
126482
-129190
95322
-166398
72739
-217530
31883
-216071
1489
-170662
-76664
-228937
-119811
-149901
-166090
-112806
-126052
-85288
-174491
-76825
-141933
-34790
-156496
-3772
-206363
44267
-184110
166379
-190600
126941
-166399
243498
-119325
205682
-119435
197488
-68563
238225
-7225
256433
37120
294565
108312
174919
132696
81367
204769
123424
203950
84111
222484
61441
242771
-23625
267422
-28419
204179
-153562
229406
-164398
204190
-156200
163733
-283299
136226
-301874
141430
-270529
50671
-169729
-51083
-243957
-35838
-279070
-42109
-247133
-63668
-180876
-239218
-200320
-246498
-151583
-211852
-55801
-224985
-10809
-296761
6013
-262297
56764
-217092
142140
-300525
193055
-204633
209773
-223585
163181
-139528
245639
-107993
340970
-19509
305628
-18458
256499
109026
293050
110302
247180
159318
220996
241784
176422
225100
164239
265056
50500
337152
-62840
282975
-38858
343961
-80590
250327
-156648
287043
-202330
255836
-216710
198207
-317493
184863
-291321
97848
-316761
67054
-309100
-48909
-300654
-82519
-259961
-128105
-274534
-154362
-263986
-212269
-155250
-251302
-268971
-309441
-100163
-355662
-30394
-365860
139269
-362893
67067
-360301
172928
-260940
271292
-292332
328453
-297850
312689
-199280
359883
-134035
356262
-103620
336557
-33521
371977
110774
410135
156357
354048
196986
249958
319907
298456
288183
197759
397396
80922
453147
23905
344416
2630
408423
-39933
315669
-94391
427986
-268726
352890
-292425
270819
-344070
296169
-416423
219721
-407907
93451
-413455
20859
-362058
-67648
-368024
-87383
-436373
-187138
-300664
-153130
-262971
-327901
-216460
-366414
-131253
-396963
-139214
-367523
-9620
-439110
31489
-363168
154539
-384737
260505
-298269
261939
-338630
322277
-357973
377565
-230527
336182
-93970
377792
-70769
432495
88205
380044
11297
419717
129350
409888
288265
326219
394197
171504
333676
189407
353183
121351
439726
38332
497016
-71037
422906
-182281
413100
-243628
390292
-296716
317901
-337599
279120
-318224
189053
-402231
190016
-454492
72660
-405374
-2377
-454336
-111289
-385798
-228204
-387577
-225927
-331276
-287911
-283109
-345976
-195282
-403873
-83745
-384418
-65255
-484430
34767
-441008
84911
-375673
234741
-423633
271353
-349933
318647
-258144
343995
-240920
403553
-137040
489512
-161475
438418
7676
388209
38324
378633
111992
325280
223250
302824
245115
265528
326383
213531
289540
125305
387475
59034
437060
-15168
379356
-31643
444144
-82488
347601
-151976
344866
-294757
273367
-297614
204410
-300313
238187
-442462
139805
-364767
45954
-367678
-36573
-386059
-51337
-360691
-156313
-331042
-240201
-277097
-287210
-272563
-364222
-188462
-367554
-79564
-346981
-16331
-349591
61844
-351904
150774
-342334
163343
-299457
164675
-313284
295351
-264937
333486
-217991
359125
-141556
329817
-100805
292917
6127
286589
7217
414183
116553
263034
150109
301591
212021
225882
198829
184006
295981
68725
310700
74585
344157
-47548
372403
-88405
314739
-125270
254325
-158804
283235
-230458
171172
-260226
189024
-315852
104246
-332177
110444
-297396
22866
-388812
-33297
-272988
-108330
-273478
-150216
-224585
-105990
-186351
-211083
-157238
-138429
-144207
-172450
-5949
-275449
-91088
-320769
12125
-252644
111181
-229579
87336
-267743
145050
-198086
184294
-135420
211675
-150145
286660
-107405
191534
-93017
310566
-53986
271811
95355
243924
73544
225447
105670
103425
93410
130305
236583
115341
166939
63089
203432
41306
238387
-26883
236272
-64633
170148
-51449
216444
-97091
198656
-197711
215586
-59828
105205
-182998
113511
-265871
119695
-188022
7021
-209684
1571
-190299
-48583
-200815
-84917
-116619
-108772
-52377
-176977
-120679
-169004
-60967
-166696
-69955
-178230
-34561
-175667
25452
-173763
31285
-119796
75301
-208132
60927
-107547
63833
-137850
92484
-76927
144577
-85215
138282
23798
137028
9307
73305
63834
179080
23233
187547
36763
94273
16972
115428
63112
53362
147189
74983
88830
12567
123663
48063
65064
25843
67072
74998
119558
-103768
87449
-9942
119226
-103927
63422
-57630
59953
-71121
40437
-149323
17135
-107191
4113
-55812
-76882
-154865
32965
-73848
7721
-76323
-8575
-59241
-110161
-69651
-16297
2755
-31901
-35962
-12958
-27092
-81721
38267
-66484
17336
-69264
83250
-50933
25686
-10500
47640
-76946
66894
21296
63487
-62621
5373
-68872
-30557
-6855
105216
-50861
58149
-9252
89000
-12654
29969
64419
32082
-3993
34608
6107
36997
-32804
51761
58810
-17065
37828
51015
9610
-9225
-17626
-11713
39237
-1508
-9696
-12799
76774
22664
21297
-79893
13945
-31301
52657
4901
28114
-53057
12298
-5375
51694
-52312
39776
18673
40291
5636
100402
-15184
64486
-15190
1420
-36653
5544
-23961
38246
1369
-55875
-152
48187
-65696
7465
-49831
-78276
-64914
77175
8816
-37875
-56148
-60500
-32516
-58039
-70748
-10066
957
-24662
-54309
-77806
-43830
-113722
-73191
-48792
86954
-88329
36260
-114794
50599
-53675
5375
-13531
122169
6433
42389
-45689
112476
-49927
105491
4738
158250
19272
123552
30108
115664
6424
72056
53724
65233
20613
37246
54349
67210
147319
41005
104384
70351
122274
-38747
110141
54868
71539
1777
101718
-28867
160266
-85114
85483
-19741
80741
-58895
41592
-84007
73321
-139162
-31132
-101170
75291
-127439
44874
-122647
-21165
-113579
-115586
-65790
-43276
-74189
-81315
-31744
-128701
-47038
-33785
-19710
-103223
-51569
-91987
8002
-127183
78828
-73002
13526
-5603
18650
-103819
74057
-87217
156677
-62625
115016
-38376
90146
-44592
164454
-19433
92314
-13804
149400
101461
68581
99250
116707
90472
71812
118725
60881
34827
72136
141828
58240
132377
34414
156177
-60727
86449
-7822
52099
-29262
172951
-50329
79009
-110414
53292
-71476
53138
-189811
69949
-116327
8189
-122005
-6203
-109733
51033
-95560
-3090
-166120
-65377
-89578
-106903
-63727
-136579
-82820
-74892
-68828
-186939
-55264
-119779
30684
-77568
57871
-105129
14821
-132771
66675
-144566
76459
-74402
129842
-112610
112955
-83964
148532
-1528
68228
-1982
168442
-76
128671
49980
119985
31237
154667
29676
141178
83290
76076
131845
55953
116274
23118
89564
13081
156285
-71628
200128
-62528
159837
-92918
116166
-79923
103630
-94158
86439
-114373
49260
-100003
70977
-160828
54574
-121407
30336
-101987
16252
-95379
-76399
-59920
-58968
-134204
-85999
-117568
-35924
-96287
-57976
-68816
-98647
-14459
-60698
-8706
-126781
11177
-170727
28336
-149888
14358
-166145
85110
-137845
149013
-81752
184438
-49189
127341
-68757
139712
1411
122770
14252
85005
18306
96148
50628
127768
125536
5754
64268
83732
53034
61450
76110
77250
129942
50713
118767
38027
116522
-26552
133698
26101
120474
-124428
130276
-36122
20041
-52597
89602
-142768
92244
-132523
23829
-49187
-326
-40900
4096
-150276
-30739
-161610
-48351
-40054
-79808
-56365
-24937
-33204
-57251
-37675
-63344
-3905
-32981
-50606
-103636
8965
-71946
76637
-73048
45904
-68306
80340
-44451
92628
-46260
63869
-67871
51202
-42134
57739
9861
85423
-38405
75338
-18298
102794
22464
40672
3984
37248
55727
52813
32593
33612
78217
61960
79208
101331
91150
3489
74231
-32679
128515
-31557
74359
-15056
89093
-38750
51178
-30522
58316
-86536
75338
-92567
79054
-79506
-23384
-68803
2546
-60872
-19505
-155889
-69002
-113327
33207
-34598
13099
-51644
12012
-63828
-56559
-57433
-4876
15857
-40779
-63737
-21398
-87489
-112609
-76183
-88394
27169
-166226
12379
-120138
19633
-51062
71943
-65813
34776
-67877
51334
-54908
52959
28377
43461
-30046
91144
-67064
71347
-76311
65344
22641
22783
8230
52181
16342
68133
47802
50678
-1990
46217
-14418
8998
71676
44840
83165
-6483
79173
-23253
87288
-41059
59063
9312
94003
-26315
73526
-83163
139054
14787
76129
-24464
77779
-97242
85660
-140698
-46280
-63999
-52252
-43719
9943
-82250
-55750
-93219
-24337
12834
-7597
-36716
12877
-77310
-73136
-96515
-67058
-88980
-122481
47841
-86901
50973
-95991
13465
-148075
2161
-83267
-24806
-51881
52205
-67339
33083
-79897
63060
-9651
85052
20254
95295
-19500
99834
-38837
77729
11869
134848
9464
81257
-45813
69408
-10756
52886
90195
44394
129416
-13423
108311
9871
65607
-22312
91656
