#SpinCore Technologies, Inc.
#SF in MHz
#SW in Hz

[HEADER]
@CLASS=	RADIOPROCESSOR
@FIRMWARE= 3087
@SPINAPI= 20130917_x86_64
@POINTS= 900
@SF= 0.000000
@SW= 30000.000000

[DATA]
6839275
-5066872
9138127
-4678710
9995495
-2992486
10421659
-1244737
10484739
618720
10255806
2451804
9605830
4222402
8798349
5781207
7572584
7127289
6200930
8396725
4596256
9309808
2884145
9930989
1099011
10202667
-680256
10177297
-2428118
9884790
-4118763
9198441
-5700485
8297241
-7034176
7204846
-8042246
5823299
-8934570
4241605
-9549020
2587764
-9750098
800633
-9608856
-738247
-9278136
-2469997
-8642901
-4052855
-7715489
-5457089
-6544415
-6724495
-5254148
-7628712
-3827888
-8430351
-2233369
-8851693
-666388
-9059684
1034951
-8995846
2554157
-8563247
4032162
-7885787
5305554
-6974668
6378366
-5882890
7260391
-4672368
7907488
-3220853
8261275
-1758198
8390865
-273730
8185199
1335750
7766764
2640076
7203284
3983746
6315407
5214105
5116667
6182541
3877854
6920495
2546564
7496584
1242155
7728355
-207986
7688697
-1584291
7487951
-2906628
6971451
-4073070
6277833
-5083938
5451223
-5996542
4361605
-6598216
3185928
-7045433
1933267
-7194283
686986
-7065944
-573154
-6821947
-1851730
-6371133
-3002115
-5610214
-4115850
-4744681
-5030561
-3738283
-5700004
-2606172
-6291529
-1390658
-6575104
-199162
-6711360
941745
-6610106
2196222
-6260986
3188013
-5719020
4092750
-4977524
4933619
-4139358
5577508
-3196993
5961506
-2140486
6181705
-1032514
6275819
139536
6043822
1261432
5693742
2306208
5109573
3234700
4403669
4088479
3668508
4718404
2711504
5240568
1759146
5655667
599345
5824653
-422085
5789709
-1409156
5522783
-2385029
5223170
-3196076
4559908
-3973760
3934974
-4528293
3084441
-4949321
2251216
-5230702
1316483
-5396835
373820
-5276355
-592798
-5071872
-1563248
-4653439
-2394527
-4093978
-3181743
-3476720
-3797587
-2785462
-4281418
-1900432
-4719542
-948420
-4898418
-64520
-4893687
732538
-4790069
1588639
-4590462
2364386
-4185934
3050615
-3637935
3589280
-3010603
4017526
-2365082
4354448
-1501868
4556793
-767274
4546250
17152
4486104
903252
4137564
1628663
3722851
2318509
3273383
2887504
2660138
3440806
1965192
3751820
1240641
4025864
534613
4189359
-149247
4187617
-934525
4046888
-1599196
3810808
-2243942
3366082
-2744566
2896931
-3236885
2210499
-3605339
1698721
-3716741
1016906
-3854569
418898
-3871921
-321681
-3630837
-1089472
-3349566
-1640860
-2964210
-2091861
-2584098
-2619924
-2006681
-3016765
-1484286
-3255501
-840489
-3447597
-244463
-3544936
379024
-3420581
966613
-3333681
1603117
-3064581
1990215
-2685240
2458254
-2266435
2758894
-1768151
3086528
-1237937
3130916
-709706
3217003
-48968
3110350
439689
3015415
1037156
2792387
1517855
2432348
1945374
1992954
2342956
1562710
2575861
1066442
2847081
547321
2858877
3903
2951893
-525333
2884565
-1032303
2661630
-1435375
2482420
-1869671
2195054
-2187135
1681434
-2334196
1402614
-2655405
867966
-2708650
474861
-2644034
-166824
-2561112
-574292
-2407819
-985331
-2178278
-1438379
-1887085
-1712941
-1522557
-2038357
-1181815
-2232853
-770240
-2370309
-286397
-2402013
110961
-2429658
525414
-2324981
918793
-2236991
1265072
-1932831
1608465
-1665670
1877042
-1322655
2049406
-971686
2069906
-660891
2274872
-236678
2197905
194935
2039079
647772
1939055
967930
1700380
1200263
1503709
1534501
1134631
1776899
854373
1915474
393818
1953987
151526
2005876
-239370
2003928
-605861
1916741
-913129
1743602
-1171005
1530171
-1433928
1242280
-1525532
1022999
-1664146
709361
-1840314
362527
-1775165
11478
-1770243
-288467
-1707831
-632134
-1460528
-921529
-1267224
-1146774
-1090476
-1280459
-857739
-1456291
-558246
-1590465
-289825
-1586532
48540
-1612054
326172
-1545084
582053
-1486447
815260
-1279664
1023304
-1190297
1197455
-939014
1322915
-705262
1499035
-453771
1418633
-155171
1472127
58411
1381960
311705
1261034
559237
1176198
737645
973858
941014
740136
1145251
529355
1259973
210272
1241724
134666
1275158
-227104
1285320
-354833
1192455
-590717
1058921
-733235
950976
-898558
797337
-1004582
651254
-1118600
490971
-1160437
180688
-1172297
546
-1109320
-260948
-900457
-418344
-917744
-538410
-780554
-615831
-680249
-819938
-568817
-985188
-245972
-1070127
-153684
-973607
38488
-999287
325686
-938482
426834
-940024
582410
-817962
661828
-642947
759271
-522269
844343
-417426
859513
-309750
855521
-31225
885410
52072
813870
245449
780461
473856
621090
508051
577000
624664
370298
707087
250376
697328
186127
752404
-48491
764407
-144360
752080
-226718
615036
-415738
548744
-491242
519419
-542176
406430
-598647
284909
-626825
216351
-707323
41230
-658169
-48034
-560445
-200081
-540703
-264558
-478614
-391373
-413869
-448260
-288515
-543440
-260227
-517808
-84826
-535688
64551
-573871
71391
-560764
183189
-455110
210063
-453552
299181
-386802
408614
-342096
416182
-216353
444239
-112970
419029
-44241
450292
104223
423353
152899
400473
262957
309250
250207
232247
319867
213730
385150
118594
356417
44580
343702
-55497
342127
-175576
374986
-200349
269976
-220401
292109
-281055
233277
-302769
196042
-344274
167504
-360288
51258
-319166
-24742
-287891
-55557
-281363
-155776
-246524
-133903
-237219
-236455
-113096
-298803
-79560
-260315
-61511
-240798
48526
-221895
67908
-221739
129787
-188606
140459
-228422
185913
-152006
214334
-109281
158753
-103571
236682
64517
207840
21289
185479
101699
171417
116347
138996
134971
93670
91002
94142
253049
54099
230301
-23980
196663
-67991
185656
-75449
147951
-36436
153208
-142437
129383
-156893
104916
-188731
31337
-130263
-10259
-186211
25710
-192881
-38890
-182329
-124518
-147364
-136323
-112843
-152660
-58189
-182034
-13418
-187626
-13005
-197296
111898
-175598
80217
-181269
115104
-120109
157338
-154496
157163
-36808
193522
-30588
238574
-13579
268752
23349
145212
-1961
123318
85540
133120
156272
205322
178103
80912
172917
6506
237681
-46267
151474
30064
215230
-67277
278145
-166297
265856
-104164
81809
-157937
100532
-279039
88005
-268671
73244
-277624
18787
-268214
-2096
-247668
-55500
-259507
-154006
-171348
-146555
-152855
-140272
-109280
-290921
-12441
-204278
-97004
-278605
20830
-248670
-3908
-255904
126364
-246920
129627
-273567
190396
-233827
218421
-159771
284880
-163389
230504
-33704
272259
-70180
298899
63828
302831
111885
289911
155268
226263
168935
269661
232055
143812
317826
110927
250750
42113
243052
-53336
295666
6714
345627
-160597
292800
-181536
226419
-228537
222431
-301617
167553
-283414
86138
-390328
102286
-385707
-663
-388813
21812
-352356
-159918
-299164
-205256
-276023
-235309
-210770
-223973
-172103
-300035
-96861
-344493
-115881
-355473
-7225
-310782
138805
-398703
161964
-251611
207012
-372830
275686
-306001
278991
-161704
290750
-176823
383364
-106388
348734
15657
381815
90587
343437
90428
354094
258345
233126
180930
259735
277854
159005
375926
93430
308377
41045
432491
7386
425352
-86115
383814
-184197
379019
-211066
234240
-242043
266700
-331179
258982
-343679
145248
-349016
91768
-426308
31362
-446712
2064
-434259
-100568
-369319
-213691
-271516
-172984
-253091
-278456
-211740
-332356
-200689
-363602
-85776
-383547
28760
-414909
22237
-386400
96796
-378459
219854
-429669
284944
-374195
326933
-251937
322968
-158114
380441
-180762
379541
-65955
397952
-21271
378652
131854
353349
166615
378366
168427
294811
273646
260752
385143
209370
383817
126996
463970
-14314
446089
-49217
426250
-151517
323453
-158982
413361
-310944
401431
-374732
278458
-346669
184606
-396262
201291
-498047
68329
-445571
22445
-377735
-102026
-414001
-135548
-357634
-183134
-306446
-244808
-314164
-305650
-245189
-365773
-148300
-424048
-58682
-431809
18205
-420425
110122
-339582
121037
-351031
212418
-339921
301423
-301228
296304
-207588
351626
-180639
396587
-167033
443234
18141
380936
38281
293559
54136
322479
145153
299748
237382
255851
268459
160086
363048
204589
399103
80500
414796
16109
384489
6378
423345
-136757
320598
-166050
354218
-213463
349405
-269668
235431
-268133
121716
-338536
123188
-351590
40483
-443959
77767
-414707
-91589
-385149
-144786
-313514
-191293
-229256
-175092
-215192
-253114
-135721
-342545
-92416
-291609
-63916
-350527
29779
-385461
46714
-375197
160101
-353402
250949
-257588
293965
-196733
209184
-144267
368297
-131926
339871
-9710
360645
12787
336651
27103
307259
107449
318688
137939
257933
230825
230826
216953
107907
296727
132290
318506
1776
318055
-4670
305537
-55084
316796
-123599
349807
-169812
328786
-209210
218067
-263292
171192
-294228
160157
-252567
143886
-267415
18516
-287922
-22903
-328186
-83807
-240082
-43460
-242654
-217751
-165448
-198341
-146900
-267615
-125892
-249571
-34075
-269752
-71023
-224721
-28917
-289686
49238
-206996
64495
-281292
175259
-202537
222958
-174519
190565
-121122
193014
-87461
223689
-12285
295063
-37961
237255
20241
154102
44621
250615
111434
188497
128729
219572
171858
155241
173985
83773
187200
32409
187581
10769
240766
-28460
193029
-35768
205146
-78037
121878
-150573
214315
-145462
174119
-159623
100385
-204032
113852
-193908
9167
-175600
57455
-122785
-102487
-204472
-102161
-80755
-96615
-187408
-118108
-137315
-159379
-93009
-191191
-62926
-130880
6697
-115791
3330
-194784
-9816
-216511
102610
-181522
132021
-137728
66686
-108259
167045
-114850
81757
-77466
152220
-42099
139099
14862
88713
-42670
133362
-4582
122539
33028
133221
60988
54482
122296
101313
113178
7789
106840
10839
127282
16732
45492
811
46764
-52433
101228
-22181
165134
-22408
113384
-54685
59363
-30986
30980
-115706
56153
-107177
-3541
-117315
64630
-105630
4337
-74694
30181
-77906
-594
-50537
-118121
-70094
-3479
-105648
-78616
-41983
-98361
-34177
-109343
-62837
-113549
69951
-47134
-9957
-95282
-18235
-107231
74599
-76993
95272
-47535
-42441
15999
83000
-13949
48533
-21856
60772
-10149
51352
226
-7903
-61190
32883
11880
39300
7918
-42163
48140
33266
-23774
48915
52928
22706
51791
10894
42435
-37859
5396
52625
67496
36302
18530
-26947
-26169
13980
18639
-3671
79280
-18834
18615
-539
9399
-53942
-50927
40464
76628
12750
98234
-7396
62846
-42283
7095
-9101
-4444
40718
-30133
-69606
66884
-62507
77219
-22835
52016
-28200
-13780
-64473
11237
-31482
9283
-41916
5045
-84966
-18980
-70377
-45854
-88302
19607
-44457
-19931
-52828
-79270
-91979
-70291
-66876
-17551
-32766
-176869
-19258
-117215
24231
-58232
-27230
-45870
-2519
-114373
87681
-47617
112568
-57452
33173
-23672
24628
-63231
77255
49671
24893
-20592
45245
-13788
39946
33893
69082
79198
7747
-25720
75292
88545
19903
100424
-11159
67828
-29751
43358
23399
136570
-1162
74415
22933
85790
-37855
107508
-14254
51182
-80061
42052
-6211
19396
-70201
66096
-67538
63267
-51470
-18429
-116809
-6817
-103314
-72868
-107377
-32662
-31290
-51748
-112791
-45648
-46187
14850
-89189
-84534
-40025
-75496
-41777
-104982
-5818
-88146
-30519
-132222
30524
-180566
105550
-66935
51543
-75797
45231
-23275
54705
-59508
76094
19833
115649
-35046
163662
82201
90148
38041
196228
59071
156445
46669
124768
96956
32180
92271
88770
119100
53111
104343
37902
160965
-31671
129774
20048
58407
-120320
80953
-78351
100436
-84367
110327
-135767
26452
-109365
71366
-64365
44312
-88889
22060
-179031
-76147
-80293
-28030
-125572
-49893
-192998
-12611
-49344
-122315
-59643
-78923
-87401
-142192
-22930
-166170
-2808
-112630
-9799
-62789
-24362
-132421
46707
-134304
92621
-142208
84291
-70048
108543
-90785
125252
-68969
134327
-17874
152946
-64580
126218
25561
177949
18566
36552
43711
143984
126072
144943
95017
47026
79870
26097
91102
52621
115993
-31452
109026
25896
73202
14058
72871
-45481
113844
-89715
130591
-104786
71207
-135176
51941
-98531
47604
-144307
79543
-154786
-3939
-119655
-95684
-140542
-9818
-81944
-18280
-174282
-107273
-116262
-85373
-82398
-131619
-17435
-123133
9813
-132443
28859
-140427
17366
-146334
13887
-122563
114139
-134561
36649
-84679
137656
-100028
147459
-11458
131182
-51969
60543
23512
120228
-15641
101760
59340
166342
85067
78704
55207
81401
136827
20805
102032
31084
57390
13746
97124
-19839
134390
17703
78182
-18163
127661
-22711
79817
-54788
55591
-66121
55849
-25747
89512
-110128
78470
-49248
-12029
-150308
-38476
-72011
11583
-117511
88940
-126136
32847
-92395
-30893
-70759
-656
-109467
-89095
-99508
-85420
24936
-102708
28805
-141301
54999
-91188
-10036
-146655
82351
-147584
48742
-91687
110148
-45028
50019
-108035
34653
-43951
79669
-59567
109674
-66265
-206
17983
98369
14755
123220
48771
81306
24281
18760
38123
54641
47620
100034
20787
66674
76555
25264
84174
29270
-5776
-51037
31597
43858
43171
-59195
87296
-38396
16727
-37258
48767
-90356
47581
-20377
7720
-87546
44518
-115855
28034
-100294
-326
-66968
17561
-50691
-55642
-70286
3873
-109443
-34164
-14442
-56046
-92603
-128100
24402
-131270
24816
-79367
-13166
-18858
-832
-79775
28619
-133217
47926
-84210
9600
-69256
-5392
16486
64359
-31944
98503
-39906
40800
17101
43347
-25157
36221
24620
54498
33339
66249
-20462
103385
-3402
116824
118407
51568
99060
50908
63795
63094
29527
-7296
28968
17094
34909
27600
77827
-40320
82053
-52058
32303
-75187
102434
-15827
54361
-38248
14831
-15194
7440
-49026
94125
-95988
16001
-106518
60074
-102993
-5360
-52528
16533
-101323
-15214
-47714
-101588
-60393
-75087
-89403
-90713
-34965
-122397
14707
-28727
-41800
-87685
5498
-106957
-7429
-120780
54929
-127989
30998
-46010
-12373
-48576
27925
-104625
118975
-73498
95927
-1546
55480
-112540
59626
-19670
78699
67493
60269
1118
44031
16538
109701
129587
42871
88004
67258
-19003
16709
6062
11568
90260
