#SpinCore Technologies, Inc.
#SF in MHz
#SW in Hz

[HEADER]
@CLASS=	RADIOPROCESSOR
@FIRMWARE= 3087
@SPINAPI= 20130917_x86_64
@POINTS= 900
@SF= 0.000000
@SW= 30000.000000

[DATA]
-3095164
2210651
-4053769
2221767
-4483792
1430663
-4752321
612655
-4701213
-236842
-4663297
-1022625
-4420940
-1803352
-4003595
-2608735
-3486326
-3195865
-2932916
-3793064
-2175668
-4266923
-1380521
-4516331
-576297
-4615776
296518
-4658005
1041174
-4521768
1863753
-4292950
2597987
-3814655
3173560
-3278836
3670360
-2719330
4038878
-1969043
4337819
-1221316
4431143
-397237
4431626
305513
4220926
1048049
3957381
1827594
3538071
2406340
2976731
2982654
2515656
3408257
1756655
3845587
1022658
3988923
251865
4149764
-475637
4116055
-1133776
3919618
-1766269
3568092
-2416736
3209060
-2922650
2771167
-3320693
2165115
-3622075
1511086
-3816005
816471
-3854748
139631
-3760629
-549452
-3539287
-1141383
-3295556
-1859101
-2793533
-2373841
-2414032
-2770111
-1824915
-3116699
-1253427
-3431729
-560855
-3509271
139315
-3534587
659970
-3460354
1284037
-3214715
1837227
-2870991
2335593
-2538496
2739940
-2067422
2999248
-1577168
3227201
-945645
3236506
-292314
3247666
227062
3235980
859626
2967193
1380936
2536442
1887074
2176031
2337698
1791285
2630340
1232800
2870436
731430
3035309
204882
3076653
-393651
2954603
-917675
2840312
-1432831
2626942
-1849729
2270187
-2170004
1882013
-2531889
1465836
-2738057
1026895
-2821029
443596
-2828439
-56185
-2753945
-550360
-2564532
-1050947
-2399245
-1460478
-2032954
-1842781
-1633090
-2122487
-1294643
-2380904
-782809
-2551921
-328639
-2649536
149029
-2637450
613775
-2537165
1043884
-2320803
1486483
-2150961
1819697
-1858540
2119675
-1448621
2321761
-1025280
2415216
-640024
2473639
-145336
2358195
291077
2302577
705234
2087179
1075539
1844715
1413903
1628897
1707015
1288304
1990742
924249
2162017
494570
2236265
27974
2258815
-333962
2250512
-710066
2118074
-1053918
1970168
-1401659
1682818
-1602236
1383657
-1816926
1064030
-1889716
670401
-2012500
354128
-2060008
15982
-1974966
-291389
-1886371
-714695
-1701174
-1058093
-1479291
-1345205
-1164503
-1606682
-867771
-1708518
-576282
-1833455
-211847
-1940477
143632
-1877858
473912
-1791477
756147
-1762983
1046306
-1536871
1337801
-1323121
1500928
-1086146
1693357
-844207
1739387
-491837
1768899
-100502
1772931
126558
1713108
461294
1556810
728008
1386594
1051665
1138133
1195091
949737
1385019
667159
1532200
318784
1544862
32306
1580728
-197573
1551806
-424734
1518687
-690363
1341615
-965196
1216326
-1081044
1042722
-1304328
770041
-1395536
561213
-1459623
247785
-1452999
46797
-1379727
-245200
-1386967
-490058
-1239241
-649799
-1127404
-859893
-871194
-1040386
-658119
-1184417
-443204
-1239271
-248378
-1276051
15240
-1270333
257366
-1318568
484204
-1208902
667778
-1042143
811846
-916116
984087
-776634
1129609
-556111
1173632
-381458
1238943
-151009
1145498
19756
1158846
312984
1100959
398393
953612
611378
841119
798372
672810
891526
476975
1019085
342728
1024395
65948
1065655
-37515
1065878
-303009
1123621
-377112
996119
-641382
849443
-726055
695656
-827321
562830
-880510
357736
-932968
206420
-968536
24474
-1001846
-79444
-965273
-286887
-783709
-435829
-740805
-484605
-604934
-653866
-474348
-770966
-405962
-848183
-178657
-929658
-39952
-930233
91004
-868705
177976
-868163
356871
-808423
635530
-683092
717662
-549865
709209
-488876
725519
-305567
839637
-167295
797859
9107
744462
164921
745961
294294
702274
410648
618175
500960
459515
603746
438844
639173
239535
718910
85096
720763
-39402
703666
-138975
731274
-238312
678585
-388677
569934
-472425
544917
-503675
381395
-564360
291258
-657156
220735
-676468
-1581
-624244
-50259
-647601
-139761
-497666
-253949
-507150
-407741
-363835
-423910
-318968
-471831
-212052
-544337
-95331
-582228
-4165
-601929
130470
-574697
220550
-462049
264917
-504404
304409
-454578
427427
-313848
435550
-255521
504072
-151062
512702
-65760
535395
28233
513078
118104
446762
192117
445349
257298
361587
260217
291751
383758
265915
398130
184316
412319
38463
506458
1628
457037
-176064
455605
-207943
339252
-220801
349693
-318251
280630
-334112
192817
-404055
240750
-495546
41110
-324972
37071
-371386
-14167
-395166
-176202
-395689
-257742
-288300
-186430
-336318
-267596
-191389
-344184
-105397
-321551
-23403
-344202
69563
-280406
65343
-320237
151663
-228948
177305
-282058
255299
-210354
265566
-209235
239917
-131923
257865
-65985
295622
-53631
290783
74110
267475
106964
287593
161295
295455
213702
120105
133820
97503
206346
88644
266251
25368
256012
10072
178587
-18307
241376
-80378
202523
-164769
180741
-137702
161782
-191310
82642
-225480
99889
-243106
82740
-254303
-5110
-235446
-42467
-199352
-88889
-139305
-18729
-155106
-108935
-82632
-117502
-43239
-194531
-20451
-189052
49617
-173203
-4503
-132107
-8749
-121648
91071
-140662
99477
-96436
149046
-140574
110380
-38685
142828
-75780
70557
358
136362
34900
107515
36979
72813
28505
81344
7302
176506
88121
43876
-12435
497
142860
63363
77117
23647
49130
-35107
94488
-26383
66487
-74359
20900
-110040
110591
-60581
-46373
-142957
59959
-66566
6933
-76942
40886
-95044
-56820
-73310
-89034
-55667
-61899
-51307
-75987
-18536
-62331
-52186
-52532
19803
-53430
45260
-123911
43701
-91199
126558
-107780
75470
-67407
58533
-53367
57082
-41684
71995
16400
166515
65439
67283
-1533
68017
37683
92725
80911
31608
101226
59579
103777
1277
135271
7362
378
-40592
86139
-33771
124980
-81236
56169
-20368
-5016
-93438
81116
-35866
30527
-88918
43251
-83818
51754
-36686
-10325
-109461
-44790
-30002
-91591
-80962
-104170
-15136
21075
4497
1694
24123
-100380
-15814
-59935
76514
-58241
14941
-101554
70220
-42758
64683
-107440
94163
-58189
70886
-64877
147169
11083
137073
-58783
127881
33787
146764
1204
43304
61442
5558
50441
108545
79612
174301
65902
38708
95143
21170
123108
22632
162377
-63306
103674
-28050
100495
-129532
72209
-48366
82606
-168881
57414
-82264
52697
-91099
16307
-125358
-11019
-128763
-25164
-104225
-31418
-87966
-111284
-87872
-106559
-58620
-113866
-32247
-159208
50084
-71638
29153
-85154
57010
-103406
82534
-121437
129597
-79262
137828
-103166
157848
-87133
163045
-98367
164435
-92897
132096
-57528
163638
58818
127577
85483
143900
84168
104632
147600
55549
90997
54161
198279
100051
172666
31414
152841
42968
165772
-47310
111226
13449
140577
-72692
113505
-135857
105664
-103495
32791
-103717
61291
-124897
20148
-151839
-26079
-207376
-50740
-166738
-123297
-121491
-71361
-145757
-138509
-144263
-129725
-50765
-231641
-100951
-199552
-35072
-207446
-24810
-108410
44543
-148913
2191
-209148
79290
-125513
147709
-194995
156334
-85127
141054
-95164
222432
-71672
188775
-7803
106312
11416
205782
24194
178464
112479
107776
120787
133376
131925
141741
106995
153778
218994
34060
215074
50042
188705
93079
184526
-96609
176828
-65978
159106
-54221
232318
-133074
125103
-83715
79942
-162935
83257
-116019
8009
-136917
-17621
-163169
-89123
-153284
-112664
-165226
-47535
-162284
-102240
-124272
-208010
-34929
-162623
-10961
-140285
-118918
-118694
45933
-131464
105331
-154143
66701
-117608
88019
-162491
173920
-175233
170744
-68194
177180
-88836
219230
-52299
201758
-27384
227884
-11498
209599
82336
247343
87768
141479
33898
176107
162634
122147
108145
74527
102999
84020
157010
40471
168418
-23608
209631
-86133
239881
-190549
228436
-154147
171908
-122513
138736
-202126
114979
-191478
38704
-171117
50719
-202627
-52524
-142414
16132
-110796
-79241
-134655
-10455
-99121
-82683
-93838
-128465
-71036
-139420
-24737
-138384
18895
-183261
19563
-151572
85970
-175991
60023
-93149
61220
-92391
156160
-95411
148715
-113247
207383
-95119
209051
-63362
121052
-7194
136250
50137
148545
35501
175191
122400
114197
109495
147410
172018
142778
143751
76871
120066
33745
170517
-44810
119976
-34166
174331
-65604
130204
-106784
127070
-123860
101367
-146150
97721
-118090
64907
-155942
64781
-197259
15082
-107124
-3928
-137336
-17457
-88256
-25199
-89544
-52875
-98590
-123207
-107293
-104487
-65902
-153448
-16265
-134789
-16672
-144988
28160
-169830
68720
-105953
87952
-147313
81845
-96239
159586
-79765
59757
-121831
149421
-121045
192920
-37510
124671
-55701
165384
46018
143537
36697
147299
45057
117992
63396
87368
139586
92976
80746
69783
133494
16353
174656
8855
199778
-46960
91745
-92754
127651
-4657
55331
-107648
86666
-117671
66656
-56121
78928
-78282
46915
-83287
90143
-98541
34468
-107571
-32758
-118809
-59909
-147722
-25607
-114848
-37250
-26920
-35908
2624
-17562
-72060
-136828
-23667
-97938
33812
-181259
45201
-156192
6441
-109246
54014
-106070
54312
-45759
53454
-77938
20399
-92170
150342
-82747
142684
5728
136894
-18101
150364
57929
126966
29794
114508
74434
118375
59466
108363
51938
54729
44227
12417
109357
24712
101628
-24579
62328
-4412
95311
-47012
50567
-78770
73806
-22500
93208
-93313
45245
-77008
70599
-41621
-93034
-41618
-24373
-746
-56724
-47714
-33268
-65914
-22655
-24217
-82113
7268
-72038
-104931
-65519
-13201
-77697
-22850
-77646
-20298
-63729
-3184
-59086
46723
-60067
-4335
-14585
46771
-29893
84141
-69949
65693
23109
47912
25799
43400
31972
97019
10983
17031
-31180
64057
63047
2881
62422
47066
36000
45184
-3592
-48923
42977
-40984
46540
39782
14600
-6770
1014
-59076
50678
4501
-2813
2385
-19335
22356
41740
5819
-20347
-51110
-40689
17494
51592
39821
27629
-25096
-37096
34652
-12519
1086
-28602
-1520
-81228
-54482
11088
-5756
-46581
-34364
-26572
35831
-21586
-8320
-18689
-9938
-6050
79011
-5784
37126
5825
-15011
-10115
55885
-28054
65862
-35747
45034
-20712
15070
2402
45581
23378
17126
-17997
42357
-24721
14853
12003
18859
-11676
-15908
-28813
-4905
14456
-29445
-48109
4149
-48142
37163
-51840
-1154
11812
-36293
43586
2977
-40912
-47728
-3837
-6752
35018
29798
49133
20725
-285
30108
73636
13683
-24857
55742
92499
15588
10345
24652
50573
45832
-24760
28984
-4717
18346
-12908
40518
-11290
-26646
27608
-4113
56716
-44074
-26136
-53671
3362
-23871
905
-43040
19182
-5681
-251
-4919
-81341
-44408
39791
-18665
30239
-22199
-61621
-10061
26285
32062
41328
-6762
-78489
17172
20827
35390
-6327
-4506
4410
28261
9814
-43621
-48138
52208
-38870
5447
-44109
75902
-68503
100405
-10557
94651
-17737
104500
30511
50466
66868
11716
489
94957
36274
41483
-13596
34608
53037
64243
24851
70596
161348
79353
34442
6890
122068
-18291
143304
20525
56945
-66798
90713
-49690
48321
-55641
60741
-79287
-57568
-46564
63104
-81797
-668
-78849
7998
-22192
-69357
-75964
-85210
-20420
-6638
-4731
-93530
-75507
-19303
19311
-29641
-26561
-104299
13191
-36417
-53584
6755
39562
-42889
58330
-65125
25969
-82610
20913
-32507
-22045
-5567
62710
-27107
54004
12750
85034
26185
125255
2837
88732
64140
53450
67163
13936
-19679
71674
62999
59038
-593
53509
45739
52430
49792
15179
69556
37783
59009
12682
89105
-34859
88363
-21068
51796
15581
34783
-25785
88635
-86567
25989
-45735
9356
-53955
21463
-40316
-45791
-51180
20985
35492
-51909
-24560
-40099
-1932
-18841
-29059
12863
-2453
-40617
-38542
-91497
-26033
-20991
-1895
2804
-6690
-2988
-27470
20197
52980
-37308
44592
-28110
21306
-13566
49763
-17617
77908
-85883
91993
9455
134479
67256
66662
7539
3243
-17379
41537
15857
-1090
17088
-27479
73707
10770
20751
64203
131122
-17083
-45061
-12741
36786
-45146
29402
-74635
16337
20007
6028
3049
305
24623
110571
-24782
30228
-18217
66775
-80282
2281
-33781
47819
-24330
-90533
-15129
-40067
-30630
-31801
17827
-29767
8894
-17359
-50152
-53845
-11351
-44094
5213
-39542
-80605
-22746
-52136
-27689
-39871
38703
15156
-19271
4963
-35794
-41023
-111712
17847
-20596
-7240
-38325
59578
-15177
57085
-14965
9976
-24357
-21990
-33972
22590
-3494
34411
-65193
66548
13008
43060
33561
-6909
13378
21653
62578
1431
-5147
-51036
59278
53202
2856
-59982
32439
-55431
26183
-8587
16164
-77435
58614
-44127
-2939
-10223
4768
31767
1582
-92047
-9228
-50489
11354
-10788
-36171
17092
-33134
8811
-70001
43944
-65907
22468
-29049
10779
-33319
19547
-49892
18274
-21277
-20011
-64049
49406
-30832
23788
-74764
11541
-53332
33601
-52028
61267
-19373
63232
-103215
64020
-23248
24565
10335
-21460
-6312
39139
22048
60808
-2444
75708
28172
13727
25749
73129
56333
19989
50145
2057
20558
51013
76065
5977
89489
-57747
42972
21207
-19754
-46066
-52542
-35301
-15469
-27669
12399
-21916
108678
-44543
2501
-76823
78627
17673
-3658
-6273
42035
25121
396
-49773
-13881
-28585
5205
-63213
-110875
82229
-59975
-53253
-33415
-23240
-24090
49530
-29494
55430
-80192
-27904
-97251
9929
-60891
44566
-37393
38221
10946
-11023
-67904
-29736
-40171
45739
-7865
86392
-26941
-14082
46663
76434
27317
84322
10116
64305
33794
29918
8879
73065
-15253
-10278
80980
49609
28615
-58527
45725
16697
19558
3319
44461
22201
-10555
45
32779
20729
40275
18551
-5730
-51595
-4372
-8646
24274
4888
18129
2058
74066
16271
4791
-53920
-31156
-21832
-7215
-35601
61715
-7347
63445
-9640
20309
27049
-60500
-13968
50469
