#SpinCore Technologies, Inc.
#SF in MHz
#SW in Hz

[HEADER]
@CLASS=	RADIOPROCESSOR
@FIRMWARE= 3087
@SPINAPI= 20130917_x86_64
@POINTS= 600
@SF= 0.000000
@SW= 30000.000000

[DATA]
-29042
-375183
-23897
410342
-6112
-321866
50766
381188
-21391
-373816
38715
386351
-65367
-294901
51837
305642
-98539
-285191
79768
169686
-106556
-194787
122763
130051
-88595
-196561
135409
129987
-85667
-120303
194599
51935
-162367
-70433
154510
72202
-66805
-64342
104759
50829
-84928
-42592
147922
17407
-183222
30850
80585
-81757
-82669
-3912
83701
-126530
-65811
116157
32942
-46297
-51976
92947
51830
-97294
-6990
128216
1949
-113851
-28301
57844
-6620
-76032
-18161
61149
25905
-118764
38408
131103
-35819
-30036
73266
70609
-39158
-11039
60477
-14775
-68938
-41719
88476
28985
-87299
-48819
73580
-43213
-80864
-15423
98996
-8012
-108653
30437
37272
-47000
-85000
60329
70714
-50217
-69340
59771
-2199
-66472
-30264
27595
-872
-19888
-17312
45077
-19647
-76763
19294
46024
-7863
-117630
47904
125037
-99778
-191785
7505
111757
-68483
-103588
34779
85955
-147849
-93888
107787
53967
-57325
-26419
104616
19293
-72262
21533
96660
45316
-95734
-21112
148980
6979
-114311
79012
138017
-37332
-76056
31428
92113
-27937
-105233
89879
77661
-45267
-145817
81831
82030
-73967
-43274
113288
30757
-77050
-91190
125300
9890
-92778
-44866
81022
69394
-101933
-71303
97811
45005
-164184
1307
145066
40669
-128479
29870
213940
-72100
-190830
47828
150619
-19266
-180803
97100
126730
-72869
-180001
120267
172024
-174778
-68884
133970
142069
-162546
-159677
181370
183538
-212262
-187581
147238
163015
-198562
-117584
295059
126069
-261648
-45654
319862
61924
-285586
15707
316380
-97890
-323680
49333
352980
-105741
-402294
147798
362678
-127119
-306748
185475
352200
-231521
-351858
248762
335341
-319235
-225040
330925
302380
-412469
-189597
451868
181414
-465251
-147429
527805
58788
-544489
-37581
606265
-10450
-614670
173985
619620
-148332
-598123
187601
660572
-283906
-636584
403281
637486
-506194
-531268
572569
534552
-626202
-574148
742236
428090
-735895
-341725
837716
366519
-902924
-275909
903391
140097
-993717
-76529
979680
-576
-953921
78649
1017761
-173155
-939279
346223
991174
-391278
-918288
563173
948318
-604684
-867407
713035
806789
-777641
-674279
863746
687832
-930510
-551271
963202
371592
-1001081
-288556
1028673
186194
-1048116
-114538
1048311
-31158
-1085041
67347
1004956
-181411
-980510
220527
930704
-316905
-866237
363698
809746
-479726
-765106
553160
674766
-617289
-555055
551277
544226
-695764
-451919
670749
375342
-650233
-268937
642819
235335
-657542
-98944
615387
45290
-678019
40589
555470
-69606
-550643
172926
465991
-184325
-427129
240657
437078
-312836
-394179
340268
282670
-280659
-249768
323732
270691
-371630
-185368
356765
212973
-403847
-91832
394508
49369
-329810
-39557
364428
-12988
-365836
80914
297256
-122619
-336678
95059
257965
-123560
-255028
172741
221440
-132102
-222709
208591
154395
-74576
-174100
216092
98965
-172038
-107062
137002
87459
-189852
-134026
200561
64006
-90150
-55152
114832
81599
-108038
-67438
139277
44440
-122610
47265
184737
-28931
-152332
217
90640
-74082
-128979
342
100490
15921
-125838
40227
85671
-51917
-83953
110405
176826
-47997
-77816
17759
34194
-82548
-55647
-10333
52522
-53809
-78662
73457
2799
-48818
-43979
74051
41135
-111606
67829
43197
20551
-126959
-20738
58930
-25492
-89146
-40443
100828
78744
-81537
20773
133638
-34047
-110771
114393
37122
-40725
-36053
42407
40895
-78600
-39850
52319
-32528
-74091
-49972
67555
51627
-108256
-51402
81354
34316
-77333
-29074
85340
-95512
-96430
27902
47338
-79895
-52285
60660
81164
-50371
-17434
92611
13211
-75483
-30058
180520
-52255
-100863
50502
96942
-49588
-53530
76565
50946
-63215
-64776
88512
75452
-100312
-63194
87622
116570
-131631
-44555
123263
75727
-118160
-63193
200604
-9664
-187095
7683
231057
-41723
-158208
-3079
231320
-115638
-142980
90516
219600
-70279
-94622
203493
169263
-221467
-161510
216533
92247
-233728
-92470
255820
71849
-228493
-26010
276639
-10918
-230755
11569
269875
-121930
-276310
102356
284686
-175849
-248736
201862
244126
-185191
-188077
280079
291033
-310377
-186881
340750
168742
-345230
-158894
383404
118871
-337871
-102955
438006
-3409
-435123
49440
419962
-14718
-387776
127969
461201
-193121
-377224
221088
402607
-211316
-403795
232932
250339
-288062
-286264
289022
332414
-444631
-231748
416054
219430
-440725
-112340
466117
120446
-485798
-88595
473084
-45295
-475588
20492
486919
-97326
-450861
121674
471597
-178691
-453333
236083
396899
-236095
-365637
226755
355200
-386034
-263162
343058
231690
-294294
-193283
359126
175193
-366995
-138243
299607
93432
-286066
-125181
323468
10888
-399578
11506
330614
-28733
-291475
60386
271559
-71286
-259242
72192
262852
-61516
-195253
163885
199687
-139435
-134963
146531
202189
-127285
-170895
144937
88618
-215955
-94082
178577
33669
-148907
-32755
182995
74359
-156711
-56939
132892
4766
-94316
23920
174345
18274
-119606
46801
79978
-7304
-98172
37146
83467
-55444
-161193
49153
49941
-85275
-123582
79115
31848
-133498
-119898
113368
74817
-113220
-99622
39576
93646
-27005
-38936
53330
47932
-16252
-25626
103286
76959
-73985
-14422
46112
26261
-67143
30045
44006
66864
-89853
10733
130613
46636
-25951
30732
33343
-31512
-112635
19374
54711
-8473
-73485
57000
138934
-6082
-41837
22252
18032
9248
-26126
35221
59669
-45062
-49314
62088
43310
-1584
-66784
62850
49730
-38172
-71743
17376
68173
-43713
-2925
50106
110049
-94916
-30526
84354
-48830
-77824
3587
145653
-22648
-147668
21429
86369
-15924
-8984
-22782
75819
-46414
-32909
81576
77060
-37123
-19124
78282
17981
-66452
-25882
103837
27225
-1489
-500
103029
71570
-101247
-5460
39751
26061
-98658
32077
76514
-512
-81225
45473
45994
-89341
-93459
64996
60286
-27934
-53917
13366
498
-130746
-51348
68648
5894
-81759
2751
70406
55301
-71772
-46357
45188
-68391
-50273
-33497
72021
18729
-63245
46951
23957
-76828
-80817
53808
27234
-103609
-36602
78174
-5665
-106592
-2299
116281
17525
-17086
34153
64135
28095
-67850
-30544
128355
-41324
-42827
48281
29553
-35746
-25117
4231
8826
-38792
-76956
50547
48652
-44850
-17563
110636
2944
-85568
28955
88698
15201
-94873
50548
126918
-26220
-73160
21757
72680
-65016
-41475
60784
87178
-112434
-31151
-164
52245
-15658
-11501
134543
23260
-88298
-17794
126556
77527
-111076
-17370
181197
-45745
-160335
13735
119717
-43093
-124691
65304
186947
-4596
-171517
51525
117666
-26431
-75071
127556
140128
-76473
-108135
38840
41021
-15803
-68287
123398
29762
-30459
-80509
35115
14055
-89720
-29716
76301
67785
-104331
-25841
134263
-7944
-145184
-53630
109032
6960
-102889
-9896
92304
-32823
-118757
28720
138942
-43121
-115189
16960
43505
-45404
-75494
2550
89942
-89043
-68279
49157
9844
-80441
-84358
77776
89907
-98422
-19221
40495
9609
-57882
59094
81339
44525
-83651
-54194
111954
18796
-99601
15587
68733
-1896
-80361
18656
90796
20672
-129317
-6930
106877
-50650
-53440
24699
48974
43554
-65151
19452
67761
-22521
-20342
76587
9687
3141
17993
25655
53248
-28978
-96304
109907
90651
-22379
-10188
104522
3502
-7160
-51369
85709
31011
-85271
-14353
90019
42276
-49485
-26202
82844
-13407
-61031
4235
47785
-20615
-41989
-11457
110974
11033
-100471
18186
48461
-28774
-135805
42156
-687
-48146
-96359
87910
45354
-87132
-29488
96971
20545
-79928
15134
114157
87851
-86079
2181
62426
-34745
-192790
-40040
33018
-40003
-85911
68191
77548
-24341
-73508
29647
90332
8197
-97100
40380
11117
-81044
-92588
49949
63476
12758
-29578
26079
-11726
-63575
-129450
119941
28322
-169238
-42369
27364
64206
-78274
-67436
85112
4234
-157335
-47432
56361
93212
-59401
-33474
78919
-33989
-84269
-27106
73394
67591
-12184
-4435
104715
9407
-55171
-13856
119380
-23791
-123414
-4428
93999
-80585
-110318
61929
190294
-100971
-80272
81591
49048
-83703
-168175
80105
125189
-133755
-32579
148532
66675
-41626
-85211
114473
166673
-137082
-39176
115821
-1427
-151590
-85551
147835
12077
-189615
21289
188010
40051
-171965
32042
173098
-42766
-201795
121938
177900
-57565
-188407
27303
190527
-93974
-199270
103776
207752
-170005
-157192
217314
108415
-284612
-178110
202607
63560
-210912
-89869
241133
1851
-334879
33326
318879
-39807
-283762
121463
342920
-110479
-374734
173718
293479
-116715
-295356
184216
298421
-210743
-278378
326958
314594
-269202
-274868
314800
247132
-364937
-243708
429005
189021
-405825
-125421
417458
96915
-459106
-95105
493526
-25302
-381673
43012
554400
-75550
-503248
200542
399659
-215009
