#SpinCore Technologies, Inc.
#SF in MHz
#SW in Hz

[HEADER]
@CLASS=	RADIOPROCESSOR
@FIRMWARE= 3087
@SPINAPI= 20130917_x86_64
@POINTS= 600
@SF= 0.000000
@SW= 30000.000000

[DATA]
-37678
-399636
-66149
396554
53564
-407967
33022
434008
-104607
-445044
67309
393761
-64879
-410000
144281
430897
-113118
-350242
157025
341727
-195015
-218211
192818
272591
-160056
-238383
167039
149003
-214839
-188962
210812
90854
-138503
-126000
213040
161854
-154512
9979
207157
61939
-234266
21940
98443
-4029
-201231
22052
166091
-60246
-116748
101583
126299
-57406
-168668
62037
73646
-103551
-153908
144730
78175
-109235
-62370
124256
64127
-135171
-22523
106466
5338
-100077
16802
68839
-18454
-25681
9242
150092
-93795
-118782
78770
149468
-58611
-46214
136803
77223
-158282
-91811
134282
9877
-22342
-11735
131405
-25548
-104634
-64834
141347
69745
-99410
-12613
115925
22306
-88125
60275
55004
29444
-155155
8833
110677
-120522
-116235
102892
18156
-93764
-55542
57899
12250
-106043
34139
71087
27299
-156152
-42213
93891
-28972
-96453
19519
36729
-1249
-49001
57382
119112
-43986
-81606
11508
96857
-50481
-121055
46517
15481
-95622
-74864
210194
70394
-71392
-69379
148055
48321
-54012
-44010
76219
-10583
-88045
-13631
37754
4846
-49843
24829
77472
14214
-73373
58101
102329
33939
-149857
-31774
68912
-81509
-43193
34618
132404
-71091
-71395
84224
24490
-77747
-38099
78138
28834
-156052
-65202
61157
36163
-136000
-19455
175744
-48823
-89582
29482
199301
28542
-204353
51816
141415
-58421
-176828
9425
161773
-22607
-144433
33470
204810
-168995
-214817
166851
126565
-167560
-165022
119295
207603
-234030
-173599
190016
146367
-230884
-149430
212076
56699
-243239
-120181
352328
32583
-321199
4983
372268
-20483
-285813
35572
355806
-154299
-365744
155733
303627
-175674
-342377
224067
361486
-280336
-300843
307350
336235
-286405
-302976
418456
199839
-440422
-188066
501576
143881
-551044
-139059
568543
60844
-579286
81897
626558
-61156
-601145
146077
588288
-254991
-590416
354167
714862
-396118
-577173
474442
553798
-534406
-599768
601602
505124
-612902
-418345
722574
405600
-816650
-384918
854701
207361
-832809
-151394
938433
97065
-944529
78564
986197
-100950
-1021381
240334
957458
-356699
-952629
365476
881194
-527379
-846001
573861
871242
-659672
-802120
739384
687365
-850489
-579483
901774
508103
-890335
-395897
953098
286420
-959416
-243105
898359
151382
-994131
-51816
987016
-84641
-925008
128672
902896
-245008
-908945
335596
857787
-372530
-732152
424428
685724
-550805
-675204
532717
572076
-554568
-565868
528809
462447
-621297
-363157
689946
294863
-618011
-163199
525136
94262
-639457
-77405
590350
-14912
-567847
39095
509200
-103447
-469447
123182
406888
-211034
-449821
219210
398655
-211972
-354218
279630
282659
-290651
-234830
329082
217091
-320489
-200470
336782
155083
-347033
-36690
338453
37137
-275931
-41481
272992
41968
-310546
32866
254847
-60089
-240549
81134
199724
-66841
-189011
120792
231591
-115300
-237631
176438
132922
-163230
-185694
145862
90112
-128656
-156951
136660
67223
-118813
-151247
186739
94884
-141788
-85835
188535
94436
-101426
-73189
165516
78604
-86138
-24671
167801
36668
-134491
3257
153418
14234
-143429
48431
174713
-16962
-157837
56076
135576
-25064
-208931
34859
132215
-84425
-94279
69717
101723
-33596
-112157
71051
48466
-80017
-141407
125264
67044
-92032
-72291
90515
108699
-192368
-100999
111298
36357
-158961
-13407
99555
33655
-90031
41506
98537
-6894
-180978
-16925
83605
-2842
-154277
50529
90196
-46112
-62939
81395
95951
-87131
-90231
66814
131886
-92799
-64313
121183
64616
-91984
-51311
90679
90613
-91426
-30671
78769
21373
-89635
-40634
86924
20457
-99444
45335
150684
-65121
-120170
88737
44160
51568
-16717
25546
70908
-11897
-106875
31011
101237
-54348
-34196
64923
78765
-96319
4777
95567
45167
-110465
12544
170678
71633
-62970
13952
52662
-39924
-63080
-1000
53186
-81884
-65601
75211
80173
-93583
-93016
61984
20569
-33140
-4628
-28136
130431
-12807
-42907
81876
75630
-70567
-18135
76543
58864
-79366
-26163
21972
11119
-58913
-48092
86446
-40781
-45392
17966
83972
-21146
-111874
30213
80174
-65114
-29406
-57413
57600
17855
-53123
31964
89464
16895
-67767
72129
68888
-42097
31394
108031
41910
-49871
14306
39223
-28055
-89458
-24187
106917
-11957
-76124
-7433
131523
-45144
-71705
-9233
115390
-2706
-44214
38417
78369
-103084
-18965
55638
20588
18751
-5822
26925
85818
-8731
-36813
72841
53105
-36643
16
1702
-44129
-19311
-17351
60012
4811
-92026
-3503
60071
1028
-110041
19570
19418
-75905
-65376
71002
8658
-34312
-28983
-5794
48757
-50525
-68957
88735
38213
-36580
2638
74482
30985
-29728
-20979
95984
37564
-796
-42864
35803
38207
-23310
-9188
59238
131
-13223
38627
53375
-8048
-65218
10599
69137
-31164
-75528
-31536
80838
-67718
-24316
3886
73554
-27121
-3721
76469
36062
54608
-9648
-29351
-34843
-36368
-33242
37799
-4754
-16973
-36202
14293
-13597
-30586
2720
116162
83494
-29089
-25858
691
-44324
-51471
54389
55896
6553
-80615
49828
54905
-35456
-1939
24333
38561
-55654
-16280
-5939
45126
83152
-16814
-9984
32384
-56050
-15450
12274
-22901
-66656
-73571
55981
37889
-73312
-7749
48990
-6978
-4523
30620
49869
9028
-54965
15835
73542
-35681
-93964
7441
84818
-46667
-24166
-9800
12880
-5576
-29917
24084
14302
-30250
-23099
73861
-38443
-33327
-3483
63075
26328
-54759
-30073
20540
27734
-90179
-20537
41112
-35721
-2817
40659
22720
-34238
-29358
24253
24825
-119169
-75838
20330
-28723
-15025
28006
27379
36719
32621
-90766
9701
-18307
-16738
-51553
11538
76495
-9174
-21413
-12154
46800
-12369
-45014
67099
-18646
9840
-32746
48180
-37102
-69137
-48989
55618
32994
-26
-15203
48653
-45246
-31881
-69969
51825
-4765
-36181
52210
38834
-30887
-22733
62372
12755
-13365
9717
35562
57611
32354
-35672
8580
46323
27110
32337
3196
-17457
-42423
26243
-54662
-14895
-34597
12020
69786
30449
-38218
-7609
-11883
-11575
-23083
40714
33779
45509
-4636
-80854
41585
-19200
-19413
20796
49578
23653
-13532
-1855
7646
56243
-22453
4559
29636
30404
-65085
-48502
3924
27213
-43319
28674
70122
-47994
-7026
30670
14803
-68659
26639
29182
-45110
-12754
-2180
98140
-62912
-68632
-19683
8594
-26491
22780
3255
37579
23012
-54741
-6397
63397
-28480
-80095
-21167
22923
-14632
-48417
60099
76629
-48119
-59548
25747
34080
-62895
-60895
-14853
53955
-21816
-102172
36716
-25775
-63516
16480
89792
12878
-83855
-85680
106133
9239
-84280
-7339
108284
-2467
-5460
15306
45264
-28170
-37156
12138
101204
-62937
-89355
21249
60389
-28475
-32045
506
46497
-35193
-7715
56198
-322
-103553
-33165
125172
21574
-85774
13799
84452
12431
-48188
85369
24273
2126
-41053
-30070
79426
-103528
-48998
39388
-23680
-22089
-18992
17949
-27948
-64336
25538
70891
38797
-59969
49627
54656
55659
-2559
-27299
31092
-39810
-65750
-45415
26981
-5658
-74069
3403
62291
1190
-40651
28196
91742
-20743
-48013
50683
78823
-30264
4950
23327
7063
-25794
12647
12344
-43263
-103607
-7609
96582
1193
-39329
6158
93608
23987
-19338
-1709
44452
25592
-113570
35244
41478
16146
-39665
2712
37739
-24451
-55808
77277
86062
31438
-32749
-2422
78945
-65181
-32847
51624
50046
-64930
25071
21825
-50906
2016
23598
18275
57705
-27283
-19046
91705
-50462
1471
36313
91235
-37092
-68325
26154
62014
-38504
-24068
-14328
-11508
-23730
-95195
22564
38027
-52316
-43652
70305
-4650
-13928
8886
-24404
-8606
-45966
-6063
72117
-3042
-70065
13463
29380
-1425
-45848
49981
62104
-92403
-19327
18074
50033
7229
-69629
46766
98937
-102677
-50347
-70
-20829
32607
4416
51471
30928
-84173
-40462
37891
94761
-6676
-130708
62649
31030
-55540
-45859
72504
10486
-93633
-5311
144254
-3967
-43784
-55140
112132
4414
-54555
-31126
78914
90173
-99792
-59933
95888
5890
-193870
43741
106256
-100236
-104256
7022
89841
-1842
-96308
68330
109243
-122530
-132346
119032
124029
-106067
-99500
97301
100412
-149671
-178949
114293
22029
-235387
8448
264378
39836
-256059
40644
249152
23119
-257938
86394
284200
-77743
-320901
75737
320288
-138350
-266150
156061
152391
-134323
-241730
224316
214546
-258113
-155258
329248
181136
-278550
-200333
379551
104869
-335970
-80860
404071
8601
-393113
-21526
343477
19568
-409102
53987
411115
-117509
-403807
105867
346867
-205536
-379361
222561
346145
-309376
-371942
296148
277550
-396610
-254554
368623
217113
-423824
-177135
461457
145614
-446839
-112266
474955
