#SpinCore Technologies, Inc.
#SF in MHz
#SW in Hz

[HEADER]
@CLASS=	RADIOPROCESSOR
@FIRMWARE= 3087
@SPINAPI= 20130917_x86_64
@POINTS= 600
@SF= 0.000000
@SW= 30000.000000

[DATA]
-109498
-502234
-58030
525964
-21107
-518951
-23492
507636
-33803
-540283
28100
474022
-105375
-448651
173235
411625
-179715
-382619
197376
339626
-218484
-268164
143624
242239
-226549
-241708
229868
240032
-224510
-203092
280761
153742
-245304
-89144
195056
75237
-234352
-68077
230748
45217
-229431
33402
219048
67903
-162099
43655
142881
-96952
-63254
158723
109124
-49025
-63855
120994
156160
-142199
-39428
165259
35826
-187980
-25339
86632
71776
-123255
-18970
152517
-22165
-151429
17459
81240
-25202
-146359
20391
122129
-48692
-55450
94714
90944
-94600
-50767
165176
80169
-105761
-127834
69356
22146
-128763
-5321
80262
-49577
-60938
-24847
125441
21841
-122610
-37178
85296
-46994
-57678
-25165
107636
-114297
-74435
33561
131680
-96379
-59439
91614
27685
-74477
-63979
83924
88241
-74926
-938
124844
32003
-131270
19551
185144
-58640
-126765
92770
84925
-61522
-82823
63160
90750
-83806
-31854
13258
77671
-10075
-97891
103785
86674
-38892
-72877
74276
79409
-117240
-64636
164022
43312
-44128
-13862
128466
-2243
-58635
-31541
102295
-30996
-115721
-47083
106060
-36837
-144945
36644
96669
-24261
-40853
78121
73313
-15621
-88532
33928
115491
-87282
-97735
50031
100290
-101851
-90144
150009
110086
-76748
-68366
169332
89980
-118002
39742
103820
11710
-152196
-53843
189968
53253
-153448
39322
178111
-29180
-148845
69182
171145
-40193
-192784
36406
168980
-137935
-218146
119434
154260
-161182
-172301
181358
147027
-116158
-178616
268294
122689
-281432
-133694
284780
21813
-358897
-109949
317076
72616
-300224
-70764
335586
25158
-385170
23175
408015
-31623
-327401
110722
332963
-124819
-378634
228690
379795
-278612
-303651
264910
334874
-357359
-290510
423550
229167
-511454
-163617
496949
143731
-487061
-110342
541012
33510
-525685
38407
626545
-143902
-617264
126537
659610
-201632
-665015
263513
624692
-329918
-657404
422111
555843
-524170
-566422
586473
513119
-640338
-500168
728428
377282
-745770
-371001
868943
174081
-849139
-189483
904270
108722
-925099
-17613
1009280
-123622
-975148
225773
952599
-195247
-867460
347656
918106
-371806
-866469
573551
790280
-645069
-694744
712257
640363
-759572
-514499
853722
583106
-872060
-400809
970327
305488
-998806
-204938
925300
111362
-933002
-25692
920310
-85102
-960357
173112
897395
-186634
-849096
257746
865372
-376646
-751793
412692
729958
-486717
-693072
543080
555731
-498697
-455896
596839
449693
-583006
-297669
614605
271092
-591663
-208066
612744
111394
-583909
-96162
572192
-22758
-520337
23109
552810
-81836
-506170
172685
458445
-242140
-419690
158701
381612
-242006
-365962
240021
310653
-320582
-268112
291835
279569
-333194
-122757
323495
149967
-360990
-45664
314265
85064
-313043
-35270
313473
531
-279832
39888
288362
-25618
-185774
89619
226563
-43320
-265273
89401
250585
-134881
-231760
142471
168636
-142715
-150162
163148
168038
-176408
-116106
240223
123645
-182849
-30158
137397
69967
-148407
-141085
123975
59712
-214767
29055
138532
74482
-163952
-45618
115706
14477
-171524
-2819
167242
33256
-155759
31179
168068
-35797
-99481
92502
116224
-21904
-127170
56605
104199
-55674
-123768
25428
71584
-99713
-60505
86283
147045
-103851
-88144
166628
77821
-88270
-92587
139083
34898
-87100
-96057
113190
-5681
-120976
-30887
143168
49597
-104901
-4905
194289
-60754
-105116
-24326
96942
-13684
-124705
46733
144699
-93669
-132451
113661
98539
-49232
-45102
94030
76652
-86373
-63505
121201
62089
-87314
-111662
97992
97831
-101707
21718
134377
28555
-103701
15141
125690
-46468
-111870
34856
161399
-57611
-130760
104517
57367
-106254
-109372
72817
68816
-66107
-46941
90258
95837
-60185
-19886
104967
79419
-67643
-24372
74458
37930
-166022
4649
68353
-9841
-58521
-1623
66665
-62
-67398
3462
96773
-49689
-59138
6530
59314
-79803
-15190
74553
69299
-14895
-60001
23237
5182
-76915
24717
85228
93933
-79338
-68249
90724
-32672
-84993
-37794
57987
14248
-38449
8215
53704
-25004
-102842
67625
92510
-47609
-38057
53375
29785
-106909
-65145
83399
-8840
-97812
-22210
50640
31897
-85718
23428
79917
18908
-98490
-2955
106928
-22088
-34187
78812
50875
-62943
-61094
-13786
55402
-6739
-91094
32034
51161
-69704
-61927
86722
4272
-33412
-45918
94880
1143
-61801
-35980
57623
43240
-75565
-48495
57138
-18836
-84215
49249
70252
67628
-95870
-13850
132017
-56458
-54209
24839
36310
18447
-30110
34932
17678
-38565
-75358
66368
46435
-31761
-55908
69114
-25284
-60078
-46101
77027
31255
-8604
-29403
71513
-41076
-49146
-51591
62393
-37738
-86563
-11034
113164
-24608
-88027
-5354
72969
-12221
-37901
-1366
98667
-39625
-95379
32875
101298
-13811
-57731
71740
6103
35784
-17225
15440
-1844
12907
-29893
54523
12261
-44875
57372
26864
20423
-142995
-54663
70635
-11608
-73231
15229
73650
-44689
8992
59203
726
5950
12686
-24685
62113
24103
-1067
73752
51914
-50229
-74391
25326
53191
-4435
-35330
90765
11273
-56311
-32801
53461
17984
-83747
-30446
70850
-17268
-77761
1311
68144
-63780
-48943
6691
76885
-47878
-70259
35349
-313
-15241
-3213
53490
73240
-17774
-53950
50956
92063
19120
-59646
-12748
29316
-40199
-33382
51229
8833
-7871
-29490
72276
-10023
-4791
-27094
-2416
-61843
-52128
42851
65429
19833
-66267
-33210
60457
-26127
-47520
-3485
21782
27025
-20334
-40658
3339
9533
-31426
78032
-13409
-54746
15803
95675
5325
-31595
-10677
68317
18977
-48525
2712
123644
41640
-19869
-46650
51909
-41887
-54567
-13238
88310
35586
-4257
21774
-22381
17108
-69248
22395
38575
-57110
-1029
59434
22142
-42472
-16233
47978
19991
34931
-41389
14768
20137
11215
-38121
137860
45263
-31740
-38898
103611
-19133
-89389
-6790
96990
-18614
2579
-3532
1349
19430
-1766
8049
20663
-34195
-24112
1721
16527
8350
-18049
706
25982
32918
18809
37132
-47796
-34211
9993
12064
44042
-13163
73762
16714
2334
-16255
942
33751
-26553
-14255
60706
2920
43924
-43013
86069
-37476
5502
-60211
17438
32443
-54825
-22265
-6238
1262
-75100
36571
27389
-21163
-10719
36468
32757
-10918
-27258
-35865
-16903
-14315
32761
38398
71147
14204
-5414
22019
26768
17132
23732
3451
19079
53418
-36791
4846
31622
-19433
-21192
63970
7542
15699
26514
24665
22922
-14885
-34567
-22849
16862
-23152
-37213
25291
40174
-27264
2828
-10409
32267
46554
2680
-34146
-83494
-40039
19277
-9345
-42562
-27954
31946
15512
6222
-17908
1890
-4113
-6177
-16968
83003
13188
29764
-2124
30835
15236
-9592
-5614
59396
37833
-17245
-4666
1538
-17257
-5859
88536
-22809
-19545
-21661
9966
69554
-21311
-30104
17902
66793
-81093
19220
29949
-44665
-21039
-684
-18308
45321
46197
21709
12957
12994
-18401
3315
54743
36856
-20134
20946
70430
-20680
-92694
-22409
29717
-4578
-93190
-10254
9284
-25104
29814
29919
53428
-5636
-59733
-17264
4799
-43344
-44327
39361
37661
-62338
-10025
-12199
-9457
-3940
20650
-3528
41653
2424
-44324
1570
-32549
-10778
-17019
3879
-17824
-68369
100251
34053
-30035
-19291
-36671
-5040
4765
1338
19391
23571
-49568
-77300
43810
7517
-11944
-45213
-11638
31209
-57411
12209
60121
58529
-57136
-31508
59466
-18731
-33006
-45706
91743
-33623
-51470
34571
57477
3550
15775
-30402
55155
28334
-32490
30170
-19800
-92122
28789
-26325
-24597
40601
13583
64330
24568
-13990
-2407
9152
35078
-18443
32882
6740
-11303
-6099
27096
47912
3666
-64792
20479
30473
-15330
-57513
-20556
16622
-28901
60696
52106
61122
5390
-52520
54627
18876
-46398
-29001
-23148
28581
-28367
39912
25177
12731
-26365
4343
-29062
74801
23480
32547
-38165
-23464
-26211
41408
52047
53380
-22557
-24936
-26873
11918
7105
28972
59442
-54664
-681
51136
25584
574
-2709
40923
26108
-19065
-3578
75514
-19053
26137
9333
-7244
-22458
-12585
43636
36129
-16111
-71343
9038
32821
13272
7796
-8135
-37659
-2553
-9797
-15289
97453
14863
-10651
24304
-50422
-33401
25635
-36953
11787
40767
-30790
2273
18667
-14696
-58127
-10877
27558
510
12853
-4588
28734
-54199
-46673
36094
2744
27766
3489
-78729
-36417
-17085
-18763
17075
-13294
12364
21342
-21218
9392
-46831
12600
7287
66285
30832
37444
-6894
7744
-11191
79605
-14248
36103
19438
52595
-14059
-14324
-12246
64363
10630
-20057
-4106
67815
-1750
-60118
57497
-28589
-36112
-44234
-28960
16610
19307
