#SpinCore Technologies, Inc.
#SF in MHz
#SW in Hz

[HEADER]
@CLASS=	RADIOPROCESSOR
@FIRMWARE= 3087
@SPINAPI= 20130917_x86_64
@POINTS= 600
@SF= 0.000000
@SW= 30000.000000

[DATA]
-26682
-499186
25865
499170
-12842
-502685
-8049
504788
-58583
-515547
88537
447194
-89847
-410315
76329
401075
-144598
-372936
226509
341853
-192621
-271605
252130
259820
-237756
-272435
253838
222203
-230079
-171329
208391
165968
-209481
-95991
234718
31190
-178252
-58017
164792
19925
-204942
1533
147262
-12720
-215728
23206
209554
-11395
-121255
79576
142985
-55623
-79229
131329
111847
-129686
-120556
168956
92674
-112281
-63408
83525
46150
-130528
13171
185630
-4521
-180713
34578
184221
-68204
-97474
84761
73853
-29468
-104882
10814
149462
-44912
-125959
84521
43620
-57207
-28544
86058
43823
-175674
15092
137248
8715
-125091
-19980
116963
57611
-95886
21406
125575
15483
-146513
47972
99808
-32785
-128150
88319
108345
-46957
-118506
119317
17383
-76240
-58874
130470
22815
-91565
-2691
113162
-6125
-90626
43394
101021
56470
-89193
20194
81301
-73226
-53013
93609
68867
-6414
-33729
86194
87214
-57679
-178045
103873
70700
-91361
9511
79505
97011
-86505
-20540
93806
47662
-114006
22865
87315
2400
-122187
-36047
82879
-8976
-90321
85532
166202
-48615
-73718
3320
64089
-37686
-141318
45188
128775
-21022
-120365
100077
100658
-74337
-49373
128971
76416
-35149
-42249
129592
117387
-112460
-85134
82966
111472
-160580
-48038
136374
48579
-156614
20859
179343
-58721
-127887
39928
159764
-7095
-221729
46118
147510
-41260
-155792
27322
180308
-168869
-209994
159739
155756
-135820
-145659
160734
126105
-191694
-158305
208741
138844
-236387
-125295
340842
170126
-284827
-69346
295706
65579
-391884
-42159
305113
22055
-369844
39341
350564
-64548
-401917
32054
342890
-188595
-375948
203550
341390
-322063
-359120
259674
287649
-386631
-265118
380058
215390
-404319
-223852
446320
192544
-555137
-69681
504074
37654
-528175
8761
544073
-79675
-584327
165640
596306
-199692
-636598
368853
707238
-375574
-651381
406941
519441
-590409
-490241
588210
530418
-719563
-473104
751610
386143
-826811
-309786
841536
282695
-825247
-142842
896272
153186
-956480
37693
999516
-113911
-1018999
159976
976917
-302833
-884420
353447
918836
-402778
-873273
591973
802618
-661415
-690713
701080
679072
-781947
-663202
881070
545299
-834305
-409477
907589
301025
-1000475
-211315
1017436
128475
-973516
-4235
980783
-118996
-927444
124302
912438
-205905
-870577
339553
785509
-379412
-690519
414796
693949
-446299
-590487
583348
561799
-526504
-481039
575337
431236
-631993
-288704
560441
256868
-602733
-235026
635100
150974
-619850
-84875
583335
7273
-567348
126279
562046
-124798
-489623
134214
435694
-245213
-401895
201910
399124
-240128
-333841
334795
292368
-260763
-230129
316629
221920
-328790
-238401
405313
66658
-344237
-51669
323417
71273
-359781
-24556
367254
-44592
-342248
25618
269281
-100062
-222622
52625
289807
-92672
-190044
118903
229978
-105860
-210522
190259
94774
-115669
-101696
172407
173995
-161709
-151513
153667
115746
-155621
-117462
191490
23561
-162219
-125974
146918
70405
-176461
-91153
198836
48854
-201074
-29478
149384
-29019
-108618
32098
202875
-16694
-126909
-19321
136531
-62308
-192055
56650
163011
-73463
-120414
85878
102815
-32262
-179966
69562
138168
-84503
-72659
121103
93335
-58135
-59611
82730
87153
-119552
-70927
146203
10447
-129554
-11708
163202
5157
-148290
-8122
156193
-29293
-161905
-5731
145386
-33353
-112981
110901
106018
-98858
-98627
78798
62980
-91297
-107071
52414
65299
-26775
-104729
122535
60198
-147653
-115805
86311
-16552
-65205
-39479
91973
51858
-89014
3644
108955
15725
-34928
-32041
123552
-64410
-118727
-18746
110096
-13253
-112253
51302
57677
-105915
-78757
62735
47333
-50554
-122123
120125
59197
-132100
-75888
103512
76377
-94748
18228
61715
78056
-85882
29657
132176
53351
-53815
59555
13254
44836
-50244
-12216
128198
-46192
-7260
45721
105891
-86960
-81166
97835
66810
-20288
-13218
-4163
72230
-40315
-53239
82504
51150
-68174
9205
103185
50513
-103382
26699
112667
23460
-60036
56062
66604
10268
-106062
42217
99100
-5695
-63813
36019
101023
-66860
-109220
49247
56741
-36185
-67234
94274
44497
-67181
28564
61498
-6811
-113727
-32898
44339
-12251
-3112
-9530
51142
-34440
-43713
16991
52614
-57819
-29527
33736
82802
-69375
-25824
53946
23073
-40103
-59932
6291
43391
29493
15677
56894
74167
-106940
-46290
49689
-31153
-672
-14989
44296
-9525
-92072
30426
71259
3092
-49023
9209
42014
5988
-1988
19063
86989
1410
-67563
-502
-7006
-101673
-50475
15826
50915
-103913
-25564
55522
-41413
-1003
-27561
58979
57597
-79134
1336
40781
-38260
-52815
20322
51882
-8883
-6596
23479
15815
35775
-75822
28913
104685
-62747
-95342
-15357
35768
-22504
-24494
56166
41976
-86935
-84961
22233
-25372
-38853
17580
-16920
34676
-45956
15860
33877
23021
-76060
2811
69693
72032
-43280
8978
66095
63702
-66783
36175
30806
-18910
-64880
60935
38589
36922
-19734
-8262
61528
-14599
3098
138041
-2259
-41162
-53267
62106
81727
-46342
-53668
67120
26674
-16083
-6000
54739
-27971
19040
-221
57417
59476
-5004
19989
76641
18678
-36038
25812
84195
-7593
-12301
34520
99350
-27265
-79856
2997
74569
-21699
-20954
34769
-28859
-36177
12714
75323
28586
-55029
-29272
80972
20930
-76285
6494
6034
2084
42266
5881
70564
16923
-136766
-16797
23845
-67437
-12616
18102
35283
4836
-51364
3748
44915
-87396
-101615
-3668
54169
-61613
-79348
55622
32126
-45224
-5761
83654
19745
-63603
-12307
28716
-22442
-79126
6458
52733
-36062
-17311
40087
25371
207
-28230
8632
29443
-39565
-46474
34296
61854
-61357
6036
53808
98856
-1745
-97938
45459
30925
-35462
9047
95205
19387
-55484
-11069
91311
21432
35550
-99910
38376
23799
-48796
61573
33623
1044
-12179
7428
45528
32663
-69238
19846
10597
-20770
-38755
29438
15577
-52400
-46940
16888
42969
27547
-578
17655
-26595
-45159
13552
41348
-3407
7011
26791
79802
29105
-32993
57678
69329
-47856
-63925
33848
58581
-18381
52526
4167
35546
-16397
22652
-1966
86102
-25390
-44814
16050
41508
-91963
-30661
43546
-17883
-41504
-21110
38480
-16805
-27752
3790
41557
-71502
-70310
-35552
20220
-42851
-41877
-22655
-6369
-34626
-70717
45087
24431
-26596
-40867
2369
10922
-21870
-110635
30896
34910
-6130
4609
-16093
-65565
-67099
64722
34170
9909
-1445
-24963
-59632
-36678
-46247
-2073
32854
18855
-60235
53492
9428
26051
28935
-13541
24162
-11204
-47339
23458
-46893
-10969
24468
-4568
5405
15890
-45687
70211
-11959
-27160
-36948
-12905
-4544
-22553
-37616
42295
-21074
-44437
-38307
41452
-17726
67969
-27330
-58774
36001
19707
-3031
31478
-43260
-18795
-29212
-9084
-40513
-83183
39359
40901
54196
-23422
5369
40046
7220
-32016
51811
60137
-14107
38310
72073
24503
-50605
62114
32839
43166
-91300
-50545
-24385
-58623
-3799
23912
712
11631
28786
-3237
10592
21274
-49552
33421
25667
-75459
-12574
14055
33983
-51561
76258
139
48569
22724
609
-33012
-25028
-67667
-28573
53822
-70615
-16904
9221
6606
-33598
-100939
33326
3456
-1281
-42182
32371
32360
-27316
-24117
-18953
845
-34528
-1718
20861
-58585
-5117
14509
72183
17536
-3219
-30797
11907
-6891
-70570
-19808
60941
-56208
-2205
-3245
12544
65792
-101474
23632
73609
14261
-25978
-17125
-37927
4395
-30991
25020
50693
-14584
-62558
-6706
-70045
-1919
-25028
9189
-15245
-7447
-7975
-15631
-22456
-13836
3693
81519
18971
3470
-23089
7013
-44457
-23564
44939
21693
-17277
-8608
26776
10994
-70872
-80040
53406
54302
-34671
-24667
45075
-730
36386
17176
88036
27955
53998
44091
-16056
5048
-31347
-11669
-24359
39298
-15735
-53410
17058
-34353
-32833
-23030
29968
48445
9236
-29517
-46876
-866
-25120
8380
2159
7528
-55413
-42181
39720
11092
-19295
59624
78081
-92036
-46663
49776
-65421
-30287
626
70084
99864
-1154
-31593
-36056
10199
30375
-13648
13406
33742
3205
-4883
47524
-53526
-25216
977
24840
27068
-33685
44275
22956
-27183
-58229
-50618
-29903
-21347
-40664
-6097
46507
-62445
-52303
14038
-19573
-10296
-24238
10385
24089
-49735
42597
2733
60544
861
19158
15463
-17305
-68803
20626
36292
36382
-27692
21485
7850
-8801
-51514
37548
-20287
22995
24879
52502
17601
18630
29095
50328
-26172
10634
-15481
-34167
-4328
-30812
34183
53322
64955
3162
-9363
26659
-27509
-54466
12433
-8204
-45272
-45883
24820
-1311
-31716
