#SpinCore Technologies, Inc.
#SF in MHz
#SW in Hz

[HEADER]
@CLASS=	RADIOPROCESSOR
@FIRMWARE= 3087
@SPINAPI= 20130917_x86_64
@POINTS= 600
@SF= 0.000000
@SW= 30000.000000

[DATA]
40028
-254958
-83683
341307
84752
-283942
-45116
245238
103347
-219525
-50690
217594
101459
-236791
-80660
236601
57113
-185235
-50361
197795
118916
-225309
-57507
201188
52854
-233520
17260
203723
17949
-223531
-12329
215268
32770
-193799
-29661
213130
12066
-189117
93316
149270
-21730
-128544
10628
130395
-29667
-143045
37551
89513
-55811
-109907
52594
88752
-84668
-66716
93980
50062
-76975
-52445
66155
37839
-35724
-37126
96799
-26848
-101466
-12566
75297
-3800
-69434
37997
72193
4440
-96145
55737
72042
-10118
34473
37028
33489
-109100
40711
67601
-48092
-108679
30635
71140
-24439
-79355
-22772
86684
6315
-5544
-18793
56308
3612
-14466
-37963
48580
-44036
-39476
75798
-9222
-104950
-1576
64126
7025
-43874
1665
74203
-13869
-84257
33884
-30757
-26787
-48740
24000
44002
-35298
-40244
62200
18570
-57157
35886
99239
1687
-87226
45433
48341
-1445
-55859
36136
64806
-48255
-81685
109117
84473
-24683
-127399
55508
50939
-73440
-89658
104460
61712
-60585
1965
41829
-31205
-41882
47243
67767
66280
-64182
2826
89684
-6684
-76862
31180
22394
-49662
-91479
53105
67266
-45013
-58202
75533
117202
-24115
-98253
74440
111369
-96925
-68665
60975
104219
-103547
-68062
92793
60870
-134317
-51103
83984
48142
-155508
-57968
100148
30734
-55363
-42523
141381
-8170
-130756
-41618
93913
-86771
-188087
9249
105517
-116123
-179723
89512
198344
-113557
-185675
86657
108579
-132355
-87139
77125
177810
-132341
-125548
119335
107195
-179150
-145510
260421
99232
-241576
-134267
233076
81018
-252860
-8961
254399
-18089
-289317
-20133
336393
-40774
-289088
139371
362313
-129977
-320638
155100
330936
-130760
-308313
214995
310910
-281428
-266498
340098
211849
-314028
-207819
462610
106309
-417317
-174026
478528
70382
-458852
-31789
492062
25288
-450810
57089
551551
-160048
-595840
135688
594739
-262995
-559498
318857
510635
-401799
-485046
440619
500747
-478889
-475018
488354
412922
-551963
-332056
647456
320275
-682408
-253409
747517
170293
-755466
-185759
787343
48189
-885292
18318
747575
-107505
-805904
173226
760233
-223162
-788173
335477
747962
-348621
-714269
472598
596294
-556365
-633247
560795
530501
-601316
-469762
653854
417300
-747136
-310939
668799
249373
-712648
-166378
746127
105953
-729241
9821
724399
-10755
-712268
156400
714522
-160850
-649707
282506
627862
-307511
-553357
338346
563356
-441746
-432585
353478
446610
-424234
-384457
449934
304567
-471492
-197508
431999
256837
-461978
-135866
494593
92914
-465155
-37163
419781
30288
-483057
8914
408372
-94564
-365179
71209
316340
-160965
-241310
195168
225044
-187863
-234699
171650
258604
-197670
-145097
139279
179029
-227265
-121807
238813
126359
-256901
-50202
233530
-27464
-255996
-47855
269408
-8383
-208603
65599
168616
-59237
-238986
92979
164445
-28135
-188397
108978
233728
-55926
-112736
128149
99203
-97159
-79593
79925
102900
-147079
-71822
96909
59813
-105791
-143285
129934
111331
-99946
-43695
161425
64633
-123442
-74143
90369
25349
-79922
-22509
70690
20146
-122311
-38187
116865
26050
-175934
-8371
113182
-43252
-75106
-25912
116418
-76044
-129577
15651
94743
-13271
-92287
68846
94984
-61086
-34879
90055
79403
-89155
-106775
117448
31302
-117527
17794
61452
4581
-73090
-52812
100494
55963
-133451
-24550
83263
25845
-112122
60035
80727
-26801
-106011
42702
87891
-22214
-91834
53017
44977
-62031
-23659
46558
39745
-60762
-74319
38316
52934
-81369
-97208
82021
57619
-59536
8779
96759
34821
-95056
-48213
103231
87794
-90338
-7161
66425
-2261
-80592
-13219
128505
41559
-93191
54185
72923
-4974
-48541
-50001
3118
-80535
-69488
74699
128367
-21131
-16343
48727
109790
-101472
-27413
122919
71731
-77860
-76001
-8886
38295
-19892
-50624
75066
66135
-139046
-6205
31291
54851
-143484
61353
77934
4278
-54931
61727
78275
-24613
-54617
24863
31772
-20272
-44867
61604
80009
-80370
-49625
22791
74549
-103876
-66573
36767
31298
-92462
-123534
70594
57644
-48065
-65657
83722
69218
-124993
9699
132237
27207
-86551
-56055
104809
41438
-88497
-25410
160376
20815
-105740
-16938
83817
31870
-91018
7233
138519
-33338
-156249
-4849
129660
-35653
-118861
57953
82977
2816
-138518
105498
112336
-46056
-120140
98902
45216
-85869
-128091
111614
30032
-90678
-121389
131281
27960
-116763
-49869
134257
25023
-90564
10411
155366
72517
-198047
-41851
101381
3692
-81678
-9472
104246
10389
-68310
60374
66096
19007
-123286
45727
127598
-32394
-138655
73229
95299
-103698
-169739
36246
117865
-56153
-84849
61080
114068
-72093
-90487
41498
48533
-6223
-20092
59826
66411
-121741
-90779
112849
39236
-109733
3180
18120
-25333
-66974
3131
109190
-28514
-22606
9936
54138
-75732
-36788
28070
13309
-57173
12411
34051
90183
-228
-35927
21868
13053
-21583
9087
117966
85346
-52608
2619
47949
21762
-36161
-53679
119193
1272
-45424
-7796
49231
37490
-8369
-23888
26746
-196
-46607
9530
36843
-14065
-51299
76319
-3191
-83377
-33494
21193
18217
5178
-72991
22014
-32668
2994
53119
14169
311
14592
-45540
39061
61940
45911
-15008
-7557
29931
-31388
-61263
42062
1671
-69802
-34238
72463
42274
-8674
-18948
42215
-20308
-77359
-11720
54138
29505
-33505
10272
22971
-59032
-85697
-26641
31056
-16909
-98397
-10505
86734
-23589
-46040
39778
45080
-36322
-12912
34423
20396
-23664
-79315
-3182
20419
-20890
-47253
-26809
-47686
6127
-31360
-20903
27419
13903
-30024
89915
65959
-71709
-10563
74227
-4812
-4131
-42710
34518
71064
-88374
10699
90937
10453
-74792
35180
99529
33675
-108043
15782
48125
1817
-16516
66546
93113
-11043
-75612
46443
185777
-20528
-60111
54265
149835
-59315
-60940
106616
191549
-50720
-80444
166173
146884
-77910
-55833
138026
184579
-135477
-93719
156518
83116
-192376
-39943
186120
33201
-198133
13464
231619
-31712
-191547
38003
215403
-32576
-275482
74731
222487
-59739
-189728
118645
307987
-163455
-269286
151545
261898
-227987
-239747
253804
210826
-291377
-188807
351016
163396
-369376
-80225
281912
55353
-370459
-21904
489357
2870
-387733
108818
461738
-69836
-463168
167859
527249
-237056
-445906
289980
420809
-351128
-422363
350092
421502
-461777
-389361
496335
323343
-566344
-325134
539403
190009
-536988
-141851
570824
106890
-586003
-92957
644140
33652
-644125
78189
599209
-87020
-594386
132786
597710
-212703
-513509
342978
470247
-328492
-451046
314789
450237
-440467
-387913
441111
362979
-490532
-301805
544558
234543
-525422
-186051
470493
81499
-545810
-56968
504081
-41568
-554790
70544
489585
-39557
-472779
168039
443911
-192928
-469743
173309
431259
-286628
-453052
394032
337977
-313965
-319795
300092
261632
-387790
-222873
319714
177565
-330489
-87969
335864
45521
-335461
-8690
289539
-54177
-311404
43503
296313
-38588
-222600
51369
292941
-35484
-261856
152775
180887
-138215
-196679
168419
159910
-177070
-85031
168032
112953
-150221
-121552
206544
56290
-206097
-70685
170826
145376
-162460
-30102
190993
-44395
-186350
20398
105915
-32837
-175725
-27192
114660
-42496
-90395
72134
88665
-54237
-138127
67149
105627
-3908
-94951
56340
32784
-91304
-104197
90485
82291
-98927
-65371
59843
119844
-70920
-51780
47414
94048
-102452
-8466
51890
27394
-105543
11080
93031
70190
-50041
-41393
-1899
-80038
-88521
-732
15983
-32919
-120118
32550
102643
-70190
-44094
10774
106976
-44710
-94178
32652
102739
-28423
-133693
17615
65412
-2955
-13511
46120
55927
-12038
-101942
63025
41286
1072
-39094
71914
-17051
-81901
-30901
61355
42670
-56383
55034
48535
-23450
-15074
-17561
102416
29085
-54874
-2095
87422
1028
-24947
-57752
113448
-23142
-94785
85445
53714
-78859
-16377
33558
21537
22373
-79331
114748
6818
24508
-27607
39161
-17632
-70407
4186
98796
-6611
-33175
298
6592
-12907
-91251
5874
6414
35248
-89731
-15266
59496
-88686
-59622
12169
92878
-55547
-59924
14880
17117
-33884
-36910
-17828
51818
-17
-63024
57409
-14341
-65007
-6066
60982
23084
-50459
50972
45386
10591
-33172
59854
53515
35193
-116251
22481
63295
-38359
-98035
-18916
70321
-70877
-31875
-49484
21692
-30724
-25737
84384
49673
-61050
-101449
49810
93006
-28655
8755
63168
-30442
-18497
-11310
68602
72308
-79291
-35984
72962
-32113
-28697
20744
83534
461
-32145
-17410
58431
-9371
38906
-20171
2803
9733
-31008
52176
82270
-62694
19024
16176
57181
-79638
-16297
88519
-5013
-82932
-23052
117781
112977
-71913
-34778
60034
56526
-18608
