#SpinCore Technologies, Inc.
#SF in MHz
#SW in Hz

[HEADER]
@CLASS=	RADIOPROCESSOR
@FIRMWARE= 3087
@SPINAPI= 20130917_x86_64
@POINTS= 600
@SF= 0.000000
@SW= 30000.000000

[DATA]
-62730
-440683
-76669
433435
-67700
-429318
7062
466017
-60128
-466703
105405
379649
-63256
-347023
117453
345291
-110008
-349489
137248
299852
-121444
-323938
167844
241173
-160904
-199536
205451
159106
-222432
-147199
241561
111365
-176929
-81509
268412
102233
-223393
-63943
226564
22246
-127709
3389
164006
-10992
-157423
-25307
217558
-81186
-168579
94734
126233
-40273
-128080
107260
33680
-122119
-50700
68563
45163
-128926
10373
135871
29908
-199565
-55635
227891
-3945
-120003
32179
118764
13405
-175578
75364
127019
-57507
-132184
58569
127116
-109883
-96336
123274
91310
-98328
-55949
49957
42220
-99279
-4610
97897
19015
-99305
19387
141893
16779
-90805
42203
126652
-50433
-180344
64200
54883
-9631
-119910
69205
94163
1208
-33830
114644
114502
-101744
-55274
137604
102992
-73593
-2785
130159
2574
-102515
15798
101760
49724
-153099
34102
119113
47109
-93842
70037
130434
-34075
-30032
1215
41911
-12253
-65122
76488
73568
-105091
-197939
92882
65592
-76440
-50877
117748
102478
-152057
5600
135793
9604
-93250
17733
103034
-6925
-146852
27790
89641
-30454
-95831
116799
94999
-65010
-99457
62375
120921
-84787
-80389
94357
75614
-128692
-63017
69861
74623
-124708
-64061
151318
33506
-95910
-93005
122265
71668
-53375
-20842
145882
-7984
-137502
-5496
159895
11248
-237403
11182
188988
-33341
-178277
112732
147665
-54573
-146687
107771
198558
-92171
-215443
187678
179420
-151003
-205771
192171
147831
-218909
-111192
252531
181356
-245552
-157305
278545
127892
-362747
-134424
301511
37608
-298729
8570
215245
-72507
-368555
36033
376669
-76714
-357459
166900
345903
-204880
-322762
296357
343879
-247153
-374466
344765
324274
-339644
-229638
415486
223331
-418018
-171920
492829
99374
-506561
-87967
506629
75903
-570037
51767
592146
-74759
-645578
197526
616762
-247823
-603389
307585
670097
-418461
-624147
434147
559711
-530353
-599816
633066
520565
-659273
-378404
764082
390697
-829527
-348633
886380
222530
-908733
-121603
944160
114209
-970301
-38719
969098
-77925
-960971
252741
967976
-237864
-956645
399453
874202
-486842
-817714
592383
796552
-646631
-747758
776850
628052
-823466
-607336
890652
495077
-933430
-367518
992555
299509
-977317
-289034
985453
170460
-998363
8781
1011325
-113912
-947744
178957
916121
-207374
-891153
286704
803593
-312483
-765770
483680
694176
-522577
-599470
599364
517753
-591643
-444572
611236
382961
-607288
-315469
640748
186380
-675462
-139956
664592
84437
-650297
-30829
567842
-44356
-537485
46528
504676
-94229
-449737
142363
482106
-202312
-385128
246985
419034
-259174
-312828
320497
324399
-335847
-222373
364580
209072
-327774
-165600
370912
92581
-308273
-61791
279393
65647
-345872
-18153
333025
-77895
-286499
36493
301224
-41983
-314911
33087
241228
-108156
-289012
63302
193916
-151043
-201551
168985
171079
-146918
-151093
138521
159610
-153193
-134348
164405
115432
-108548
-101357
103088
96796
-137648
-81377
109714
19843
-224431
18545
142883
96023
-129173
-21086
134001
26496
-139121
-12338
208111
-62660
-117608
103822
113200
-52487
-90679
45965
80938
-40282
-89611
85122
42774
-124833
-90366
81032
129088
-111606
-65054
124974
75137
-91185
-73326
113926
82922
-88296
-997
115197
29159
-158920
-34758
86458
-19106
-115215
32476
133289
9886
-129819
27753
75676
4707
-167795
27749
130756
-61369
-102074
40711
89580
-11613
-79987
121902
85781
-81287
-118779
130610
89301
-140732
-43101
100264
4167
-106395
-87005
115376
10903
-113337
-33725
62155
-10150
-154333
48231
137442
-21117
-117979
30099
94514
-17872
-62210
61271
89061
-12190
-14239
75799
107277
-92312
-7959
55233
66390
-65119
-88130
102596
36563
-95345
-25760
91909
41387
-143075
1931
69693
-10910
-75940
38609
101430
-689
-66408
64540
69019
-14174
-107983
91201
128070
-7236
-110614
31807
111620
-81497
-21680
41296
28380
-31812
-78613
54896
-8185
-150593
-33834
68028
58206
-32350
-2846
57825
21393
-91077
-12652
75037
-39553
-98054
-29293
59640
-19721
-37957
-6614
49024
-118754
-63131
-8360
-23903
-43921
-36044
62950
53702
-97766
38610
58240
-15600
-28233
17380
38311
44533
-68358
-32669
67383
3893
-42029
39527
71709
-48978
-137324
53541
64581
-33625
-53045
23364
82328
-50604
11375
42610
10066
-57027
34717
56289
29882
-80237
35024
79535
29217
-81778
-4183
99060
31752
-17442
44839
79400
-43562
-67047
32624
71402
-32708
-100738
27614
8287
-62967
-65345
34367
46929
-40512
12353
48521
-6298
-41218
-17341
46570
46169
-13202
28355
20302
-5428
-61125
83722
64825
10309
8683
804
157210
-14219
-54158
-2158
46484
-32066
-21987
92837
30649
-26156
36409
107941
-42551
-18023
-29948
18226
16525
-66125
7593
11388
-33900
-1589
-84504
86464
-1340
-43297
-5033
47380
-51524
-61700
668
85293
-25455
-44228
-7115
23362
-61569
-17091
1519
63627
-46547
-5394
66707
40684
-2780
-21783
93070
-23980
-6118
-47392
54503
16090
-45833
-49687
-2645
54409
-29702
-49066
136129
-43977
-22398
42024
55248
16463
-59019
-14854
54364
-75015
-2276
10192
23753
-54725
-19860
96106
15292
-6840
13390
35117
23096
-58397
-83616
34520
36061
-76253
-38656
18645
109
-72684
41273
59412
-103892
-76560
-45638
61961
-33419
-97460
-2471
2496
-5415
-77688
-30033
51244
-34380
-72966
73682
66078
-22738
-24118
119966
13506
-80880
-74996
-7803
58547
46386
29537
63201
41878
-12095
-8752
29746
53778
-5825
-17549
11789
34481
1409
-54745
103211
32511
-31846
45403
59413
2136
-23160
-47255
-34563
-10305
13461
47105
83136
7608
-15187
29045
52893
-100948
-17820
12338
47731
9866
-52556
23060
3781
-2006
-67371
45563
20539
-55019
-481
93506
-57409
-21636
916
9329
5981
-39796
-20121
23671
-43328
27885
-7293
-64769
-42173
5714
17843
34438
-68831
3453
-3490
24892
-326
-17345
22740
-2644
-14560
47439
43654
26820
-17541
-60975
12398
10681
-88960
68600
54722
-14302
-61895
29256
-13137
-8699
-5683
-23426
-9958
-2752
-2104
59065
-24145
-11230
1495
-21972
-18008
-73141
20393
-1368
9039
-14726
-33602
-26762
113547
-41281
-20119
64722
4354
-6885
-20149
-45782
22744
19805
5515
33263
-31871
15801
-32985
-25619
-860
-52510
17366
41313
8081
-3276
37479
34243
-40657
63148
63981
4515
-74869
-13831
21431
42051
-27497
-28212
89670
23294
-63426
27792
30000
-12077
-4520
12559
4948
24070
-70948
-29569
65946
-20905
-28059
11655
89468
-29404
-1203
24110
-508
-54378
46581
-56959
45450
-29730
-33218
23246
-19939
22931
23859
61872
-19828
-27593
-31927
-528
37898
-45737
-160
40065
-45145
-47031
20336
-18080
31196
13969
3558
54543
-11606
-46580
38636
-21824
11579
3401
1051
12369
-38128
-27267
18774
32678
-46648
-12246
41440
24653
-46625
-3133
-14154
-28908
-46266
46055
-40276
17693
-4503
68958
-649
-52776
-17310
-9074
-14191
-5623
24490
63919
39042
-39881
965
30655
1640
-50257
42040
-2956
10798
-20542
10936
-8617
-65870
-47173
-10055
-8249
35296
-6368
36960
9802
-6134
-49125
25464
-48324
-32201
-43215
-24078
-1011
14653
-35454
-41066
38247
5101
-28498
95767
-53502
-20466
19477
8143
-4402
-10856
-3145
63959
-41428
2688
60972
-32918
-5989
26632
52372
21078
-23792
-22410
42273
14083
-38504
-54905
12487
53889
3663
-2057
50297
-706
-36076
44514
21671
-21318
-52986
47097
34143
32936
-26858
-5652
2643
-53976
-50625
13650
53390
-22267
-22642
52305
27850
3811
-4166
-37094
-364
-19410
-37552
66802
34075
-37365
-14333
80002
-44697
-44598
-40739
39523
-75468
-83814
-7054
-23664
-8095
-51575
13316
59112
-22116
-44101
8822
-19837
-39083
-69811
33640
-2971
-26096
-53511
53273
17594
-19984
-21498
79397
19250
-47016
2265
17496
10491
-109326
43594
22087
-13879
-31474
37745
77212
-42371
-16741
-8789
35035
29035
-29559
37906
62986
-44053
-2494
57840
36966
-81251
-57920
-40115
30129
-42862
-1321
46084
112858
-21087
-33593
47798
-10137
-71347
-36327
53223
-10725
-46278
37191
33402
8112
-47820
-37370
4164
-11135
-33403
16138
-31090
-21600
-27220
32472
8076
-32565
-20744
51938
63974
-72834
2220
27763
7581
-2820
-3884
68035
63255
-53400
-39963
99287
-73422
-117658
15279
64264
61886
-17128
-5748
55048
28566
-85605
23857
36485
-24829
-79398
53955
38857
-6440
-14616
101170
21737
-67532
-68495
39796
73527
-6511
-36410
15497
-16270
-42673
-51484
52039
-76722
-66877
44841
160569
-13921
-53176
