#SpinCore Technologies, Inc.
#SF in MHz
#SW in Hz

[HEADER]
@CLASS=	RADIOPROCESSOR
@FIRMWARE= 3087
@SPINAPI= 20130917_x86_64
@POINTS= 1650
@SF= 0.000000
@SW= 30000.000000

[DATA]
910904
88676
-145466
48738
-197695
44632
-155562
-40883
-140154
-30582
-154384
-43561
-95160
-134345
-105919
-73525
-110043
-114239
-55610
-51722
-64991
-157680
-9130
-134930
-90052
-141678
13686
-161663
3383
-134330
31563
-110025
23684
-95622
40787
-70197
67966
-85104
83359
-45612
38328
-98630
69077
-48689
40673
-47147
81239
-10227
84379
-55809
8051
-49744
90400
7409
42632
52178
36752
-4395
10221
12071
28734
-9246
-35202
-18817
30884
-16691
36291
-2162
-19865
-2176
-1634
-25153
7802
-48375
-7371
12550
34626
-35076
-19621
32627
36513
-18478
-20395
28290
36586
-41361
9233
19051
-25767
-2056
17527
24084
483
-68494
28625
22077
-2215
-9346
-32062
14468
19873
-3469
-29970
-11611
-7146
17048
16497
27575
-3915
11892
27657
23065
-40416
23579
20597
18801
-50907
13412
-9274
27566
1815
37123
7944
27423
-6636
2668
-7390
-13598
-35019
-30676
23047
11914
-11248
36317
-25771
-8113
-9519
8799
21951
33565
-21117
-15442
19283
-2254
25146
54155
35880
2582
30234
-19123
-30817
4006
20503
-32245
10398
32833
4263
13559
-31771
56915
32833
-15447
9277
-5757
-53660
-25879
-34809
-20845
6627
-24020
-8798
1745
27284
-24512
1414
21793
278
12416
-15976
21440
40853
-29593
-892
-15846
-24579
17240
36253
-5272
22522
10589
-23685
9713
8499
38901
13324
26723
-39687
-1486
1851
2499
16549
20995
-14339
-21223
13287
27474
20604
-13612
15956
16305
5812
31622
8427
4901
3137
43972
15564
-24150
9616
-11065
-23014
21102
33291
59177
11840
-14396
-5325
16403
24975
7882
-11453
19991
17085
-20285
-32973
-36325
42461
-1655
3996
-51204
4879
5264
-24653
28642
31251
-35566
10520
51448
20450
4564
30316
17495
-15648
14124
-10507
-49202
31089
22800
12815
-4342
30188
44639
1552
3688
-444
-20794
-5068
-49411
13470
5137
-36423
36613
-10380
-7196
26520
48497
-21881
43482
11913
18904
-2744
-1270
11820
5477
-56229
37939
-38946
34352
-24671
29270
53877
2880
11899
-8175
12956
-25609
2665
22679
-17257
51154
-24763933
31698621
-646623
-589503
-30078
-88508
12750
-57746
87905
-46848
17295
-63240
69498
-15891
89480
4901
28137
20449
24118
5281
76021
5549
73246
37243
77683
23120
32164
30492
88396
27984
88762
46876
-2458
-25239
23306
-5103
15771
7316
26017
-8318
19749
42190
27392
15638
17166
36829
-4954
-20827
21612
-19938
20588
31188
-73643
30014
-5478
18957
-17234
55684
36048
4304
42207
13704
-8388
-11815
32279
28966
42081
-7844
-17137
9394
3200
-23969
-32880
6909
15688
486
-18233
32621
23558
843
15663
-44469
8842
5243
-13915
-26493
9558
-13647
34331
36080
11214
35096
-7933
28611
-2668
-27002
-11982
-8803
-5098
30648
15733
29545
-25279
51839
-11657
-8989
-58791
15975
-11962
-68
6086
-342
-2354
27992
10447
-19361
56494
39582
20110
-10986
-4423
10334
-3418
-2219
-5088
-38763
-9598
29789
-3499
44084
25762
-1979
9561
5916
17851
1150
-21506
-29515
1595
1472
-8077
17912
17835
-15063
-2522
-49376
-45936
9016
19251
-82178
-18104
8105
36565
12028
-1545
21876
-36530
3766
-33545
-51729
3593
9109
-24718
-3730
-43337
-18521
-1537
29739
18310
-31507
-13174
-21716
50288
-54009
-35124
32370
-14298
11809
-19168
-16509
-13129
30153
23320
-4949
-1548
-38225
12578
-14481
42674
27228
-32873
25454
-12802
-3624
11211
-28631
38917
-31196
27413
37804
-30586
39114
-37896
28305
-43001
-13484
39750
-9498
24430
14469
17208
12620
-34668
15920
3845
-37678
13123
18743
-1584
-15441
-41703
-9120
12988
-4292
-24716
23348
7191
7359
1368
13091
-45388
42373
28807
20860
15483
29728
-34754
-23465
25742
-60873
-2476
-8572
33738
16246
-29841
14280
36483
37501
16855
34877
-28967
-5377
21288
24069
11717
-17285
-6907
22523
32454
35518
21488
24104
10011
64693
14712
37635
29667
-11210
23300
69534
-3039
42944
38332
9523
-38889
34841
21618
37063
-20274
16030
-16275
51274
-14080
44867
-49848
-2848
-14754
-4236
-44802
51878
-81928
25960
-23929
53620
-8711
-26068
-97051
-27244
-44908
-6448
-25736
-8013
-25172
19803
-63909
-27105
-35038
-9194
6599
9513
-21031
-25706
12452
-86262
-25930
-59086
-9596
-38444
5254
-14409
-31391
-34842
-10380
-43811
30034
27407
87985
23978
10772
-2354
102829
8554
69434
-8919
85270
-4561
18915
36265
36663
-21215
1358
-24626
52205
33503
57934
-8762
80583
11838
7079
43441
-22344
70784
23298
41771
35463
67015
36103
33880
-12037
24091
-32241
44765
-11508
-595
-31448
-5897
-17709
16179
34257
7907
21107
-9248
47805
-13685
-17672
-21046
1746
59683
-12586
24111
-1927
-2260
7926
25333
24626
4230
2314
11563
-24301
-17081
11689
25827
10526
25621
37384
35585
27035
27270
7524
-38150
18416
-31904
-43226
6463
30911
-18062
-29881
21148
75742
-6794
-7684
-23375
41472
-22095
6316
1043
22482
-14931
-2399
-12821
1694
-64340
-11000
-6540
23651
1929
3809
-13794
-1060
8949
-39557
33808
52481
-41801
-7160
-52124
40127
-45399
11416
-5518
40571
-16783
-7965
10567
-30438
7977
-47816
-21317
6893
19485
-11958
-11614
19675
28152
-13885
-2108
-30121
10365
-2549
-54452
19444
-30765
17154
31176
-6589
-3591
33209
-36876
-2625
-27447
28287
-25442
23907
-58393
-1279
-3003
-21459
29009
-46674
-4366
-8880
11234
-540
-10448
50030
-20175
9533
-37467
-7108
21524
-1919
20072
41780
-34840
-4891
8866
3424
-1183
2455
8352
16996
3467
10576
14396
-47615
39402
45519
23908
25404
21187
5536
12005
-66819
5009
-2122
-15787
-8085
17839
47166
-14578
5507
-61421
-44302
-3611
35518
-14125
10293
-19627
16129
-4813
-23127
-6572
-24661
16608
-24589
2185
15363
-10786
16639
1194
28181
59832
-33718
-21910
20215
-18253
-16805
-36968
12578
-1050
-31875
-5045
-706
-4478
-15352
-9662
12377
20689
-2750
54346
22174
22592
58819
-26108
-8158
-3948
-33376
-7317
-22299
-6795
28887
19103
852
-34300
6899
-2097
-4404
-32749
7471
-17016
-40545
35348
13565
7432
7293
1040
-1315
18419
-36176
12649
3181
61529
-6408
8661
-13017
-6587
41437
17982
-58046
12010
-5626
-29543
17486
3295
-16669
1742
39317
26651
-52733
-27097
5575
19500
29000
10687
-25630
-798
31838
-5903
-9379
-1896
33915
34978
-12816
-28940
-22376
31229
-45223
49324
29650
-28509
928
-16110
26629
26444
-6664
-16690
35220
-11443
12426
2732
-17923
48394
15480
56949
-7034
54182
19933
-1154
8737
55730
24617
-32858
35854
-30129
6360
66155
-8638
63163
1309
25492
4798
-24374
-16065
-21368
-28829
-11993
21732
-32597
20275
7513
13648
-29138
-19468
14860
11055
-21474
-11462
-10121
15034
-4758
-380
10856
5056
6365
10165
17890
-37232
14358
33263
-43568
-5977
-15222
26737
5871
-25034
39005
19682
-9317
55138
-7836
22415
18847
-36157
38343
19117
-18486
-1675
-20939
-10005
-8543
8570
-30834
44643
8964
33427
23125
55370
-11684
-16884
5242
-12016
2344
-27763
-6291
-978
13319
-13767
-21963
6059
1388
14426
-19261
3563
-15684
6444
48957
-16752
3200
-9540
-9499
-14614
21851
-9794
-26408
-5681
-38431
-8975
1801
47689
-11288
-26760
-3366
15892
-24143
-2281
31010
-5056
19867
-35909
-3190
3218
25534
22581
-31602
-4899
30916
2576
-4771
-21200
-30659
1676
-48839
25745
-17772
-24351
-20575
7630
-25741
-10483
-22366
28105
-15375
4134
-12096
-14697
-38802
-38167
-16868
-12511
-14735
-28390
23684
3241
-63361
-21259
-10242
29843
-54477
22421
-7110
-32638
-11308
35824
7014
-14597
68165
-9530
-30958
-1825
7909
-36063
19602
-19193
-35266
20668
7881
27619
21370
-20428
3316
24561
32854
-12691
-7001
39510
-28677
51566
31923
-12945
-652
3797
40089
49238
-5270
-3321
-10000
9606
-14063
-1758
29858
20285
-10678
18097
8079
-2231
-45878
23169
38628
-5987
-12254
31736
1725
13732
15949
5556
-14118
24190
-7037
-12042
-10495
19466
-27977
-2075
-6903
-27557
20739
14103
-22887
-1126
6593
-3984
-35858
9816
-15570
29951
-10216
-1399
3449
13131
-26760
-28570
22177
40586
-18259
-17694
-22086
38271
-49411
-18526
14481
-11260
-16978
4200
-28218
36423
15511
-10268
-757
8386
-44961
-34414
-10273
-508
-8124
-3371
4200
-13548
-23936
20535
-23345
-29137
-21416
33146
11378
-20586
41965
-25437
5562
-34015
40630
29666
5739
-20344
15856
67473
-15205
21357
-5299
25170
-34456
-5312
17363
27669
-6358
-49736
-73733
48520
-34412
-31373
-31473
-36761
-22781
12939
13207
36624
-2846
-15807
-48313
3953
3809
-56587
-7100
-1632
-16295
-18761
17385
-28872
-5662
-92
-14229
28829
-2861
37405
-21219
-28132
-49022
2629
46247
6640
-5238
-11808
9010
-7593
36226
30222
12068
-18604
4186
14100
-6532
-16482
-9953
-28453
52465
23414
21189
15647
-31997
-3248
-1809
-9558
15379
1381
-8315
-1426
-34099
4527
-40192
15727
-15938
19028
-6260
-18527
-18973
-9913
8252
-3474
17405
-1470
15951
-13055
15452
-11208
23384
22071
42477
-6532
12043
-2450
-4403
47422
-7814
-35792
14357
-47418
-53417
3251
9033
1195
-4882
-9297
1676
-8792
-20324
17576
-33413
-6245
-46559
31399
-162
-48904
-57930
21185
62490
-18680
21541
7076
-5353
-46374
-7898
3800
29768
43563
11092
5703
-17745
9906
14858
21036
12986
-13719
-17109
30035
6720
-23988
13510
35318
11821
-2779
-34261
9427
7084
-4932
-20192
34673
34478
37316
-28011
-13338
-37733
36236
-16289
15249
-24619
-21787
-41833
24791
3347
26730
-28676
-27181
20691
2580
-46811
12845
16473
21802
22442
36653
-12117
-23566
-2055
31827
8849
19533
-28065
23854
49417
22980
-15042
32284
-5248
40919
-6646
-25716
5987
44016
68023
-16366
2123
11986
-17133
-2003
-39756
-8546
37719
13447
-41100
-2594
-442
58991
-3397
5031
-4495
51178
-37482
-18213
23619
30310
-32029
-17815
41815
-1284
17269
40407
-7074
49312
7934
24897
-31031
25394
-18569
-28300
-18225
7713
7965
25881
-30543
-6808
12574
-22188
12346
-34517
-32391
35492
-15589
-8544
24411
13086
-24885
-2551
-27693
20665
-11255
-10945
-18834
38656
-14507
-9975
37186
50115
15994
-28462
-21682
6184
5773
50071
-77036
-3650
24478
25963
-34817
52418
-6217
-14746
6896
-12107
10
5902
29444
-21625281
32163879
-530158
-193729
-66859
-74633
-31263
7717
-19803
-81281
-55735
-14092
30137
-62259
-7026
-25542
6095
-76221
26936
-38210
35482
-84431
7145
-24664
47721
-35193
26530
14280
24688
-474
49696
20912
57718
26992
54491
35504
33221
31760
70140
37357
-2458
-22892
27306
28860
29450
37703
5669
46777
52343
13064
17255
-13306
45302
28616
-24412
23702
7355
49320
-18886
-28480
52807
-16519
1208
13159
43665
12753
16034
-34153
-13652
-22131
48376
26808
-12861
27089
-6015
-12483
11064
-580
-25868
-34125
-34080
4509
59278
13835
-27486
26168
15469
10330
-22007
-11915
32440
-20884
2904
12779
45450
-12439
-18993
7028
-498
-27213
699
26298
-9060
-9539
-196
-20631
9296
-9499
1531
23530
26026
16861
-42806
17210
3021
27626
20922
-4166
2122
3797
-1132
27037
-31459
-20128
18846
-11866
33205
10996
-10867
63821
609
17153
19061
-29589
-3147
-14794
12682
-6886
27906
-9083
31922
-4103
-29109
-4512
-49299
26531
8223
13223
-29132
29443
-18479
-24218
951
36977
-27224
35813
10352
2417
40162
-7709
13227
-34283
37991
11693
-42996
735
-45599
-15172
1982
6073
57247
-50513
7273
-43691
44232
27745
-15562
17832
10568
-17486
22612
46198
24054
1073
-569
-22446
-1547
7619
-17779
-15401
40188
23986
-4143
974
-18546
-10750
-17545
-12833
22196
10831
15927
15605
19724
15239
7336
15102
23955
-14040
5298
36286
39360
-7513
-11738
-2300
17871
-26834
7903
1301
-45823
20895
-8472
25966
32871
-4247
2189
-33918
35251
40233
14281
-30380
19902
43888
-25048
-45705
36272
-45990
27926
-33633
26614
14338
-10862
24699
-40999
-18565
43986
-7994
35977
-5564
33121
28209
18924
-27583
31036
12052
3227
15773
19335
9659
8331
14889
56758
-16790
-7409
-32260
556
-33932
63887
-8391
41598
-17826
59055
38447
-2589
18732
6071
33513
23603
44403
-15419
44083
13757
88683
-26202
34669
40822
60083
-18170
21933
-24041
39356
-42061
-4544
26118
25512
-8482
22824
-37551
40871
-63910
36248
-63350
21441
-29765
24913
-57680
-14447
-61959
-9288
-47317
-6344
-77797
-28838
-48598
-22012
-11817
-54633
-22942
-19599
-29409
-72212
5617
-12498
-41710
-71296
10737
-30817
-19957
-42120
31681
-56733
-22213
-3426
2547
-33068
43586
-24291
77835
-26221
22596
12223
64427
-33722
-46545
-216
33959
14768
514
-68830
-27158
25353
7739
-21579
-13914
56493
22727
-9231
18753
36148
13992
-3660
64557
-54073
-10511
19889
4949
1261
25737
-5709
-14568
-17937
-31075
33596
9307
-1681
-8579
1848
-36678
13257
-2948
1004
13206
17545
148
-27269
-23646
520
16285
5622
18691
-26773
5638
17626
-14568
-17089
-60873
-14659
-16206
-2561
4155
45887
-25583
21900
31005
-3517
-42707
12334
-41701
-26329
40000
3478
-33647
-6409
39289
-40850
19090
6003
-3301
-12215
24593
21609
-14630
7841
18663
-32942
-36665
21723
-18211
-52261
-17682
27851
-13624
-25239
15814
-12548
18431
-2230
4635
-28022
-21880
-96
53288
-25941
-6921
-716
-44135
-55397
-11287
11806
-18911
-32143
-18782
-4777
-10212
-39324
-1419
20124
-68643
33819
38502
9468
-47541
-62508
-10543
-40619
-24515
-47680
33257
1671
-3137
-35428
-18967
-19356
-33960
12582
8960
-43162
-16212
33281
46230
-35888
13570
-62096
-25888
-26322
-4822
-22023
4507
-3162
-21923
23289
-2645
12110
-25922
11733
14768
-29143
-67457
-7449
20679
-37322
-20257
-20747
12802
-76771
-28215
-741
-1584
-23969
-19167
-56951
45212
-70790
4777
-76220
9470
37281
12978
-14601
-29998
-9401
9986
11685
485
2458
17584
2613
-12762
39581
52035
-64791
5014
-3294
26088
-21946
-6219
29774
17116
-29762
5321
40664
-50149
7580
-1742
-1143
-11804
-25271
-25336
-9875
3140
-55848
20383
38888
-37145
7687
-19189
-10538
68494
-28243
31568
32198
31577
-6398
22438
54990
27191
9889
-12122
-36659
-14003
18420
1447
-39729
-26828
295
37195
2818
62383
18553
-10759
-24107
41102
-8962
39315
-37718
11817
-2468
31349
-19646
1286
-2444
10479
-6076
-24563
-45050
-10863
-11823
24714
16901
4630
-257
-40467
-1963
-26572
4615
31240
-7274
-33734
13656
-26640
-37399
-21733
30218
31073
-47936
1644
32265
21950
-62325
-25180
45831
14946
3725
-32855
-11111
123
-18401
-9003
40714
-24912
-20953
12857
25113
-53708
-50967
21218
13331
33367
15632
-17716
-6035
13885
-17634
4481
-5554
-19725
-10898
-24193
17045
-30292
-8103
1972
29482
-4792
28390
-19775
-7192
-3277
23146
-6256
-28153
-7974
-31343
-4508
27569
-7227
-41140
6722
6155
57415
-16960
-6063
25730
39525
-1303
22323
-1753
11496
-2340
-5314
13222
50417
-27382
-32938
30870
66944
13701
8774
-12983
12205
7236
-21173
42374
-2682
-34549
-25634
-7551
31406
3470
-5176
16943
28941
2469
-2993
-42840
-21949
8415
-45248
-36696
45212
29374
-40546
20554
3425
-981
39350
-64323
11842
9872
-1359
-26495
-5239
-17685
18519
19873
18425
-11391
-17500
-13999
-6833
-30040
-4713
-21373
-13708
6901
-4735
-55389
-55693
-62652
-9481
15238
31993
-46310
9485
-1641
-33885
-17980
56086
57081
-5460
-13629
6447
9541
-24330
-12292
6230
26333
24998
7052
1236
-14319
-22056
14031
-38204
-10070
33882
-23354
15081
-12977
35654
42970
-11759
5578
16516
-3094
10411
7467
-43075
-15010
39181
-4089
-151
-13730
-1229
-61245
11347
-22024
49882
-24055
15854
-61703
35476
5794
46902
-9559
8
20790
-20438
-13784
10310
13151
-20860
4458
-55137
11044
-22771
21481
2912
-26551
29909
45562
11738
42515
10397
-9256
-40852
-51306
-15081
25960
12905
-49484
72013
766
2417
-32650
-19259
-23813
-25534
-23539
-43207
-34676
-27331
-10850
13476
32866
48329
26178
18216
20510
-19525
-14643
42063
-24776
-6288
-32292
-25295
12846
191
43713
-9995
-32780
6080
-29939
-27116
10460
28914
-7963
-30622
10997
49568
-26779
-24589
13937
10739
-1627
-21633
-34565
37572
17601
35374
-12475
45160
-30973
-6659
-6828
7129
-8771
-15907
-59190
-4400
30468
-36616
-41959
41477
13597
11695
-29845
-16613
-65831
35256
34057
-18619
-23313
-7496
-29602
-37059
9221
28447
-1503
-4641
35315
-27974
-24697
9335
-17536
1441
40218
15949
559
-9458
-4435
12326
11383
12036
3829
-24415
32629
3311
-4968
-28015
36588
532
21602
-21799
-16362
6246
-34276
13119
10232
17039
22828
-9762
3318
30342
3827
-35470
11530
32113
2255
16664
25828
-47258
-38738
-17614
-15030
11647
-15004
13061
-12345
14518
-457
-8067
-30741
9038
-6241
9380
-2217
55166
-29037
-12600
-35153
-26382
-6067
-6260
-7265
-63335
3704
1469
-19228
-16222
-2455
-10865
908
6046
22819
39585
-26674
66615
13633
-13446
26515
39190
2801
3250
23044
51940
-27814
-3269
-1610
-6686
-273
3007
11067
-21312
-43521
33075
26155
-10171
-7343
-10541
3209
29069
10232
12402
16920
-54242
42356
-18880
9507
-23089
23113
-22179
-10994
-29695
-44189
-11998
-14726
5372
61858
56153
-17683
-737
-11417
-29734
27396
-26350
19603
25266
16965
-24829
-13964
30804
-15805
22576
44039
4804
14177
34553
-4371
2015
18738
20127
13044
-2285
9304
20238
-65408
10040
-17865
58803
-7091
32963
-24270
10181
-21005
18731
-4739
4898
-7696
30320
60205
49554
-18314
-26933
11368
16243
12302
22493
-8075
-18713
-32998
-1043
1607
-412
-24005
-20096
4412
23841
-27873
-16091
32627
-15657
-7450
-12542
-17173
-1535
28435
-1103
5483
21391
-45416
26123
-26125
42307
43433
-54555
28298
24377
-3648
-12857
28621
-19494
-5270
62068
-34446
60306
11831
51290
30353
-51154
-3991
-23395
26991
-16656
-5918
-5969
8318
10718
-51079
13878
-10240
-8146
26500
-12370
4602
-57125
58948
19335
-36794
-11336
33978
-52079
-604
-18377
-12204
3919
-30836
-45738
31947
-3221
7709
-19992
-5638
-403
-24552
-41253
46693
21180
-2569
14604
16249
-48310
-40175
-33143
16656
8833
-10629
9553
-34704
-26756
-289
-2749
548
52253
35750
13726
-30622
11129
-7515
20461
-36095
-36080
-8387
14271
-4571
-66319
-14170
17871
-20802
-29424
13356
-4600
45636
14963
-71476
5687
-28562
10965
-14210
40162
-5280
31188
-14746
-15901
19623
32750
14741
50546
-16553
11993
-1977
45306
5166
18527
-17834
19331
495
57533
-28540
12244
2132
46912
-3310
16234
-21807
38903
13181
26548
16237
-12588
10790
2325
-7744
-1572
16587
48397
43563
44708
-3443
18865
-12877
-40099
12533
57573
60381
1446
-11180
3449
45959
25863
7566
-22724
22227
4543
2139
10365
15563
-68065
-12897
-2962
20446
1742
-2664
9070
-44172
-35871
14342
37327
-11373
-20709
8034
14091
-33346
37081
49443
-3766
-60611
-16868
18900
-42912
-10326
-32949
50976
21663
-61276
-23057
-16269
-19427
-42475
10063
12714
7634
-18901
13431
-17879
-16373
-81
-19409
-54598
-29090
12886
-3864
-3227
6425
995
60112
8519
25350
-11076
12351
-33425
4874
19792
7356
-25058
-38791
11482
16189
13817
-3883
2763
4401
-9029
18275
-5776
-50973
43206
50751
32990
7253
35659
27692
6110
2366
15323
-7203
3648
-972
-9997
24952
26361
5451
-20898
-33479
-3817
16214
5696
-818
-27866
-18913
-27027
25305
1400
-18414
47596
-26199
41192
-43707
5165
24319
-19018
-415
1324
1186
11252
-16478
-5648
-17450
10336
22354
20509
-2085
-14835
-16579
-12785
-8171
12846
221
-37993
44478
-63481
30230
-36763
29121
-16692
6906
-45342
-19691
-10863
8373
-6372
-1349
-730
-34281
-23442
-22998
-6642
-9076
-26175
-13209
42275
-27061
23399
-47635
-5697
-10612
-12890
-14526
1120
10808
-7953
-1055
15256
-3753
29400
-65100
-3649
11497
11120
24377
9283
30194
-43165
7042
-16889
-12096
-12636
30930
-31293
-20261
17284
11353
-25970
-19882
-26377
-14653
-5466
1021
-18378
40752
-2175
30019
-24034
27373
-22041
-11481
-801
4468
15259
13156
-5835
-2418
-23607
16249
5983
4841
28771
9925
-50007
-50157
10759
-26760
18663
11802
-34114
3309
-46507
3635
-16062
31227
-8318
10345
-83545
29094
-1750
15118
-12617
-14878
31699
45638
36640
-29850
55337
-22955
-57737
-4482
15698
5836
23009
3224
-26773
49873
19092
38705
-2189
-16993
-18028
-129
25699
-10885
5904
31020
4168
11263
35010
-28686
8124
-949
52135
-29330
70078
5876
16119
28770
45947
64659
5889
-148
4101
18209
28098
-45941
-23008
9496
-415
-23845
-2181
44214
-12634
-13335
287
-16530
9731
-39554
-22382
-3670
-12126
-17294
23689
-8350
-2450
-16715
-33220
-10881
36562
-43088
-14883
17097
-40671
21344
-26728
-30359
16930
-15369
-956
49044
-6450
18681
13753
-9337
-24883
25122
-32229
-8248
-17397
-3497
-37681
-6845
-51571
32130
8270
19292
4543
-32548
6182
14613
15143
30299
-45894
-10858
3694
-20429
-23429
42470
70100
22454
-23448
-29837
-35526
6864
-84223
-8469
14722
17513
-26891
-19341
33438
20244
22700
29387
-27048
-1325
-27223
8224
-3834
21179
1112
-2385
-21549
15743
28997
6105
-4558
-15949
-43951
9009
-12336
-41899
-22384
17412
13656
-55507
-30125
-70
-18193
8238
-11974
6438
-192
26618
24590
17021
-4242
11204
29439
-37565
6542
-585
30739
-14459
357
63583
35158
-24934
-14797
7962
25043
-41826
-12137
48662
14675
31113
-9289
65242
-55993
-19571
19878
30698
6136
-49885
207
9143
-6220
10926
-46219
-3877
-4616
-2884
5786
-984
-4964
15285
-23678
31657
695
22861
-37126
-5726
-16056
12253
12258
8788
21663
-11097
-13534
-19890
26948
41090
-14463
-44855
11242
8291
11730
-11191
-41547
56468
40985
-48045
497
32716
17725
-642
-20677
9296
-6593
-23545
22686
14473
5985
37226
29140
14295
-6467
17934
19003
38871
-10682
-13592
-28020
-6774
19387
6286
-27813
1645
1041
15279
6902
18514
-13152
-7459
-39267
-3179
-3050
-30995
3687
22074
68094
37738
-54866
7675
12388
-40169
17776
-2003
14451
-33178
1881
-46700
-7617
-11611
6464
-15013
-24621
-19225
1528
-19644
-8718
26649
66819
-2813
-22895
-15432
32151
14079
-48081
30823
28991
22482
-45666
30778
-6491
-3328
-4363
-1722
32982
59595
-23067
3053
55103
16862
-1915
5683
25824
-2330
41890
-23561
29513
-20865
10710
-33688
5292
10696
-14365
33689
-31939
19696
27188
39081
-23486
13598
26182
-2748
-11409
49731
46651
33530
-17924
31726
-31147
-20189
17461
