#SpinCore Technologies, Inc.
#SF in MHz
#SW in Hz

[HEADER]
@CLASS=	RADIOPROCESSOR
@FIRMWARE= 3087
@SPINAPI= 20130917_x86_64
@POINTS= 600
@SF= 0.000000
@SW= 30000.000000

[DATA]
-24132
-418931
-64301
494593
-17321
-511861
43652
439094
-34765
-433700
49277
454702
-129733
-412051
177568
453581
-119174
-328843
125401
282364
-251350
-259803
192723
273546
-174799
-229089
228606
188754
-226317
-172868
255241
181992
-206442
-100730
186661
85714
-201761
26461
152631
42783
-158378
1006
191034
60508
-238807
53454
160677
-39061
-193434
77208
183503
-117388
-51386
100735
86888
-152777
-60656
166266
56622
-152536
-35712
102639
4087
-114028
1028
124299
822
-189052
-47622
156842
-8299
-160863
93770
181219
-25546
-66919
64350
144462
-62253
-94197
88957
64651
-126280
-45107
72913
60413
-74433
20610
77371
19375
-147397
-62202
52209
-17211
-142941
-2967
88510
13059
-73551
37464
72523
-40122
-52538
51963
78790
-67055
-65367
129306
85316
-58166
-127481
78786
-26214
-121757
-20312
72941
-3240
-87562
-3243
54769
8386
-113670
16360
151259
-8332
-92973
88918
84352
-102463
-24686
73209
47610
-57858
-98043
41781
128945
-103045
-121256
65528
31023
-78408
-33744
111243
48578
-98866
-53794
166402
21212
-87746
-22274
113476
9522
-104715
-33121
98414
-36803
-76866
85686
152709
-27020
-99492
43343
105219
-49382
-69205
-682
120198
-56732
-88850
60818
112625
-87363
-78375
83343
94739
-109561
-28089
133551
49199
-101785
-117431
189067
91848
-156705
43711
113298
-16324
-200173
-18306
199197
-2243
-167846
62470
164281
-43335
-213569
86294
150596
-71442
-199588
67694
126668
-113173
-141480
130086
249480
-171421
-137355
164359
167187
-221944
-110767
331638
144353
-293627
-68287
321665
60552
-354440
-74251
366736
8405
-378283
59915
328722
-124342
-353221
137088
367331
-140359
-370785
240219
304313
-252368
-289339
306161
286417
-351885
-220057
412553
264023
-422855
-172925
462658
164396
-501832
-86056
582459
-21820
-485336
68700
632048
-131020
-636000
160379
635993
-148833
-637165
342108
602507
-459614
-609154
460699
559255
-506052
-561418
631357
450952
-680440
-441232
727328
428129
-879944
-328386
881998
251252
-857953
-159559
943566
86751
-940548
-38938
1012634
-123509
-982303
175400
1005560
-317035
-876291
364635
917959
-463412
-876290
596093
755708
-646636
-753037
800292
647187
-811645
-620084
881760
474209
-906223
-432019
945626
363480
-957643
-240388
955250
159752
-924399
-42347
971807
-20534
-886985
171623
936450
-254024
-900191
304113
810530
-366809
-815162
426625
700861
-533877
-604420
566458
516335
-540143
-468636
582610
411864
-598890
-377640
610615
243913
-646435
-172240
648321
90925
-613113
-62109
587071
13644
-641183
58474
512701
-157661
-484985
202693
394996
-261521
-461196
316907
354090
-294719
-368994
256434
313130
-298466
-254253
335405
227599
-294401
-171546
323786
149573
-355963
-73579
336782
-16853
-359109
-40721
314826
-24562
-361867
23732
290847
-45823
-320444
84843
297708
-130359
-285067
124776
176304
-118920
-186035
136849
165461
-133233
-198845
130579
114580
-153222
-128236
159176
168287
-123057
-74895
184710
74020
-142145
-71700
201642
85438
-210775
-34976
158845
32017
-128342
-3737
179955
23958
-162837
36257
174854
-4715
-162327
2095
193522
-113485
-76773
51775
183345
-10187
-135696
81430
177542
-80174
-119914
56006
68244
-52729
-79999
135490
116093
-57725
-23128
121597
16090
-147043
-31734
90742
44697
-128896
-19445
91015
86374
-138157
-46835
111095
-81873
-108206
22903
154060
-21037
-121406
54036
139036
-5748
-124608
60410
68878
-51313
-81344
20734
26379
-116185
-63374
115052
88299
-39413
10567
121201
-7523
-127708
-77043
135188
1443
-169837
-5715
126011
-3896
-69908
26411
96408
-22038
-78459
50774
81436
9842
-128749
123075
103250
2669
-93164
37960
60304
-115068
-47753
52971
69850
-89058
-44167
133988
-4200
-98609
34674
111811
-5908
-130964
10266
98417
38397
-120993
9730
97198
-16558
-90940
45646
53557
-25880
-96462
32062
85469
-109669
-46471
65698
48749
-75795
-58070
84500
84866
-53116
-53366
53551
65172
-66692
-79166
83910
36557
-96672
6866
56411
-45236
-122904
-5885
95023
2124
-110818
45158
131278
-28691
-70001
41776
48384
-75524
-104689
44884
12156
-48057
-17307
50136
41496
-27646
-42943
44227
43100
-155376
5197
100820
-50898
-80832
14260
89578
-71250
-50415
-35676
82826
-50636
-81825
33473
77452
-34781
-78792
77503
-6462
-14148
-49495
40681
85360
-52538
-8061
138946
-25551
-100720
-43214
86092
49121
-91011
35918
77144
-19247
-59970
-19454
155893
42041
-81457
55685
125502
-16781
-97776
85153
5255
-33736
-16399
74059
37339
-68931
-44647
67663
19003
31134
-26110
32548
38250
-18379
5590
75525
12814
13273
-60257
109140
61598
-40016
-60410
31569
-17869
-89397
-59757
92445
25716
-19175
72483
130568
-75805
-30982
30442
-6635
25020
-37198
5450
23028
-64989
-24829
45070
38440
-48967
9369
114191
16607
-56504
-35582
99929
-17240
-76354
5189
56911
39774
-58208
29731
73889
-1075
-63482
-16969
94077
-20153
-54553
40410
-32759
11457
-13533
94713
62370
1326
-61236
20046
55310
-61988
-52
72364
20994
-20424
-59557
93425
29886
-19324
-60929
37601
22366
-29971
15409
74055
14391
-61935
12123
13517
-20334
-33709
9052
34297
-7542
-5010
47104
66757
31861
-20726
16595
42012
-26355
-38871
66153
41834
-101737
-22106
21993
-28352
-88722
-6306
60259
8957
-27817
-32642
99863
35342
-40644
-26431
42853
2861
-96276
102055
75157
-12307
-12218
-55138
64039
-57870
-62084
79206
30097
-26662
-17146
39758
25062
10867
-37206
86530
-7076
-85867
-52986
35056
-19042
-43435
-69314
-708
-30153
-13090
-8852
15569
-7109
-56203
-29437
-3547
38312
-59443
22131
84915
-37082
-35151
19116
-1787
-7669
-110119
70278
52559
-46232
-73829
-27408
62235
-40537
-12661
57111
-43730
-66595
-16689
33036
-12491
-35158
18704
91954
-20487
-12703
24499
35372
26155
-105088
-778
54299
-84888
-84502
-4162
31224
30171
-64675
79059
21673
-4534
42850
36799
77853
-47123
-45403
52313
29451
-95840
-11459
45860
19876
-57779
-6714
73947
-1415
-50844
1122
-19349
-30469
-28753
13937
112327
-24317
5271
52671
97301
-41968
2265
11275
37582
-103169
44207
80789
24807
-14832
-60089
79641
-21374
-65523
-10675
35706
5104
18705
-5991
46285
13462
-103991
616
87214
32985
-3440
82657
50389
-28808
-31317
-4674
74938
-61485
-12719
-43410
71239
-40146
-23505
53102
54648
-12129
-32719
-12271
75195
-34805
-35182
42045
85058
-64758
19666
72664
61082
-66941
-80243
47773
-32884
-35339
8697
70376
-16738
-19472
-27351
73748
-66060
8519
58969
79930
13116
-39980
24935
-16652
-22323
-12696
67385
70009
-37346
-39529
57327
-18737
-31638
23278
11371
18996
22170
52736
-113
-11750
-37200
12304
48365
82896
-81717
55421
55614
-47115
-12164
-59247
76854
18591
-32663
33680
34165
29160
17428
27951
-12979
-16680
-104154
48795
8450
-31611
-27214
-13486
-27942
-42049
-26867
17939
21218
35638
20465
10904
-48791
-16770
-2396
22411
-65862
-21074
28993
42701
-23873
-49127
52291
14659
-14330
-10330
-10734
60214
-24644
13162
87743
-25123
-1084
7481
140744
22929
14056
-25094
38414
-15193
11345
-4324
50304
-25903
-32633
-75352
-19845
-6438
-61510
35392
38429
-38592
16747
21454
1248
-27293
1864
67398
14014
-8053
-30907
62566
14280
-76696
-12066
9686
39537
-44900
24113
-3246
-35350
-16636
30424
68000
-33448
-90087
-6825
60235
-44858
-15478
52683
38841
25277
-4191
37393
62665
-28558
-55494
32669
-69607
-83168
-3623
100914
96568
-38270
-36336
7791
64701
252
51676
11266
-41074
-87200
-39788
14864
-14771
-63149
20682
7947
45076
-5657
-7709
53891
-28692
28784
33442
53265
-87638
-5478
-3772
31096
-50432
-17784
31883
7412
-38096
23206
-34678
54089
-40001
-13770
33178
4697
-20697
29938
20299
-13404
-8476
26493
16208
-21464
-42852
-7876
78861
1008
-74429
3718
25133
-47228
-40490
45647
-15661
-10371
5681
7178
17979
-56283
-69415
21271
-3217
-59027
-31552
68413
-22273
-50034
32734
-11616
35964
-77502
48280
26188
-15643
-6441
3961
13580
31632
-28188
30845
21129
-17376
-33661
23761
74676
22138
-80630
-19555
7383
-55953
-89854
45162
76243
41150
-10818
16774
2347
-23651
7699
62078
37432
-19529
32535
72358
-58465
-40817
-15012
1069
4690
-17719
43258
80395
-37816
-79824
28278
-60452
173
-14309
-16151
-29755
-22208
-38943
-2368
-22460
-61430
-59488
55887
18832
995
-32902
51323
-9429
-73981
-5778
47798
9776
-44328
16625
76719
15151
-24261
980
49020
-26466
-36697
-102995
37809
-1841
