#SpinCore Technologies, Inc.
#SF in MHz
#SW in Hz

[HEADER]
@CLASS=	RADIOPROCESSOR
@FIRMWARE= 3087
@SPINAPI= 20130917_x86_64
@POINTS= 600
@SF= 0.000000
@SW= 30000.000000

[DATA]
-34761
-470610
-24345
485258
-2179
-458815
57422
421031
-83847
-513444
13256
421461
-57729
-389793
147858
336280
-162570
-348129
132444
374803
-219782
-311059
178022
258444
-128979
-214789
188301
267728
-189982
-150789
286540
56045
-207673
-101911
177203
70978
-243261
-38761
218042
143773
-221766
28852
167913
-12431
-170041
34666
120982
-61098
-223293
109449
110275
-105524
-106921
34385
103865
-143804
-20549
131132
64395
-133917
-112335
113751
-5174
-116307
27084
148466
29166
-109817
29954
93419
-26202
-63936
38666
159640
-52966
-86091
82146
122265
-85650
-120964
130199
63972
-73512
-28215
127729
15905
-108825
-49369
124560
13644
-77528
44552
107312
-32656
-70540
-2613
14857
29141
-114214
29515
103792
-51346
21682
99130
98849
-81844
-20051
69509
69188
-91436
-26070
79411
46840
-70730
-77091
119030
44331
-93199
10342
16273
-85019
-104409
-8336
89918
-1924
-132663
-17254
74999
-68218
-92222
112112
66226
-28922
-16762
57166
124587
-84859
-92814
131579
61521
-131179
-53730
106514
22955
-135537
-86193
95679
-13093
-97928
43362
144831
-6176
-82600
-14770
98062
-30013
-122774
57859
101262
-5500
-89618
72357
126590
-1684
-111071
69427
56218
-82684
-91333
111310
108702
-118622
-120524
81814
109887
-70803
-46052
107789
39696
-134737
-77874
131966
53820
-168525
27651
218925
47543
-148716
-42935
181781
27482
-171343
4579
176124
-80436
-133998
42584
215265
-70807
-161971
124194
231507
-84431
-245993
120328
185695
-175628
-118138
190139
145760
-238521
-134478
283153
100010
-265818
-100188
290263
84765
-303622
-44891
290956
-7775
-330828
48313
382952
-110824
-350446
140995
373294
-171878
-382291
197919
317121
-221305
-382016
289772
264025
-331946
-259711
361737
259024
-467110
-236355
435013
201530
-564250
-80316
518319
3808
-562194
88678
600785
-30220
-544880
168127
672037
-272048
-531653
277901
603874
-323586
-576568
477037
670830
-495544
-500639
561994
461458
-661043
-423712
737409
415009
-767305
-301094
828671
302461
-909825
-166649
1013121
-887
-929718
-42379
938105
-22532
-957545
206752
958388
-294383
-940043
335934
895350
-466370
-826629
571035
856176
-648642
-727187
744544
638064
-833642
-611052
827432
446409
-845272
-401089
950449
290448
-958765
-226634
902687
137431
-914594
-68800
1002920
-1338
-899455
164875
956933
-169652
-854622
273323
809546
-367397
-790119
457599
678859
-454989
-677293
512683
558507
-584385
-546590
618437
468578
-611325
-372418
635863
310842
-628997
-215607
556563
198985
-533063
-111351
603976
-31294
-516187
21282
590638
-61241
-526336
115558
476503
-246420
-359709
283359
322140
-256660
-364535
326824
319066
-249750
-321440
299725
232083
-272024
-133360
331057
148346
-323927
-166855
243135
57317
-400550
-83888
318043
13837
-295084
-38106
316987
-77105
-263032
76288
272199
-81916
-212175
122458
171666
-58658
-207850
87411
163344
-134702
-169095
112870
228312
-152405
-150456
195016
136755
-143898
-100004
113266
94782
-178123
-84451
187270
85772
-175829
-54327
84308
11673
-176092
-92732
93013
61147
-193271
39875
160198
4087
-148847
21775
98895
4949
-76239
27578
154755
-12788
-105942
58082
119492
-58277
-81130
63154
163844
-107603
-68680
71706
120688
-106552
-115086
39564
106277
-72698
-74044
131986
30511
-153869
-53892
109853
47504
-125070
-17515
85623
-1117
-131143
-3264
105917
-34219
-125249
26506
94117
-103812
-62578
-29535
96546
-29754
-180634
45610
116436
-107418
-45969
88157
47246
-126196
-102153
27160
30340
-47398
-87833
90933
42876
-128588
-26855
138712
-11353
-53420
-39992
83705
-32203
-92740
39311
75957
-34347
-123040
31449
131346
-104826
-83248
21986
102361
-89843
-162975
70284
49801
-128254
-52661
9369
98373
-22907
4735
78673
27500
-118489
-3094
28561
1450
-145254
-29156
166071
-49204
-57303
74772
42660
-43819
-89823
66471
70453
-56317
-61893
67425
80374
-81360
-60014
47407
-32205
-108768
-58803
66540
10074
-106685
-8928
44049
17712
-100609
25800
107267
54345
-30776
26256
74506
15960
-35903
1192
61102
-54928
-81972
19328
137647
-56802
-43775
77422
37319
-22679
-71847
51353
61749
-63707
-73844
-6458
2910
-55474
-5226
55258
19137
-123216
65291
49304
-2184
-57570
50825
60770
-11206
-84210
41099
49196
-24413
-59082
71339
91444
-13066
-14468
20322
62033
-36150
-94421
43029
40459
-45274
-11532
70057
33370
-86980
-54561
35197
42537
-66065
61436
75352
-41620
-82213
-17583
42328
-42683
-62091
-1472
78490
-2621
-30305
50441
39494
-4517
-16763
28437
25161
15159
-56318
15013
33985
-60775
-38761
29590
-14041
-12653
-65810
27752
52751
-65288
-57933
-8671
4587
-77615
59758
55
10222
-43409
27582
33614
56453
-22135
-56366
61382
806
-47323
62430
-11024
-47040
-16740
-1790
56888
-4083
34139
86313
31289
-107175
13986
50074
8409
-49477
-5507
-2102
8530
-56663
1668
-5225
-38016
-4627
-13449
56337
28549
-23849
-35615
94134
-54174
-107792
3718
60459
24243
-80550
7263
108454
-42843
-13789
2565
55994
-72823
-75471
19482
-33742
-78946
52114
56229
6788
-26202
49513
-1140
3281
-24689
26021
9221
38261
-83310
-37408
94943
58524
-22611
24867
130380
-64714
-72912
37045
71514
26155
2242
52872
7213
-19131
-25913
-14344
-13969
-64999
-13415
87475
22321
-85230
-16628
30384
-16176
-81416
11847
70732
11871
19533
17238
79585
-3522
-57088
37869
-18999
101598
-51635
5466
104466
-35640
-90470
41167
12117
-49330
-48893
-280
12902
-18898
-53571
-44679
18625
-43130
-12642
45257
-31115
-37042
-5861
46113
-36768
-19341
45795
85152
3395
-55432
-34071
55814
-10155
-19048
-30266
45451
6876
-41930
9957
33399
-22639
-40058
-7077
54034
8708
-61977
57539
48394
-41941
-36446
95786
2485
-53103
-39690
73206
8280
-12007
-4967
55017
50967
-39575
28808
12802
-3977
-28549
-61774
51062
-25467
-45277
35650
36244
5108
23502
-28393
-417
3704
-41454
6959
22448
4197
-46672
27041
-23857
-39436
9006
71755
-2334
-41365
50410
27482
-26164
-40664
9977
41214
-42518
-4076
-11013
-36797
18045
-39705
18810
37235
15754
-64788
22640
54474
-50511
-13867
19547
-14723
-48106
-60849
30782
-16364
-21173
5434
52911
-7805
2013
-21510
27916
41447
2699
-72
33054
9130
-40662
22811
26318
-17159
-50232
22694
-18289
32176
-23428
-43556
35267
-33412
-20223
41771
66532
-48339
27512
47026
48944
4981
-40275
-45695
-1487
-68413
-20777
34829
15378
-15056
-15749
30340
75336
-17738
-42920
22792
17350
-25426
-12311
23785
6763
36931
8562
41111
-58313
-75269
17481
56253
31010
-22649
40603
-39492
-26120
-32317
86309
1919
41538
-24996
-12276
49450
-79753
9636
19485
-10039
-25940
10392
24197
15304
-46949
1060
50217
-3554
-36554
9593
38598
-20912
-61868
-45825
-5787
7391
10213
74680
39722
-5217
-64165
-30193
8697
-62728
15363
17323
79379
-92779
47273
13451
11334
-36167
-56573
35614
3765
-43523
-1829
80619
-32311
1860
33632
40125
27626
-35102
3968
33296
-39976
-7035
100233
-33549
-15487
20508
-10527
36752
891
13033
12421
-11719
-24196
5661
25983
39843
-67931
47449
8062
26449
47065
46451
2602
10025
-46411
23742
11302
19069
-62941
-10513
47768
-36826
-24249
23999
-6346
-32868
-55194
36611
-59555
53820
-6293
-23747
-12269
-45441
-52372
17795
38179
-388
-54361
1886
-11456
-68511
58074
-37856
-8102
7978
11257
58413
2328
13584
-44420
34375
87570
-10807
1537
-132
12973
-50475
19975
11759
-47313
28760
-4683
30624
-52421
-16669
13919
-3604
-25438
-4021
-41793
-48497
53801
59345
126192
-36680
21410
25313
51213
2679
-10168
-64650
-53165
34565
65549
-6178
33780
-16268
-35920
23210
-16451
34228
-40034
-3879
-55
-38283
-31917
-23466
18700
-31917
-22102
-12542
7994
22938
-29822
-33577
-19514
-32089
-25669
-31116
-23355
-37005
62421
-3086
54939
-33064
-33850
-82411
2985
-24691
-16681
50786
-13956
-36873
-59599
-42074
-14409
-66331
-89607
3393
-57066
-19394
-13028
17016
7669
38979
-4130
-3573
-79542
-21166
38804
23407
5036
-44203
15599
-17396
25829
14874
21075
-16493
-96263
44795
44195
30057
-5533
5440
50356
-1375
-45031
50631
-21984
-436
10411
82658
40632
27032
1638
-47861
10820
-20164
-27677
77865
18588
18857
-11619
83941
99
-78259
-21284
-15955
-8616
-3648
10223
-10154
2442
424
-9537
28528
13028
-2947
70774
28969
7965
1249
-7751
46034
18986
-57822
17680
40530
-76555
-6854
50365
13832
4476
-90272
35722
28662
