#SpinCore Technologies, Inc.
#SF in MHz
#SW in Hz

[HEADER]
@CLASS=	RADIOPROCESSOR
@FIRMWARE= 3087
@SPINAPI= 20130917_x86_64
@POINTS= 600
@SF= 0.000000
@SW= 30000.000000

[DATA]
-59689
-425780
-44428
449906
60163
-428397
-34569
469269
-84280
-477633
106909
304550
-86098
-398993
82884
303817
-99796
-335618
131161
362234
-181892
-308212
170448
258347
-137536
-201781
194162
197495
-141377
-139101
212366
151951
-168652
-98187
111737
96348
-201649
-88220
190285
16178
-146383
-2522
154944
-47354
-200039
17024
102451
41454
-87988
89952
91928
-48499
-64297
61122
127857
-111447
-81713
100242
93679
-67135
-45494
122552
51708
-72309
69469
113789
-52542
-37576
14403
125511
-32660
-93799
122049
152302
-47766
-136241
84140
85192
-122586
-30761
7283
59696
-77054
-57929
60218
109186
-148721
13338
154659
54360
-131475
-10167
79807
-58173
-84761
83051
61605
35236
-128429
109535
139566
-85550
-35040
28456
77880
-77256
-127104
28210
65672
-109619
-106996
21017
21774
-57922
-82464
111332
27318
-136245
28092
64317
11728
-72896
22853
115574
-14743
-52736
-1691
54957
-98073
-84602
121681
86934
-88727
-105777
47837
89798
-71629
-82871
118784
83168
-98162
-71865
79021
-22937
-111173
-1933
111314
6649
-104900
87122
81731
-8152
-85911
-55395
178514
-25870
-65389
-25091
162209
-56197
-74053
31697
144636
-45155
-51418
3411
117716
-89166
-63117
123210
57143
-129012
-63263
160453
25301
-113338
-8497
156130
104440
-78881
-53131
182520
39758
-123271
24464
239619
7166
-182466
-7209
169848
-70260
-150783
-8911
154399
-64635
-176553
110277
198149
-152864
-153704
197198
186300
-103300
-157636
125316
145426
-283395
-151147
198397
109712
-317327
-125393
292160
94513
-343436
-34171
392299
47009
-355472
-69262
373201
-29740
-342991
37513
361758
-151612
-366440
111465
357635
-216922
-353746
245929
374981
-261700
-286107
325730
323335
-435334
-254854
411767
209086
-449744
-210816
504810
153517
-552494
-64149
570703
34239
-570717
85347
656957
-88872
-618626
142882
618320
-207384
-670540
316976
681840
-483422
-668192
493913
571740
-550352
-534646
602205
510623
-733086
-466516
801825
342564
-849919
-266036
915687
243417
-891124
-189055
960909
47839
-988188
-4259
1008744
-147192
-1026824
180800
1012770
-304377
-995859
442993
994936
-560963
-910815
652387
844363
-713696
-723102
834602
740404
-874024
-604399
928252
506504
-956928
-374868
971215
399016
-999488
-217472
990063
118767
-974874
-1508
982587
-130935
-988548
185166
974364
-253678
-924786
341257
816793
-392257
-797534
496904
752827
-502951
-696979
588693
515708
-569998
-523706
631434
440040
-646073
-370732
583027
288055
-683190
-221080
663963
111871
-616905
-66386
580530
26657
-600137
81371
552729
-108144
-571294
196497
417054
-232412
-511032
274945
411104
-301134
-377315
343285
303507
-363973
-322304
328868
211680
-313475
-186543
316500
162623
-309835
-155302
365771
4452
-330774
-10634
338137
-32479
-288671
56770
288830
-23063
-306033
72206
283964
-104342
-234766
178195
309087
-145337
-239593
131639
209536
-151941
-210245
142689
223582
-205823
-133963
193654
127232
-200279
-122828
167683
108644
-198196
-114136
151070
60583
-163822
-47968
191237
71853
-170002
10518
220540
25717
-239233
22092
171603
-14447
-157227
-18647
207304
-3033
-172629
66864
182253
35694
-164090
23702
131722
-49499
-152863
131875
150360
-120043
-154632
165302
123895
-152807
-114633
108404
47528
-136174
-70178
125105
86490
-145542
-113419
116970
55042
-156318
7476
167144
81309
-110932
8282
113360
2237
-137042
38127
161036
-4508
-109982
24361
124994
-97986
-148455
125625
80594
-85191
-122695
78155
169053
-100357
-125843
162446
97363
-133086
-73579
108216
30559
-181152
-23019
178439
50205
-155761
17203
113407
-59830
-132319
55138
110800
-9220
-133131
60868
122288
3453
-141111
106548
97222
-110746
-77247
66637
101824
-94579
-108514
90155
71070
-71138
-79145
97454
48090
-136072
-19505
121341
85793
-103261
20298
142104
-13308
-87988
8384
142295
-65219
-202183
-15498
146257
-32731
-104099
70680
138941
-18701
-145162
64644
82430
-124534
-138247
124841
128562
-58831
-113325
115972
84316
-144128
-48836
106360
-229
-132888
-30984
79556
-23401
-110393
-9555
100265
-5973
-194374
-42184
110049
-23823
-146268
71175
97117
-76768
-48046
44230
65713
-81802
-31484
122692
68447
-172270
-70108
98954
116574
-108942
-71139
75917
18462
-173723
-25826
171103
63969
-153634
-38748
60682
-38767
-144453
31851
168267
-129706
-120212
37389
97883
26820
-99714
72117
153837
-163013
-135156
70526
81250
-97607
-85549
98184
50057
-115813
-57880
108940
56301
-136465
23514
146657
62646
-119147
-42162
102929
-34391
-114300
48821
160808
-47770
-88956
47626
146956
-8070
-99926
56846
119304
-56767
-76550
109510
79150
-96058
10451
103259
34390
-135330
-58971
157450
3814
-75245
47687
121970
-416
-184094
21659
171486
25553
-132309
7813
168245
-98741
-64911
102050
75082
-96447
-161831
41785
66096
-39484
-99521
137824
145622
-118676
-31362
122832
100258
-84904
-50845
33768
-37616
-107804
-2569
120342
-11775
-64512
-18038
129262
-12263
-74825
-14334
124517
-76781
-121060
82825
118466
-31498
-149603
87776
38451
-19299
-95292
88797
32148
-150560
25650
99704
56840
-8824
-106862
101571
44512
-135509
34438
121081
9512
-191106
12665
45258
-5231
-84135
2516
122221
-28871
-38196
71204
65103
-12882
-135941
80425
51414
-72669
-39687
81602
32510
-76220
-56013
89445
-14855
-11012
-10003
91587
-23631
-119668
-33228
42912
-44982
-135968
-28116
60173
-62186
-114298
33728
77562
-109787
-69161
74375
83309
-22499
-54553
83438
58189
-66987
-38955
59740
58342
-78052
-60681
101982
18139
-127995
-45267
63007
83615
-190294
-18626
85744
-21443
-118378
-26409
44756
81736
-62075
-392
100150
-59934
-53786
15814
76521
-117297
-99977
34629
180018
-66016
-96011
87338
74623
-47297
-93587
37232
133874
-106521
-29790
59277
51684
-151350
-114901
197829
77329
-121505
-119844
105237
1915
-150725
-16736
181390
27257
-184856
36784
146306
5839
-192510
19409
163718
-38086
-151254
81252
185086
-36050
-100558
133327
176949
-75240
-178080
145287
185858
-169991
-196156
238576
149853
-210558
-176905
231871
118317
-224123
-56950
232325
57288
-298679
-62567
317412
-30538
-377582
24890
301788
-105747
-335733
99469
333607
-153833
-302395
134492
316595
-258696
-258695
260805
213280
-268978
-239128
351328
230644
-285341
-164013
384243
196119
-365422
-114653
459445
90796
-479935
20611
456914
39828
-459631
32319
417674
-143153
-422140
144970
427657
-160720
-512275
296308
403178
-311952
-355519
333730
342374
-424739
-278649
347877
310542
-476955
-225976
498277
92146
-522960
-48090
549610
83861
-493092
41009
533463
-117481
-519402
106730
473398
-87694
-480355
148380
460253
-216713
-389154
225062
356944
-334073
-385028
337502
322173
-331904
-287100
310914
262397
-381684
-242002
426168
150532
-379099
-126264
437832
130514
-380972
7162
307057
-7529
-332990
46976
321314
-72590
-265066
139005
359246
-111413
-272313
189211
302808
-200559
-265599
186251
249591
-201042
-194248
207004
122431
-286050
-79594
204419
17228
-188737
-50353
271222
27127
-201137
47676
226340
-46247
-205772
82875
214347
-89338
-160572
73266
217214
-104049
-141668
116055
149570
-85001
-156392
179767
148993
-110728
-97646
148362
108163
-85339
-113082
103098
84510
-122245
-13848
135801
41847
-131795
-18789
137192
6377
-80501
1265
93256
27340
-88134
69943
98643
-14404
-89761
-11565
30056
-76952
-22078
54200
80573
-14482
-71659
102355
51825
-93481
-65181
74426
100617
-53276
-68786
66552
66333
-98556
-1307
-8918
26543
-8671
-1609
134027
17790
-104934
-24074
91933
-36677
-109980
49698
119074
-8201
-45709
18512
53245
8666
-77675
99927
106239
-65090
-3946
9059
101603
-14139
-34721
31594
215629
-38671
-32169
106157
51489
-25086
-80293
79313
50551
-88048
-38971
57157
32380
-112804
-8602
54650
-12402
-49798
20479
89607
-17882
-108951
64532
180587
17880
-69379
34293
69721
-99251
-64888
31920
63390
-55623
-107460
39482
123680
-231
-5778
124275
670
-102855
-27449
65237
-29421
-64289
-40115
85152
-58025
-62085
-868
117536
-63796
-136853
22463
62465
-61807
-64922
45494
111319
-28038
-80519
72260
74293
-74784
-49574
47424
33295
-113180
-27214
107541
-27060
-98842
-896
108098
-10351
-74853
-38441
62482
-48820
-103719
46499
92847
-33923
-82981
111129
55689
-74103
-79653
106569
83715
-149147
-17146
114248
12469
-91008
-38110
95595
7482
-123839
10477
125302
39351
-119272
39539
145990
-21166
-126506
-2604
123717
-92653
-144347
64868
124037
-105337
-132199
92593
83580
-107175
-73703
144957
63711
-120454
-83415
193505
25913
-132369
-90861
151585
38180
-133403
20341
152829
-77590
-205154
6586
193913
-30454
-179394
29148
137837
-48605
-100047
86078
77805
-47345
