#SpinCore Technologies, Inc.
#SF in MHz
#SW in Hz

[HEADER]
@CLASS=	RADIOPROCESSOR
@FIRMWARE= 3087
@SPINAPI= 20130917_x86_64
@POINTS= 600
@SF= 0.000000
@SW= 30000.000000

[DATA]
-39932
-497277
-65810
494061
-7547
-492839
8626
467280
-107427
-440248
117979
445213
-159191
-419539
153470
403271
-143880
-405412
169740
319665
-164170
-297021
223579
275807
-176502
-248539
169352
215318
-218393
-210881
238047
156025
-198553
-99360
206825
87735
-171353
-48452
184970
-2735
-193828
-439
195976
-22684
-176899
-25037
127194
-65747
-120798
90641
162010
-103695
-72538
138181
106884
-115562
-104531
130638
88471
-158009
-90077
142397
-36928
-108781
34783
136331
22442
-189848
-37716
126954
-88148
-90818
18453
96594
-12858
-150950
75201
157190
-52894
-118623
102196
109200
-54303
-65799
68700
96498
-73806
1597
159843
41199
-116488
22082
118539
-13497
-171689
58301
94164
-7451
-103710
51035
61997
-86131
-99465
8680
91152
-80254
-105343
125711
39467
-59284
-29302
109619
24628
-92311
-46832
82292
30841
-104363
-54869
134669
78232
-95336
69216
106954
-10582
-133275
85450
59495
-60607
-68758
38459
133274
-61566
-40182
94447
67382
-113816
-8444
99260
22493
-106394
-76893
109149
-2420
-101518
-66002
169725
-42988
-84029
70867
113438
-57510
-85020
-21224
104636
20395
-73306
82346
110213
34201
-124441
21904
20425
-33030
-107825
46985
74217
-126656
542
112496
102323
-108766
-49159
120424
106652
-81220
-91023
136627
116422
-151911
-32514
80534
-5613
-145634
3029
137877
40965
-117100
24563
206916
-64573
-132537
3451
157215
-72897
-193410
102171
178216
-106182
-153078
106576
164304
-151662
-187168
188428
168808
-283652
-163351
212706
196296
-253569
-100582
314170
66132
-255540
-83645
355485
70598
-303591
21829
255133
-1330
-309745
26703
376523
-84584
-379684
166448
329292
-165774
-405391
224453
372349
-234003
-360517
297874
283306
-338686
-244106
429592
225627
-373819
-162584
446856
131156
-527864
-73086
534115
59103
-562268
48678
615114
-97089
-638245
156194
620807
-215167
-599601
332058
579690
-395086
-570807
455117
572773
-563829
-472189
630303
530194
-752550
-450604
703754
414184
-800185
-391266
878413
243121
-902007
-183878
935839
93367
-983497
-8400
993645
-97418
-940417
244517
994586
-319105
-915722
405269
889890
-475997
-859551
603440
808813
-689108
-735045
723533
663139
-805526
-578939
835724
449163
-902533
-359074
943091
326649
-932403
-183027
1003360
44179
-955529
-7055
957390
-57231
-977559
179428
960272
-269889
-811600
359872
798603
-440225
-772798
425943
703619
-470445
-648087
533326
556891
-645071
-523717
592295
458028
-594549
-324294
688592
241674
-597856
-186805
580759
167295
-642541
-14457
622005
11152
-559997
80377
547662
-120572
-539507
116028
462035
-188206
-422847
226457
386999
-223976
-339063
312943
290649
-289626
-253951
310741
203916
-301352
-96309
348586
143669
-314755
-70334
385740
113705
-334954
46619
348368
-22758
-287423
-2535
284067
-79253
-256443
121804
253532
-90501
-293045
117806
177677
-119826
-217552
143946
178062
-153000
-145072
154941
148087
-125433
-153242
226372
85661
-144386
-107452
101573
18441
-131669
-61357
140234
28059
-132455
-14068
126432
-1671
-129423
-94864
185853
21740
-138238
28005
99549
65014
-207335
44814
135996
-45848
-164828
10562
120885
-36638
-204409
99263
122129
-103014
-105442
-53840
82898
-84548
-108840
137104
61802
-78565
-73525
137111
97128
-120691
-23328
111102
73354
-97829
-24741
101261
6290
-101124
-51797
123258
38802
-174985
-219
130359
-2734
-158850
91119
93408
-68040
-175878
40652
80425
-2099
-108580
74654
110735
-22519
14339
72548
88844
-62756
-38109
95576
68065
-155683
-4855
111460
-15077
-50243
-37142
132244
21775
-132479
-29667
158169
23394
-136524
1598
117640
-45726
-91266
50492
138018
-96871
-75377
32767
90007
-62152
-55113
24797
46738
-70611
-122160
81221
-37135
-67313
-61657
111774
24064
-120701
2296
58321
20449
-90954
18855
63948
-13498
-113325
-2614
109536
23040
-88001
-3940
103856
-38057
-58952
90988
-18698
-60572
-34348
33215
85511
-64863
-24835
86120
47465
-84112
-34760
62012
5807
-101521
-16708
79270
33802
-73936
44141
51811
-11094
-58881
17794
94393
16765
-80098
58601
113241
-97695
-7774
77499
61436
-79964
-59140
71865
-7594
-112564
38306
56922
43713
-105701
-27408
30927
-1451
-85144
46713
123600
31571
-84954
34536
25738
-22157
-42514
25424
98568
-47398
-19043
26305
46704
-27447
-61072
59619
31313
-48097
-37954
52952
-10891
-99600
-17312
94367
35583
-118951
40705
87651
-2657
-92376
-21272
50081
5753
-36097
32847
-3756
35084
-58143
70153
-14062
-81633
-29644
77978
34287
-10431
19857
31120
67981
-49513
-34552
87968
3998
-42983
25145
72327
-39711
4512
695
47010
-12818
-75173
34698
90453
-23087
-68946
-10904
50716
-1646
-40476
14085
83427
-22321
-89654
39250
45898
-70620
-76607
19955
12790
-88044
-31840
56311
58470
27317
-69168
97001
43362
-71156
-54994
16882
48958
-77906
-79412
53588
-23959
-44153
-4620
79677
47130
-54559
-49000
88069
-69104
-47085
66153
83740
9315
-56907
-3567
85606
-7828
-46658
52586
45020
7997
-23176
80309
17495
-9641
-33709
42805
-20786
-42787
41607
54056
25499
-24316
20360
75729
-34488
-157329
-81571
-21233
11738
-16346
-3190
83673
-825
-30215
15692
54027
-97409
-60486
-9485
82263
-19010
-12908
69888
14849
-56676
641
44841
8069
-17807
-14543
39189
-7014
-54571
-39658
62502
-75083
6742
15142
68776
-5635
-60348
-12378
17318
-26482
-54033
46848
31327
-20299
-80038
53265
96863
1726
3063
42552
32486
2379
11495
30797
31916
-20143
18714
30553
57099
-54971
-27031
27582
9455
43
60386
37699
29780
-48792
-3437
39924
11909
-55027
37351
104695
-2830
-53288
-24652
38031
-8409
-18068
35660
40116
-29266
1550
87267
16664
-25794
13747
27404
-41036
19735
-38266
17604
58622
-47025
-20398
15927
-24650
-26260
-1524
68507
-5581
-100550
-15053
26026
16058
-63792
6353
52691
-44510
-49946
58498
38242
30336
-3599
38047
23411
-40628
27170
52698
7817
-30315
-13589
61439
33299
-21957
-43618
14666
38301
-53681
-19307
-6440
-37126
-101678
-1069
-11276
-66144
-77001
-31442
59236
12883
-29796
38189
39167
-13888
-5107
69154
10560
-57111
-1239
33864
2137
-33001
38841
54335
65503
-25095
-1218
59217
-1571
-34366
-62078
127091
29870
10266
46945
18237
37639
-10762
52053
11512
68611
-20994
-3568
130482
-79938
-664
1431
27959
6423
-19682
44936
12230
39059
-9037
31837
40435
-19349
-11272
89394
10363
9594
-8232
20895
1579
16792
-10907
54140
79575
-51605
10407
55654
-23633
81
-4665
-10699
-55240
-29078
19622
-8273
-22777
-96050
37532
-70643
26105
3252
53982
8013
-5472
-13504
13465
13955
-3876
12700
60658
-13058
-33833
63652
40402
485
-20096
3170
-19384
-34529
-14796
-57438
-33064
-10607
-70280
52396
46665
-38345
21807
30722
-2048
-31246
13723
22481
36567
34017
15937
2194
-34031
20527
-9287
40769
-28166
-20872
-24063
26941
45406
-57575
-27220
41679
35759
7515
-47385
12686
-24716
-99380
63731
36279
16626
12388
27237
53488
8825
-92097
50275
-18209
-37644
-10094
21625
67728
-25736
-14390
36393
32227
-417
25401
-5143
-37768
-17887
-33388
46106
1496
-20083
19385
3611
-19640
-33310
-44445
35577
51562
-67587
-38458
-4185
-63904
-81272
30593
1730
-56335
-30969
17511
-23804
-15537
16388
34407
49549
-23819
47492
42962
-23115
-3193
50069
70591
-14882
-34538
38366
-18087
6238
-20501
28160
65149
27803
-12424
5607
54758
7727
25374
-20964
61996
44074
698
28020
59364
-49193
45956
12884
36080
12309
6237
41267
5742
-30946
28995
-4
-17640
-938
-40066
64979
-17032
9808
-35245
50168
4245
-17177
-11452
26749
-298
-42556
73850
-35852
-9667
11515
4365
1614
42921
-16281
37851
10794
-28759
8211
-9989
-22741
-29374
-38102
46946
9226
8251
15568
-15657
-52770
-60991
22086
25907
-23808
-7283
30065
29597
-43960
-27139
-60036
-12711
-27645
22176
39507
34519
20937
19674
3301
-9502
-34268
-15503
-8723
922
-56852
-9294
6141
-60478
53155
-3946
-21199
-1687
-33742
57706
-6642
-33628
-26617
36803
99640
23381
-10439
-21326
56701
-55805
38889
19987
9460
-40710
-38716
-53106
59497
39330
-27233
25277
25871
46840
-45450
90218
-35010
4193
-25788
33748
19616
-1876
8405
54905
59831
36442
68570
26481
-26272
37687
-25697
25195
-17230
-59547
-26931
-22333
-12648
-29015
-3401
34060
2332
-42226
14713
6162
-20717
-48834
-37812
21229
-11918
-52276
-31714
40996
47346
-3298
11505
-43479
-61819
-13995
25765
-5274
