#SpinCore Technologies, Inc.
#SF in MHz
#SW in Hz

[HEADER]
@CLASS=	RADIOPROCESSOR
@FIRMWARE= 3087
@SPINAPI= 20130917_x86_64
@POINTS= 600
@SF= 0.000000
@SW= 30000.000000

[DATA]
-52632
236873
46776
-197880
-11315
212452
87103
-232502
-36934
181573
152618
-170051
-38113
153906
104263
-137674
-240408
167990
155643
-90513
-180673
111166
169207
-124286
-205314
49111
163301
-73177
-261255
34660
171600
19503
-196960
-76842
216683
88012
-211712
-80803
199953
135854
-175813
-169172
149043
110143
-153065
-164564
158457
173917
-105353
-209792
139114
267082
-122156
-207408
69668
292288
-49375
-198395
-25300
248647
-17031
-207715
-67710
310757
58988
-239493
-123338
213818
113509
-199550
-164203
188818
161061
-227642
-146010
149080
218846
-185881
-246994
147674
260591
-93753
-215388
80049
271937
-16512
-293925
21445
311700
32153
-290114
-53177
247160
20467
-254267
-104348
228160
188580
-259793
-90915
233594
153330
-187578
-206967
223522
238932
-149422
-262625
90305
245696
-75757
-257608
98366
292467
-55105
-226934
67926
301499
65307
-289555
-80650
311088
124994
-280797
-84736
235446
169720
-217416
-188809
261455
186006
-234897
-282709
181687
223639
-205888
-272479
146707
308138
-107261
-289381
87969
309067
-92988
-293545
48485
371478
-7795
-347145
25261
310985
61658
-335604
-53895
252037
126142
-260923
-162272
272971
231056
-284902
-254518
225536
243660
-150395
-306978
204546
235711
-114000
-370414
59532
380274
-84968
-404462
73042
403431
18803
-343337
-37737
358108
92011
-437912
-168925
303681
116262
-365744
-177471
323485
202360
-259758
-292561
269053
264148
-277876
-355565
165381
437297
-187011
-381470
65945
394363
-43849
-378348
75496
346169
-8277
-384708
58660
409289
68991
-460286
-78625
375425
155164
-333683
-175492
339862
287456
-335709
-296228
247664
327247
-245840
-336342
183102
381378
-145062
-330383
122674
399667
-92425
-351710
54323
519558
7692
-384730
-87184
491552
57832
-385947
-86465
426597
171613
-409272
-253119
396108
288153
-358976
-331244
368936
404151
-319640
-419672
161133
400337
-207498
-411827
238091
418789
-84486
-491819
48188
471801
-38818
-440083
-2507
448242
58729
-491847
-187328
498513
247040
-398222
-247772
428512
336908
-402869
-322073
249387
401281
-269883
-479051
309641
477934
-186673
-451121
149261
481671
-122809
-544995
77173
498260
24783
-537137
-74237
495308
95028
-517903
-186660
460115
197157
-520007
-222257
440375
390971
-467639
-455590
405224
432340
-382401
-491621
346510
536239
-300682
-510337
190772
557176
-164660
-565248
41424
656507
-16287
-645395
-51105
606135
125152
-573105
-256197
558591
262772
-483822
-326692
496567
371997
-400121
-371275
362881
430027
-358486
-534651
339390
524254
-237775
-550668
203710
608013
-25514
-618587
49349
644963
32091
-621558
-94660
613139
125051
-679783
-196097
664611
268165
-598350
-383477
479576
377482
-494956
-440050
450605
504467
-397564
-629335
383588
662078
-266214
-651925
248691
734859
-149569
-724681
183442
708723
-55088
-751042
-7261
761480
137295
-705795
-188048
671093
315834
-655163
-288011
595427
475803
-566279
-556092
452719
542056
-430202
-563640
397301
632518
-243737
-683114
262477
830490
-197702
-755589
93400
785560
38289
-757220
-43212
821200
169462
-824256
-249870
733035
351367
-732849
-441673
735794
548910
-640398
-576496
589548
692630
-525667
-723633
491666
811736
-412641
-872095
365542
811713
-224467
-841324
113610
920540
-62885
-936891
-27399
881146
154529
-956462
-276474
853092
351011
-840767
-470338
745736
546542
-702105
-577341
640010
744998
-553669
-741659
432293
892043
-300687
-953096
325125
887242
-167363
-1028238
84340
995468
44648
-1017099
-114911
1008065
226435
-1003065
-392537
976303
499119
-972901
-557557
912800
736985
-836949
-759829
748125
872293
-733252
-913689
640593
1090673
-453520
-1093537
371794
1078850
-214259
-1097522
167844
1200476
-35000
-1232403
-105880
1150617
303233
-1144245
-347043
1143328
492043
-1040737
-550966
1026885
738423
-885860
-846123
855665
963979
-672134
-1066571
630733
1067092
-511986
-1227308
333070
1239265
-227453
-1307188
81120
1234008
21376
-1359183
-184099
1390634
370234
-1334867
-514481
1361676
663523
-1312118
-763211
1195043
1071883
-1155071
-1109184
973610
1162299
-979885
-1255942
814914
1381546
-675264
-1491515
479907
1482739
-400469
-1565970
169403
1576340
3305
-1563160
-158672
1610059
317900
-1545406
-527022
1488728
652790
-1454131
-777673
1351115
999315
-1199135
-1109047
1114659
1247647
-1001669
-1343475
798447
1519288
-725593
-1572514
572092
1691941
-370132
-1687479
147522
1707843
66650
-1765140
-230087
1803279
380426
-1751806
-559697
1668837
804666
-1632913
-952415
1473893
1048684
-1438768
-1205677
1302243
1408841
-1124199
-1435689
1065439
1544395
-877574
-1584466
681308
1665677
-508257
-1744900
300711
1751389
-158753
-1739421
-8404
1721752
254127
-1735731
-427672
1673972
582570
-1528299
-739362
1451766
926259
-1270329
-1018484
1196077
1173534
-991723
-1260912
950470
1406811
-785055
-1447765
626774
1475041
-399120
-1496225
215937
1593798
-86823
-1554557
-40158
1530277
246436
-1494918
-355536
1433130
543133
-1401513
-691976
1333161
834186
-1258711
-917691
1103278
1021424
-1013475
-1183057
882258
1188375
-798850
-1257167
602178
1319331
-432762
-1357444
316078
1383303
-197059
-1346169
-7799
1310610
165707
-1320707
-246806
1261556
490412
-1164432
-618185
1116763
682755
-1038977
-810751
886069
853485
-894984
-924344
735667
965140
-516400
-1022889
445540
1078459
-282719
-1134327
181693
1137886
-34812
-1166550
-56577
1209044
180241
-1107383
-319895
1101835
475935
-1103291
-530392
966054
643962
-874868
-698100
831464
756956
-760510
-888688
667663
953944
-519580
-954000
401973
979034
-329832
-961782
262737
1033333
-110416
-1003992
-15845
1038919
150815
-959206
-164795
957374
318772
-910585
-454563
836611
540050
-714451
-520765
649277
717081
-600759
-777607
510927
811222
-431208
-781889
367627
862469
-267275
-872726
90939
899863
-68088
-914678
-84178
792644
178604
-874120
-281078
826682
269163
-817335
-397992
779502
483951
-690703
-540715
655076
635322
-549175
-721653
453998
695054
-403578
-704392
407988
790269
-237325
-791146
197066
789723
-75592
-794336
-31902
746093
109350
-679133
-183697
701014
285621
-700609
-329005
683861
352516
-573134
-430122
560084
499155
-431196
-568418
423861
625879
-327061
-652624
291921
676952
-198948
-641708
79728
746804
-35657
-766503
-64884
685195
115361
-708129
-278639
676170
256723
-663575
-347110
576489
370360
-563985
-445534
539646
555056
-457296
-575082
394106
595482
-355669
-577788
284343
629201
-194875
-655534
114785
630053
-43183
-614268
-42498
624793
94524
-568156
-197666
589926
229183
-553245
-282831
555078
338961
-475051
-380620
478495
427561
-389272
-484466
280143
552854
-251041
-463872
254720
576511
-108887
-607349
137709
662876
-76712
-596857
53673
578617
62078
-611791
-155362
581951
112717
-568668
-294448
465549
302799
-454256
-377247
393682
401291
-367316
-485274
384540
509020
-286127
-462244
191443
509078
-161395
-514964
87032
499248
-98431
-458099
-67538
509206
101874
-591962
-85329
480570
101223
-360248
-204442
395493
284236
-420136
-302135
360974
328318
-325402
-345772
303339
400499
-251268
-416899
167030
475814
-173378
-485552
42430
470778
-23919
-429784
-14178
501990
101982
-460797
-135209
424572
134501
-472407
-237277
443442
278645
-427738
-324421
342373
330084
-304195
-402492
254873
414380
-244384
-425683
265622
498689
-97338
-363812
98308
415688
-91219
-421373
31000
398356
24631
-399912
-82297
404362
111176
-361125
-162837
364554
156422
-342036
-290331
259573
265007
-306899
-301357
289508
320272
-182483
-346433
199788
359399
-129274
-367935
-14113
380505
-50140
-348427
-40238
418197
24487
-418550
-109895
342030
158590
-331183
-230058
369044
210974
-253959
-219387
255049
299606
-224476
-300693
235790
363995
-191248
-373138
183496
388264
-138006
-333860
56291
342578
-84620
-297442
47002
413617
75364
-343751
-49832
381056
66518
-336520
-109309
300045
165564
-296044
-216872
219095
257031
-259215
-275718
226739
272211
-192508
-247228
182119
315542
-93108
-288252
73559
353176
-6851
-306333
-24430
300576
74952
-305399
-42880
294552
101341
-297133
-161746
253451
170151
-256469
-194553
205494
264549
-221645
-242605
191852
306993
-215443
-273165
162642
282080
-151592
-259711
121992
319637
-39768
-256320
32447
312223
121528
-290818
-37225
316185
79334
-318217
-110906
194524
162918
-273890
-150261
183465
184692
-213430
-240883
130562
174027
-153988
-225264
72801
194697
-85597
-261859
67052
222776
-47570
-263076
36383
288373
22574
-253551
-45930
247855
80386
-232162
-84455
217642
195218
-144466
-140411
242432
163628
-226260
-225914
161289
212361
-138775
-151536
165874
157402
-119998
-222656
96964
236065
-57006
-214698
17948
249053
-12539
-284147
-44991
249576
11286
-154194
-21037
285861
44362
-193949
-114860
124216
129554
-184474
-137015
127606
147859
-172614
-251029
83516
235418
-127652
-210152
61582
237331
-8602
-247328
-33072
213743
49453
-231856
27938
220436
68159
-265226
-65057
219145
94040
-216599
-161413
203019
127802
-181638
-164207
128226
160506
-76159
-154147
184919
158592
-105222
-215254
51643
195041
-109476
-266949
-8249
168728
44494
-151806
-13237
265931
39737
