#SpinCore Technologies, Inc.
#SF in MHz
#SW in Hz

[HEADER]
@CLASS=	RADIOPROCESSOR
@FIRMWARE= 3087
@SPINAPI= 20130917_x86_64
@POINTS= 600
@SF= 0.000000
@SW= 30000.000000

[DATA]
64127
175590
-36065
-225281
-36895
175996
55042
-253865
-105126
209682
32986
-199119
-97706
156489
87948
-237835
-183670
162424
152374
-122449
-188396
145210
180601
-111995
-224557
126033
167654
-88650
-204751
128369
209706
-98858
-190943
37787
194560
-47421
-220631
-55541
248288
78309
-199695
-72886
222013
118421
-179024
-148727
222808
112474
-179481
-223980
95678
219168
-141636
-227566
98128
271971
-32576
-262781
104047
209896
-52484
-259474
-1128
197407
31199
-211436
-93077
268193
136538
-264425
-91379
268981
137758
-222446
-159358
202069
149988
-215547
-133707
201604
253111
-143107
-267808
147051
229945
-100884
-243943
129477
343404
-68010
-245513
2419
268528
-38172
-243713
-21896
259866
39487
-260111
-88617
280051
98877
-279150
-153057
238201
122450
-263194
-136312
166262
265364
-203634
-278568
113812
237944
-43676
-259773
45797
265543
-19752
-320934
9179
286795
60618
-301194
-58261
337811
129602
-262700
-120197
302070
195642
-253549
-173886
279167
224089
-246962
-252559
192267
283128
-160991
-286090
193169
279171
-142720
-325318
95172
315832
-8909
-322329
131224
319217
40366
-337695
-83297
360483
169597
-331625
-95600
293420
128725
-333890
-169243
303991
343187
-246662
-280989
196421
252756
-128511
-297431
73962
337473
-119766
-348816
62229
316294
-63674
-347676
-14905
387720
13330
-338635
-95289
307816
87196
-364423
-137673
323086
218864
-322955
-228679
275489
258414
-291947
-313208
202466
324801
-261706
-370399
177280
398534
-204962
-389924
153616
381939
-109794
-405689
14567
396787
-18439
-394239
-64680
437746
146778
-431031
-97865
368782
152240
-323154
-251714
319161
242331
-306184
-273691
277417
358985
-247019
-410347
170019
394975
-140805
-363570
139033
415696
-17153
-417017
-30338
466390
39103
-428266
-124665
459356
125833
-397459
-263951
476186
215349
-400878
-304273
356319
307590
-431850
-374571
296937
395050
-257993
-412182
269736
465616
-199544
-495367
125311
486119
-65443
-480258
64980
465593
12209
-504516
-34470
463829
152239
-474694
-202474
447998
283672
-480412
-255600
414847
359633
-323498
-449817
293555
378440
-194185
-507659
245476
511522
-149693
-421967
123794
532179
3855
-534420
-27288
541335
46393
-572365
-143009
569700
238953
-490814
-269456
487597
375791
-526320
-281418
470785
438925
-453999
-515061
316695
482954
-322609
-592310
248497
518379
-197616
-553478
231556
643520
-84153
-635460
-27485
688362
58399
-646187
-110176
502173
151821
-552387
-242887
521981
328221
-515039
-357332
514382
380514
-503238
-466165
379999
499983
-318226
-595347
235490
611081
-124439
-626955
156308
629287
-34940
-617495
-43530
708529
107424
-651037
-122454
588759
244236
-678478
-294301
661336
331928
-639867
-433843
511655
479925
-479213
-591433
463466
590074
-361364
-677755
234046
678383
-309961
-705444
187966
724058
-62905
-782165
34604
690652
124084
-700486
-185380
683122
273472
-684394
-391906
673298
412704
-575977
-460446
535140
484668
-477961
-544349
433118
642192
-324129
-669878
304423
735780
-166677
-807459
156321
749992
-21181
-844073
1805
879248
101702
-763608
-219775
799961
299622
-760455
-396448
733207
505785
-689243
-623990
641181
644532
-578918
-742667
566672
790399
-463324
-832775
403355
889213
-339085
-973879
169800
918178
-112229
-963908
34217
977121
91071
-935027
-255966
969419
274477
-840665
-444614
832756
496171
-790975
-601447
707470
677963
-625900
-820392
527246
870857
-455929
-917405
371313
999754
-251905
-1046216
147363
1093860
39958
-1156412
-103004
1140469
238727
-1135035
-351160
1089155
453514
-991945
-592487
919579
695141
-969821
-785779
895363
908113
-765298
-1009954
664501
1069265
-510189
-1120714
470728
1210856
-328090
-1204073
192779
1233309
-53765
-1237860
-54700
1298801
229080
-1168286
-360886
1117615
496014
-1185812
-646892
1058555
796787
-1040498
-835848
870099
1059820
-752822
-1171148
672224
1209098
-551439
-1295709
445823
1394635
-196637
-1398354
146093
1486413
51481
-1522988
-233265
1452553
416356
-1432562
-567181
1435674
677703
-1319414
-929945
1329405
992503
-1215938
-1191693
1067857
1331732
-983807
-1445150
863461
1605889
-681344
-1599621
571344
1707591
-439091
-1756779
194763
1922224
14531
-1815487
-182038
1788645
406604
-1760555
-597962
1684900
831031
-1659141
-958286
1572312
1228858
-1415857
-1368230
1298304
1472829
-1080917
-1672760
994240
1778059
-762182
-1996535
580802
1993288
-311842
-1974805
156774
2021888
31307
-2078967
-266367
2076308
530785
-2055642
-744170
2010800
934168
-1973631
-1152144
1839842
1325411
-1639455
-1487099
1540627
1682495
-1297706
-1807937
1183775
1914670
-905046
-2004432
778815
2018603
-618823
-2128105
368744
2078857
-77280
-2051189
-77115
1982994
309662
-1946660
-529470
1961993
780573
-1808083
-905096
1702449
1107328
-1592188
-1255123
1362282
1414412
-1139377
-1482411
1031215
1628244
-852179
-1674047
617142
1760226
-379597
-1756133
218220
1784345
-67928
-1763772
-133529
1752383
356210
-1731977
-452939
1661821
694635
-1563132
-762745
1448468
988121
-1302732
-1130079
1231419
1203123
-1069820
-1282168
892224
1391495
-796469
-1444286
619960
1426128
-420037
-1467242
275422
1484374
-80512
-1508243
-110320
1447976
168761
-1348389
-360211
1357800
498067
-1345263
-697632
1128890
748340
-1087683
-882169
947572
995120
-815110
-1128762
675069
1127093
-553252
-1225091
471656
1161617
-314162
-1230571
113144
1239077
-18335
-1189250
-236065
1207972
252837
-1162850
-439938
1166745
531916
-1106909
-634519
1040658
772819
-933941
-792505
788876
896454
-739537
-1007176
603775
1022168
-528684
-1071241
402061
1037348
-254099
-1051530
157216
1176180
-21391
-1055148
-73135
1021557
181326
-994417
-257477
1042188
413042
-937042
-596783
781707
583787
-760871
-755548
666042
809572
-476951
-816787
529707
851986
-371021
-885797
249457
973901
-182806
-918989
50398
916712
20262
-891618
-180601
911765
280329
-897673
-414836
855686
438738
-852100
-541107
778910
593497
-650240
-654866
598199
741286
-452617
-764231
410689
719707
-440487
-845962
314635
811811
-210043
-813546
102029
845975
-28934
-814743
-154033
775006
148154
-770291
-275067
739727
389860
-699209
-392379
597404
504404
-587723
-568625
478710
611896
-403339
-662470
338428
648888
-292306
-714740
126660
733942
-72294
-751851
34937
727126
95422
-741264
-189857
709210
123559
-674176
-259046
646357
373589
-677200
-427319
569049
483671
-531780
-541440
513809
508096
-401190
-591876
395039
607453
-314891
-648492
117204
625905
-108268
-660804
104686
664196
-27094
-667973
-115981
610540
145065
-610962
-197657
640149
307639
-546355
-457738
504154
423376
-449791
-382884
455615
519183
-290503
-490150
237156
558570
-212651
-574657
109995
614059
-67841
-626887
44377
556819
89146
-595286
-28966
540859
185389
-617511
-259212
507114
296100
-415385
-313216
523777
400429
-441409
-410982
330836
492067
-353333
-555203
268481
537011
-188737
-457349
197037
537908
-86805
-629955
4197
543195
42223
-563833
-113826
563704
181756
-513416
-151812
447992
235731
-405246
-308983
464194
354970
-322567
-446209
341217
425972
-302855
-438350
170233
452997
-156667
-467585
127561
511614
-25979
-482193
21901
470305
102574
-496915
-101548
484811
158347
-482967
-220357
449879
163529
-401769
-252617
360723
331062
-360136
-397913
273195
420138
-249950
-342290
267308
488361
-152753
-413577
138609
397919
-111059
-440189
40864
447023
15612
-448439
-12637
430453
120483
-382594
-192222
434410
167188
-338772
-313103
381508
227635
-330338
-316761
286554
333550
-247328
-279785
149245
382703
-128826
-308011
49648
388522
-43048
-365784
-17803
421041
78278
-386687
-104794
410024
81649
-400351
-176162
379616
220614
-372496
-264185
306555
277374
-256809
-254585
292839
262471
-144906
-352715
156660
303564
-94006
-394041
39499
384995
-31339
-315851
-61893
336599
16624
-427746
-82048
333473
80722
-299751
-158648
236445
216553
-272908
-223346
286928
281387
-240889
-218355
155482
190933
-185829
-358783
168223
360329
-123985
-309587
109910
275708
-7475
-294051
1874
309156
81090
-291525
-36534
271502
110525
-256620
-111786
341803
130476
-282664
-147964
174101
157725
-212794
-251193
189874
193393
-191999
-267305
173203
218885
-118326
-303846
90199
320268
-19756
-310466
17935
288861
68839
-280727
-59725
255067
135628
-269225
-148467
261933
95450
-207162
-173023
209063
228609
-206810
-179132
228091
218708
-189398
-270524
94534
227109
-114195
-263817
33162
322630
-6665
-255423
-10934
330307
37592
-254612
-42891
291497
99369
-228992
-67013
283884
127477
-222653
-192848
175748
215177
-184225
-247308
105787
182267
-80587
-202311
149769
255691
-129213
-260165
83690
239326
-22379
-213726
7910
271994
20021
-237896
-47747
223313
53001
-261722
-106959
246985
119478
-174441
-103484
187241
135208
-165998
-139497
107871
212539
-46495
-181741
58483
233090
-36798
-219067
28269
235383
580
-227767
-33780
259779
81977
-194621
-72104
216973
103269
-235710
-78595
158352
178691
-203434
-93981
209687
153972
-136317
-155224
170527
175510
-45023
-170166
82020
194279
-93033
-148457
32941
207377
-47192
-190447
-74901
208799
13591
-197672
-118202
220883
117374
-62125
-96623
190396
95701
