#SpinCore Technologies, Inc.
#SF in MHz
#SW in Hz

[HEADER]
@CLASS=	RADIOPROCESSOR
@FIRMWARE= 3087
@SPINAPI= 20130917_x86_64
@POINTS= 600
@SF= 0.000000
@SW= 30000.000000

[DATA]
-85673
128217
86572
-190758
-125347
182343
187583
-123800
-198964
134319
161318
-49595
-183468
63260
170104
-109933
-212058
55174
270635
-926
-181984
1707
167997
51526
-198522
-84078
227233
53486
-212765
-73630
202631
103683
-141908
-106722
165335
171999
-158494
-73329
148981
154385
-111157
-158723
176170
217357
-54891
-175870
56371
250009
20882
-188353
20614
245411
22753
-181711
37475
268737
69340
-150870
-146989
217634
152547
-131364
-139123
177377
160408
-148415
-192010
157365
233275
-38540
-226275
118073
262815
-72648
-289191
3301
212589
-46726
-249075
21822
304407
74593
-243151
-48938
235786
-21758
-190018
-11236
218295
70535
-215486
-222118
187338
216695
-140166
-218074
54587
140591
-138968
-217339
141894
224559
-90283
-227080
52832
212615
-74721
-280406
62806
254436
-53326
-238759
-16583
275511
85538
-276851
-115994
248490
135468
-222115
-156074
202412
172328
-153945
-182899
205962
219197
-113388
-236658
103570
265322
-152154
-243509
59236
248782
-54319
-264053
-20282
295072
10871
-283171
-9759
242493
12654
-215220
-67450
265769
50681
-237487
-115284
221033
179682
-200638
-175450
239476
210963
-152308
-287211
113487
286376
-142013
-328151
96660
259702
-69062
-322930
-10478
328397
15524
-225209
-29629
318177
52860
-286835
-112095
268021
110532
-267142
-162842
270547
178041
-220038
-210247
197763
279786
-204060
-258763
137253
246858
-186609
-256415
103243
309452
-81588
-351819
17332
366717
-91163
-359494
-4776
288519
54463
-315317
-123732
256731
109321
-346395
-114166
249253
198544
-290575
-254851
224613
208594
-246073
-306036
249898
274576
-139942
-260781
124888
379088
-95146
-318198
73342
369934
-30432
-331134
-53033
362458
142622
-288810
-93272
356029
110665
-296568
-155351
297813
231390
-327888
-225622
291299
300291
-223726
-280672
226872
371088
-285413
-341710
105367
327131
-97350
-348821
34791
384968
17485
-344528
-9274
383930
33674
-376834
-66623
322465
155134
-371639
-118464
363737
228874
-340947
-239073
297243
295087
-249584
-345842
255701
318900
-234686
-330879
208550
391732
-122734
-387967
176934
419615
-52772
-476768
-21536
411713
19964
-485916
-100430
407199
155937
-370185
-170549
368004
181957
-406766
-285752
313063
269904
-358831
-329758
301304
373846
-184640
-413852
228848
479274
-182065
-472714
158211
441897
-79131
-453262
67437
464546
-45975
-401393
-64948
476660
126246
-410461
-170125
492602
213145
-441809
-194780
381889
309026
-325588
-299468
273707
398430
-283646
-393303
189873
460765
-174743
-467632
120931
421487
-58247
-460216
23807
524042
30259
-497868
-92897
493588
130546
-470281
-209318
454517
222879
-383606
-306728
443958
381929
-405276
-282024
321625
446735
-322807
-446149
243698
462989
-220302
-501737
144715
476195
-77534
-543169
-15224
518639
-6083
-550976
-6929
489639
59186
-508100
-169745
557465
248246
-486354
-228444
445217
295228
-407202
-372750
312017
420331
-320932
-508192
287293
484303
-217932
-468836
108294
548542
-80709
-535236
42290
528800
-2071
-520769
-81308
544945
138783
-540137
-224984
572026
252069
-534842
-353634
467150
377639
-455614
-415691
438506
474090
-347251
-546120
333455
567162
-287264
-585026
213821
608350
-115293
-590850
113811
627597
-65726
-670407
-37068
617083
116382
-629300
-184685
569323
225267
-548848
-244491
492147
344387
-473249
-423936
365209
506582
-451332
-537942
302400
579811
-320923
-563964
243874
657817
-181907
-644568
109985
625652
440
-613135
-80951
670421
108447
-672289
-151984
653536
256348
-564839
-346331
487876
406539
-549160
-487943
489287
461731
-423234
-538763
397367
646872
-367347
-629754
247430
637995
-204193
-728755
150486
714788
-48172
-728757
-9740
663167
58094
-642890
-108170
623409
201279
-656574
-276380
561284
359911
-527578
-414721
502769
441515
-441963
-531929
374179
560634
-331631
-648148
284730
660667
-215858
-684344
125371
682388
-105571
-725663
-18068
706814
161952
-732555
-132169
725458
289459
-664421
-319622
617224
412165
-582356
-485687
539878
529264
-503806
-582832
396235
568669
-331554
-617886
342247
744632
-280685
-705822
167276
756303
-100403
-728885
-743
731424
45210
-687602
-120409
717496
203822
-773753
-324434
683004
362050
-602536
-405127
560432
481889
-537374
-508750
509300
633037
-397673
-616775
301615
729149
-229402
-680104
174716
710866
-89219
-775078
6484
741832
70648
-800300
-131259
704856
205646
-745056
-307713
674034
366880
-673896
-418670
603335
427393
-541098
-573249
456336
626713
-385314
-638191
372232
721383
-301345
-696742
205769
743549
-149154
-806782
59040
779023
3820
-721142
-130419
765312
146679
-734536
-290391
726339
346070
-641530
-362153
573779
484223
-578094
-535764
535096
578820
-364989
-670640
308697
649187
-239812
-652497
162247
766161
-126373
-756902
-24827
731929
115031
-731650
-153857
785639
147113
-690680
-254740
704179
324932
-632787
-423915
626393
494045
-558067
-521571
552659
544243
-503024
-648078
370264
715892
-289151
-623446
246281
657458
-179608
-716254
44297
750272
-47268
-712702
-113347
658739
145995
-760488
-205719
673136
315927
-619319
-335088
592071
434310
-565751
-468746
399414
559273
-399178
-580014
379750
557595
-258357
-629854
213575
641360
-175895
-677965
72002
659343
48691
-727900
-119516
673438
176165
-664190
-221105
683363
276303
-602989
-306136
563410
413086
-566252
-403482
424667
481086
-486189
-569525
348634
561627
-284797
-561304
170262
642430
-184957
-641165
71254
575413
-83336
-590522
3903
678948
63447
-604884
-107088
579316
165485
-599424
-303218
533860
318362
-449761
-352423
443361
407534
-348049
-501796
317697
484548
-278057
-540713
250777
593286
-122893
-567380
84742
553888
-41010
-625431
7450
632217
57150
-610595
-110241
521027
237618
-553772
-324562
500331
364260
-460250
-353901
425144
467402
-376574
-462226
391346
462065
-285195
-465690
220354
521422
-210067
-535555
121104
601938
-84510
-574143
2906
546357
34354
-502769
-175963
569931
168407
-547497
-170148
486977
281758
-434561
-352937
446471
364598
-398343
-400149
341723
454211
-247218
-468240
177700
526188
-138143
-537278
57957
502364
-2172
-526584
-18840
503071
-46316
-478810
-82924
492880
114179
-561979
-194554
441708
277056
-410107
-297794
402279
378911
-302636
-352615
339840
418963
-279615
-466514
237446
424534
-194559
-410507
130063
466219
-89934
-459298
-25044
485286
30668
-486641
-61334
508583
121013
-440079
-180839
424312
208676
-394177
-316827
384027
268092
-388832
-366603
384494
381683
-304906
-350334
243040
461853
-165463
-485729
160287
395599
-95847
-447561
48109
513096
54105
-458764
-2446
445277
114055
-498534
-142042
448313
188134
-424515
-267685
322880
265768
-335904
-338775
334751
416739
-255789
-374958
152105
324674
-135937
-385410
111214
400143
-88697
-448110
51024
385591
-19257
-331720
-11114
379061
110632
-392025
-164416
383493
188246
-285914
-170443
327695
240977
-246539
-239259
243347
335555
-230059
-287334
155327
310616
-156702
-379710
123982
399760
-75545
-424662
68815
420467
58489
-384311
-16403
366197
161770
-329129
-74759
462181
102481
-296852
-213925
295195
247502
-316526
-228497
205400
310386
-200990
-290701
207599
300308
-170013
-325215
145464
346643
-84360
-391187
91128
355018
-54305
-328567
-31737
337198
23728
-325023
-115105
266889
73876
-368807
-163480
321376
163112
-253676
-248380
258883
189776
-200745
-288693
174992
298022
-159918
-317308
122228
344463
-35678
-283657
75313
312290
-27907
-311374
2425
277533
57303
-304443
-74703
302391
107020
-312582
-185887
240749
202134
-267416
-192443
261774
243038
-229739
-316129
188326
251793
-151209
-263316
81759
264727
-112392
-286933
34013
269363
-12362
-256619
3915
254281
46670
-260411
-26783
380908
95930
-279314
-138227
192375
147246
-207849
-104738
204918
174800
-104566
-193886
166601
188819
-106985
-245042
18343
244809
-8098
-289664
91745
319774
-10960
-268790
7161
283276
-12937
-260834
-53316
326580
65868
-241129
-80810
277599
107557
-235392
-203175
140523
213666
-212803
-191813
118950
190860
-109153
-200154
147526
267525
-105391
-274065
29937
181802
-35805
-287515
8838
272511
-16832
-240413
-6492
217035
41490
-178697
-122912
254078
158422
-173060
-156051
197136
115052
-209723
-178381
155876
163018
-114196
-180774
54381
233632
-62637
-300251
31783
190112
-24641
-187581
16690
249382
-69615
-222198
-24179
243812
84090
-258776
-92689
246556
122309
-235425
-131148
164851
188708
-126525
-157257
141506
190282
-174180
-130866
111684
161155
-103165
-223601
58232
185605
-1072
-183223
-6331
195394
-25362
-204926
-12215
231871
89780
-108550
-58646
154526
56007
-224850
-136189
155242
149661
-186327
-132159
99605
111548
-142626
-84888
68594
226280
-94423
-162513
85576
210710
-16000
-178870
35218
206214
22599
-271755
-40011
162970
96115
-208098
-86591
157907
86772
-220603
-104720
211329
131208
-182534
-42216
134854
104753
-68274
-120941
101462
163264
-123731
-139584
64372
235583
-131335
-205711
-1713
145168
-47325
