#SpinCore Technologies, Inc.
#SF in MHz
#SW in Hz

[HEADER]
@CLASS=	RADIOPROCESSOR
@FIRMWARE= 3087
@SPINAPI= 20130917_x86_64
@POINTS= 600
@SF= 0.000000
@SW= 30000.000000

[DATA]
-76735
218757
75677
-227476
-12218
201271
94418
-185975
-131543
171993
20051
-193401
-92135
153685
162070
-99189
-189871
146071
204711
-127854
-161325
152240
196063
-80371
-220566
27160
223727
-60402
-232671
2712
255891
20459
-268603
-32645
265995
41201
-244705
-117442
210548
113457
-229475
-151745
147560
129426
-213235
-171899
187389
94748
-118862
-144813
87856
235216
-109249
-206403
6253
222120
-114571
-236727
29881
227614
17477
-188764
-42377
250959
143297
-253448
-74645
247784
124484
-262051
-154510
265944
147653
-148185
-159146
196214
199005
-87444
-293112
112170
303077
-118282
-205079
68064
285269
-45568
-224166
-33473
218086
-1154
-276000
-75135
278567
63652
-305113
-67963
295333
92210
-223593
-168346
306732
149783
-212557
-252120
189256
210650
-136198
-278809
168538
257404
-110860
-279696
50005
268921
-49416
-307879
-57582
361422
-26591
-334998
-66609
289159
68816
-304654
-66912
280113
108706
-244253
-121541
248050
205206
-248908
-228673
228815
317758
-215891
-245938
156399
262294
-141855
-323282
99162
366406
-83877
-418757
-19349
332305
-52640
-344105
-30276
308661
5715
-344265
-91824
326908
115032
-293873
-139662
228719
250413
-242542
-225595
295164
283420
-225826
-330660
175247
361394
-113204
-383578
73214
332708
38860
-334792
77985
349821
-20778
-318965
5374
338520
92666
-335900
-62689
358546
173501
-313587
-224004
332257
274499
-243752
-320680
279145
297751
-242419
-360585
205452
302214
-216712
-363996
194237
349817
-17156
-391686
23125
458093
-12967
-424007
-11989
404502
89185
-398530
-135390
396891
129460
-369971
-235683
384555
215266
-301184
-308650
277388
301479
-335834
-309038
192037
365236
-113018
-351887
138320
431632
-131905
-433118
25749
444874
-10117
-476962
-54685
363302
80638
-454757
-177354
438133
118982
-411285
-225438
389605
265360
-422893
-375983
299161
364475
-274727
-391633
320019
470400
-133535
-485621
204078
450915
-131133
-498101
5988
538335
18934
-506476
-76409
475791
132290
-465181
-191932
441917
138428
-433953
-259172
403916
250197
-398853
-264735
399345
438979
-296510
-399944
241599
498113
-154781
-483883
162417
515731
-87553
-468872
62208
552486
21993
-559808
10177
545750
161892
-558876
-169094
542742
204717
-515822
-270619
533096
358946
-471988
-431337
431587
462254
-379347
-443683
284615
512023
-256023
-542798
227790
608219
-133837
-551878
63302
556127
3302
-618621
-28594
643350
77211
-551610
-197442
579680
269663
-528111
-294235
511982
302868
-472518
-388448
430763
416159
-376217
-535581
320493
584775
-268963
-594237
206947
607663
-171048
-711625
95688
642835
26489
-697669
-128892
801924
168208
-624835
-198586
706115
221025
-646269
-404391
553032
387653
-588994
-450615
510553
512748
-427415
-592638
413446
695562
-352342
-671143
270057
705375
-255410
-701165
101333
726967
-28267
-725163
-74878
794255
110007
-685370
-179064
670073
296445
-636450
-392273
622885
385287
-561083
-508609
494338
567312
-472731
-644067
428655
680534
-313219
-706008
195257
764999
-181750
-772516
34290
808818
-5777
-826575
-104187
868824
206712
-816293
-312078
795392
372813
-782669
-448537
752206
530691
-667211
-566859
626604
638478
-597475
-787212
501337
804159
-394405
-890941
337128
852011
-307785
-893777
107645
926055
-36295
-920450
-17001
926287
138913
-940418
-254144
873067
403471
-825665
-439819
802654
524863
-742574
-663634
653134
707511
-607015
-764592
476046
851576
-437610
-916190
317813
1011069
-193377
-964440
50842
1074721
53498
-1101370
-129385
1134251
234431
-992069
-390918
985431
543683
-963927
-551294
890964
737985
-926255
-781134
803759
918433
-734167
-944305
599692
1026212
-551151
-1156161
351350
1137989
-319993
-1184106
148420
1194601
5892
-1220372
-92525
1191569
250135
-1187857
-362187
1106582
503913
-1046740
-679826
996486
751720
-987981
-891225
871046
926100
-710448
-1063686
639894
1195060
-548006
-1282385
392896
1294756
-178172
-1362672
128224
1496862
62691
-1413735
-240331
1499633
448445
-1400035
-521006
1365742
696510
-1331120
-862142
1286323
1008393
-1138061
-1127238
1021611
1283597
-965745
-1344331
845206
1468137
-666952
-1596990
557941
1636615
-358723
-1659904
194470
1706060
-18636
-1699109
-141715
1676079
349415
-1603228
-559213
1594029
755188
-1470305
-930986
1443492
1078046
-1301219
-1187675
1208174
1424833
-1058721
-1516913
860854
1621574
-804375
-1754710
591446
1813084
-339953
-1876498
164402
1971876
35186
-1896705
-246812
1986648
488842
-1933949
-616151
1830647
802650
-1771844
-1039393
1660922
1228352
-1495979
-1397533
1441673
1507499
-1276231
-1660086
1141818
1744260
-955850
-1816918
681484
1831467
-557139
-1895519
398103
1860227
-155044
-1930269
-68817
1928130
290026
-1853815
-482986
1815962
659460
-1645481
-849722
1568833
1002143
-1453127
-1144154
1297629
1272811
-1124524
-1440314
1007763
1493167
-832169
-1565126
694115
1617811
-475882
-1679792
264408
1749502
-67430
-1658733
-110211
1735570
322348
-1560275
-438343
1569441
563217
-1561872
-790907
1432131
859480
-1302858
-986957
1233676
1069825
-1035507
-1169016
947214
1299452
-757745
-1327391
623266
1380228
-447051
-1422966
328427
1433788
-188263
-1440567
-10364
1392798
192814
-1389452
-329522
1232551
381927
-1207388
-554668
1137622
749286
-1052893
-824751
964151
945075
-828632
-965387
740612
1100830
-567077
-1131419
452941
1173128
-293990
-1230125
167632
1241307
-52533
-1252821
19011
1168925
272419
-1214199
-337068
1196656
466095
-1081942
-571869
1006386
665403
-942045
-738976
867803
894196
-777558
-906227
662146
920039
-564080
-955675
399642
1026911
-317144
-1051340
210250
1072244
-75408
-1070063
-38011
1054803
177316
-962553
-241342
1038302
365818
-883521
-422903
837358
547614
-790023
-672646
697988
779073
-580115
-778135
529664
797365
-468337
-881761
321251
901824
-189801
-916424
60142
920976
-63821
-880596
-110922
919629
206596
-936783
-243044
846827
403586
-802692
-460553
763180
497417
-656272
-628472
626745
678279
-561726
-699742
483199
764717
-455853
-729907
324118
779912
-243196
-832001
130483
815784
-86745
-809077
-21059
830405
140075
-733255
-177270
737132
285659
-679412
-341828
704188
380290
-631573
-525353
465708
511977
-468163
-649854
346630
640965
-333612
-714520
229384
682933
-171662
-709935
126298
736783
6499
-780476
-121770
687301
148149
-681298
-198187
678464
352802
-644645
-333339
614619
429214
-666019
-445506
488075
542636
-420921
-527007
362359
613972
-329378
-559989
267077
644655
-187986
-713413
111074
668542
-95698
-691096
-35171
637171
49653
-615462
-178975
590584
250555
-564849
-267715
567598
323453
-514434
-400168
395676
387845
-394452
-477280
340496
521637
-295214
-618272
168424
598244
-105818
-615907
85579
566247
-7561
-571093
-97242
523714
112946
-588938
-132835
510678
242915
-510108
-285738
477392
323024
-473653
-356890
375385
492446
-326326
-525210
349876
488214
-277623
-531326
189280
577655
-141217
-527780
119036
530868
638
-552238
-32989
532911
117747
-519222
-136445
506207
158433
-456171
-220189
440457
289607
-353420
-319459
323356
420736
-307922
-384027
277454
402341
-202828
-475059
160329
482071
-132721
-431430
118449
502105
-8516
-547219
-21655
465696
133171
-487417
-143221
484340
172818
-443399
-196618
393544
314908
-380640
-267143
296207
401721
-287479
-311241
358082
399088
-211359
-435111
183771
412962
-74466
-432435
116633
442989
-7961
-514123
-3109
429803
53281
-416988
-93453
392070
127236
-434164
-218299
331200
201513
-358607
-233295
322756
243279
-198652
-294715
245389
319974
-157837
-339663
213672
355761
-118692
-410764
62286
379888
-41928
-365862
-105131
468087
94396
-321569
-113290
372947
145558
-349586
-187365
367509
215692
-317965
-277747
279896
313433
-280487
-231525
262477
322759
-199831
-362679
105056
340050
-105265
-277250
75534
335179
-45439
-446663
22437
338012
28026
-376774
-100867
274887
125204
-370378
-139046
287351
218888
-292124
-246951
256766
196150
-221891
-237629
225509
283106
-129846
-317942
81764
265452
-112016
-270576
55931
335079
-49581
-323070
-65853
340269
47762
-280757
-101907
344005
89761
-250801
-155062
283106
106447
-251161
-245318
250893
276323
-258550
-293608
147970
286658
-220169
-280771
144628
277312
-124424
-361165
106942
345742
-18523
-300181
47871
313900
59915
-237121
-76827
289111
64427
-286949
-160461
257439
148319
-186074
-175450
193766
238619
-179823
-181936
184492
209721
-118318
-272413
149664
223863
-24726
-255517
-3766
243136
-51143
-193751
34346
289815
55422
-276732
-72294
235613
112633
-247253
-61098
269984
129036
-257357
-184835
190381
165985
-100713
-237363
151724
192780
-177318
-259599
168134
258216
-24771
-274569
37221
255965
-28861
-258162
-13974
234815
87856
-255977
-61839
201703
70491
-193830
-143406
191418
105375
-201478
-217684
150690
206598
-162529
-178199
155960
285227
-132309
-267235
65503
223500
-10980
-163441
40816
225563
-5070
-266641
-36750
225045
40404
-266366
-67968
252378
97979
-214754
-89259
148092
183480
-151296
-121834
200766
177887
-169859
-102577
92370
170710
-75002
-139752
121065
203029
-88750
-149250
44718
215544
-41680
-183438
-11968
168026
-224
-216657
-46849
218129
25817
