#SpinCore Technologies, Inc.
#SF in MHz
#SW in Hz

[HEADER]
@CLASS=	RADIOPROCESSOR
@FIRMWARE= 3087
@SPINAPI= 20130917_x86_64
@POINTS= 600
@SF= 0.000000
@SW= 30000.000000

[DATA]
45508
206908
-56423
-157765
-22719
191891
32560
-220110
-56606
220554
50656
-138765
-76738
129606
146015
-163867
-146264
123996
163964
-115376
-146916
89820
184434
-79665
-149668
86920
241839
-30516
-173428
21050
238760
-36482
-240984
34
164442
10497
-112643
-28460
236561
80932
-236249
-101327
176353
115409
-99686
-114429
174746
206671
-140224
-152700
150388
208468
-124436
-134830
123621
195656
-64459
-226039
23138
221444
-27884
-236361
-24971
237666
23691
-267692
-44238
214032
49027
-200857
-127951
200746
113205
-184640
-119057
177192
174222
-181239
-204470
199766
195068
-161358
-182219
111841
207668
-43303
-229629
64296
257466
2316
-315686
22261
252151
423
-227253
-64863
216134
173301
-234177
-111013
183820
76261
-220083
-93681
208893
183738
-239794
-210703
134456
209247
-134308
-229575
129971
272817
-91255
-236241
125275
210255
-11153
-241899
28784
260669
84622
-294613
-81128
285088
104258
-354199
-164633
264846
165162
-239314
-186418
264339
242753
-234238
-139440
159862
254419
-177472
-267016
125246
253272
-96477
-278813
153911
254183
-74828
-332800
21006
286087
13584
-278615
-59530
336674
67744
-321380
-144822
356763
184097
-265054
-176119
273306
216017
-231430
-214434
172725
264131
-222159
-288933
140147
335585
-66168
-304350
90437
304945
-27560
-334139
30130
343299
92567
-326021
-43485
336028
143797
-357292
-131050
322786
167699
-311705
-200572
285036
276387
-329503
-285026
242219
349796
-242520
-289129
228637
385701
-153270
-332691
91658
369968
-87371
-389243
15093
375298
7622
-380003
-87558
392643
89217
-369854
-132106
291702
174820
-356936
-122946
294928
315974
-245523
-285736
297534
284425
-233604
-380139
204268
422272
-166965
-341410
200894
416063
-50191
-448013
-2077
411161
64318
-472530
-89487
456878
185435
-445593
-178289
390492
201873
-358152
-287315
357997
312057
-395802
-389183
322422
365452
-264534
-371196
247378
430726
-185177
-461372
107320
455307
-30882
-464906
-24672
520116
-44756
-465287
-81085
492927
132124
-468050
-205544
412099
232408
-416320
-306418
423985
310310
-308253
-432664
324862
404090
-302583
-450342
199126
459284
-128458
-480359
177787
532256
-13997
-561769
2679
577778
101606
-541819
-135547
565119
201317
-519766
-201213
490963
286822
-471524
-340594
445506
373619
-396824
-416862
419444
490961
-298329
-540856
210184
492780
-241625
-571650
107161
573967
-90552
-602445
-4847
535623
34260
-535968
-98055
625925
173555
-582105
-220042
524169
330629
-463050
-351634
476646
446602
-411987
-486980
388831
516391
-300450
-572292
296991
587051
-191612
-584856
201742
624517
-40849
-680883
-38055
651122
82256
-709595
-153319
675484
313049
-669262
-254699
587995
342644
-596595
-449247
504935
501093
-502472
-596097
477219
592810
-355153
-653126
344634
691125
-198878
-752851
192454
768440
-159905
-683854
9633
780906
140397
-674136
-216449
772417
206893
-672949
-288509
639646
380109
-615890
-466506
540805
473665
-496925
-585817
467054
659736
-478337
-737856
334392
747310
-255835
-875193
136506
791399
-19816
-839701
-48020
888092
111534
-814874
-195260
858196
265802
-821810
-397635
768180
495425
-694612
-595310
658150
675236
-643911
-677739
565368
758338
-474627
-889973
427353
869567
-295349
-886294
177013
962055
-83169
-996993
16213
1000194
67319
-974658
-191150
984161
331635
-870771
-386932
867864
463875
-796412
-641917
746030
735371
-655843
-806768
596838
911043
-494458
-895541
394869
952888
-264963
-999658
83137
1034940
-43536
-1057787
-98343
1036364
138670
-1062806
-315746
1010236
525626
-1021349
-574403
998026
665980
-979073
-713144
854166
856236
-837716
-914885
667511
1085057
-640351
-1139358
526005
1164168
-390169
-1161765
264952
1305398
-74181
-1262085
-38284
1223216
221776
-1365137
-342310
1192640
515985
-1233412
-605496
1094860
701700
-1111013
-846227
900621
1028729
-836959
-1126991
761722
1205245
-600651
-1349905
512268
1397844
-256401
-1470226
157229
1461515
68515
-1494810
-181206
1535731
403656
-1483903
-570940
1495499
688263
-1428855
-846207
1354882
1105177
-1293680
-1191585
1228946
1311348
-1097071
-1482876
904543
1535964
-798025
-1671433
616955
1775654
-398484
-1814516
237217
1915052
-27726
-1928189
-152277
1856692
344784
-1829271
-605466
1788908
789748
-1644241
-1035699
1736946
1191319
-1469977
-1310024
1428001
1601561
-1192541
-1668198
996365
1864057
-824846
-1988775
618865
2050850
-398736
-2204958
128174
2185119
91517
-2141684
-255229
2178204
538376
-2167837
-681568
2063406
989502
-2002424
-1207107
1934290
1397748
-1812666
-1578700
1642316
1739046
-1413574
-1882102
1299894
2011780
-1118874
-2013700
881842
2094861
-581937
-2178285
397943
2233079
-216041
-2237487
-85156
2197204
307831
-2085753
-492892
2012172
747822
-1930734
-960032
1761236
1100245
-1612271
-1296941
1454214
1434086
-1229210
-1549523
1158447
1708146
-881802
-1768902
697010
1827252
-496662
-1886374
285010
1878311
-93864
-1936567
-69809
1848686
320598
-1786001
-521485
1723615
629366
-1654361
-793966
1503091
977392
-1389592
-1161976
1250332
1310844
-1168684
-1375221
996672
1405863
-842639
-1556131
674382
1515246
-451834
-1424914
331488
1488335
-118611
-1474123
-42997
1457896
208053
-1407964
-415373
1340303
500527
-1259168
-620737
1169831
736894
-1117350
-861742
939196
986471
-800204
-1066706
660970
1175636
-554834
-1153124
368470
1271584
-228856
-1279947
149273
1285304
25893
-1274860
-189526
1274346
252971
-1163027
-432934
1150315
475184
-1095572
-710228
1001720
717657
-975037
-825149
778104
922372
-659102
-938185
665202
1057368
-504163
-1066140
422095
1073024
-275446
-1117534
183158
1050784
-20806
-1079857
-139421
1070263
186066
-1001357
-280080
974663
385291
-865070
-513497
837564
571625
-787972
-698257
702700
778254
-550730
-836806
460394
866854
-305931
-830025
293250
909306
-135643
-998061
102017
920598
33109
-939264
-148040
886594
220609
-856308
-370865
787530
400273
-713452
-518190
747620
615281
-621362
-620683
608950
672209
-512190
-717281
463601
762781
-363075
-839270
274376
800644
-130051
-875258
93063
843307
-37487
-779375
-64153
824312
204258
-804064
-256600
733573
384849
-646534
-437818
658369
530266
-587162
-525566
498181
668235
-363654
-687946
376543
733266
-287259
-671866
237114
778185
-154648
-772201
37974
677229
6658
-717649
-98574
712182
214845
-698406
-314439
647327
366510
-545927
-400784
530209
454705
-553694
-487603
474794
579464
-492912
-613636
303309
604661
-258971
-630225
207284
710823
-152676
-635171
110839
704301
-18702
-686490
-83111
589323
151572
-589373
-314186
571350
280338
-479528
-363844
487815
384854
-494862
-464395
392867
460493
-324520
-505321
252316
629734
-208147
-581685
162886
608756
-72916
-582954
12058
619607
9841
-561729
-159878
525864
130105
-525902
-232113
512123
256695
-491953
-290814
446035
385886
-408166
-491231
366392
479186
-313880
-479916
303176
516383
-268863
-536806
155192
515301
-184640
-576113
45455
496181
5343
-551819
-52614
486140
133545
-471976
-264201
474108
202436
-430582
-337593
420020
299071
-360716
-427863
301472
354688
-199497
-425271
251023
453743
-154528
-470023
110575
538909
-111207
-485655
9501
477053
57533
-507975
-138653
438735
149631
-450667
-197195
455221
277078
-429655
-290026
314358
341112
-345555
-355370
325965
375481
-250987
-401210
197829
398319
-148084
-444283
87366
468522
-91577
-446528
-31515
426112
67835
-389404
-132498
404043
112961
-454771
-220370
322699
211985
-312953
-262905
292620
332992
-308705
-299150
204161
326330
-256918
-368581
137379
391824
-94550
-375046
67011
369317
-31979
-361560
-9443
438407
14097
-372182
-91309
420377
161299
-281583
-216811
351441
243049
-296819
-209439
302926
203941
-250697
-247594
264826
322802
-205488
-340558
143594
352909
-150355
-313056
145414
401375
-81729
-312301
13126
363739
50592
-354794
-100190
295238
109640
-365423
-109398
297058
136550
-350547
-225547
179347
228158
-222897
-246262
122873
265631
-120855
-247808
164183
264705
-133338
-313182
66403
335876
14627
-307317
-1397
322819
-11008
-316613
-103618
273286
69430
-342331
-116846
227724
195794
-253912
-164777
242247
224029
-257935
-194288
185675
224853
-196235
-271912
181951
247595
-111387
-235468
147411
254529
-85946
-282320
11251
275830
-10378
-302129
-14832
313509
39867
-229690
-70676
221971
128167
-266930
-170034
186005
186785
-163377
-190040
223230
259638
-165162
-191127
99177
232640
-91929
-294449
17211
286788
-39126
-240262
30972
281872
48514
-230525
-43974
227689
81859
-231251
-111802
264224
78225
-171905
-120920
157875
196034
-241238
-179530
166294
234564
-107423
-185409
69594
199720
-174232
-229285
45814
191354
-34225
-192959
50826
270584
-27223
-228612
-63315
164944
90810
-189699
-104170
172638
87976
-169011
-73546
163701
176864
-133509
-195726
140747
143722
-56204
-200200
102624
206990
-29011
-125939
90284
186613
22937
-197865
-30882
182432
-11767
-225453
-3932
195638
99836
-205652
-85243
209007
70734
-182297
-131416
165267
96635
-135161
-161112
125335
118125
-98757
-248821
94891
149675
-103956
-120061
153121
190464
-20846
-183313
-26861
206852
7100
-150095
-2509
172048
22660
-195695
-64245
117209
112506
