#SpinCore Technologies, Inc.
#SF in MHz
#SW in Hz

[HEADER]
@CLASS=	RADIOPROCESSOR
@FIRMWARE= 3087
@SPINAPI= 20130917_x86_64
@POINTS= 600
@SF= 0.000000
@SW= 30000.000000

[DATA]
-38040
229655
31577
-215540
-76238
174703
84349
-209627
-70144
171721
176661
-148075
-177058
137407
195327
-136190
-191091
98387
181462
-160364
-232532
71061
200923
-16841
-228277
-8455
161960
-15538
-247917
-43470
195043
42136
-242191
-50498
222224
11010
-184346
-111273
185994
151211
-159115
-137667
215134
199844
-129965
-195081
86398
253548
-65919
-204013
83034
211206
-81547
-234118
-5386
269580
-13513
-231899
-74327
211006
86960
-222161
-48112
168872
56648
-265368
-121646
203769
198752
-154781
-161059
187406
210080
-157414
-217806
108043
208066
-158882
-265781
114082
241904
289
-276880
26965
259732
-42862
-240336
-27272
256513
109591
-221385
-75479
242652
108628
-228531
-188697
212927
172759
-160758
-154148
112649
184273
-140232
-261848
202653
264840
-121673
-188664
96723
296216
-12600
-306990
54437
292856
-326
-274702
-66985
378817
34144
-268450
-69291
235929
143706
-315363
-157899
239720
216349
-171634
-222014
225932
287681
-208487
-260113
127444
325273
-159538
-273882
119044
295338
-93665
-311721
26231
300164
7722
-284743
-3951
285514
-20437
-241892
-49194
289290
67801
-233968
-161338
230730
224841
-257805
-185947
152019
271029
-242278
-220978
136882
277048
-76413
-326151
174092
283403
-82874
-262344
61876
320796
-32668
-331582
-22453
382837
78643
-324989
-110349
280082
94178
-274690
-178847
302775
229464
-305598
-281445
218768
270523
-232795
-355703
228931
324115
-177875
-305341
154709
336019
-149045
-326248
75766
350450
-618
-358485
6623
366383
-2383
-346392
-69917
422062
165663
-394911
-188978
347930
214463
-329320
-247492
263714
271577
-243073
-347056
174764
352655
-132812
-339812
155138
424828
-79986
-375765
26339
425452
10031
-420370
-130794
399090
77720
-414218
-86323
414592
138849
-375193
-214323
400109
282700
-351539
-332801
324459
373820
-312060
-378571
263471
359981
-272744
-437734
147157
423347
-137277
-446118
108307
549381
-80168
-400285
-13980
428762
84474
-458897
-84789
463518
161266
-363236
-257660
437053
195357
-356060
-228839
325580
335338
-288290
-349362
322406
432883
-255434
-439232
192962
448506
-169550
-520578
100346
536091
9121
-531464
-33997
490137
8077
-482201
-156875
473032
166610
-467996
-254989
460053
315860
-471612
-322215
470298
417478
-413170
-379415
341159
486726
-206913
-491111
158511
510181
-190160
-520215
127364
554104
-76311
-601988
-65095
517148
91723
-566034
-134259
575294
183031
-542397
-225607
501277
265464
-446278
-324152
418617
373234
-368591
-439164
316390
431505
-337683
-587928
256662
526920
-183607
-588835
154574
622442
-75120
-610462
206
561482
34639
-635697
-133045
606786
247593
-588225
-267359
508486
370891
-552074
-380959
495149
461376
-430768
-431484
463217
545570
-405780
-513921
348377
583960
-228361
-657543
249027
684174
-112260
-763956
20207
710473
11100
-671261
-64737
661716
194925
-622318
-190941
600491
301796
-588573
-450403
527831
444218
-549953
-476252
499112
627123
-356914
-539604
349668
638566
-206741
-678572
133011
703982
-116470
-757945
-20778
725196
68782
-782921
-153050
742571
232779
-792682
-293497
746966
398124
-694481
-429544
619478
456041
-569443
-619429
563121
690480
-468635
-715913
427884
773375
-286420
-774174
253193
809587
-210425
-837148
101855
875851
-5916
-812850
-58185
883487
214745
-852234
-289133
766041
377833
-760171
-474343
653615
523990
-691338
-579196
585542
742397
-462551
-761394
435505
801017
-282049
-863940
243145
934222
-106886
-909063
55987
960001
70122
-922111
-174698
891062
295204
-1004839
-393366
977892
479009
-876001
-596081
803301
675452
-760705
-731399
715205
895530
-553059
-896420
631089
903328
-367079
-963909
403622
1078715
-266328
-1085350
76613
1052985
27187
-1034262
-163698
1072582
293415
-987283
-428260
931653
490913
-967161
-651214
880233
715627
-808161
-779808
737222
886835
-602045
-941199
574889
1016065
-368220
-1059998
279139
1182251
-189593
-1247386
92438
1170309
74187
-1233047
-247890
1227782
338255
-1188240
-414178
1106036
560165
-1116522
-682301
1073464
821275
-925898
-961763
880836
1053439
-847622
-1073871
719490
1215768
-567072
-1244906
498900
1349356
-302665
-1356674
120876
1345042
-24916
-1366703
-174972
1353642
293067
-1301029
-393635
1266675
587374
-1226451
-678162
1095694
835538
-991595
-912941
988885
1028891
-833521
-1165209
729697
1223976
-598367
-1268432
406548
1361775
-291020
-1417215
107358
1475183
39472
-1454444
-168194
1428852
337221
-1390409
-496839
1329435
595490
-1314954
-749999
1194553
893235
-1178366
-1031515
1089467
1131857
-954134
-1162226
795833
1284396
-681323
-1309310
531747
1319101
-336421
-1442481
195073
1414683
-125067
-1410551
-32263
1419018
252014
-1336351
-317816
1301904
507520
-1212657
-601450
1159591
677929
-1055362
-891252
952084
1011417
-880878
-1065130
736727
1187382
-592932
-1237599
498320
1248926
-335047
-1270425
198201
1327351
-68921
-1384933
-71077
1319812
265708
-1277145
-376561
1294121
553251
-1218780
-656988
1127645
769165
-1103182
-819625
983798
918466
-879916
-977438
823030
1079523
-725040
-1095556
564180
1115294
-403560
-1164094
256337
1260290
-108219
-1171299
28614
1192312
107891
-1127092
-238013
1154842
366641
-1068041
-469966
987563
678396
-870203
-734162
833546
746412
-754719
-833873
552784
852432
-513387
-991740
445711
1024512
-327204
-1082636
174975
1085820
-97118
-1073715
-2421
1089137
144362
-1002285
-256453
1053523
380382
-951028
-445834
937979
619361
-855175
-660812
749673
715843
-688562
-820405
577965
845951
-489894
-922304
442415
911572
-268385
-953884
280149
934287
-135575
-967710
54517
933889
43619
-903783
-160524
906545
210222
-905953
-373858
784342
424857
-805941
-526037
689135
643016
-611314
-654820
533014
689937
-443004
-770688
353990
886579
-332356
-817210
171168
803564
-97724
-861422
14008
893983
106550
-829414
-163378
815210
260293
-752024
-323245
693336
434941
-663761
-445382
558536
543023
-551438
-636672
519375
666906
-420765
-694844
318017
724462
-257185
-791171
234743
749749
-141356
-716934
58217
765464
6866
-704528
-80363
719924
224491
-733777
-309108
667721
278351
-625993
-418540
570750
500447
-518647
-507972
395008
581203
-315533
-591218
266543
544892
-251457
-656587
122566
629243
-66299
-718761
2444
734984
28355
-650167
-127131
672334
199734
-628649
-282938
556186
342025
-442337
-393646
541511
483067
-509508
-478611
415435
493441
-368388
-578494
359464
524636
-250100
-621575
240186
638555
-92893
-633851
40716
604387
-50972
-619814
-96053
587843
162654
-500471
-210480
508014
232583
-510669
-332737
464002
374443
-373950
-359156
450480
422210
-276895
-492478
244773
545767
-204310
-576112
88385
578722
-52159
-524114
-4914
597344
45539
-597294
-132705
531046
149370
-539418
-235663
525170
298875
-468473
-301625
447941
397041
-333533
-436394
319272
449748
-286897
-420080
284578
511126
-241189
-521976
152116
506770
-74333
-442709
113829
505886
-59949
-477636
-34751
538255
73383
-438740
-138204
460870
199560
-409697
-274252
392286
288415
-382873
-327865
306534
391554
-225220
-413808
196060
405980
-192618
-387350
118176
453124
-11533
-485336
45475
416467
124845
-418744
-57466
480960
177704
-465729
-133628
443212
233175
-353174
-235876
400480
295691
-362169
-282101
310334
337951
-307921
-357959
179607
337107
-179869
-456050
102474
480140
-98447
-385970
67306
407472
-71406
-395775
4973
419733
35436
-404200
-126172
363793
96071
-412819
-234836
340279
237883
-242122
-175272
244887
324121
-250120
-265580
109934
327326
-194105
-319642
83335
358250
-161272
-361606
50878
390430
13917
-369849
-61103
383965
55668
-387497
-175499
373130
197190
-316709
-231864
346577
194169
-307573
-263022
237372
223416
-149653
-291652
194326
371393
-193277
-409498
130754
370693
-63613
-404061
61896
330033
4520
-307097
-21152
323556
958
-308398
-39903
261954
134632
-304713
-115570
279391
185281
-278266
-215209
245217
208689
-171100
-248394
164145
315619
-156937
-255012
80686
366730
-75745
-336250
10948
377944
-18679
-310766
29538
233327
9913
-298210
-82595
335447
82715
-258437
-61834
256941
119853
-252471
-271436
135750
169043
-224408
-184527
195562
259683
-140921
-276152
98286
246672
-115194
-301505
-1493
219837
-46336
-306089
54880
288436
12015
-320805
-97487
235216
99413
-267941
-105255
226109
109832
-234551
-182557
195173
247221
-165630
-269045
146120
189760
-88982
-193950
68157
218502
-63799
-226275
99860
242657
10427
-268424
-11207
228846
51177
-268082
-125489
266880
106640
-210651
-82313
190622
163545
-223490
-161543
161912
196165
-205119
-191195
189805
245015
-67439
-227424
193059
282896
-93622
-227090
35281
309438
-52474
-203290
-16492
278748
30668
-239742
-31135
233326
59164
-253183
-124902
206938
113317
-212815
-135019
179064
180013
-125692
-153761
106362
133708
-108555
-175490
3624
188334
-997
-187036
53877
235061
-76792
-246386
-32680
234418
25401
-195357
-41349
290906
15406
-232559
-160608
170261
75611
-184787
-118106
154191
153719
-114226
-127647
157802
172937
-90671
-195257
155465
123297
-83252
-191244
18178
145700
-101960
-159093
-1556
217631
-83
