#SpinCore Technologies, Inc.
#SF in MHz
#SW in Hz

[HEADER]
@CLASS=	RADIOPROCESSOR
@FIRMWARE= 3087
@SPINAPI= 20130917_x86_64
@POINTS= 600
@SF= 0.000000
@SW= 30000.000000

[DATA]
-51272
218573
123497
-209071
-91370
202911
191446
-205132
-95464
175097
162109
-185844
-154507
143849
232832
-100438
-156652
117281
234690
-67278
-219967
12373
207592
-47549
-240900
-27423
242605
40912
-224198
-28047
214402
35792
-240148
-116777
133619
205550
-239502
-118739
119414
189889
-66511
-146168
116964
225884
-127222
-217895
75430
263888
-45679
-258702
54117
266742
-64629
-264994
26743
224668
41907
-228910
-53709
193060
54379
-116000
-47265
222209
181807
-190336
-128606
169849
199397
-202635
-205867
155672
201623
-124678
-236142
99645
180928
-134967
-232370
85673
216037
-18718
-248410
32857
256627
54799
-285706
-79187
263910
43663
-217948
-125797
258541
123549
-266685
-160717
220141
203984
-211992
-229014
195233
225136
-137196
-296608
144074
258332
-91121
-271818
111544
274681
-19650
-329145
35198
254903
52781
-310470
-3488
251118
100655
-304404
-136640
265898
140853
-251023
-204623
283239
227949
-229836
-204902
219188
195442
-144276
-233497
179326
303895
-30259
-305416
87333
331013
-101897
-252651
-12026
366995
39928
-243177
-27939
307487
92327
-301254
-68061
198981
126967
-313579
-123125
291927
176191
-274024
-215607
200354
224862
-137973
-264698
206023
225409
-180294
-316397
157380
362867
-109554
-321777
83757
356571
-17094
-310065
-32271
335203
183971
-359339
-100503
340627
85389
-244292
-233008
320526
239671
-272797
-213754
217549
317913
-246467
-315640
222879
354754
-165682
-380205
140098
358460
-109090
-360451
54346
387606
-52638
-393098
-13533
342859
72524
-333155
-128612
335937
99647
-393189
-207615
263637
200597
-326816
-230352
298912
291060
-176697
-266473
188204
314021
-211208
-353879
192975
430289
-100048
-380411
59065
424672
26374
-426466
-79766
449143
108940
-357334
-196653
450978
167958
-402140
-196022
412208
262765
-331943
-334905
298317
289885
-267067
-429944
220190
426255
-194209
-383801
176697
468392
-147571
-384377
101871
490491
-30754
-441982
43863
405811
81610
-409573
-50004
411982
191402
-471074
-206902
387197
260645
-395550
-312322
327507
305889
-308206
-427724
198728
368250
-209338
-441905
152682
528075
-178057
-491578
75623
471229
-20946
-448795
-13931
473991
44632
-474748
-101637
512059
167110
-539899
-304285
462844
302016
-452316
-313410
427217
349247
-382715
-461497
302287
498794
-314307
-474890
211377
550276
-173047
-538410
130111
594579
-1436
-599545
10193
562544
22867
-534873
-110458
524175
149349
-535467
-265297
497708
352118
-422661
-450289
488770
437835
-366495
-387011
369844
472027
-296132
-529979
259450
543157
-220988
-563261
84699
672451
-44254
-624414
-62798
550392
52216
-567817
-163158
557799
227489
-529913
-329979
537283
382058
-494883
-437606
497375
481862
-486341
-478943
383188
555242
-304029
-566777
273022
652552
-222429
-622883
156672
658261
-77927
-616437
36897
609032
17032
-629063
-136830
661020
177496
-666144
-255738
620121
285582
-560057
-396957
553233
530903
-475603
-526020
429155
555760
-356921
-593523
302152
600992
-234561
-618051
157939
715550
-96109
-690049
6726
750104
94374
-731581
-129443
743436
245770
-727566
-356241
692853
428414
-645333
-484073
602264
497257
-537725
-558759
503174
643317
-459927
-722723
375333
767827
-291410
-765419
183595
828010
-112458
-819183
56060
797525
84923
-853128
-148555
758958
228659
-744547
-331718
720485
377319
-705255
-462441
633519
517858
-638999
-665461
533696
664004
-442818
-794909
384792
858725
-243271
-811330
167666
907729
-143798
-905718
26861
1004798
92160
-927185
-172545
923242
285684
-902384
-399659
841809
448939
-809431
-568012
762422
666826
-718676
-731122
618983
760470
-534132
-817407
446752
860518
-391610
-969416
321001
984841
-232385
-1026309
97412
1031887
17679
-988918
-159592
938277
243445
-967226
-371793
930089
451429
-938470
-560581
835325
668968
-811537
-779761
650126
878833
-544975
-948911
522968
949899
-403835
-974371
248776
1070826
-125550
-1089697
-8585
1110005
125952
-1098146
-183076
1165017
305466
-1052000
-400517
1071710
539026
-1021703
-648678
908140
771811
-888750
-868719
778906
1014735
-726654
-1010127
654208
1090077
-496356
-1156776
397004
1192589
-268967
-1210884
138369
1252522
24652
-1159930
-191315
1214141
212201
-1193785
-413107
1149478
523264
-1126536
-648243
975226
823707
-909474
-818070
855289
973198
-716560
-1014572
652122
1104675
-476239
-1117737
359555
1187182
-210230
-1228990
122370
1230469
16281
-1297175
-211527
1289108
252913
-1300735
-483198
1250491
549424
-1140877
-685378
1102791
826403
-1011752
-951288
913337
995273
-756251
-1036341
735395
1156328
-681001
-1132878
487690
1204081
-312939
-1254138
214300
1353205
-61493
-1291791
-45582
1291481
205841
-1261203
-329996
1161708
420475
-1078550
-543164
1078580
701178
-965436
-756735
963078
940480
-810087
-937759
674438
1017075
-587003
-1117758
396404
1227276
-266991
-1184426
173227
1148840
-8883
-1164719
-124875
1129142
189524
-1188608
-351118
1170112
515599
-1095519
-560380
1039404
614856
-934293
-745054
837195
838731
-862741
-958260
679994
1016734
-580911
-1001464
420074
1056213
-397766
-1095185
287429
1128189
-147072
-1102069
-26250
1069944
87513
-1031967
-286719
1108520
314291
-933123
-487253
972918
543787
-887061
-648868
803659
666188
-718393
-858817
618952
856229
-509160
-877401
384714
980506
-263220
-993298
182849
964467
-51339
-1023397
-1639
983244
166634
-955188
-253225
946418
350002
-844980
-422839
799448
504641
-784554
-647216
667262
641676
-709158
-754350
600893
781089
-457023
-835074
439703
818636
-335124
-876825
186377
939952
-176567
-901681
21068
935934
24355
-873839
-212178
819875
256900
-821187
-357892
741895
447593
-622110
-450440
689169
535131
-586536
-701029
508346
683653
-450974
-701438
321310
791392
-201866
-776488
96590
851336
-59262
-762544
-42104
790623
104467
-785387
-200932
806350
291490
-722209
-306798
757799
393704
-612724
-437948
630313
552877
-579681
-657819
511066
614258
-376894
-656450
361596
704418
-259643
-690881
211217
739233
-122557
-762474
22777
720310
23238
-697043
-130201
630465
213178
-665115
-343922
680061
354127
-555496
-351725
615007
460200
-509962
-479581
384159
579315
-325948
-601362
291044
605125
-221438
-630651
193385
666411
-79531
-668647
53935
657327
63029
-632619
-146681
681551
203817
-604081
-247810
605163
322044
-539500
-386912
466640
407563
-447132
-449783
462577
531703
-360314
-535587
366540
594709
-273396
-643942
171444
589474
-141654
-612904
72044
641531
35500
-528322
-79882
555915
150830
-558229
-138246
511002
257054
-505968
-304551
432978
332479
-421069
-408660
352507
437355
-261796
-442413
259363
449234
-183099
-548912
201175
584036
-92489
-538547
15481
522750
27807
-518258
-91871
505211
137205
-502338
-171808
515675
291347
-442896
-294720
507560
335879
-372063
-396242
386094
485962
-308303
-424297
295163
386725
-284149
-442725
109577
473615
-135654
-475235
98201
507598
-523
-490778
-27802
449773
109620
-492905
-163954
477950
144004
-457399
-252678
436877
319216
-374541
-324888
286052
348047
-281335
-341822
245116
393429
-221938
-432973
108661
423017
-82485
-448548
8627
429454
55541
-437981
-65153
452267
152303
-428933
-146216
399548
225483
-400036
-239029
363664
339502
-372534
-244528
304846
297883
-289646
-337253
230000
401892
-195552
-354386
156681
343000
-96076
-344957
30205
406635
-34976
-363935
-61282
408493
26447
-349107
-37614
360424
209901
-321185
-157747
352803
248424
-354008
-230264
218927
271110
-225598
-327803
227787
340452
-149136
-388403
137372
332630
-82095
-391275
-5039
305863
-48527
-395278
-207
347499
66810
-363290
-45521
342245
181430
-331596
-193967
294421
184676
-259095
-263664
291783
276533
-240002
-282907
280057
249244
-152222
-322282
89499
363866
-78668
-286416
103480
368914
-28232
-331494
43794
370398
60657
-349353
-59752
356200
124732
-340439
-124358
274806
239793
-227455
-167505
248237
232222
-249902
-256514
107303
270783
-198763
-259816
147727
323360
-40197
-301824
55846
309526
-1911
-361831
-56798
342607
27335
-372726
-68276
241031
58555
-242063
-65192
306566
200329
-233454
-285550
221100
284027
-158363
-202516
199471
288053
-202531
-251670
129773
255475
-40288
-294938
60970
253465
10842
-292676
22682
253687
-29348
-261149
-86427
324803
94152
-296114
-193088
155692
155752
-207616
-208725
188617
238363
-193700
-173263
212293
223779
-179715
-246003
85095
246083
24598
-247312
43531
268035
-12994
-203368
-43045
286747
-3293
-284147
-71884
220237
131630
-208827
-162929
139681
136951
-192761
-181153
181077
143865
-171925
-235740
177446
206913
-152713
-239628
94024
268867
-156630
-258579
81920
235651
-60461
-251148
-17945
242235
-29682
-239516
-89371
234338
79174
-205589
-60159
166189
55017
-190667
-185028
148885
173527
-113531
-109697
161772
180301
-82555
-175970
104852
218268
-106703
-169671
101637
204070
22014
-222247
4788
219806
5884
-249120
-36403
185233
107239
-257638
-105813
192268
108988
-145955
-170902
195296
113903
-118914
-144820
171719
144768
-127795
-175965
80156
175438
-92549
-192942
68574
188547
24221
-220493
32239
240478
43527
