#SpinCore Technologies, Inc.
#SF in MHz
#SW in Hz

[HEADER]
@CLASS=	RADIOPROCESSOR
@FIRMWARE= 3087
@SPINAPI= 20130917_x86_64
@POINTS= 600
@SF= 0.000000
@SW= 30000.000000

[DATA]
-160991
-226978
25466
302465
24670
-296318
-151995
272083
137796
-196909
-50808
244347
87976
-136163
-145284
99913
194300
-126416
-150478
140604
115832
-83299
-113912
42660
118412
-17088
-31675
-39092
65967
7190
-40857
-83383
-14527
22065
24824
14923
14850
-13761
157903
-20763
-73325
-70743
96144
90980
-88057
-97824
103278
116334
-20252
-139677
118137
180230
-49090
-218168
22819
171523
11150
-211588
-71473
213085
117359
-205081
-89075
198885
90085
-196638
-100373
241994
140174
-183213
-105858
175750
217610
-153804
-213573
72766
226108
-200218
-242441
68667
261694
-38980
-251745
359
292159
11978
-290083
-57563
259367
90913
-258125
-126676
265748
126765
-212828
-196554
155465
145197
-240748
-194345
215830
223159
-133028
-245086
166662
241959
-111765
-311718
25172
285264
-65576
-344528
41905
328742
40158
-352066
-5491
330986
97928
-293958
-136195
298679
194710
-314957
-191384
374467
282373
-301924
-232667
287361
280400
-202118
-353130
162852
373793
-180804
-394257
123885
384940
-66531
-315124
75722
386028
-20257
-371447
11212
417508
68836
-353104
-57814
361541
177777
-317730
-247010
361132
267762
-279357
-261309
344154
281132
-234505
-271752
237656
331630
-150685
-379244
252240
399248
-104675
-398608
99099
425358
-63963
-471045
31228
475025
53392
-479521
-82470
472701
212452
-425815
-187884
439205
204055
-416344
-271733
404156
327067
-333434
-347114
313451
420836
-327724
-454205
246862
454090
-212097
-447427
32040
499641
-53125
-487052
30377
439997
51088
-503280
-100137
478125
148607
-414234
-198205
514037
219667
-442129
-257521
448867
345869
-331504
-403384
309280
415041
-311453
-417474
188765
439266
-152653
-584631
143978
529213
-73583
-556690
49124
563610
57482
-547931
-19743
612439
182763
-626500
-220887
505623
265271
-472157
-326399
512048
435661
-458645
-436485
396921
524746
-367054
-442701
324024
541302
-280328
-597420
205913
638321
-203256
-647035
34727
637017
-18053
-635630
-127500
620778
163954
-627353
-220090
583945
296299
-571883
-292727
564087
451144
-460074
-463125
512604
486621
-394800
-513846
370084
665382
-259464
-693601
244916
705894
-75476
-723645
12908
748818
73926
-700970
-154417
784539
166056
-734370
-230635
712464
382079
-669490
-378589
628029
485762
-529152
-556453
520095
616448
-504584
-656023
484410
824558
-337468
-731518
311567
770339
-226380
-809461
141513
865687
-94560
-823883
-19783
793066
170464
-718665
-226520
792100
366751
-654919
-373904
694194
484224
-597176
-637367
508894
647586
-563433
-726235
460737
815013
-345947
-748471
287521
823813
-115891
-873228
106552
853858
-19839
-886153
-98430
911259
230082
-902021
-359513
898447
375812
-832197
-456622
815626
557399
-699509
-629907
698044
685901
-614183
-787201
559706
866507
-499831
-895472
320857
929216
-244963
-982575
183158
1006054
-56478
-966678
-93119
988861
167883
-1047734
-284265
904552
347836
-913940
-453858
892833
642089
-844546
-694425
755596
826860
-672321
-860028
543745
956034
-492695
-1011043
379903
1032596
-274910
-1093002
149412
1154772
-14060
-1201723
-147120
1106466
242723
-1107157
-283432
1157534
463669
-1073810
-581066
1023695
740642
-995195
-740174
915043
948696
-841293
-982990
754423
1084681
-640088
-1234742
518232
1183814
-351617
-1267739
261697
1299720
-112697
-1354245
-77754
1280431
228605
-1234225
-308578
1291288
520149
-1236492
-618883
1131975
761743
-1046267
-840588
947333
1015523
-869594
-1085491
736040
1240354
-624824
-1282449
507857
1376264
-349424
-1467162
183318
1452398
-85300
-1495616
-131213
1462096
305453
-1532113
-548219
1499021
667427
-1463901
-817333
1294225
977614
-1301600
-1102574
1143403
1273803
-1032485
-1371155
993067
1480111
-820628
-1530436
657057
1660564
-424770
-1738866
357909
1783664
-125306
-1762941
-116943
1764131
284924
-1724066
-463609
1700269
672970
-1623131
-875788
1507431
1006504
-1390066
-1218549
1323689
1381939
-1181119
-1593194
973423
1654261
-787686
-1842204
581737
1962193
-354124
-1981694
191046
2072056
34879
-2079577
-291647
2070097
526161
-2092373
-758583
2093552
1010668
-1971906
-1299426
1974266
1415303
-1780151
-1698512
1606285
1854055
-1533685
-2058937
1236139
2192988
-1058198
-2309648
836831
2438557
-630119
-2545858
319672
2565109
-64290
-2555562
-193537
2604656
587445
-2613881
-809588
2526614
1111222
-2409358
-1446367
2305354
1626983
-2151564
-1914391
1955357
2208963
-1722938
-2356493
1473436
2575671
-1257064
-2727408
921476
2912914
-636128
-3008538
281532
3145752
7406
-3141115
-394613
3071834
657888
-3105728
-1062504
3046441
1323142
-2858177
-1609725
2753713
1926930
-2591523
-2132156
2404975
2439377
-2140124
-2588613
1887114
2782132
-1560213
-2936430
1239307
3052264
-979944
-3062384
679136
3115334
-339094
-3079266
-47628
3070188
215588
-2939683
-611561
2842003
949544
-2726964
-1199386
2499714
1506038
-2378375
-1730611
2118319
1898429
-1934002
-2075948
1611562
2303944
-1373101
-2412226
1085114
2535236
-777031
-2592322
496636
2607359
-194767
-2607302
-26435
2598914
293056
-2523447
-595151
2411643
787215
-2372801
-1040205
2194351
1327015
-1973303
-1462603
1804097
1596786
-1668810
-1760692
1409458
1905993
-1258091
-1971776
973486
2031721
-727669
-2031502
496871
2128161
-297374
-2089678
63535
2066445
204105
-2014798
-439547
1875383
580392
-1825634
-786892
1692077
923916
-1547121
-1146785
1398003
1329598
-1253140
-1393995
1055313
1526026
-831222
-1543699
679817
1705382
-495534
-1749291
296803
1724514
-141783
-1729799
-72709
1705156
266076
-1728976
-468054
1643772
578028
-1568448
-739213
1462081
926539
-1334651
-1033443
1207940
1137482
-1118572
-1281080
940600
1457725
-850755
-1430797
640768
1459540
-538262
-1424834
339827
1513448
-189271
-1548468
-55269
1514746
121318
-1426376
-363277
1366406
461590
-1301722
-651341
1226434
711109
-1149529
-850824
1037724
908791
-858536
-1059479
762245
1202691
-620230
-1209691
488842
1270794
-352060
-1284586
219679
1302042
-66706
-1311393
-18802
1340487
192457
-1242695
-253327
1164695
479340
-1191153
-593441
1120893
701925
-923047
-793909
954433
840639
-808650
-911985
709658
984968
-611048
-1015505
457956
1150750
-371005
-1154272
302238
1139507
-86933
-1110499
-47257
1156977
184758
-1118329
-274190
1073173
327291
-967351
-446783
862602
518452
-906475
-647829
781028
756705
-708515
-781354
615239
844811
-551192
-922218
444726
961171
-303935
-922786
218280
952048
-72739
-1027741
-34555
977157
148892
-1003678
-288681
912470
324136
-910612
-427244
861252
569695
-775050
-653082
733078
635122
-675445
-761311
614527
767642
-535411
-803413
377074
891322
-325429
-910674
242755
899816
-129681
-857162
-46528
880052
11339
-842504
-116283
880592
256068
-835946
-336612
740770
394293
-726377
-453464
627188
575879
-573966
-574630
522951
636095
-442789
-711385
370507
764696
-201182
-774302
155931
826497
-61372
-813788
-1669
811034
103424
-817312
-146330
899461
208980
-798175
-392420
685380
395643
-623259
-488183
657498
455724
-600349
-593683
548649
615141
-425117
-639637
352417
685295
-238520
-693966
260075
682059
-49320
-747302
79495
681115
-10251
-686048
-99045
556975
175396
-650239
-317714
618164
302907
-609908
-402537
462016
480667
-507682
-514238
430478
511137
-326364
-516285
297749
572171
-238054
-591557
174329
594479
-34855
-707192
-35180
631344
82032
-724521
-112908
679864
187833
-600071
-202453
587737
208545
-579108
-362232
466857
436181
-412183
-427369
336452
452149
-409809
-397715
378720
551291
-250463
-556441
179167
521813
-162553
-547674
58729
568055
-16735
-525978
-77079
582027
100828
-553204
-135039
510092
232025
-448879
-239048
416738
254024
-406797
-362306
326700
366902
-325654
-425099
267089
438775
-181198
-516434
175992
497948
-162265
-501624
107883
544448
9104
-553490
-54011
505379
138306
-478049
-140811
484781
206473
-410981
-169333
410708
285820
-427555
-279348
316124
359516
-280634
-362150
229455
388138
-177157
-436079
221620
427748
-108690
-495834
102489
478366
-115906
-462672
17153
429745
65381
-475842
-80336
446376
145891
-362301
-217847
361451
205998
-307689
-276255
379345
297085
-288220
-310959
262792
398139
-205929
-341966
167482
396506
-154964
-415643
105347
411023
-74985
-345950
6561
366328
11259
-336803
-36705
363721
91952
-307981
-113138
352776
174112
-272413
-162342
280717
193132
-294170
-254939
218100
317598
-275955
-289096
250087
304755
-191121
-348562
133373
381986
-48764
-329904
32771
320578
-13868
-338870
55587
324059
55817
-331933
-118329
290604
108453
-284626
-141629
297926
171976
-281399
-163111
237810
199169
-213634
-197364
172713
218032
-195910
-282131
70302
324772
-100032
-283175
117888
287101
-29065
-277976
-28690
255823
10287
-321105
-34214
273774
80489
-292068
-91150
284176
113574
-273845
-192534
255820
223898
-276018
-174974
213175
223587
-122692
-152742
91622
237149
-122623
-284081
143968
264978
-117369
-210154
63250
276578
-34533
-248945
19113
200159
10614
-187346
-46927
310281
24472
-175776
-51327
298317
106446
-154949
-195007
186409
175139
-130641
-134805
182983
151197
-183853
-229550
206566
172658
-98844
-198646
129550
182238
-114788
-168612
70379
174644
-62613
-209149
-6347
179171
23133
-214469
-46953
173426
35503
-226855
-14942
213859
87822
-203536
-86927
170360
119601
-174389
-148623
118794
98117
-114213
