#SpinCore Technologies, Inc.
#SF in MHz
#SW in Hz

[HEADER]
@CLASS=	RADIOPROCESSOR
@FIRMWARE= 3087
@SPINAPI= 20130917_x86_64
@POINTS= 600
@SF= 0.000000
@SW= 30000.000000

[DATA]
-53897
221790
85515
-204422
-100479
181895
116471
-130645
-175524
145200
158464
-149268
-107051
108420
181243
-111768
-235712
49587
138757
-49145
-185282
36983
221521
-30671
-214793
49686
231900
24846
-146080
-50158
160573
101313
-243994
-56525
168136
82686
-184205
-125727
179372
91639
-171471
-129676
172971
166253
-77637
-182565
82998
182673
-28356
-279534
49254
212121
-62393
-237580
20022
187522
109515
-214963
-44073
255230
28845
-260677
-106453
229205
160421
-159825
-111300
195835
203554
-207257
-197982
167808
220083
-151704
-154351
159396
283156
-112517
-252639
85535
207528
-30025
-314963
2128
279366
-6324
-281998
-68285
309704
63430
-212840
-106002
246290
122200
-185212
-117239
202818
163127
-194680
-189946
135559
161703
-103812
-283396
92272
242361
-53984
-278021
137027
219419
-43245
-283605
-8017
255367
49666
-312121
-56931
364754
91570
-276574
-89308
198789
101677
-292492
-95822
240434
233244
-178190
-238162
164765
173825
-221429
-176924
151895
240789
-42305
-300137
124538
343299
-118634
-327624
17735
303974
-8174
-246182
-18397
296614
91298
-300775
3096
363254
165310
-352856
-159268
266676
127802
-241342
-220858
271311
159479
-199426
-240905
109204
265107
-65715
-312147
134628
299630
-33876
-316820
11137
332089
-51579
-325465
-30276
337236
83151
-361162
-99068
323370
124964
-280682
-178504
235760
186380
-257191
-214223
224842
217913
-236258
-247980
180957
369923
-170362
-314198
157351
256438
-94059
-360655
68776
380272
-23675
-375748
-16370
351348
55458
-373437
-10246
366808
134531
-393403
-118105
357437
219618
-248195
-225987
287651
281755
-220041
-347269
291481
367220
-194172
-379857
140341
303987
-153921
-372572
67722
387821
-69599
-402918
-5264
373364
69446
-415181
-70975
368499
173657
-387542
-169279
373580
273938
-404442
-294872
315174
301134
-301953
-386128
280123
370442
-203032
-381301
178182
328729
-116323
-413865
44477
465794
-32137
-395592
56432
442671
82980
-409816
-28804
441138
215481
-330381
-146080
391961
244720
-405706
-271801
303956
282060
-283936
-362530
265958
471449
-303555
-381930
133269
421625
-63815
-430000
16714
447726
14328
-479008
10883
486195
52788
-489822
-82119
515985
150214
-420546
-219784
486621
223278
-456563
-274960
407845
390922
-363286
-316471
337239
336697
-282389
-450015
203833
472786
-212961
-474500
118345
497511
-130676
-511353
-40487
504894
70008
-522284
-51895
433583
100107
-490550
-182084
479115
244994
-422833
-290415
376598
332469
-407479
-424908
322513
450684
-278735
-494979
188100
543988
-205279
-506006
158559
578618
-93218
-590222
43378
621361
26278
-599345
-7979
534075
199996
-578672
-223325
475591
315973
-459072
-306634
478125
376139
-443646
-408628
415859
474726
-325629
-537112
319531
513596
-220291
-637242
172008
626174
-75481
-567209
15744
582252
27686
-562742
-37610
591488
166003
-642213
-244876
576862
312251
-535239
-340002
529969
363255
-454397
-370911
411586
477946
-341401
-545568
272736
605136
-279128
-656369
224773
636434
-56883
-672649
20330
659453
58772
-616286
-92968
624407
278296
-656585
-269519
595866
309837
-643716
-397948
575229
417739
-501523
-493335
453915
604201
-448370
-640718
380033
707625
-301379
-686688
206797
719651
-148837
-755519
132290
709728
-31550
-770228
-130496
741218
25981
-682808
-196882
688307
273073
-660006
-391575
645231
432915
-566770
-500769
490239
628737
-456898
-630221
361290
620028
-272466
-734970
248468
736876
-120497
-799469
26497
843370
42817
-804800
-92293
831463
240631
-752212
-303797
769891
366149
-717458
-409499
643859
529516
-691601
-555444
595028
658998
-508215
-672255
423674
772085
-357773
-734488
337788
830683
-223109
-801433
141265
884314
43662
-854790
-79213
848091
91279
-841800
-240588
833642
334163
-769745
-454075
716330
492400
-645580
-506439
575168
682903
-497340
-758182
468320
735138
-401316
-818539
317402
840647
-146459
-921115
21265
832697
27583
-897446
-88133
882529
218305
-948787
-296955
905856
405231
-814762
-478697
782012
594137
-740910
-680066
689803
770327
-561419
-811316
518687
800974
-461658
-884975
358032
906229
-297282
-946227
90213
949284
-33915
-950350
2181
951376
121644
-908397
-291888
884865
332771
-842922
-401987
749400
548687
-714636
-612970
714223
673568
-644637
-736063
517616
834961
-467204
-860850
386303
930092
-241471
-887103
108992
969836
-76188
-1003507
-75812
957993
226974
-928775
-310030
979612
431832
-924421
-489663
796704
504924
-792151
-643372
729912
757131
-620524
-835793
614742
810748
-496260
-923327
396114
958889
-347680
-995251
203492
971908
-135995
-954813
28672
986911
151485
-944389
-187934
965281
347048
-890609
-449004
834633
517603
-754002
-571889
678804
646638
-691044
-811260
581862
827965
-454550
-900821
382433
885557
-221842
-879718
201114
946446
-54884
-962790
-46980
913378
161056
-919502
-253034
909829
355348
-804654
-423246
830250
560447
-778363
-586164
684375
734289
-703971
-703064
548289
734972
-460110
-782810
345235
879080
-298907
-926048
269400
925217
-104406
-914784
32094
917994
113578
-908237
-140371
864864
285886
-786201
-280625
747114
394020
-729629
-515506
659131
616177
-562003
-628897
483186
704534
-401377
-766427
319901
755924
-253511
-764669
175154
843390
-69381
-910840
51939
885459
109148
-803280
-196777
888353
252265
-780150
-333384
710144
464335
-668317
-517434
645920
475849
-552375
-675942
531868
687481
-407471
-691489
377634
769316
-264086
-698363
272515
806309
-69632
-764290
67942
803150
18826
-716884
-85662
719718
193504
-700325
-197195
681529
411860
-644153
-415860
563103
437959
-516060
-527197
394298
585550
-408837
-650800
316768
653350
-186523
-707693
161689
668805
-85869
-728334
-36690
681228
59350
-696346
-78911
712365
237342
-715219
-330345
597034
320908
-569292
-406744
505674
430371
-514742
-534892
454211
539809
-349333
-513439
359167
626535
-302656
-631346
161728
677486
-123621
-703991
91876
613427
-22250
-663511
-73584
617615
153873
-598542
-187594
576844
294628
-507141
-363148
546020
416225
-386836
-443657
376706
435624
-381184
-477806
269379
546249
-235955
-622008
150182
567906
-126301
-666205
5639
535331
37313
-574237
-26185
532891
178241
-531977
-191078
566537
236323
-481472
-327917
432730
410569
-428257
-460097
406345
460259
-324876
-453266
297067
468963
-190391
-449897
156303
485135
-171629
-537645
85506
539628
10936
-575348
-2670
535498
105269
-484393
-196546
528032
249342
-455799
-278723
441422
271464
-383481
-314644
359186
360885
-303736
-457999
256839
435433
-174038
-505230
159956
496662
-100873
-537657
-18415
443090
-1923
-527990
-56258
485524
74394
-487041
-143441
395678
187194
-417106
-261801
439336
280701
-394911
-317007
356882
348379
-307589
-375385
242284
409522
-260416
-450214
111252
495596
-122629
-488726
63450
434253
-12358
-425000
263
490038
62642
-474550
-112100
455605
186018
-424833
-219177
429208
254297
-356189
-234874
310181
325371
-255045
-386112
216578
428669
-147692
-399406
157784
354294
-133503
-361307
35890
410594
20087
-437876
-45105
414003
71784
-412223
-184100
402082
125719
-315946
-161389
332135
292323
-292283
-251593
313815
226013
-242830
-339387
238002
359636
-276745
-354717
151669
295264
-149776
-361938
138844
374489
-56838
-363520
-11412
314289
23625
-341079
-44183
407590
130674
-346013
-225345
274900
224162
-256433
-249427
223524
261570
-244484
-311148
165629
228466
-160291
-287029
100293
287579
-111427
-321761
121286
350309
-9708
-340234
-62632
361188
37989
-405659
-158064
329498
107615
-336739
-167502
320165
175214
-309042
-241647
241101
284248
-251332
-264075
165788
276559
-170092
-297688
151511
298635
-54423
-321262
71132
327844
-123645
-281431
994
372050
7838
-360661
-46141
324523
80256
-309365
-60804
278571
127620
-205832
-195921
238070
218963
-213849
-201701
192572
269914
-223398
-272019
145999
235932
-109179
-313489
53333
297979
-63493
-225192
40798
278162
13604
-317558
-23501
318842
124448
-271982
-145827
227152
103671
-192603
-160235
188354
200527
-246246
-197405
211995
232951
-128072
-177271
125505
225880
-67081
-291958
56665
247194
-60609
-267854
-5085
246180
29025
-287597
-77418
256749
162898
-236687
-109901
240852
89277
-201719
-172304
250815
175672
-208493
-160125
176137
253484
-82797
-195446
88932
269128
-82348
-211109
76290
237143
-20054
-218088
-33678
255331
-2872
-201875
-64708
300417
74864
-231428
-74532
184420
98604
-263926
-132067
160079
165230
-180391
-145965
136374
175976
-129515
-193483
143608
192847
-69928
-260789
75439
182659
-41762
-193473
51405
204146
-31397
-213271
-10311
232504
7794
-259365
-63964
223867
35190
-194029
-68088
122129
115115
-181086
-154831
138776
213622
-113425
-148034
78618
118698
-122366
-222830
14201
238619
-9814
-225012
13999
161075
1488
-203969
-9492
162658
46385
-130994
-47148
177011
110669
-173832
-117545
101382
104914
-173279
-229113
174394
176483
-124116
-151161
44072
145054
-117626
-158607
56089
162845
-42971
-249057
2312
198951
7105
