#SpinCore Technologies, Inc.
#SF in MHz
#SW in Hz

[HEADER]
@CLASS=	RADIOPROCESSOR
@FIRMWARE= 3087
@SPINAPI= 20130917_x86_64
@POINTS= 1000
@SF= 0.000000
@SW= 100000.000000

[DATA]
-163582
-445401
586728
-127805
-298556
372700
-393547
-174448
187921
-118612
74744
234391
-102268
-88613
135206
-138718
276560
97599
-260513
111749
187208
-296565
158549
200572
-201355
162273
-95877
-242213
175161
-82729
-179119
125559
-80061
-160861
192768
-158137
-54683
153299
-49794
-13492
6650
-80856
26552
230777
-253522
-16050
59167
-31378
50935
282574
-78999
9126
-17518
15355
125143
-40876
-21274
206731
-29141
-28736
50065
-92254
-93824
27452
-121285
-174400
433
-46134
-22802
16743
-50580
61146
-39503
-71191
112243
-101081
27317
135304
19623
-108724
-5705
-58946
64030
149086
-178095
-66486
-11505
-22096
2814
17557
-172708
84126
-15712
-46781
124746
54973
-10013
38534
-80321
50775
-9650
-9453
70531
-14361
-217542
-18358
52765
-74285
-37645
125187
-101549
74898
12313
-26694
-37514
62529
-72309
59576
25395
-49506
36887
-130810
-117025
61666
110354
-182470
-24596
-62958
-71995
98860
-60768
26645
23432
28460
95380
30502
-46754
-66284
34816
6379
-79496
65712
19172
25657
-52237
-68417
-13064
153487
-24722
63599
48346
-82226
173142
-25198
-110330
77415
21650
34058
172326
67125
29180
105580
-1392
-78608
1522
55570
-20511
124572
-11624
87336
-3646
177384
-66152
-8306
-118196
-12160
-25207
51662
124122
-181540
-3498
56356
52612
-45170
75988
53786
-49204
242308
-66990
-121499
116656
-154541
120495
-6452
-34842
-55909
-27816
25713
104722
133762
18616
-157951
32563
-26469
-37137
-18634
-39034
-129596
25813
-78137
86519
-13178
-4085
8507
64751
127860
158139
-3723
118511
81537
-113311
2647
109221
-145138
-41210
-48838
-123771
-45996
149351
-65606
73000
-4990
26192
15690
100304
27805
14339
60693
-46219
-27681
134956
-76259
-8469
-100446
51158
-49830
140575
112416
-184838
27549
33448
-74598
66208
-41876
-23986
-88929
-20348
116441
49677
50121
-50835
42100
13426
-130236
-122830
4094
-10472
-23095
-10689
-19549
-54843
25698
-108388
24786
-54977
-15001
31745
46793
21999
163269
-56480
64019
75174
-14472
-32961
30048
-3615
-163817
163567
3404
12123
28236
-134744
-80060
-8642
-88489
-85234
-99609
49347
-131762
-36757
-48985
2894
158874
77457
-93421
122055
1303
-63867
-89158
-44394
-35070
-5136
-45680
175514
-197814
60787
6066
-27162
-42827
-80667
-28186
-72746
102726
-111582
-56744
-71848
-123456
-64974
-70094
12623
103754
-70050
-185401
60320
71740
79113
105727
52147
-38444
163108
-56745
170577
162771
-77107
45593
59895
-50872
137229
-21690
36969
-44627
-70176
56230
-126456
-47275
13549
-25167
-79266
-38628
11344
-172830
16021
60265
-89039
-52413
20804
-23738
91733
-24798
112551
-58820
-30679
-7963
-13067
148647
-59120
-8287
-26063
-46314
106503
176141
44201
-52190
-68061
81224
-65716
55315
54258
116300
-29683
-38283
78514
-6070
35354
462
-91489
39331
19637
-149006
-63982
-96355
-3323
19215
12592
-148306
79914
114927
-97102
-9912
71160
26710
19340
85818
-9807
80884
-72702
102478
21818
-33160
-3057
75259
115585
85430
-14620
72927
85064
54459
21198
-22377
-136758
66764
-10206
90378
37686
-38781
-18173
-52681
5174
133365
-65797
-71331
-52603
-80564
87003
-21803
40093
-128095
-65503
-43168
10570
54116
-22819
-86208
-156182
-49396
-35567
24878
-55481
62901
-19642
-60515
4366
-53704
-2175
-452
14221
-72580
-80167
-43044
-46969
149677
-1903
25150
-159008
47227
-27816
-94070
-32863
-6131
-115729
-15975
84290
-94036
76652
-73940
7043
24087
44136
-83765
13399
51516
-98576
-5047
109954
21173
51860
-36232
43822
65874
-109168
-67055
3275
100653
-119442
-21995
-35070
58997
153581
119014
10080
44566
-59072
55101
-25728
-44113
-110583
-78271
79778
92363
-47722
-73001
65212
-36025
-17558
-53729
-80353
15960
80626
-150040
76851
-181342
70337
-96417
-59739
-115736
-11430
105812
105201
-51212
39904
151150
74386
35888
17170
14882
44227
70733
117958
-3976
76045
-8762
44043
113114
47403
31488
-50351
-47318
69353
-14099
73480
13830
7322
53039
94020
-112681
-202779
-71719
19510
55769
2510
-898
-75794
-29129
-110827
-36713
17977
74595
51684
26723
-73410
-1864
11044
42673
16827
-47461
-1356
79595
46618
96159
4022
33888
-193296
82563
36756
-182691
30493
57687
-96787
9760
-56283
21629
-79323
-77761
-59674
98164
57858
64744
44139
80028
-149041
87352
150047
-35527
-11378
-137793
112554
47511
115027
-32694
-32252
31764
-6350
47416
-137631
-116485
14490
33186
1961
-7819
-87254
-109473
35824
-23921
-38599
141519
-16353
-130721
120680
-45461
-48824
-46724
158031
143018
-63278
-30103
93546
26888
-57266
48765
56199
-161548
36082
-18920
1500
46966
19714
-183207
-114713
100815
-15016
50055
-58633
-81365
204121
-16576
51016
38804
3344
-114517
82827
182447
14027
-107876
2342
-49175
-76182
49271
90035
171254
-79258
-12191
47324
130660
39153
-18108
20923
-7128
-51592
47141
33779
-41597
156773
43
-37629
80481
49062
-220698
68803
-106553
-44947
-7932
-68137
-103277
-37180
48226
129643
20798
-89898
-20283
23919
18931
51925
-21209
-1678
25308
-25025
162920
63092
-35746
58914
14243
-18292
-114674
41570
-155
7918
162784
-81314
-34986
-105141
-7173
68196
-76543
-69109
88835
87435
-86808
77086
304
91259
65747
-25758
73011
67808
29703
-19413
-60907
-80245
-22647
-179077
56213
236015
45848
-30730
29071
86018
-61679
-26779
71847
-63996
129844
39623
152559
-7558
25995
-69434
145026
62358
-71498
-43957
166005
163958
98124
110887
-1667
52559
-77520
57870
-110960
-184050
-35710
82124
-17848
-30316
-48153
-67387
36802
-65011
-2590
98065
22688
201129
31207
-1392
20607
-79213
-130846
88157
-82571
15330
-81063
7697
175882
-121160
-43808
-81867
12376
-36250
31309
53056
52679
-54590
56335
-13104
43166
-128645
1491
-82362
19606
-63684
38589
72106
74115
-28900
-147033
-83275
223732
28562
38287
36260
-35710
39968
106372
18789
27896
-22050
11544
158840
22510
46891
-50036
112963
33636
60219
-68483
-56062
79821
-37307
109011
51059
7719
-58099
28508
97678
-1536
42099
18449
-180590
-71671
-51613
-63096
45349
-3124
-43245
-158246
-44615
75856
23824
79137
-52514
-22070
-43595
-126024
-21430
-1037
-101161
32090
-102280
-8796
-136106
59758
-32298
68310
-102595
-12310
-20979
-24060
169540
58282
-23285
-28186
11261
19960
30441
-66810
-16002
-29288
-21344
-172187
2138
25233
87589
-91998
67559
8113
35978
782
59006
58315
-5456
77920
90178
-5440
-45364
-61823
30291
-31311
8378
54617
72529
56635
-5330
-150907
40169
34713
41955
171183
60106
-78621
70183
54325
-27306
-716
-19432
-56490
92881
7537
-133321
-8275
-2324
51433
32046
138013
-18208
-101297
-38966
-28210
1285
-53602
-18407
-3903
-23423
116624
22940
-32243
1225
-27507
-85348
114716
-75850
16332
104796
18090
-55819
65691
69388
89395
-76853
111527
-77506
397
49652
883
-34172
48032
-21370
-152679
116517
-63917
-50798
-49555
7099
-41980
43463
19484
-28931
-17268
-8336
58777
-83675
-23284
40636
-26038
-12657
44872
-13239
38675
-11375
39165
-181479
41585
-59308
128732
-107470
-41230
3961
42728
6736
52467
-3028
-14390
78250
151514
21723
12682
19604
-159936
89056
28136
30662
90776
31652
-113002
-23297
-35707
-86209
-61646
-64103
1915
-185258
27908
3571
9517
-19438
-142161
-51762
-55284
52246
18969
34950
12856
20287
-8057
-57992
-15951
-74228
-29292
9275
15565
-34385
18897
-1257
65393
-5301
26485
-41566
11560
-85086
-17363
51721
57282
-7360
-179638
35842
70260
121424
-46364
64066
147610
-9206
155660
50818
8844
-7971
-76747
5399
38581
-78447
-33419
95914
-112722
-15638
-23138
-6075
-33330
-86046
-88671
42321
-27488
92783
-26612
-36971
27324
-42331
36053
169647
-135835
-88531
-57055
30209
-59724
-29547
67374
-100175
61300
57993
4128
-14493
67791
-159320
-108494
103086
-36544
83864
13616
-125389
74154
-34571
113880
22290
-53592
37224
-77067
83709
23948
70708
-86411
60294
-47278
109495
35445
-74572
-48414
-71421
120144
15177
10650
129897
-7256
12485
-96586
68521
-22423
62876
163794
-176094
63491
14214
83518
87261
-28779
45999
34142
-12408
-32571
82185
-66635
-97144
25762
3417
-117200
-14917
-183997
-78903
158476
-33728
85639
103767
142422
11975
-82672
-39840
-81600
9849
-90363
-206164
102761
-69993
22399
-43102
-82113
-3307
-72484
-101385
93877
-51863
-18837
2528
21431
-103576
-20001
81688
169657
-62134
47646
-16323
129729
-73356
64196
-67687
26711
-3398
-40897
-105734
-67578
-42022
503
45262
105270
72980
-63885
102609
63770
-32049
13349
19592
-56242
-7202
-74297
42340
-77988
-88820
22758
15559
43339
-21914
-17796
-21923
139126
8424
-87336
55006
-63749
-202883
24395
-150715
57397
-15617
-55521
80581
65166
110467
25056
-29675
-116530
186214
23567
-124730
55561
-4476
-90562
-103470
107023
-33785
27572
-41873
-61766
-50155
12382
58345
-95190
106797
72041
108514
-44179
163876
42896
107966
-41495
-112864
-119098
-18155
64260
-24002
-1419
-12675
-93630
50806
-21106
13090
-28223
12790
25979
-221344
-8047
-143466
-63042
52467
62709
159191
-188481
48198
-108104
124528
91182
41591
166623
-198171
58297
99503
-64971
-26010
-104092
-125822
115641
-129820
-67403
-130776
68485
551
30044
-92792
-11622
158249
-24008
-128995
63094
-73934
49408
18303
31308
-31291
8351
90714
117166
70660
-70042
-47230
-56991
-26684
45735
-108913
-137920
116580
19519
-197245
119381
-88381
-48163
44657
-92159
-126543
119925
117458
77614
-195881
101161
47656
-24342
57460
6039
8517
-128146
48641
-85913
-149338
47934
-33790
-175284
53391
114696
2233
37765
-82889
31180
28114
-14055
37145
-69802
231117
180935
-33904
-12525
-24311
69944
89473
54843
38316
-14240
-14106
-21941
-150230
-100774
1828
-114309
-91434
15353
9970
-2281
20125
-6033
184225
-75974
-61816
-114830
14869
125032
45766
65010
-19184
-97253
111189
-16169
-26481
-14594
8375
-73273
126778
-29265
-35626
-77541
-105193
134743
-44460
-77901
44198
77477
125750
-72143
10306
55830
-37625
18775
-83484
-155703
21217
-29067
-60626
-78589
-15246
39455
13227
43036
-82813
-5826
-206833
16503
-8174
71897
54783
-5515
-86590
-84477
-28418
-113392
15191
94078
23429
210284
-19245
10609
-139163
-20606
-163231
103537
-76639
-36734
-42760
40571
62664
111070
-73101
-90480
-793
-136099
65385
26388
126135
161055
111390
-33548
-11771
92116
-1736
12058
22628
-40397
58850
-46651
-14267
-19096
129607
49349
-10742
78602
53792
106959
60925
70681
-75630
19413
-47286
44486
26086
-30735
-25614
-40801
85247
66541
-51865
-250539
23219
-179725
-3356
-1740
47720
92206
-86087
139348
69297
-50771
175584
57436
-124951
-44853
7258
-138413
-5118
-18682
-23844
-132586
-28928
-64603
-2040
-11639
4256
118858
32426
-102333
59312
-34354
-8515
-51982
74760
-42635
10488
34763
63942
-26587
119504
-102490
-6049
-14881
-58139
-111325
18749
30358
-61187
68085
14018
81754
17315
98230
-162083
-71843
19667
-2551
88967
25888
-22700
-98207
40276
-105267
-45201
-143773
24173
16795
-25076
-65428
68987
-2089
49080
120375
91131
33221
117436
76140
6743
-20262
122305
-51512
131146
31713
-83535
56673
-104148
-112666
48314
-46948
15246
52630
-69837
-37926
-86690
-119759
75168
-14314
-80394
5409
-29481
9507
7879
-17668
-114568
-59558
-10467
41549
29556
21580
59307
22272
-36242
-40896
-15238
-130045
-59205
-58004
50247
-29261
-73028
-60915
30768
-33700
87347
-4063
17936
25380
2591
-59513
20403
-61452
8404
-1833
-56451
-14537
130310
59311
47995
175531
19770
61067
125381
20916
-32597
-2187
31360
-15480
24745
1526
82401
-13510
49672
56091
120462
144259
33751
37868
-89686
16660
-108406
2316
1699
-108256
-35282
-79698
45940
185849
-24905
-7609
116163
133258
-59413
150500
82858
30965
83907
-131915
50621
74180
293
-33450
-73496
-97392
47302
86285
-49195
43207
7137
-11150
55230
-1140
50335
86632
5296
25664
-83641
-9482
201827
80968
-52034
-33072
-114594
37770
47051
182394
-85572
-86038
64487
38742
-95408
-14698
15337
-68504
142774
18603
11840
59330
40198
21526
7067
-57407
76300
130169
32382
89007
-113344
-103781
46983
-108296
5321
-14457
-24233
76656
-28476
-15191
-337
-59367
-85067
-50581
-34010
-19945
124175
1635
30642
-49006
20485
-4933
29003
55743
14003
180749
-15174
27451
17613
99848
51335
105057
-46487
50372
80563
2789
72361
35747
191969
3473
-31944
43623
96062
55378
120071
-157770
58587
-1962
-38085
9417
93769
-60925
9195
-138069
116144
-61576
72336
-11487
10510
7123
-77759
77902
-170825
-58671
6139
28659
68697
-2443
45044
15825
-58667
-186245
41180
-74498
-24642
-54456
35128
-12985
91909
-35582
44951
46623
-2181
81903
35414
-41248
-150976
179891
-70018
-54337
-23902
-459
98656
13243
-7743
-106777
80760
-48189
-10467
74563
155262
64606
32698
84624
-56789
40697
-127942
100071
7303
-191
-14136
-71202
-129651
-9937
870
41454
33886
-159975
-8744
58083
18072
74744
80346
4021
69921
8691
-92311
20182
-47172
62682
66870
-67154
-46748
65982
-27038
104299
78572
-107048
38337
10523
-69997
68321
168841
111920
125713
-82263
17120
-61770
2782
-52529
27806
-69202
31327
-47475
41615
-190431
-45290
-53401
-42062
15079
-81015
-49304
-10430
26077
-127632
42426
56582
45412
60025
-40288
90905
-129864
-12753
91937
-116590
93884
56488
-38381
148292
-94231
-46758
10431
18560
-13300
129926
44699
-118700
99676
19206
-97803
21175
-91655
16538
100404
14512
52814
-24699
41811
-130840
42362
-6728
-55629
10370
-10358
-24530
-98847
99403
-11736
-93954
39475
-89394
44814
23610
150677
-162158
-118894
63292
47814
7591
-61189
-105878
-68136
-11193
149184
80369
-120435
-11920
-50065
-80330
-242424
-186613
-93942
32645
58392
4386
-5073
24917
131973
5897
-14437
69636
8667
73195
29815
15755
7159
-29027
-100617
110693
84947
92156
50834
-43170
-114429
192
-115715
-67868
-72608
86758
15063
-56494
43145
-98374
86339
-15643
62114
64906
145010
21236
139096
25965
56598
-62076
107906
