#SpinCore Technologies, Inc.
#SF in MHz
#SW in Hz

[HEADER]
@CLASS=	RADIOPROCESSOR
@FIRMWARE= 3087
@SPINAPI= 20130917_x86_64
@POINTS= 3000
@SF= 0.000000
@SW= 100000.000000

[DATA]
1216801
-398549
900001
-2060634
-658594
-1828455
-2210267
-409615
-1584282
1687601
348472
2082535
1914324
1030064
2098089
-851351
468927
-2143840
-1526361
-1669385
-2100739
362035
-1030092
1888629
1006829
1932000
1946788
481155
1629619
-1248411
-171064
-1968721
-1799003
-1013337
-1837760
767066
-615548
1981088
1291119
1443426
2023225
-46713
1140326
-1611005
-731199
-1887466
-1886365
-427383
-1522691
1090596
70531
1894910
1716341
1007625
1735001
-631761
463336
-1737219
-1192867
-1429244
-1829054
67173
-997920
1456505
729709
1527419
1629707
417587
1347699
-1032821
-35464
-1639495
-1387512
-795730
-1637133
608645
-421330
1680284
930367
1279199
1534827
-20004
871161
-1254041
-693317
-1322768
-1497603
-424589
-1113991
841685
-72144
1456769
1027370
868798
1420887
-554962
327601
-1445585
-769856
-1151528
-1250541
64288
-774142
1236102
342683
1177071
1172545
496456
1027924
-741257
-153839
-1263592
-1140957
-780704
-1158537
352886
-325076
1268509
849929
1057605
1350605
4096
664955
-1031467
-279503
-978667
-1233929
-364463
-753453
750686
57146
1205954
1088863
623892
1065237
-376112
414350
-1084772
-684443
-1025717
-1139015
52622
-545615
1048111
272099
1181970
1030255
250556
872361
-677850
-38018
-960750
-818092
-624665
-902482
359548
-266004
962914
700451
828899
987244
-143347
577089
-822972
-288139
-949788
-1037113
-152641
-739350
537891
172214
964534
756929
614311
902863
-356086
226788
-822790
-736691
-731045
-777715
100691
-502576
695396
300950
1009269
792712
148503
685295
-501840
-107341
-807243
-685543
-421948
-816368
512922
-143041
785440
524367
600623
912124
-39487
526400
-688284
-324121
-676211
-826520
-262830
-690279
453669
156403
739913
660165
472794
790572
-343960
123595
-659696
-431727
-609926
-664528
-8223
-260077
688286
314192
627913
646386
265110
554932
-549496
-57024
-702663
-408453
-350267
-783224
276111
-178809
667596
385277
616527
757447
79180
394790
-531645
-312873
-651005
-643087
-176623
-676684
451375
19456
723878
549625
450945
729953
-203049
137178
-520002
-411715
-523999
-680733
-66815
-366459
578844
222821
660551
680399
308606
635180
-361391
-24289
-690459
-506561
-460894
-743469
237471
-180642
650243
381656
650486
608156
-36525
335935
-561170
-41520
-722029
-449682
-182948
-514180
360872
150235
556350
484762
300311
668427
-251923
210804
-541708
-476871
-415088
-656002
10809
-344470
491927
149842
547699
435306
200906
458042
-341896
35503
-520720
-491739
-438603
-687370
180808
-179983
578392
389727
582364
689189
31349
249907
-620785
-132950
-529370
-548320
-141303
-503523
305545
-135672
619753
394796
198235
439348
-194402
172840
-467149
-413744
-358580
-526276
-47707
-415912
391811
184494
520590
297425
191916
441623
-346322
85100
-587541
-350059
-480329
-546804
172329
-195530
461678
268676
519815
475710
-56054
209207
-369938
-134993
-689980
-428006
-72932
-380685
267658
-52995
520647
452442
334584
423605
-133638
234736
-532895
-181328
-397718
-529068
-58370
-295260
311261
234969
447486
457573
231276
376264
-106813
146576
-419714
-423130
-244370
-424973
191246
-178144
597309
166657
395775
460840
-21071
351020
-503189
-215467
-316578
-471954
-266152
-336709
157328
46858
447314
290263
152383
583526
-108018
264919
-460699
-267115
-488935
-486960
-5869
-275068
349561
-42861
549841
420694
193299
276392
-181696
91854
-520380
-400390
-278869
-383165
93645
-168413
453081
286382
312421
441333
14927
300498
-446451
-116103
-388901
-400495
-127308
-375727
115388
93135
348396
281438
229532
354433
-48140
173217
-245891
-339817
-375169
-468368
-20352
-385205
428804
227655
512398
351118
121953
513653
-235227
-1424
-553341
-248654
-328682
-402439
184633
-93869
453797
272273
496270
469349
117623
416232
-358898
69893
-414043
-275407
-256283
-402739
278141
61855
353271
229037
380781
545138
-126581
150806
-409593
-162217
-322889
-427948
-699
-301131
247003
65918
347540
284369
241568
435921
-58070
-59657
-269225
-243626
-277819
-318327
104722
-146234
313512
56877
318242
461786
110077
219844
-211272
33784
-451548
-364155
-225243
-283222
176876
-146159
307967
339538
149879
340898
-156212
184124
-352963
-181170
-315176
-293825
-50361
-188124
310327
68768
447175
366144
53327
278169
-197462
-11132
-235275
-350146
-350360
-372920
17990
-193091
328398
120865
416677
324694
-29185
239255
-229702
31028
-320287
-355620
-118663
-457656
205962
-89930
350244
213977
214358
428252
50494
131531
-207180
-259052
-184249
-232908
-65280
-222621
314402
109941
472749
162830
59377
436583
-70201
73507
-297081
-251050
-239061
-372716
70034
-334392
299123
49120
280390
359949
87869
329304
-337390
-21856
-436722
-236816
-221215
-169247
91471
-97808
264661
99278
260054
402108
-31549
273121
-130430
-15247
-378015
-169822
-15492
-343941
221311
94408
339713
222945
88570
309029
-176058
32637
-194323
-298279
-165959
-193243
49390
-204482
301544
-709
299493
443128
56992
261648
-153848
-43390
-189768
-266556
-172368
-267291
157408
-13124
213577
255917
214864
325774
43634
109685
-417646
-71586
-333082
-318406
-43019
-265949
231042
-64916
503529
308552
150030
268482
-162942
20931
-318229
-154138
-153498
-251037
51738
-149349
226463
143092
194264
338984
-38699
243377
-236210
6429
-319719
-165511
-242594
-382693
87388
-137613
262935
204133
180070
420886
-29901
117765
-266197
-92062
-234960
-222272
-51432
-318112
243504
-12127
392350
323523
153884
354399
-209513
26197
-225443
-197441
-237728
-384529
-92500
-113934
233694
56589
192056
298177
64696
199872
-322496
94052
-274047
-213261
-134362
-180090
59165
-78242
257328
64508
239502
195272
-36911
171817
-220959
-124299
-140271
-136393
-967
-148483
189937
85040
98580
93017
209655
190674
-15792
117099
-128651
-99829
-365964
-154285
-10242
-81964
145443
13711
131006
356149
163795
220362
-199919
-72790
-326435
-166303
-299732
-139813
123667
-48975
165792
63673
261102
97510
-24248
215159
-96849
-66067
-209037
-241088
-107296
-211045
96335
-77887
223175
169486
193946
93075
5096
8581
-174836
-47328
-144768
-290975
177
22983
176335
-20931
217498
177576
130480
137692
-90615
70551
-353502
-162243
-143075
-183831
57708
17235
174526
193725
289117
239232
-61350
295296
-40941
-149721
-85379
-97217
-129042
-262175
179152
-6678
250267
146972
97662
164545
-51426
79484
-93083
-44793
-226828
-242274
77870
-147250
202971
20176
120136
213806
70063
247820
-145580
28871
-114487
-200723
-189237
-359313
168854
-196765
65048
50248
227469
209205
70731
90703
-235878
-10866
-257935
-142710
-71628
-234054
30081
-115273
196072
225709
201446
269044
-169051
47192
-100946
8263
-266276
-319505
-153428
-164786
139875
20293
346994
64339
70227
135551
-6383
71488
-306343
4739
-215323
-191992
68915
-10193
192511
85104
108630
303240
59610
142559
-83560
-113196
-236478
-125542
-9265
-131302
88253
-53504
192422
204519
145743
132329
-133455
-12037
-255463
-71662
-270969
-245395
7118
-102159
280484
118797
385225
189266
166990
151640
-123885
28575
-326497
-112302
-277756
-150561
92617
-3045
124884
27168
98658
232734
133459
86609
-48693
-34628
-284631
-51059
-96604
-209536
-14679
202021
204085
181769
182835
99290
-87490
117314
-85017
-18872
-227305
-59372
-34092
-177386
38184
26875
242978
294025
134921
216975
-158334
-27586
-267076
-242954
-98007
-253546
29342
-234109
275985
80982
164395
274327
63189
125808
-32644
28507
-116471
-190138
-104516
-288092
108001
-45461
97450
121650
49981
238898
47385
167704
-321564
-53864
-159744
-245517
-21665
-231312
121105
65
222931
226425
172950
155834
38925
41987
-43990
-3802
-44788
-83337
57865
-116339
170399
112251
320129
152371
172729
142545
-134117
136690
-285619
-163649
-133157
-160102
-38612
-35510
155903
105398
41295
286755
-33515
43802
-274197
19040
-158549
-156374
-103679
-122241
-94764
1946
128286
117022
54787
181574
24799
-1261
-106691
-175058
-71534
-90490
98339
-49079
239853
-48321
268674
272961
98503
98194
-205599
-11633
-91189
-200385
-28892
-137968
101437
-38957
70029
214050
77704
198551
39474
58118
-239289
-95724
-203550
-120742
38027
-173630
99178
8380
218142
39350
166523
118414
-111778
154599
-210049
-125916
-80623
-96786
-25138
-113213
94437
8800
48911
187053
7995
149861
-126432
99047
-202865
-116192
-44220
-171128
46334
-77552
241137
130705
151023
238165
-135163
108404
-188279
-114538
-196145
-33918
-133725
-30032
81558
58090
150993
86746
90556
114187
-134202
88101
-56062
-20016
-196537
-70314
-27110
-223726
220426
85260
143379
209183
43942
128943
-115434
-127944
-236761
-76629
-113850
-100221
-40184
-164157
203353
13909
155799
231099
2877
112996
-176404
63834
-77198
-72512
-16804
-264967
116375
-48241
96913
164495
82610
56223
-102415
52601
-158469
-47179
-244324
-38018
15923
-201901
143252
161559
240297
266017
81236
73378
-35151
-25820
-142592
-40826
-174938
-119758
54537
52170
112884
101876
182541
151769
-78659
68381
-87988
50066
-124535
-256351
-107227
-126938
531
177808
107894
72841
188165
186339
39304
-13779
-137559
-54097
-83462
-227764
-66768
15651
238895
177679
141235
299094
89983
3286
-156926
-40803
-158568
34873
-147641
-291673
-42084
-75785
68621
159016
274083
161730
69593
19814
17949
44135
-126297
-144711
-58518
-106365
23986
-72170
199777
125122
245730
78364
-69879
134219
-147965
-78564
-66518
-40976
85305
-9584
34380
60655
82264
108177
142836
144957
-1316
16979
-136727
-104915
28993
-289453
101812
3903
130623
-23338
138378
186077
23626
-100147
-58484
-50692
-155192
-40264
79825
-53058
40534
-73589
157989
90889
140714
79858
-76255
-10372
-38127
-116643
4910
-143559
-179750
-126329
83663
63470
120920
87896
71356
122031
-18977
-37784
-141552
-131204
-60792
-62989
-12784
-28430
122970
196350
35827
131944
-26138
170589
-17133
48783
-58804
-90637
-157244
-101719
-23472
8303
100548
182955
165725
12903
-35763
155510
-101164
-149458
-135784
-243743
28846
-186089
4477
-66631
197019
216967
102864
220037
209252
-51280
-54852
-16526
-113784
-85780
88276
10444
180163
148253
106792
-108653
-86847
158918
-156328
74883
-175039
-209108
113089
-188264
-150053
-126351
251652
128581
105540
96432
-8527
76374
-28080
-71730
-131620
-112467
-76913
-206849
187734
-144715
296349
98644
75453
264138
-33530
-1699
-104916
-96578
-48798
-203112
-82281
-7459
1338
-8728
17320
140678
22883
-9928
-147063
-38884
-179953
-105652
-42738
-106505
9629
33980
139136
10829
22794
171109
-100
189954
-78961
-11838
-114600
-14879
35055
-37255
-43732
139674
55128
49029
75497
25740
123175
-32790
-27109
-81737
33381
-100619
-19910
-18378
92092
48426
146432
63647
56863
-17888
-25009
57195
-215998
-183430
-106506
-125982
20044
3256
89889
70282
121220
240821
44609
-51492
-101651
76285
-233702
-42393
-29507
-46558
121909
95750
200066
115291
-220380
260532
-131857
-91076
-256764
-4114
-112945
-111645
42874
38689
60647
-48928
185398
152675
-39426
7751
-48184
-4489
-109681
89074
-48737
-228807
55221
-121173
155636
71665
244588
199199
-60439
162614
12354
122784
-73068
-226461
-30839
-150322
-75778
-35923
28124
108229
85947
35068
-117662
-129997
-85279
-34798
-184905
-151605
31052
-154224
52764
104124
89682
117550
14220
135517
-114214
17817
-56633
23140
-191121
-103345
172945
-105982
51982
155533
158729
107720
59382
171021
-91577
-216869
-129712
-57755
-34433
13164
121841
84966
173855
124104
108657
149101
24293
38248
-80060
-56130
-37503
-15786
-111366
-36300
83928
-113236
-31864
63036
4575
127231
-127683
113094
-162714
7125
-35484
-57126
-122409
-66360
66076
103796
46755
90668
67174
99483
-76053
-40186
-72862
-51704
-36730
-155837
85034
-22370
27950
51904
182968
195544
-28286
-171778
-81294
-80854
-34786
-121583
-75028
-92754
39826
-31503
192018
130420
55468
181252
-243834
30142
-71334
-19018
-191382
-45085
-25271
-136636
104546
52737
51969
149219
-192735
103210
-233655
-74690
-121518
-129066
-170110
-74977
7234
160138
67065
59561
41910
-10786
-64966
49715
-158783
-67700
-114903
-190979
-3477
15861
100698
-7001
170356
103763
2057
111691
-2880
119681
-5992
-104638
-141270
-14203
25603
-936
74348
-13105
122205
146306
-50518
198200
-215609
-17939
-35176
-56941
-1831
-90677
2945
29721
184684
-2812
138747
109910
-28811
-31668
-75089
-1193
-115483
-165794
-40678
109721
20898
-4381
208566
32357
85624
41902
-32402
93078
33712
-23362
-59384
-99043
95820
-69705
93674
99431
87905
151062
2798
126456
-53293
-212042
-117673
-108826
-146098
-171633
86778
70411
22951
-1210
125443
-40341
-27114
135982
-94066
37577
-45778
-193001
-43393
-92198
-58105
23206
141975
150322
92210
115070
-39768
20807
-277283
-86468
37969
5937
-17274
-47652
98749
30204
122338
-30789
-38091
-30075
-117574
-1601
32036
-172562
-72488
-162826
-20423
142266
80276
179113
-94
80346
-21390
-70789
-15621
-16731
-33830
-254541
-177086
19673
159387
70481
119808
-25966
-78119
-40317
24761
-53159
-138650
-72929
-111298
63912
7859
-148798
143955
-25532
200821
121764
2663
100100
-39505
-115722
-56709
-100077
-56152
-59852
-5084
26936
21304
-10056
68822
160239
110343
-23665
-122387
-76323
-52586
-51314
-42787
41130
38616
33670
35309
-40881
-10341
59567
-76812
1805
-96051
-81308
12267
-72738
-9641
-16954
112951
33780
3232
7426
-19360
160991
-12406
-89906
-28590
38438
-66767
-89658
65970
-146516
97758
139053
-5413
142962
59321
97271
-26555
39223
-99614
-18808
-79148
-57395
170704
-75817
38941
99045
151571
-26733
-76417
59206
-166
-65762
-163223
-63768
120473
-193278
-39515
55345
89887
160085
-47722
140352
11103
21032
-24865
-36904
40931
-28470
147437
55224
46993
-109009
-87404
51788
82046
34768
-218928
-71342
-17685
-117998
-57425
-67368
106729
80316
43660
-36033
19299
101419
11947
-14669
-4657
28310
-74540
-120963
-190026
-26786
83160
14837
110213
31669
-31818
195779
-83032
4886
-153174
8453
-176404
-223757
12322
-74304
100443
73891
75028
187664
73703
-6694
-128863
39579
19280
-36557
-23940
1175
-67838
-51375
205201
91527
93103
26577
-115025
1101
-9815
100537
-218202
-151310
-29954
-181465
-8715
64509
-4679
32636
-116251
20588
-7144
-63536
-95329
-20524
-105996
-10212
-187509
101474
-55896
70232
141617
-24789
-2209
154496
-66638
-140038
-154134
-214315
6106
-51282
169043
26743
-11326
-24783
88535
153828
-72874
60131
-49841
-80519
-96077
15669
36201
19903
118961
-32222
187044
120149
-5813
-40758
-131732
60183
39490
71868
-65682
-144963
57738
13640
110581
75374
87360
23144
-96676
-87732
-111755
-60970
69628
39466
-115043
-113614
96264
10469
6537
11735
-59244
116551
-27092
-24154
-115270
-131236
-122129
90346
23758
-57239
33607
1048
147304
83954
-22628
59390
-18047
-36598
-109562
32629
-10334
-168096
76536
488
116123
37740
125427
39992
140216
-58349
7999
4328
-137827
-127079
36171
-47151
122119
-100487
148735
-53525
94391
45322
34442
-25774
2299
-15998
-120577
-136639
66084
93754
38610
14792
62800
56629
39377
136620
-101248
21787
-30926
36448
-28230
-110659
-70270
-86040
17393
38442
91599
179284
-55039
99137
18650
104745
-148104
-26847
-13983
48929
21195
-95438
83443
-133160
91276
111344
-109201
-50069
-226894
7072
-23014
44520
125616
38834
3317
-5521
62143
47452
-22962
86751
-51660
-54655
-29575
-169547
-61992
-142564
76901
13774
50441
76019
-2069
144719
94238
36178
-31389
96363
-98318
62683
-128817
-98684
-5750
-99152
86464
54618
43629
156255
-702
-16194
25352
-38740
-25035
17268
125108
-33221
38633
79646
-39596
110888
64610
-103908
-9408
-13529
-112175
51560
-6878
-23758
61543
-69219
129445
84969
24042
70820
-120211
65098
106739
16476
-109
-57815
-45689
-25900
-8568
-37686
112370
212533
102836
-37507
-117124
-51952
-50483
26241
-153721
-70695
-101846
-90731
137215
66325
-16819
11717
-10029
-27218
-75181
-33103
-152123
-84538
-84932
13979
70957
6476
17167
135358
55691
151233
-53777
-30476
-31182
-27079
-145031
-93789
-81666
-12390
172236
-27966
65278
147751
42868
-22814
-37132
47838
-18232
26946
-69603
-2252
17930
24687
80368
140518
14087
42410
12553
69426
21212
-70690
-85711
-9735
-241476
-182484
104453
38807
128773
34182
11616
130455
135497
28384
-11455
105178
-85049
-140230
-106887
-105484
232429
9001
103853
-48040
141834
28396
-110740
126337
44515
27779
-30534
-58581
-54279
-24903
10448
125529
-70315
126355
6006
78731
-139507
91434
-100850
65245
-29917
-33902
62954
14281
141419
85180
93097
78399
83314
-67656
-244860
-22682
-50230
-52886
-10185
-1021
-54392
-107904
12995
60350
782
80293
104362
-24462
-126754
-107001
-101140
-29859
-79207
-142751
-23468
61525
37124
12850
-59322
144511
-104696
-64869
50864
-142358
54627
35633
67121
44021
32595
69941
78798
27746
-2841
-26731
-114228
-150012
-142839
14663
-96830
-52997
-89039
-26938
16707
44992
111488
-17839
-117256
69506
-65685
-47451
12882
-6497
-18081
-86307
-23492
-4975
99039
99651
134684
-82198
-132222
-62835
-26644
8714
-102413
-67373
-135187
39464
122168
34215
193619
50824
-100245
40247
-20789
-33388
-5388
-68816
-18590
-75039
180870
2837
-69472
14343
6343
8244
119076
62727
-234467
-66097
-44326
-116
-70431
94275
5439
-102005
95530
-36044
66671
37875
85841
52623
-52650
-36526
-187087
-64408
-79951
20748
-11697
134521
66996
-90675
-45626
-20807
11506
28811
120004
-8949
131987
-130108
-54959
54436
-49320
-76698
54275
84288
-14835
227701
-62488
872
-73177
7815
-71719
-115510
8533
-140457
-63876
110231
-10159
202796
-87266
108134
4667
-102094
51339
-69427
173818
-93346
68303
-39750
64040
23821
-11208
-97887
3077
-62116
-52964
25841
20975
-55728
125441
-81466
70742
30894
165084
168776
-16975
26854
-73021
10564
-101999
22175
95776
30074
-15311
-56134
44062
65318
-89091
168911
124221
46580
-24527
44771
75214
-73598
-87369
104846
-17384
27078
26427
32031
42204
-86525
-12447
-102685
-23581
-64240
-61796
-116241
-77012
156410
-39310
68318
109505
100863
77406
-38714
-127566
-18111
40915
-85287
182079
-122755
117239
-3687
80889
170197
421
80248
-56033
-60553
-167498
-54169
-45898
-87688
14272
-42592
10388
68716
54297
40261
35784
34480
-54265
48557
-210400
-67561
-16200
-35038
-36087
-45375
99235
23807
14384
27979
-12204
-62943
-30176
121655
-40905
-100027
50818
-148841
-61639
-38256
136249
-17945
151145
87615
-152404
-42737
-74430
-57310
-36392
-75865
141857
-26930
159065
3069
96747
26526
55966
85597
12131
51864
17329
7213
190245
-127153
-72701
9600
86674
63901
206576
118995
10209
80547
-161806
-27135
32981
-992
-27116
-131373
129219
17615
207366
-44327
176761
139867
65511
34436
-145213
81144
13476
5242
28933
8528
108932
-33148
130747
182727
-33805
201955
188454
-9693
14995
-96422
36467
69255
-98284
73945
45219
-4477
55765
87931
50424
133125
-44886
37263
-42173
-179765
5182
-188926
54071
15788
-5137
102083
52326
44753
59964
10528
-4126
-161143
-27844
-38750
-138154
-6838
96183
-1899
-15110
13835
-219848
4242
16082
-92143
-2504
-57363
88822
-126773
36851
-551
39833
26630
26399
37574
32088
181178
65814
26135
-184066
-141374
-68219
-45539
19022
9276
111188
61512
-91096
77288
-84904
173827
1748
-82846
-99109
-49538
-23519
84119
-34154
-5852
67464
11361
127039
-103312
-50289
74006
-6952
-144596
-120741
-83987
93046
-32559
53305
-7263
-22870
8674
-117433
81687
63178
7708
-119232
-177836
41812
34266
17933
43302
81417
34408
23192
-66897
60652
-71579
15793
149098
-108916
-5429
-94898
-145279
81654
-12521
73529
43927
-60618
151287
61854
121366
-121963
-56313
-113958
-186532
-41000
-34773
48337
1881
62571
63815
26143
-61812
-87646
94657
-109214
-57418
63071
-43193
-92965
-26003
66430
14761
58655
-72330
32037
26285
-89409
-31215
53799
7080
22686
39640
49109
20027
83454
124646
-69886
160249
116413
-66996
-45908
-69204
-23634
-93243
-41071
-15913
156185
15924
61900
104314
-93194
50570
-108983
-42980
-18929
68647
101240
40771
-125106
-62788
164054
131197
13153
102609
-51405
68108
-141681
-48128
21167
-154007
107922
18549
131089
-170774
56755
-37746
-46836
38435
42726
-60191
41286
-173660
56538
-84511
-802
60807
23485
223728
-40954
21713
-33473
-69709
-53787
-68114
112133
-113
-205796
-48654
-9518
-3133
65188
136863
119416
-61549
-46681
-87109
-21679
34517
-74840
-116661
-83971
45824
95757
42869
-2544
-67905
-25663
148698
-19203
-17536
-17406
-156529
-11445
-3868
110611
-67917
103233
89597
31526
121093
21080
-48330
-69531
30461
21680
-75292
-95542
24991
-2308
-92381
235861
-121744
76462
216218
-35686
37825
-50182
43515
17431
-80723
69879
-208598
-50707
25924
48956
-42280
59413
-9970
-40934
87212
-42299
-42248
-306401
-71370
60438
19626
54053
-46276
197543
32130
-45791
148328
-45703
136580
-73032
5613
-3599
35699
65502
-8122
41001
43574
80681
53719
487
-16388
100435
11823
-39448
-68590
24196
-145578
36818
-33961
84412
61109
-53733
-119843
137588
16100
23035
-55391
28059
105342
-95712
-89667
-18900
97609
83648
-57289
78888
9602
-145551
21043
-52673
-108459
7991
-33014
52965
131315
-81267
16950
-34106
135229
-42610
14063
63419
-12985
59791
-8383
-34933
-25164
-14074
-33118
98918
21802
136894
-18672
-86173
79000
-22771
47376
-91487
-86887
-110493
96228
70022
118193
-53655
-33718
169248
-19280
-282884
-14515
95641
-88022
-6782
16362
12104
63856
-17672
42122
-11865
37969
187026
-20055
29707
104655
-219695
80834
12766
36397
88169
29826
-15193
19561
32118
66934
-150436
73712
-38827
-41774
113367
1234
-31843
-18098
-64508
51526
11390
86049
-100152
-82099
-57385
-65597
-98403
59559
20127
-86216
57901
69448
85541
81949
115856
122337
6812
15450
-36239
46903
-92790
-23206
26679
171633
309
-43035
37178
36809
50549
82620
-44093
31812
61700
104284
-116839
44782
-30154
-45224
-44478
-5695
75263
-3653
19963
122280
-123257
-59262
17728
-72369
10480
-57635
31675
51264
8570
-14150
-33033
27085
-136554
-46096
-166525
916
105992
-71434
-74087
-72729
90016
-35491
4416
149847
-62631
128857
-48106
12865
5891
-40708
-50671
2088
-13662
-103156
-77424
173018
136760
-25570
110702
99009
85508
-81448
-62624
-94669
-191265
148990
8213
-18809
-42522
14993
-123223
71679
-20481
3185
132367
89586
-146091
-47114
28925
1879
17381
-46459
-19157
-73703
-3562
57243
-94582
100838
-45504
44514
-69921
110013
-46375
-43970
88671
-6733
64943
45953
24326
36078
-147616
86092
75694
35548
3376
-24822
-47646
4802
-26477
-9790
-945
-6837
-1220
-4084
-108545
-33204
22726
-105725
-8222
182909
3672
24849
13327
-10304
38856
72116
-89550
-31666
-73267
79037
-23908
-5021
35919
-81550
-2039
-135800
-1358
203437
17131
40611
16900
-48817
33420
-61966
-172866
-17432
-49688
-205276
189057
83960
-5876
119549
13116
4954
-13556
-26259
-26664
-46520
52051
-24068
48938
-12851
81270
-79663
6654
108641
4250
41041
61159
83842
-64892
-199099
102723
29712
53203
-77988
2751
18197
-55030
37514
-95983
36098
-53654
34833
-13355
-160665
219313
21399
66701
-64711
-20962
-22715
-73040
-21359
-34493
127096
-119794
-124705
49420
-2786
-23854
-78781
399
-76018
73832
10649
34790
-5961
99421
-158
104
76829
-28178
-33473
8715
-59994
136265
-6081
62836
84960
248937
134873
-13130
-26933
-129656
2510
49349
29128
120255
-77313
40524
17138
26056
10459
-241422
62816
-70846
-56611
-60610
21362
57360
132499
-126864
-92858
113183
-57379
-81177
85684
-115364
64322
57662
-207717
-62862
12123
103337
232448
8193
42873
94445
-32884
-99728
-40563
100306
125611
-87255
9864
-54995
-116183
15813
-3653
36580
-41909
-33021
17379
52317
147296
11567
-16272
-21908
-77776
-35497
-10216
51199
24376
10118
40543
103048
118849
-154381
-117914
12858
-22189
136159
4303
28853
-92010
-55761
123156
-9400
-15774
19132
130707
45729
-7223
17418
-31646
43872
-83878
7756
54008
90762
249100
-39714
177242
-130575
13045
-171221
-93732
111357
121206
-134344
106722
60916
41624
149665
92214
-81825
46743
-27118
16511
49668
-74006
-9568
-95691
52847
22635
96607
-94901
-32312
-10177
-9260
51717
-78648
-82878
110244
-138003
113731
-151642
60463
-21477
-6060
164389
149854
-143472
-47459
-9215
46081
-45559
-47615
-20635
114625
-108024
59245
177973
69168
9292
5651
-37163
-226971
-6920
-31486
-101707
89420
-57486
82109
-8663
65876
153055
105110
52075
2446
-33545
125801
-61282
80872
12675
34703
74526
49864
15253
-12863
49368
-27787
18069
-140240
-19084
-132727
-92757
42737
6615
-30135
-15791
39782
4663
69784
-25951
-15002
11454
155049
84854
90613
-60796
67260
-114870
54534
55305
-27154
103817
-72159
-31770
-19322
55390
-79457
-91439
-28048
-1627
102330
59257
87217
41891
31768
152800
-32727
-15115
-49036
6104
-188658
-13293
78435
-121974
-5888
-19402
36862
62990
80280
-133932
-33402
-65210
-103977
75750
-43655
10142
6648
-81241
85124
-14135
168920
40124
-89668
56566
-174124
11620
-104759
-109334
-9467
-116928
-24485
74598
-63592
35144
26224
-79024
1959
-31474
157448
-102051
-74444
114115
12234
-2417
-32659
-114225
15581
21314
123584
-41919
19674
-138026
61287
-6470
-100559
-37153
73440
-147989
171631
-58164
-56842
105715
105381
8743
-42261
10507
-44349
72575
57008
20166
14733
-11144
-68698
66412
-111342
66325
26729
29771
-134865
8776
-60780
109326
33403
61254
21833
-60103
134229
50140
30110
74190
56066
64689
194343
-45811
-34092
-5748
86445
-64409
-51086
-34068
-90028
-15552
67933
198146
-29983
7896
14852
56213
39517
-42354
34651
47708
83186
-159749
36242
-100303
-113084
91488
-16672
-5701
-151588
45133
32091
-18890
74984
-76320
24095
80767
99942
-80261
8883
21412
-74036
127975
130749
-34510
-47427
-90478
-43314
-21394
68044
-21242
-10795
38618
32591
-84396
-139737
-18799
-79050
29362
27866
-16567
256264
5867
30005
108440
31130
197076
63721
154494
3177
-34592
-44546
-133423
-49817
-87044
102141
87370
-74423
105842
59176
55112
93108
98306
-147613
-93263
30673
-75648
-43412
19994
84867
-34958
151220
180547
-105833
-27330
-56519
-40996
104501
-19588
-38048
-134531
27226
-94708
-49060
-90599
56371
-137703
-44825
97120
-187703
-173742
66928
143314
-69330
2467
65357
-45417
44322
186282
-20216
-61768
70537
40274
-21951
-56127
-22648
-93890
119096
-83505
53429
29190
-187720
212495
-54288
33699
-22180
-63640
-7024
-67515
23137
-28243
-9997
29292
66975
47762
-25663
2791
-22273
9812
-39794
31243
125695
-70697
-83801
-54741
78839
161025
97348
-4179
-71580
-46334
-16401
134148
-54433
-28977
-125098
83211
-34811
114768
23868
-40708
92291
75429
25154
214140
-165902
51522
-99119
110117
44916
-53039
32637
9366
-10415
110839
-88302
-14327
-102653
222161
-143924
102254
92616
-31190
34220
-63790
23142
-5004
27456
-82183
-82250
72062
-148270
121119
63828
-3338
32957
-190993
-30075
-58784
-35953
112645
107081
9545
-20485
150924
-74715
14191
8288
-90915
20704
-18410
60343
12442
-131221
184793
117738
72522
129100
-25112
-76815
-67856
-89975
175
-32723
-22723
-15155
150688
12760
49861
85045
-54493
-64532
-129228
-17383
-180872
-121178
81067
19137
16372
205652
-25562
59406
102278
61684
-18215
-62947
8947
-92426
25495
52067
-15057
-13886
93758
-9675
-91415
152300
-86133
59672
25999
-7660
-48312
-100962
-37426
-3713
-46172
-171463
2280
121364
103339
55926
-26884
-37441
98287
-37650
-50214
20947
26254
-18413
-39047
-113826
-12419
97084
58233
-47329
15815
-25296
-115058
-126823
61144
-3129
-52418
64449
22611
76237
109735
79506
-43817
102097
104751
-19081
-100439
22492
5231
80728
-66264
-69019
7368
-52664
31078
-6604
76420
14218
-66823
-54514
-1672
-138171
-4247
894
68056
113594
-112300
37116
-125672
-15583
89195
-77763
143331
61244
2349
12648
-32642
118159
-8173
-15560
-98086
-14353
5085
47550
36665
75387
-143931
-139022
-13618
-87184
-118081
12553
49719
94106
26567
45530
-33220
-34833
136810
-69212
33505
106513
-30000
86195
-20091
-113630
35448
122200
109055
15178
61710
-91265
63007
-119863
24953
-8876
74432
13959
-52035
147576
-43229
31447
6427
-21983
82913
71664
48226
72558
1322
67851
-9720
41145
24081
-10684
83282
33331
-57333
16827
-4824
17210
-86768
102746
67484
83813
-37082
-45322
-11543
145263
152682
65194
-122786
-130657
-116911
99290
87360
-60198
-4597
-734
19475
61537
14238
67506
87523
-6325
14291
50235
-135855
-11038
12321
110025
-59799
91421
-27801
-83299
-6665
-34804
21067
-103801
-110790
69905
-78045
1527
-5312
79478
109981
-9258
-38609
108604
14778
-86856
21839
-65930
70041
-21011
38092
-42201
-30029
7818
-163113
24854
62449
102690
48533
-104503
87568
23030
-46546
-1729
113376
-104429
-2475
-24205
-20230
96894
-21387
-30219
101302
-158796
-125163
12210
-53847
-108560
67879
67045
89908
76703
-108274
-70266
-45706
25246
-28633
29735
47277
31327
-29081
-110543
-79378
98383
-26274
-70602
56304
18779
30093
-35406
86867
-85795
-84560
19005
74621
134934
-7452
31975
-30814
158364
-61497
-84269
120276
-74547
-33085
-65770
-43036
-43591
50474
36431
85904
201426
-104459
-77889
-1304
6682
95146
-47196
-13673
-60707
61783
148035
89284
157361
-83006
-120615
12276
-23818
155471
30944
-97847
153282
-131061
-80930
64460
15380
-6096
-29372
-144892
-17923
134065
-171604
50537
-31486
-40428
54555
-19446
-7525
-43832
18082
-111041
-11514
36506
162825
63653
35085
-26879
79706
-115741
183353
146812
30832
-10809
38615
-112672
110300
167312
28811
-94523
-13302
134900
103065
-99895
-97336
-87420
-122199
122516
139509
157620
104151
35616
154019
-46337
16408
-40351
-38648
38309
-65940
56572
-112431
-5104
-23880
56606
-658
90377
8377
-36002
-107244
-32157
-46007
48333
157788
73370
28921
75177
119877
82613
87206
-15119
35778
-63356
16127
80600
-26319
-1681
175170
-28899
35997
-22721
-36804
57251
-43658
24412
65007
-44334
72492
-36998
110252
43599
-86357
111080
-15521
89025
191344
111508
-96029
72860
-132992
80277
-60224
-101342
63294
-53207
99532
37322
-23856
115278
20632
-29464
40679
103147
-90627
61805
110158
-124622
-8548
-160218
36787
10324
-25990
31137
19611
-15250
-34548
39011
-28700
-22188
-59558
15700
36361
-81187
91420
18681
-3899
26433
-12206
33143
-118108
28843
43585
-27175
-100331
-2919
100203
-19939
-49243
95360
63413
-3975
-6564
52967
-69631
49813
-118897
3586
-3242
99040
-12732
-89894
67322
-80305
-4515
107838
12162
1261
-64300
-84354
1662
-105991
85480
-19707
-92824
80443
264984
-83954
44174
25668
-111502
-10558
-16754
5738
126060
-7838
1413
-77840
46074
238951
-14658
-102343
68573
-101326
114644
-47334
44916
-123362
-80468
-28891
-15904
-80465
-109668
-55859
228597
-14996
-50027
-131595
27233
-26165
-46533
39038
-16161
163971
51386
44056
153535
-162221
-59444
-58604
132058
59062
84923
107035
-31706
66901
24042
96638
-22422
140056
18922
41297
-70075
-65804
-185511
84443
-36541
-27072
66799
81415
-27951
-121166
19504
115552
74113
-65685
131314
41013
13324
-72725
-39500
-172436
63536
-17695
142647
60375
-76048
-3717
26102
49154
-6787
-9191
-90985
-55912
76929
-86501
-35648
23897
-66249
147244
-25261
66807
-208307
77696
-89282
-132318
24360
-93990
-127494
19770
-52449
101035
87486
66294
79609
121538
5118
-114879
-93445
-67512
66616
36313
-24670
-76365
98827
-9915
96477
198137
24304
104502
100277
-104104
-117441
-119943
122792
-43150
-153000
113118
49627
105298
-90311
204809
-212696
98268
-79963
-106279
-166496
-28573
55447
-80210
192974
46312
-12845
-95894
-39255
88517
-68387
49088
-116950
3024
13478
-46612
131337
93716
151786
176775
17666
69116
-38819
1120
59822
-4480
-28692
-70147
-1478
-133977
56710
-44273
131362
80640
-70492
-50359
-61366
77048
-94409
-30799
-8758
115164
39292
39017
68383
40523
91999
38863
-46789
42826
28396
-34020
-103782
-21637
44231
-49920
-65834
-24749
-55952
105085
98719
151251
26962
-4488
-12410
-7338
-38181
-39093
-31494
-17357
5341
38330
19683
74194
9415
-39126
131325
9653
-7922
106199
-162036
-82668
5416
20560
-92183
-77423
177705
11711
-24270
100967
89423
-30550
-5489
13497
42774
-14839
45236
6077
119338
3242
-6908
14070
15879
42714
67597
52833
-158981
-22642
-57577
15176
115417
-32842
25096
2018
66875
115280
-3097
34017
-79558
-6953
37984
8862
-59492
-60821
-97677
57023
-37538
83561
102611
-38579
-25990
20596
-41634
42388
72463
30682
114997
14826
3446
51134
-22615
-61064
119730
73251
11114
33659
-157883
-85746
-40392
-92637
115920
-73637
-864
102383
-105145
-8552
-12408
36611
75431
-127756
-98200
-106563
48688
-5136
61365
10002
-13816
40128
25796
-96540
78832
16467
-129642
-40007
-127876
84317
67573
109936
96625
94215
30263
143083
-59218
27815
-14577
-38325
-24800
-2644
77070
93018
-16849
-43918
67254
-9316
-14127
66811
-127459
-50383
132686
-55841
-11166
-42757
-141149
71074
49622
11427
85525
7588
74157
-60596
-191915
31634
-8595
-23735
-69560
-11477
61908
15106
17540
90842
-117715
65900
-23194
-13544
63240
22125
50468
-85051
-28502
-75486
2691
-36901
-47348
-27161
46037
20513
-27963
-48462
-48798
92804
-6082
44284
6668
-56973
-59639
23498
107351
57496
-89100
56979
44799
-85006
-25723
-6835
-95217
111890
29671
-150132
153990
-79606
-2447
85705
35768
-3592
-32731
-13943
-113881
-59563
36894
-40654
93421
-66325
-95714
57058
53796
260275
-19138
-60489
-47358
-44547
-102367
135775
-5022
107527
-93923
107152
1093
-41372
-94095
-4595
31112
40140
-140174
73933
-174773
-63988
57876
1655
-68679
-79436
50617
-6299
53603
-92682
135490
251
-105852
26446
-108860
27943
99265
-46205
78418
5749
219480
9318
-25256
84576
-9216
-13232
54476
-5540
58717
51503
-38518
-14342
31241
11156
-9248
22003
-94634
-28600
29320
-164479
60347
29722
-59438
39315
169526
-75699
133559
140947
38265
56938
-129353
-2059
-14197
9769
-30048
7746
11522
-124408
-111673
48508
-13541
-65948
-69671
110812
-218284
47977
-2487
31995
-97026
37964
116044
-14671
-93917
27942
65344
60212
-37209
-39933
-150731
25179
17989
-153293
66600
63197
-78513
-49842
-22864
48797
59440
24414
-120466
-91136
-28600
-27801
-40767
-53543
-197709
33641
42400
-92773
-31783
-103843
7441
-775
6457
1092
-84646
125030
-98885
77560
59113
-7978
86272
-31261
-77763
-70583
-60638
-18591
87052
65286
-181954
60997
-72123
10322
154892
20333
25891
-56422
71242
-42654
22064
-14662
-53688
-61031
-6414
70232
-71541
1514
-12197
75153
89718
-89560
-19534
34263
21343
-95771
40225
-101618
-15451
-46197
44277
61117
-15133
93358
23759
-25002
38185
-5957
67861
74149
3734
-49710
-10606
-32595
78715
-12238
-32058
59612
12954
-49126
-35410
12516
33302
-20552
144739
56468
64461
-96150
53349
73851
105489
7779
-170682
-37696
93088
-93678
-12577
-46966
-61689
-66275
54965
19568
-8520
32082
90283
30849
23660
-26985
41282
-18727
-17283
-10181
-76457
14901
9181
89992
60532
38252
-68722
60282
74800
39544
-4035
54426
-83727
168000
-1221
-54581
89688
-10609
49929
58830
-182401
101698
122601
-6891
105373
66574
-29718
961
22979
88049
79415
-126419
-108423
113982
-22558
-8312
65352
-18670
167294
-141590
-136275
66630
100634
145787
-68286
13852
-26965
10758
-23131
-9756
50932
-135690
40873
170469
-42205
-105003
88971
-252986
-50231
37506
-10199
114395
-96185
-26577
-27744
-109321
79553
-125642
103298
53934
-101104
-11565
-73259
-18440
-44079
-28041
-11266
-17239
88271
29260
96571
-69125
12203
-51571
85868
-1035
41878
54339
-71708
-5393
-12451
-90766
-118870
-7697
-215486
-18888
-97001
110508
36837
-61269
37460
121414
76442
-157705
-39842
7890
-37194
-44037
47220
-20740
-55975
-43802
65932
-133711
81670
18000
-179777
-4025
20111
59568
-48070
-110406
65235
47590
117742
141984
102481
-63637
208124
70781
146872
25198
34299
33908
-124565
-10982
-59949
-54447
39125
71756
84221
-99189
45310
17570
52107
49647
-62269
-27417
59359
-36062
17565
-45765
36858
97319
16080
-8552
-45419
-7421
22391
-98788
32891
104723
-34877
-20886
47007
6108
5259
-87839
-56797
124814
17318
16660
-143856
153720
40137
-64607
165491
12164
7892
-24559
-33005
172392
-100177
-20675
-62135
122332
11854
37716
214539
27123
-62563
-73725
-16520
735
40274
-40942
17045
13676
46280
-106742
-39319
9468
-105015
16376
86278
124796
-59622
-53041
-21276
44535
-201776
47653
-29163
-69076
71967
-140189
-61969
23919
109013
120932
-116749
-18859
39944
9014
15806
-37458
-166609
-81939
-84264
-52925
-64663
-56386
152578
69416
39933
-68467
21618
-9992
21510
7356
31781
63630
-27163
-69031
-23012
-45475
110514
92740
100861
24326
-52380
28475
989
-66767
51177
-13450
-82023
24257
62315
159822
-16122
21236
133912
-5529
12080
-150106
72875
49396
110471
26783
-70853
-42379
-74021
-24464
-987
-47365
-60569
-173265
145497
-31222
57697
55475
193513
-55435
834
79016
-8520
-119712
-44999
-40792
-34142
-162797
-77641
-102409
-114193
26976
586
110223
91581
-90286
-3220
16417
45642
39477
-53637
-3476
-6227
93134
46734
-66032
88150
-92739
86522
163406
-60201
-89531
-72554
-82610
116219
63572
156619
50923
-91194
-28104
-197570
-76329
144502
-18125
-115454
-18891
-61051
-41738
-3095
-89435
-37906
-80572
26986
-34400
-20087
-71502
7929
-9351
-83741
-6942
7488
-55295
31173
-28494
-65074
59224
30774
114471
-144356
-99898
33531
111357
25529
-20251
-81564
-28231
92307
17189
97783
44939
1609
65710
-31543
-70102
111806
101575
-74441
-9345
-84267
-17530
88479
-4101
103961
76734
5180
24549
42872
11150
-63659
-31116
-57135
126567
-36113
-86468
-27423
32665
35783
19876
-25121
-50063
-30738
-6802
-80935
-52612
-89528
19494
-54765
-72778
-45158
69264
79717
48639
26306
-10337
-102235
77375
131884
-2720
-66149
-12377
-56328
2502
89409
-96404
66517
-16056
29069
-5065
87021
28449
-28198
37489
32152
-7244
149867
84107
67057
2486
174380
69836
6084
207720
-33990
699
105841
54828
-91909
-40075
139950
-84591
-16776
80813
147142
82472
11334
151554
67057
-15512
79550
33159
17200
-3552
60944
-102881
33484
-107560
17298
94654
85334
-113238
-145919
58007
-141068
-88966
100142
-54232
4734
-12367
67725
128663
57032
-31443
-41155
-2764
86237
-65265
12162
-153601
-91663
63250
37936
64265
124339
-11728
-330
69003
44000
-91224
-95564
-73240
78408
-74661
-76387
30748
-92046
-139305
24229
47335
-99362
119389
85970
67519
109423
197290
27650
-2910
80288
-30386
-33617
-27946
111256
4238
44020
183016
-64698
-34081
-8686
68438
-47565
26733
-14688
858
-48473
-104590
-53517
-7874
-2226
-58474
-65820
20649
27421
-99536
28780
71274
-40503
-80559
92133
91049
195113
110081
-115048
9557
-78344
-119070
40863
-138623
-57741
118777
-40766
-65122
14478
29304
-31421
-40450
43560
13129
9007
91864
-105417
-52943
87956
80119
-55783
-81640
1717
-38194
-64046
-20790
-141917
32131
-4543
-80297
-21387
-1948
74860
108205
29301
77603
112864
-125273
55293
126170
29785
-73339
-26501
35942
29886
98876
33448
177315
55501
-22047
-51570
-31519
-50792
30730
24116
24102
129392
-1368
6194
62578
-61551
-6609
76346
-16003
-30340
-50434
108841
-177232
145203
-43332
-1641
-66071
112158
77101
-9634
-1901
71095
88032
-25170
43534
26045
-36646
13727
65480
-125478
-83815
-7517
49041
36827
-15669
-6949
-103157
37052
81261
123126
132243
63545
27279
112380
58065
23395
-19024
11490
59146
-74079
54200
-87851
-12572
116233
-60653
-39063
-75544
-66671
18694
5305
15345
-175311
137014
-115416
-22778
41743
1251
-84386
-13064
19796
-48205
-52486
70227
13666
357
27484
26733
68749
-70748
5190
-38
-181420
-41833
64499
28883
185639
46909
66770
-136065
-93129
-118399
13864
-80704
24896
-92696
-18155
74499
-17842
21041
11217
145301
-113515
119072
-23365
-99479
-91611
-46382
210930
40350
60754
-31073
131173
128857
-45084
108856
-48813
49861
-52197
-77267
168945
9102
-131524
6727
79444
70323
82369
-34139
70466
-2738
-45852
-35015
-35423
-23949
-217
-40669
-50778
-45019
-56842
-128377
117450
-28975
23023
56130
9281
66356
72490
34849
112387
170277
-27869
7672
135024
12883
43450
54274
-27593
8807
51388
-155665
31806
-223
-33350
91615
5725
136680
-107459
-36628
-3814
-49603
-100366
-92212
-98491
-86098
138844
-62695
42590
-103319
35432
196192
-54727
90000
91203
-40548
4484
43446
-17865
-146628
-95823
-99627
84288
110
11459
10421
452
-51030
13030
-16183
14789
-49727
24253
-25439
-11779
-160977
-124336
78453
-76407
86219
-73334
139075
115398
64998
30192
-141050
-17408
-35157
-64781
59372
119269
-12116
140933
3731
-19057
-68932
7092
33052
-30516
1926
484
-167418
42969
-60704
5598
30479
-35205
177158
-73489
9373
58996
-231354
53995
63828
32930
59105
-82562
102811
6893
-800
83314
-102247
-100705
15717
22987
9474
81337
-57444
-44044
-2380
-27715
-88222
18140
50666
-12628
-124161
-42948
-126174
-4865
-93917
-70463
-110794
60363
-22365
51734
1449
65339
110211
-35019
61678
-156588
-111556
-81182
-107110
42642
143667
-82364
191623
-25990
104021
-4814
-26384
34541
9813
-139184
37229
29090
-58546
-139706
137331
139339
82338
63290
-93895
-96556
32786
-66050
64868
-20837
-41732
83143
-7204
22357
44874
-22532
-73829
-43179
84738
-51663
35127
-102831
-118479
-10166
48644
-109143
105130
79961
106774
54298
13353
-80533
-61303
-73004
-121889
46765
-143374
2835
-64472
9480
1278
-24160
30008
53789
33326
107890
4762
-89574
36479
-78473
9865
-140898
-25714
1286
-38707
24819
-107811
4443
63859
-156632
-119198
146775
-74194
-54706
2411
65203
4985
152312
-30732
-589
102619
24762
23440
-30631
-79853
-62243
-79033
46679
-64761
-94307
-157534
5276
27148
48083
95181
39902
-11293
-15867
43151
64026
-56239
70648
-49470
29305
70339
133901
106919
5818
-100253
-98784
63636
52265
131916
-34625
136301
-45428
-45060
56479
-10953
42233
30405
48311
39161
84278
96535
-39637
-69426
13617
56182
-2555
-45526
47616
-40217
-105600
8317
-3094
63854
-80374
71299
-60985
-35893
135918
165
-74317
-87819
26115
-29741
-77962
-86623
-103976
-27836
79039
-40218
-71972
-5196
-1167
-25391
-67213
79760
-14968
-37013
64652
111399
-131371
-148934
-88440
-117450
204109
165868
-38540
19891
44869
86906
-94953
-16505
-84865
30470
-97083
-83747
26760
62689
22405
143319
191208
-61523
-32085
15864
-115920
21218
-40859
-65357
157493
-17272
80231
-59459
-78587
183144
95171
32028
-85988
-83909
151438
-34924
119514
44321
-14879
