#SpinCore Technologies, Inc.
#SF in MHz
#SW in Hz

[HEADER]
@CLASS=	RADIOPROCESSOR
@FIRMWARE= 3087
@SPINAPI= 20130917_x86_64
@POINTS= 1000
@SF= 0.000000
@SW= 100000.000000

[DATA]
-153287
-320614
446837
-93519
-223257
166198
-302526
-344045
309044
-107982
179964
175150
-268364
-136352
214897
-264344
88533
204244
-282125
-158100
199811
-162696
219454
145614
-80691
42086
-10750
-182021
240181
26594
-136618
103432
-65320
-41188
135602
60377
-104326
140109
-162968
-112849
199458
73338
91067
249543
-15568
-161938
142564
-84498
-16543
36592
-34478
14964
21241
-21609
25228
42442
-82029
62935
-99159
-106179
113241
-47750
-30372
87871
-97250
-72091
57801
-106034
14711
143787
9470
-428
34710
15044
-66905
-46327
45945
91854
7151
42130
-136682
106667
87097
-14648
107138
-17148
44524
-89682
76636
38717
24214
58222
-132902
-18150
73065
-156061
39203
148422
-115738
67059
55978
17240
129070
154095
78148
45977
-46898
-90963
50133
33479
-185113
105002
64117
-207522
60664
83016
54037
-24790
29510
-74796
122737
21725
75599
51063
-76886
-28768
-68142
97398
-22242
4683
-98998
79909
-31758
-71028
69765
71065
-151333
-80072
26290
-30577
84793
82871
48245
-51042
5222
-43921
102568
28054
-113127
-41879
118282
-38989
24579
-24710
25046
31220
-131439
-152034
-60367
102421
-28790
12845
-19704
-129804
30905
19322
-5496
7935
-25552
111931
69396
-40823
109958
-47309
-65186
-8630
-125938
-19761
129566
40466
42004
27703
-58974
126660
96508
116138
53128
-10294
-163115
99343
-61465
-114395
-12286
41423
-33909
91854
128927
-61087
-118538
36864
-39970
35403
-47940
-34317
-81745
145235
19614
89747
-11555
-4969
7625
-111584
-45044
-123246
55094
-36929
-186964
-70322
56533
-90377
-7099
-84743
11485
217188
68932
-112181
-35358
85707
-43589
93581
20288
-15674
-44333
20157
-66289
149358
112220
222727
8869
-41662
18031
-73328
-144363
-6268
-81356
68653
-54405
146730
44142
14272
-76846
216327
-92920
-26787
2927
-84603
22929
137557
-5003
6308
-11345
-54353
139097
-91934
10764
-51403
-119173
-57383
-15035
-104913
104314
-53282
2513
-81201
-138217
-1464
80186
87461
-67522
97840
21249
-54584
-25391
-30179
-77899
-111593
-101856
-222886
-99810
-28316
80131
-72783
-24429
1190
-78348
-12234
-56043
-42292
114316
13675
7590
-18773
28391
-68337
57475
124837
-50792
-4665
64442
-96952
22030
64438
75616
-26871
-113969
-40925
-198512
-38042
-82012
89270
26925
2204
-9051
-68754
-68127
-67114
-229320
107505
-20029
-40040
145409
-46352
-19145
-94727
-110656
5590
93210
-73866
-76853
5736
58911
99352
40948
-88300
46997
38813
57668
-39239
-26678
-117003
6315
160892
-5649
165442
58408
20534
-37088
166662
111752
-208759
26549
-45288
117574
140284
-50199
72537
9094
-57
116118
-182392
9771
-46160
41003
-25530
-96922
-79347
-123138
164052
-63980
-62024
25875
31968
-1246
121210
-82022
23031
31656
31908
28989
-103654
27783
9896
-15307
-116731
52470
1572
39088
9375
69104
84418
-2657
-2808
74743
17518
62505
-156721
-36118
57501
-114315
24609
-6312
-127302
-89497
-54964
-90308
-19056
-128844
26000
32668
76586
180986
26942
98308
6465
-61379
-53072
-128781
-105338
3030
119721
-11344
-87106
-40878
26412
119349
29964
94063
6749
-73709
-40683
9867
-26603
-38752
33815
152371
-21590
66093
27184
-47329
-32320
-51418
111738
-28326
-12861
-99258
38196
-162402
55694
74135
-43511
-50000
17998
55111
-106357
-87556
-158339
-66979
268
-433
-44263
-34199
6514
28252
-124050
1089
126893
-1169
96001
22659
54999
6627
34959
19107
23121
161519
-167362
57857
13959
33702
27177
57948
78232
-39582
91518
59043
-29564
87164
-136287
40773
34885
-74550
-4076
51348
-37588
-39262
-40823
39
123620
-284
-45519
-118410
-84356
93376
144425
120500
34105
-2350
-110358
73752
40402
49852
121495
-31097
-197824
-37555
31233
-58018
-14320
31223
69178
60445
57181
93857
30437
-42817
-82444
-81375
59966
28118
39652
44148
39331
-25344
-201655
431
64805
-74423
-46512
-77515
45528
188214
-45383
-12846
135258
-43332
-41461
23227
4727
95887
20163
-111336
-196801
-89029
-163879
16758
-26483
110993
-6274
26835
40605
60557
-24133
12617
65497
-98292
21848
-77419
-75053
76307
10384
56977
-20653
94092
-218583
56256
156108
-21504
-32362
69468
51362
-93348
-91007
9143
-38055
143510
-32860
-41919
17209
20269
-21269
21953
-97415
-39338
37323
-173710
-98633
98961
-26547
-61022
-3706
-66486
-147155
110842
-33441
20009
101637
-90746
29021
117342
68435
139161
152481
-44386
-111441
-25343
102554
-97285
-75370
137551
59142
81320
-62577
119472
32940
-48683
-99529
32330
113200
105860
-67488
58908
-97719
-75441
83499
-92119
-12403
70492
38521
-106636
-40011
-38733
-50572
-11555
-65643
-23265
28307
42499
19269
41376
58173
32581
52243
8460
26407
-844
-24247
-35480
-86517
58563
108076
48816
-101341
42068
-37717
-81350
32805
-80724
-69688
141204
138475
-7437
123476
93944
-34963
36699
-107216
107488
-95426
11997
29336
-72453
65153
19527
3413
-33248
-123061
-13113
57220
79384
-58310
172602
-85113
40454
175236
60295
-15390
-40765
24667
13230
-87790
-106690
27343
-11970
-23316
-171057
57709
-90742
32166
-7017
-189308
-62296
-52913
-135259
-11752
86457
42213
89306
-88968
-109721
-95120
-84998
-147859
-34477
-4362
-36179
-2325
5727
-66261
5873
-59275
-11429
-142311
34979
10530
47645
6874
6789
-75048
137360
-161871
-29730
-2629
13655
-15732
-23829
-141076
-29235
49985
-5619
93896
-18016
37855
19504
-106139
-5712
59346
889
40361
-35880
-62287
15406
98673
-3680
80502
-13823
11982
145392
-137589
-25090
-56848
41864
20103
-14150
-50598
-81471
80628
17657
65708
18142
-17512
115546
-68610
5282
1512
-66473
-58124
70595
22477
16966
-86350
-43243
-101047
-42554
-57309
-55683
-53268
104565
163306
80584
10658
10718
162866
-4981
-57639
-48710
88819
-91180
-18360
50199
31568
23646
-74349
-75143
-40197
50360
77922
150273
85450
45380
50952
-23773
-61055
126604
-31377
85420
48716
-25552
2538
28155
4260
3771
-41907
91812
629
-123774
21397
-18273
17914
-48758
-83556
184761
203194
107049
44323
31173
-42425
112467
71524
-56868
-48551
-74321
-19109
117574
29623
55893
-128612
126747
14109
28508
45859
12643
-21390
48051
14909
-122658
-2977
-48083
-7047
-45415
17961
10006
-51770
-59866
38255
46914
160464
36040
-57020
81681
-69008
-1241
-71431
22034
10005
-27157
-27852
81835
-98677
-131919
-18162
9114
56738
56299
11958
-126993
-66294
-54763
1123
36729
14033
39603
48897
-120049
-35752
-130571
50099
-101464
4027
4616
-16592
-102346
88398
40491
66565
131362
-84076
28345
68977
-45758
-51328
72109
-19891
47353
21403
-148260
57920
-56655
-38240
-116614
1433
-80517
-34166
43006
-33508
27805
-96101
-31171
134474
-63474
-28292
35498
-80960
-22138
-90269
-74640
-73476
109015
-51602
-1139
28728
-106655
-10647
1307
36855
15932
-12534
-1878
92897
-54705
-94827
14991
-38436
83616
154992
-2108
70545
14416
47116
17684
-669
-24453
29701
-1187
-70216
-37892
44005
5124
2705
330
90267
-2590
41836
-89302
-41396
-122415
-74151
41340
-39352
157377
-49158
113429
-90070
-59855
20737
39179
10211
115645
94541
-47067
113052
-124865
-49393
195453
16644
-45483
-73882
79919
21482
183930
-19110
62345
53979
-41722
-75481
129515
5766
2770
161872
-20168
141012
55945
-95620
-11830
-55316
-96127
21108
63725
-42067
-111890
166429
34449
-178063
-31333
-74764
-65521
-38443
76650
-73444
38620
-86227
86887
84099
108224
72483
-22972
-47708
-27784
55056
60894
8515
8012
9564
12000
48501
30904
-20396
-49875
-12588
-63402
178523
-27582
49205
-22855
-26661
-42169
-69550
-18429
64989
-79063
-177004
37030
-67865
144792
70040
-25912
43199
-71187
-15902
64969
-9273
-12639
-139069
2106
-51573
-120281
98503
123187
-5881
187353
-35758
-9233
-44668
77521
9381
173131
-40887
185501
-54901
83033
-25474
8452
70831
-132548
83810
-112706
-130117
-39266
23063
98137
32623
19954
-50494
-9891
-4534
88239
4098
-12909
148241
22387
42207
-24282
-153854
-77430
48092
-63648
-92635
-127999
-74273
85865
80374
101577
4525
-9253
-95733
-62108
34938
41470
-94483
-12447
-106099
72476
5326
179673
23707
12964
-48047
59217
-21010
-61779
-577
18209
72091
14591
-99839
-41996
-81586
53550
71884
-90177
34468
191631
13262
-49830
89058
70928
12495
27463
-45359
-523
84208
-22864
-124260
-156308
-22043
-33521
-29083
-58731
-12583
-151427
51720
40966
-12383
-71239
22857
-1471
-19149
97092
-22484
-160601
12307
63553
-48489
22937
-7609
46153
10062
-50108
-162536
92358
-132475
-81959
39182
-106673
7136
27559
17637
-155226
37548
-16917
100460
44952
118064
137721
-34915
-114123
-177093
-93659
-9926
31777
37664
-754
-18962
73404
4198
14928
27418
-32715
-43935
62183
42301
-40433
50869
21203
-10141
13491
-39862
29109
43557
184023
-19607
-79362
-62596
-31697
183243
32941
-26753
27125
-43763
20676
10572
5816
81480
-21351
-2650
-90791
-101304
96947
-113103
-182169
33816
101373
28112
10195
-2288
-77389
-74542
57793
48424
98850
-98088
99401
-60328
-53216
-4957
15894
-31823
-65975
85488
68422
-65733
98314
1571
-21989
-35523
-78282
70702
28110
17544
3652
71438
-114985
51688
38977
-15015
25424
-7038
154043
87712
-53918
-94569
18421
28670
70554
82317
89646
-17558
-10633
29341
121525
-140571
33636
131090
28415
-46031
61110
22092
33938
-77077
-47366
-105406
105319
-1371
79110
40883
-26225
-24555
-27109
-39504
-69454
-82668
-76915
-90216
-55564
187450
-43118
-44991
23534
28525
-144817
99969
39598
117283
-1129
84889
-89357
-33186
-20411
-35712
129513
-44228
68450
9827
104356
-2027
-31378
-17966
46673
71108
96090
-16217
104442
33059
-79340
55378
-5623
71248
6282
-99408
64669
122591
67768
60125
110907
-15426
-30584
-47174
-22961
-61817
66645
-105574
137887
79061
-38943
12893
204655
15632
84065
-106240
135752
20769
42514
-49407
9083
59011
-53572
12582
-14578
84471
27133
-104481
61580
-12462
201760
137270
-174202
113751
41447
-58037
72960
17237
55295
68024
-48489
104395
-40196
-26732
116324
86083
9148
81413
-11329
-5716
99365
-42231
-18722
-33730
49092
120228
-49397
37494
192368
84454
50725
3791
47374
43431
4652
89838
94508
11958
-93053
-79915
29348
-36162
22649
126793
-48002
18985
-109294
100983
124375
175931
49655
-17205
-15988
86563
27523
-81724
96513
-24368
-93498
-56667
-73497
-203084
146332
1971
-129033
5785
68516
-24341
-104464
-28194
1881
-213749
6599
70582
102183
70865
-115647
-75679
109951
-33382
579
68907
108133
36142
85020
-99112
-20388
-47229
48251
214262
-93630
-13455
-10216
134271
-93066
99397
50314
-2693
13263
-49404
7722
110408
103406
-116195
24956
111410
59319
59586
147110
-66276
73302
53390
36000
-79795
11443
88135
91006
61091
47197
43976
5217
7084
-15715
7594
-117647
-10860
-99557
-53464
54836
-40447
90455
24392
-7771
-30105
323
38232
97630
-7119
76594
-52034
-108614
63939
94746
-5436
23793
15314
-41135
51811
210772
33113
105293
42086
25168
102410
158151
-15776
26376
93419
-36321
8298
-19803
13584
13933
64
-30621
99656
-233802
70477
1202
-7372
-79206
-16987
-110273
-56197
-9152
-90179
-71170
-10874
130078
122380
25611
25484
5665
-74361
-2069
78425
71965
-39858
38427
92851
12299
110545
14772
-122889
-49921
13135
10907
38466
-111065
-6607
79775
-61245
15517
143459
-93653
30962
74892
-98929
-69827
65823
-161101
-26924
71910
67560
-11557
-89604
-29316
61555
-43376
59210
22142
-64158
-43345
98206
42039
190428
84212
-18167
-26087
13030
-135969
-73985
-1835
9678
-17163
-16678
-129263
-52151
-4432
-125672
-86121
108677
39224
112140
112063
106881
4350
-62010
23206
-111198
39628
81997
115513
117941
11781
-84018
-949
-31711
-6526
21420
-136900
13740
-39644
164761
-100619
-46134
-31644
44580
-34980
30465
17440
15374
-65569
11556
86418
-55669
-25944
-80731
66833
-21973
-116563
-57582
-89981
-116004
40777
54960
121579
26651
37074
52440
89314
17970
22467
54260
-35410
36260
72777
51725
45521
-91107
49285
-10079
-49184
115502
-1120
36802
-129852
10530
-51720
-2985
14278
-91584
63548
31659
72235
-52394
42103
84148
-12659
-38459
-20822
57341
-25081
18132
131779
-55776
61232
217074
23530
94025
65887
78454
100026
17909
-60512
-109463
94519
19181
25369
-60203
-15055
97813
-57372
-168616
-33782
27951
12313
-11908
-3150
-59472
28186
20313
26196
105237
14516
60298
-18751
-70049
4529
-34531
79940
102178
72272
-147239
64411
-53258
47475
9692
97001
52744
51231
86340
21318
-208497
-42427
124562
-71491
59844
-90511
-153924
-140310
17156
-77102
63627
-70935
137924
-49795
90998
164939
-129745
83547
27186
-58502
-8089
-14626
40459
-140792
-7205
51212
62386
-76488
-34647
31219
51910
-21832
112824
-67580
65912
38465
-59069
171397
36166
-108205
99237
37502
22924
87308
78422
16665
11756
2312
-103952
70107
31085
-60422
-118733
-106118
-15334
972
64750
-76813
38970
-45466
86131
-5686
-30766
-45091
9059
-29772
37196
73109
43021
-2959
22929
-9252
-18274
-36991
-49147
63425
2769
-57506
91086
-46115
-171916
-2374
-23699
-76228
10884
12880
33471
57990
-43008
-98858
-75582
-151367
-7471
-121857
-99428
46380
34693
23871
-228617
91012
42245
104651
-41220
45444
-20304
83231
175678
-24248
-30564
52936
62035
-81849
-108751
113578
73186
-12439
131873
103790
31083
27459
51255
39433
-66819
55846
117079
31530
-30113
14659
2802
180623
-11080
178451
6097
1120
96355
59229
49599
-180713
10891
128994
29546
-40699
-84248
-35640
-96502
-35241
-63256
-57250
67088
44350
22694
-16287
-78387
-144551
-49268
-47082
-17815
79354
160016
-18834
70889
2105
-66909
-70054
64168
-6505
126071
-60996
-186491
12386
51029
42860
-33398
-167412
66581
-36991
-18162
61793
94756
39617
-79957
66437
80061
41543
-26211
-65580
73720
-191949
71280
43998
-1712
-150963
-25023
-18095
-1678
34104
-2873
-73452
25650
-17595
-94797
21672
-30456
9355
-25228
133072
142817
19258
20308
165837
-59735
32610
-114791
103426
118548
