#SpinCore Technologies, Inc.
#SF in MHz
#SW in Hz

[HEADER]
@CLASS=	RADIOPROCESSOR
@FIRMWARE= 3087
@SPINAPI= 20130917_x86_64
@POINTS= 1000
@SF= 0.000000
@SW= 100000.000000

[DATA]
-122955
-217620
262108
-33042
-334516
102753
102742
-224528
99407
103373
-261915
137663
199712
-235495
229710
108303
-123521
175386
-82206
-137225
220209
-49045
-79833
232362
-174584
-89674
88728
-61428
73023
147858
-114359
-156103
153783
-32809
-87009
211153
-203075
-33731
153759
-114918
266181
209240
-333666
-84631
243203
-166183
131837
262866
-249512
-66423
110073
-196289
131330
134854
-152483
49352
-56045
-89333
146016
-28380
3992
150096
-75643
-141239
179298
-144417
-94353
59975
-197512
-105254
159424
-153451
-4494
19094
-194748
35420
-79348
-295929
173522
70879
-171302
106712
-96990
-235356
353966
48996
-157015
76627
32486
-246493
132895
19905
86280
178354
-217243
-137114
62011
-18189
74864
132628
-149498
-102143
73361
128991
68981
172740
45833
-86402
39297
-145406
-22065
71925
29368
-4817
5523
-4372
375
23432
-140033
78301
-47478
-87245
36411
33142
-98459
97364
65402
-85718
183162
-83851
-142393
85428
-95341
6730
75298
-129460
121898
47965
-50216
14375
-12051
-125164
7098
33164
28549
122597
-147923
25463
243528
7126
214946
249711
-61706
88943
68914
62626
91657
288258
-77761
27581
-38819
-837
187709
-100949
-144962
-20796
-171635
740
146237
59125
-4262
102059
-27483
-21772
61753
-132209
33019
55303
-7197
146791
-50148
19506
42934
-68336
-172638
44728
-117308
-59656
17139
-5565
39013
-60716
-149341
49126
-61619
12520
-72239
134565
82961
-49799
29168
184590
45668
42907
-113191
-74624
29665
-22745
-57077
89788
32872
-27741
-43326
-38602
123062
141502
-110314
-31431
15562
-119864
4105
-81824
-96695
30123
44904
-27139
152514
-73041
-6633
26480
31288
-92374
52011
79887
-91889
125420
26750
101148
85236
-212037
-22628
96437
-20478
-35736
25252
-127292
107647
-78683
172680
-35054
-50827
-193003
96669
104214
-81981
-54834
8371
75881
-79514
-689
29991
76053
-58800
-73128
35870
-127602
127766
27606
-175532
50122
156001
-30071
23587
-74986
4134
87367
-7291
-88250
81113
69565
30729
-103503
-186784
-19505
63370
-17100
-26509
167365
-125897
-58391
49697
-822
58697
-61853
-35980
122914
61093
28597
-59560
42062
75151
-19325
-157574
40278
-58115
-16281
107288
60799
-12333
109765
105195
-2980
-39833
49236
-149849
-12047
24279
-17884
89125
17835
145168
96248
-53754
-108779
-106201
29975
-4625
4250
-6547
63621
31509
-14877
93744
-164213
117680
-25479
-26314
26885
55470
-51608
-148193
-54175
17188
38898
2867
-46807
-136990
114578
3925
56832
-79623
99180
-55210
-62711
-22711
-3481
48947
115409
69307
-24271
74945
-132600
-47090
-24295
36192
42513
20625
-106737
78197
-107154
109363
-20955
108222
19900
4285
-24709
-20613
-7576
-9282
165259
-14357
25140
37130
-80415
-66958
-1293
-8091
128893
-12326
-68977
91306
111833
-131583
38688
12936
133966
50130
-186016
91689
-174592
25292
11044
44379
73870
22893
43430
60271
-35231
-50094
-52520
61971
60492
-65892
80338
-136936
-90076
54428
2639
72898
-21272
-19603
-119097
-15083
65176
132018
56505
-78984
178414
77878
-23211
-8647
-113004
-84849
-22982
62029
-24249
-100658
-41295
-46488
60460
-38189
-35210
220372
-54646
171205
39867
-59545
-1927
-188159
37239
51170
-120722
-35129
18836
-28353
115078
-227765
-85978
23817
-22627
166297
80175
42997
-92658
-48809
-61402
81910
124369
33343
25127
-77543
59235
-24256
3467
67346
-11862
-14876
-77481
-95944
-2466
82886
1673
35361
6460
-36470
101835
-31640
10426
124849
-80955
-11599
10575
-81017
43884
14894
-42560
-91899
-70756
14244
51301
-149885
-88736
-42597
87860
-15476
52237
36664
-237887
90370
-58731
-81842
-64555
95040
-107887
101679
-17441
25657
-44858
-19361
26358
-100893
114470
2810
106223
-48667
-115742
30942
25126
-29335
-46251
56206
44706
-30571
-122750
-18082
99089
79366
38330
-20338
-25923
-14365
118359
-97046
-63326
-55593
-45942
-58496
-30210
77982
11729
-37194
67677
40989
117622
-68849
-53059
-107473
56163
68743
40235
19467
108123
-67107
-5054
-13823
-102940
119723
118019
-71651
-100507
73188
119790
-98890
-53883
-87261
77452
-63072
-121507
76608
214846
2068
-46099
-16238
-104293
-140069
85114
-111694
-206445
-72346
38762
-26621
-78728
93571
-135230
-19997
-58404
-94175
-35081
97056
75529
-88319
37707
-74002
138725
-139431
69305
-46038
-9395
-7508
42577
-193999
-107708
84458
-30987
58891
-57351
-12814
8650
-7225
65742
-28597
-86170
171817
55683
-786
72346
179697
111171
48578
-92966
1149
-33430
-42166
-71158
13062
51552
18548
-80242
145973
-99131
31753
-96543
-70909
-48423
-20059
83427
6330
297016
-86076
-81256
-29279
-172851
29344
22857
-15021
-51599
21544
-90416
-69836
-22230
135791
-27532
-143733
11936
16199
-916
20210
-87511
-22884
75246
13141
115460
34810
-45199
149476
150122
37664
158730
58853
87340
-91095
-156870
45574
1111
-104565
24979
-5996
30527
-15122
-19225
37014
-137992
-19473
-105374
89118
108214
27366
-64210
-117791
-66235
-11782
41627
29320
-13735
-101419
-75243
-80614
-108376
24216
-54579
93764
-105569
-81348
-88167
-8386
-164293
-40466
79884
-125889
12812
-46011
38586
-7360
93103
-40666
132616
51854
-26246
128278
-43506
72163
3899
22967
72082
-137544
177787
26615
-26843
-22347
-79509
-61302
42361
140340
78569
38469
48365
-49917
47976
97213
-61901
156290
231553
-86952
43780
54460
-140730
-105974
84006
55264
56580
-11900
11664
106037
158388
23016
-78455
2549
74530
-417
-95096
-250853
124158
19208
-56259
-53014
-88229
59270
-24805
-79823
-65087
-157988
-3437
-34927
-45434
-17581
33911
-89340
48222
68002
11088
54610
33158
-32165
-52946
178777
59521
-81071
12933
5337
113712
88885
-101226
-23712
-23711
130017
-40087
-46003
-134876
-156427
-5324
138821
-28263
81419
87652
-26693
-119732
1300
-15070
-1766
34118
184480
22328
13466
-117372
25301
106051
-26521
-123745
5860
-32284
27383
-49212
77022
-180459
92033
-81096
104402
-30711
-14255
-111850
123625
136091
53765
76537
-101521
51231
143237
62136
37174
-41294
64842
-20348
-23406
192310
-83643
-35639
-142873
-125106
80464
37921
17599
-36580
-131645
-114331
-26244
63731
9021
-38072
64431
-23120
22592
-1024
-100681
-52565
-6450
-6068
42093
46278
-31979
-29305
-79861
111855
103637
75530
55133
-64738
147024
35621
176600
30702
2738
74936
-65373
39234
85713
-20962
-139949
-39579
-20096
-20879
39285
94927
-57763
39928
-29572
40546
29269
353
106617
176
62447
65975
-11698
-14185
55932
-70929
-155790
-30162
33364
53376
7115
-121537
-43477
-33930
-32143
133908
27665
-104452
186073
45890
-84183
129365
46974
-90979
82974
10280
86432
55949
-46876
19331
-47064
-101237
-8230
52402
-14438
-49038
54612
4969
-28523
-99605
186020
135913
-94732
-63199
30385
54880
-64927
84640
84620
118525
123148
-100326
-18480
-65578
108295
97698
40136
14168
89703
35627
-127677
148240
-116081
-62505
-63308
76592
120890
39206
118858
-60748
-23430
-117206
-11715
85030
27644
-39524
75259
35113
146751
-38208
63929
24269
-96235
-14579
-35968
-13826
67370
-56995
-179370
55366
52248
85868
148641
-13979
-53044
115571
-22853
24830
3802
176162
22962
87310
-75176
-108050
80434
-42290
10042
-127187
-62483
-65949
60874
-56196
51556
-84198
-5952
-108525
-216531
65018
-550
-82976
90876
64872
-45149
156554
-180646
16058
153523
75931
-120771
-140250
46469
-58211
-67479
188147
34581
10589
63880
-182799
-9950
60479
-47051
-20928
-48424
-100887
-3043
103657
50584
42608
19446
83514
15545
114946
-113846
2834
9620
-60880
74195
55607
132128
-6643
12095
120263
130834
29581
130195
-24481
70824
-63003
41565
2073
-86700
61269
52706
-135875
86610
-74949
-3162
-76366
-17975
105657
140223
-26710
-101913
-27128
122688
87598
18965
-123734
144413
-112125
-22149
-11114
-43648
110042
-73598
84683
79125
109627
14546
-37693
-23635
41740
110529
108724
-26141
20654
-59520
37220
146574
-132349
65236
21767
-51089
-80315
-120574
-104108
847
-95546
97835
72811
-29503
156699
100158
977
-66214
-11810
-48479
-13070
2421
31095
54189
-52796
-48064
-91693
-87303
45486
26285
-145732
42712
62879
-129549
20080
-42686
-65219
-93167
83515
112805
20452
-16801
147703
3501
55477
37945
149998
-1543
608
111238
-73212
45998
89056
-25525
-23935
98389
-53613
-52101
22468
29518
71706
36660
27824
-65157
9119
-89424
-80021
-22753
58659
91348
55639
29208
-11029
78262
28396
116742
58626
-50081
52188
-167
75033
-102332
-3828
-116024
3437
-108584
-19800
31569
94414
180668
-91223
-83459
78568
-54192
57907
-45097
16952
144438
25861
-105777
-19330
-22669
-72352
10223
-78499
-73715
-29745
28748
54159
-157369
10065
48148
-3453
55863
29356
82388
74793
-11811
2167
-13077
32529
-115856
-29080
-30784
23316
59727
57372
-3692
14022
159132
10261
100176
73576
-42984
113426
-105533
65894
-128778
-12239
-12688
-73911
-52368
93939
28779
97565
40635
-3307
6493
-56496
161576
127641
2998
-19541
65192
90163
-105083
139024
-52070
139127
-147167
-36496
-130499
55512
57909
38551
-60576
38118
-120097
79018
29593
-46705
115824
-103332
114837
-9053
-77818
-18852
135380
-81356
111239
150936
-128824
65550
143686
-29145
9516
31742
-77898
135480
183754
49289
81803
18819
22815
-108035
126636
55519
-185227
-88646
51023
29518
-84323
29770
123276
-175894
57911
8608
56234
-17160
-70349
-69076
-55842
53894
-135069
10706
37381
-83099
37583
18123
48980
-19678
12217
55764
6977
-21343
-32362
-5051
-12312
66918
90272
109637
47446
-136933
4727
-457
-100926
34204
-106831
127667
-42887
56559
42225
15711
-147042
68402
-1818
-33854
94964
68360
82403
10836
-54846
15308
-19890
-28155
-86968
170445
-119502
198990
110976
-40418
27680
-71571
59208
107602
-27698
-13773
65550
-125511
614
59644
22970
161718
-4480
-6157
52433
27011
60235
99870
-168441
29591
-40307
66934
56748
75458
-93872
16953
53228
-15940
-113881
-3954
-18110
74453
70388
21316
-53790
-41089
72826
-73729
70774
75088
-87790
49227
57330
-9501
189469
-34672
74264
-28629
51798
-22092
-20025
-76278
-71354
-231244
-121554
-100003
-104042
-68632
-77215
-37235
75573
-49159
116764
98349
138689
62029
60013
71487
-151996
-141831
-93701
7007
8049
-73637
4105
167184
-4244
-3199
-56387
1872
11108
85440
-121461
106013
27770
-19733
42926
7603
-183951
-57831
-109989
-41568
68685
-60802
120955
77641
-49318
205369
-40111
27568
38794
49583
-21399
7636
163956
34176
-109588
-58274
6283
-143485
-15540
114879
-16519
40107
-77496
-27284
99695
46536
89236
-18672
5375
95920
7760
72425
17100
-63236
-71755
-47844
-70873
43824
55
-110475
89747
-8944
-39809
-23218
55772
-22244
-6278
59000
16079
123190
-36271
-12488
22698
-82765
-15696
-37430
-100906
182910
-139150
47673
11517
-82574
77415
144401
30503
-10084
80107
-45448
57354
-16141
-122764
2037
-104837
31012
123374
27255
64860
130650
-151050
49563
138624
-35201
25355
35573
-29897
-14783
-15617
-94346
-6668
-64374
-37990
-21658
-191779
82290
47234
52021
72904
-48911
22774
-118422
-73036
10527
-21752
35098
-87387
-69260
25329
-10739
-88209
-142547
2393
-23264
80807
-35928
43119
112940
-95991
-47918
-13065
121305
-73318
-77088
109192
188278
-93387
73046
25184
95274
112155
-69898
-17979
49147
72196
-5394
11853
-232
-6907
57762
-64517
-39565
-145699
26730
-18188
129009
-8821
63128
-35938
45036
-130262
42432
-50238
-70686
91591
50773
80796
13715
-58916
65289
-24293
121385
-142313
59657
124647
85518
16683
-18881
95448
72144
-26582
-65336
121109
-64916
-48165
53044
-48646
11319
155858
-4945
66484
169020
56194
36795
89031
-90152
86971
-4816
90466
71497
-11660
-29886
103040
-67434
-81149
-32228
90687
149228
-106462
-14037
-19808
79878
-18386
24176
35117
-15770
18894
-155486
-25012
-126321
-137193
120434
89424
34227
-1221
-155403
38628
47129
92219
-35964
-111669
3379
120216
45040
-23095
-50139
29541
71869
-143493
71376
9229
-56627
-45722
103892
100030
-49713
26733
144480
-77007
-26430
10163
40284
-40178
88209
-75772
65277
153985
-70954
46138
-22833
82779
-40878
58585
161282
-77745
17478
75382
-19055
101882
5589
-37084
-16636
-33580
79336
98089
-78136
-81725
-71737
-95409
-5510
19805
9733
50445
126890
-45642
-12143
-88010
-58120
-25794
-49485
41302
-10687
-9006
6386
-7282
19580
54151
14523
-68003
108267
-8152
-8045
-15651
-56415
-5974
44017
-12204
-72340
110356
-19122
40651
6900
85962
51261
-52497
14162
44812
5186
-7685
38110
-6552
9444
-90506
75321
-92207
54108
82794
47782
-1000
-39301
-136723
-35594
-67655
86021
93134
74783
47120
53272
-70964
-98212
107030
-118734
-167338
-143957
-266095
-101710
60395
126868
32621
28769
172856
-37951
-65944
-26659
87703
48615
-112198
10337
-20
44758
-12477
-169561
77494
124696
-76304
19341
130753
69019
8436
54316
6690
103089
68056
-58728
-120015
-13662
-32009
87541
67345
-44326
61470
-117447
-27568
100187
14626
-52842
-90642
-68020
-101928
67198
11202
-21832
-91659
84993
-25276
31109
20287
-1501
-98800
-101960
7946
-85470
-44651
-83941
84561
-29585
74560
-37113
49672
177141
-48764
-59543
91670
-60410
-19877
-46355
-54553
-87200
61126
-80236
110114
43931
-43103
95871
-141434
-843
75603
39117
53704
40295
-152362
13499
-37971
-55055
-1592
25665
60286
44348
-29110
49871
-36851
-34885
-10399
-4943
-92791
93026
21783
-87471
-273733
-65482
-7722
-113357
-20545
-28307
46128
-16905
7420
22757
57440
21078
12192
-101972
17572
33713
58902
26104
-54114
-13303
-62664
6042
-106877
-35996
-3617
74011
6823
-76138
74457
3879
-104742
39069
47184
-76656
10643
-54857
-51258
45794
18520
-89158
-87737
-93141
-33180
-96034
-38672
-71893
106515
-67933
-114379
-47539
-513
168149
20795
194256
38654
124740
-99922
-10420
-37121
-215647
-43565
12308
-21879
-84571
-31373
43313
-127818
67402
-117473
65958
51919
68091
30329
-109998
-86846
-29419
-50410
-93842
16326
-33173
-118096
-144656
-32259
-110611
79544
-17237
73487
12416
-84049
70191
143079
58819
62266
48006
