#SpinCore Technologies, Inc.
#SF in MHz
#SW in Hz

[HEADER]
@CLASS=	RADIOPROCESSOR
@FIRMWARE= 3087
@SPINAPI= 20130917_x86_64
@POINTS= 1000
@SF= 0.000000
@SW= 100000.000000

[DATA]
-50213
-265063
315500
14925
-216395
197959
-140794
-126546
65223
93040
-120350
117793
-47758
-53845
179277
-5236
-61236
56813
24606
-141584
250842
153765
-94358
116425
-146527
-61282
114660
-34605
23775
227282
-151046
-25267
222269
-26122
-28384
196648
-133355
970
120852
-164058
162250
139179
-175343
-32691
-38672
-179445
32996
39149
-162459
158908
141381
-263396
373488
121341
-26416
122977
-83272
-79907
105290
72476
128435
212277
-132543
-188464
148372
-65671
-70930
47194
-65590
-65646
-35848
-63541
14966
-16622
-12483
21824
89413
-106803
58978
-28985
-140411
38722
-51529
83756
122298
173800
-113847
26433
-60951
-159709
-40516
51433
-75575
33545
-76435
-47826
57788
-171252
-34458
211036
88124
8408
1594
-76905
217617
27188
-177324
78411
-16863
-112606
149249
58906
-115566
-24064
98753
-141458
62587
-76412
82216
140354
-148208
-86061
37682
-106216
16069
-66320
-3309
-20490
70133
12668
-88822
-115347
-49578
133372
-102887
-27229
68169
12379
112170
-51550
-122157
-113957
36224
75097
115057
-3181
-2174
9162
3912
141863
31488
26078
-111100
-50855
-2727
-28212
-10339
54309
21882
36552
-15484
-55504
29623
-137111
82090
59556
-37652
-55163
-62135
-48967
13116
42561
-29377
-51082
-60572
44353
-1960
64015
-131816
4826
98489
-87132
125542
104191
24348
-50896
-65652
-76155
76723
20061
-50142
112245
-201690
14502
100494
45550
-71147
19830
7139
-122103
-32540
-92224
17939
4207
70785
-50878
-14624
897
126847
-43061
49432
-2433
80317
-38186
98020
-27880
-101136
83344
26739
-61830
149561
-38413
-50100
2891
-6037
-93554
64956
-89253
-39691
10550
101064
-8603
-2766
-153944
232406
183489
14342
-22689
-112307
-36757
36239
114477
46488
9503
-46651
-90149
5161
51985
-14801
-48735
-9631
-49235
86303
-55288
-37384
138795
-38398
82061
38031
-80617
128854
-47346
-10251
44104
22284
-87411
113222
-37220
38504
-8062
-16702
-36807
14632
45378
5645
19387
-20326
170925
67847
-129759
61972
106432
-31644
21094
-53383
-55764
47189
-44312
-35623
17496
10688
-67998
41478
-56340
95492
33049
-21128
42802
20972
43609
16713
-100599
-153917
-54060
175667
48883
-38470
-120491
-83460
74986
25671
-11968
105946
6011
-134400
49469
45685
-22944
-13481
97847
-67219
58564
99060
-230908
45434
29159
9429
-10729
-195785
-104366
-49610
-57464
111780
116938
-67113
51648
-45025
-47660
140299
56791
24293
-56934
-148664
-173007
82862
-93046
-113127
12197
-17409
46670
-20838
-69345
3928
-64678
-146559
-18287
-2494
52140
-90029
-20110
165221
-55994
86586
-27659
906
67951
-171183
-87228
11834
22753
86748
105378
33386
214496
-63260
-61821
-36412
-145530
-25372
121258
149957
136787
79913
-45452
-1897
104332
92437
11326
125685
-22685
-81597
83472
-149087
-103392
-72888
-163654
-91278
250845
-28052
39119
-78257
92335
23986
144849
1056
173758
-102299
8384
-133975
103476
-59083
215
-1199
501
-71194
-128277
36034
29347
-37646
-67583
43976
64703
32216
-74114
73542
143995
-73378
50142
178106
40873
41636
34596
47401
-91600
-56143
-132923
57499
63482
-82374
42317
88182
-27935
35420
28983
30711
4691
89680
-75167
-55190
119368
86519
70110
-32920
64359
-47448
4842
-42012
-38629
100380
-63973
-49221
-85296
-3966
67288
11420
-18656
-15460
-1400
87818
-46390
-24762
-104739
-2223
-8527
-17405
81267
2689
-41513
-45354
119927
65242
-147365
28224
4254
-42594
-96670
-63313
-37998
168647
1998
-42992
-65811
82934
1252
5633
-28136
31738
163971
106512
-110187
-7823
15100
-25103
-2373
-41669
-31469
-75229
-233402
-98801
-17760
16492
2068
9756
35798
-70567
-100530
-65077
-14716
82660
-120802
27535
56222
-106266
-62713
-97304
-140794
-38587
81946
-31717
4862
135420
66763
-201776
78689
-103892
-97233
14652
-51028
-141699
58086
5508
-90418
100763
-16598
37494
-54323
9158
42587
-69717
-26962
41460
73188
-44472
-58728
-6925
74178
35605
19423
37727
76917
-84672
-28618
-54680
21474
-10358
4893
-166276
-50421
-66050
27008
-96832
-23580
102314
45951
64229
5895
-48500
91911
-47259
52952
130793
97658
-68151
80662
77816
32129
-158765
44643
-50926
-2992
-96331
-37210
6608
38551
16636
44517
-73561
25778
69313
-19314
75491
-26597
14072
-30590
-55341
-155711
45381
-54147
-50319
-67828
126829
29404
1105
138895
81091
-63739
-76823
-4301
-69508
-38589
72287
-89424
-132685
6302
162971
49819
63584
5221
51701
-54381
33110
-90437
33255
68551
-1881
45323
-38270
138056
16310
-19910
3936
40130
114037
11784
53332
-30011
-32253
81509
-136641
-14697
7416
-105609
76408
-61984
-15115
21373
100808
115055
-73517
27043
-74654
-18185
10635
-80439
-78127
-4159
-37023
-43894
-9583
123949
-3040
11761
13346
91442
-79843
67837
-3058
148014
43438
31924
16539
105951
165953
-24665
57610
113260
99100
222971
-58898
31504
2881
-20507
-24879
81171
-98
24474
-112022
72566
-76045
72792
-53803
121374
-90017
-63636
20219
71140
-60088
151551
76353
-89647
20285
54842
15838
52743
-149311
-78950
-1480
-101402
-18212
73014
-18184
119784
33088
157156
-11886
-97618
2752
5471
105070
206172
-83843
26321
-50691
60456
96557
-55405
-73684
176949
136971
-86677
61774
80472
7573
151777
-123091
72932
-520
31616
58702
45966
17118
-130691
15130
-47612
-83317
-20110
12485
62201
51910
147231
-37768
-142361
46643
-56363
44299
46862
44537
48994
-3413
112452
-38477
66332
-7565
24533
-244497
-52788
98233
-64576
161212
-68919
34768
-52665
-79330
-24738
38930
-77779
49227
-12122
-97631
133545
112928
78354
-18762
10231
33636
-137162
-149357
-23451
74747
-3551
66554
-58669
-5741
-11957
27112
113154
-43795
-52200
58107
-92549
117576
-56824
67848
-43464
-71405
18880
-23198
10212
17780
-24941
-98685
54545
19186
50773
8057
31650
-125942
106646
36581
34838
120207
-20230
-80535
-15461
3187
-82951
92994
31066
-19975
51314
-172637
-106611
71383
25784
-135683
28664
2944
-124762
-22571
93171
52920
13800
-43777
1071
38504
22978
-99612
-23959
2620
-67772
-7295
-11507
-40580
-185287
-80684
-242497
-156628
130267
-10417
-22514
-31952
146737
56947
-17289
10200
-8986
60192
-68410
8866
-36436
54578
-6938
-4381
1752
44953
69767
-22105
-67779
86063
49088
-96019
-4245
15543
-154654
40696
105471
38572
43668
-34620
127156
30104
95733
-1862
6051
-15725
41806
45597
-83194
16150
-25625
134401
-82780
7429
-31223
-77922
-53055
19090
87580
-133026
-96374
-104717
-123095
-2989
-101126
84375
-72565
-22905
78633
-382
-189135
70901
20892
155598
63558
125393
29423
-97246
106845
-67250
39209
12856
48147
62484
106799
-26734
-35969
44474
-121832
-43947
-26889
67410
12171
39044
21359
-95383
846
-11855
46398
-31539
-72574
80243
25330
5661
-59145
-79566
58197
30552
63880
11146
44884
10857
2047
59050
63773
-13265
-12760
-26034
48576
54523
71844
-39063
77279
-128058
81185
-56398
-155525
-75534
73802
40641
42391
92275
89636
-78119
66806
182
73751
-423
-1642
-99752
28659
75407
12665
-123943
141669
5426
-13749
101894
-23852
-107541
-72113
24803
50591
-60432
-27005
5194
-53890
-26419
8383
-33273
86289
118771
-32504
46439
11611
89058
67453
12913
-164566
127731
-39345
112763
25266
57389
-28025
-85599
-31057
4785
142445
85813
21890
85889
78799
32133
126414
56046
-83615
67744
-137669
-14830
-180485
-20068
112895
-42687
-24435
46873
59788
51869
75615
-109753
30981
-77435
-70646
-27342
87406
-117146
-22465
-24654
-98378
6177
-60391
-55953
70318
147587
29747
-12841
-31905
-101644
41214
-60069
-2932
57442
-131213
-67082
-81717
-58924
-7349
3032
-13881
5440
-91618
-94849
-45838
19683
-57628
-75478
-85122
47719
-15836
61113
-109973
137527
-97213
59167
-53894
16298
-132844
-16284
-72076
117022
-86471
-66165
87879
-21156
-11678
80501
-69311
-36191
-143937
7316
84490
-28387
84234
-121568
-47285
67885
-30254
-5003
-68763
2296
-135464
-19586
-11480
31365
-22974
81461
13543
-20544
61534
48933
-11986
70262
-27080
76843
-129121
-36727
-47090
28210
67678
-13821
-255034
25123
98309
-120747
-53154
47180
-174000
-63588
-59684
93890
-27658
-10688
-216199
8898
-19755
55579
32978
-88777
60859
-135534
-40581
37622
-97520
-6985
-3227
-57875
138927
63818
-129007
-60038
3754
-9037
-19159
46473
-76145
8653
-148840
195064
53128
-50724
78623
-58157
-28613
16122
-20809
43420
86796
-21846
-69236
-91246
34786
98372
3799
64681
61897
31670
69707
69121
-53650
7257
98456
120286
117551
3111
-72261
33713
34687
-14298
159512
131500
-56653
11376
81979
27399
-8152
-70499
31219
-6137
54249
-29099
83581
-110078
18217
153375
-50778
4576
95174
3068
5863
50233
-25252
-33907
-74040
3408
102013
-105253
-22914
-283977
-74667
-30822
-7523
121754
-86618
10716
-1048
45323
-38484
26404
-9138
126894
-26597
-73523
95505
-12733
55951
-31542
36693
17152
87624
149115
107260
-17338
25087
51806
-61679
-54583
-61767
98895
-15882
-154992
62044
-81282
-104079
-67099
-77148
99166
181663
14606
62312
13079
-92999
-15853
110412
-43866
140163
-25543
9313
-48225
-101632
-49071
68769
21434
17217
-98501
-40617
101072
-10548
20771
-37524
-83781
49732
141485
128474
44036
-20572
-89680
59156
-169504
-31630
-52957
-66789
6201
-74762
-45558
162092
-110952
81362
-23526
-59161
-79707
98402
978
46057
-22825
61828
114999
8935
87463
-4088
-128012
13227
-91089
-71190
29457
80377
-7689
-66099
122547
75441
22693
2285
73699
75418
-105627
-77108
-109742
-36821
34294
14032
92365
129944
-195021
-163183
82173
29448
-82754
-138975
-114996
66279
38304
2827
-30748
-7774
-112356
59126
-217001
-107051
-6270
96860
-45801
30079
50457
45414
146227
-3478
20168
2420
160803
82479
49335
55359
15775
-62779
106046
69426
19489
-23180
28676
-38461
-62347
-35070
-31480
-23135
-167475
-17915
-164446
-168952
-57777
34596
38420
-102060
-83762
-41291
-71432
-37161
5721
41045
-119887
8109
-62064
-13335
146412
-113458
-73175
-50205
-470
-47359
-66813
-56548
52176
37897
38281
-115904
107098
-39476
49568
10112
28584
52105
-82565
58491
-30468
37077
246560
4551
-53512
-29034
43767
-63121
-93840
-61300
45306
1993
-1188
39272
20310
43077
32456
-112577
-32848
-34215
129476
13196
-30201
249035
-29026
53592
124475
-20884
64385
-43342
-39143
-78753
-139905
-64980
90570
53445
113693
54214
-53861
160124
107299
35198
-91375
-109230
-78824
-11483
41441
106303
56634
-23139
62315
131761
-72426
10886
-64608
-77904
16374
-158652
-57250
-62878
-74059
-34618
-48976
-25895
17655
4737
2890
54226
96952
-19086
-52760
95737
79527
13233
-39304
-49649
-799
-89782
89518
-60201
37251
15490
-55318
-73261
146005
-103168
-96383
8509
12281
201049
31707
-31928
-22250
9772
-42019
-34551
-4717
120010
34677
32750
133681
-110707
-65501
12752
-18476
92706
20473
-15646
89124
43012
-42977
-49889
87076
57946
-11200
-2789
54691
-19076
-122142
68735
-131262
-149456
126176
23124
32251
45768
-27505
-21072
-817
-59962
-9266
171600
-105097
-23491
-154943
121556
-87173
-2693
185228
-57152
110826
60550
5079
-11154
119567
32844
36017
-47475
14940
-36436
-132700
-115838
73344
-49925
82058
42382
-14459
-6752
-79127
-110355
125621
82027
-45178
22320
-111336
-82038
1412
-13775
197462
86235
25930
-5088
-17904
-127613
48051
-14223
81877
-35263
31575
29155
33399
-156589
-48939
55099
-12816
77112
-32853
-68011
-57370
-30989
145844
-54532
-68060
-97986
-34409
11779
-30185
-156343
203417
85287
-21894
-65141
-15753
-13023
158479
-74379
90629
-100929
-35846
14201
22097
63690
-55644
-55307
-32437
9231
-809
-33631
-20443
-18508
86367
-9726
128505
25837
-8437
-34822
42434
17759
-45429
-38621
-123235
13981
144506
9987
-197201
45406
-87628
10551
-33063
-38017
-17343
-126303
73430
-11704
31989
-18673
80765
-64865
51379
46081
86684
142129
-2287
-147823
102801
165417
54587
-48144
7988
-43440
68039
-22903
132563
96905
-11516
52016
47463
88953
84735
-62971
55250
-54685
7315
-26390
-85141
-74256
95030
-104543
-16921
26358
-23695
-129155
7671
91635
-138698
-54351
-37249
46062
43321
21042
-45362
64336
103130
-34866
-69691
-64305
-134063
93581
-16371
91054
-81054
34104
-81870
-14380
-23581
73879
65389
-67080
97751
147129
147233
-17973
54808
-50977
91797
109265
35663
153255
29641
22356
-71658
51125
-16948
-76115
-106903
15720
124595
60719
9317
192567
47796
41980
-99833
-4496
-96131
886
66657
94849
53340
-70821
2594
41788
-69473
-22913
-102802
-64315
-60973
46332
80827
-117324
-26927
-155450
29533
-4341
-101857
-10445
14592
-27841
105825
6066
-114245
69598
-124661
-57626
-91820
66963
84130
-7794
-25188
74313
17263
78836
-59379
-128770
110410
99298
48045
97260
-86033
-65518
41961
-57090
28255
-69230
15505
154299
-46213
-49463
-52301
-108864
-62661
-58157
-34671
7470
-39051
43198
-124570
102900
44644
-33361
-153446
-67758
129588
17293
-8338
124017
46026
112261
-83012
20813
-14513
-16288
54429
63114
7216
142954
21905
68797
61504
75619
-84605
118436
36419
87437
-41771
56428
77263
-13192
49325
-37783
22797
138033
38478
60527
62896
106862
-12672
117607
-63278
31433
163861
-79366
32699
114722
-73892
-15120
50807
103197
44925
63738
122560
28029
51742
3717
-159316
-203847
-3764
46662
-97502
95769
33278
42692
-32328
-80987
-12203
28006
-24038
-4524
-96694
-116292
-32184
24469
-79058
113219
-125328
187268
-170846
53174
65053
35318
102861
3805
103076
-2440
-108106
99865
60505
147914
-126257
-51128
27455
16117
74045
15871
-108935
-36050
-15536
-16244
43981
205695
128156
10070
157575
46432
56139
168019
-157107
103350
-45019
32233
-101124
106626
-63757
-78914
45751
10904
65538
52995
-4854
23768
-129061
71640
11442
123667
156561
-47937
81103
-97879
135462
-92719
42517
-22216
-12170
16179
27426
-143006
-23336
30494
98087
36102
-22907
-154639
32203
36928
-91580
-5241
59494
188171
-94147
-47702
35108
-36033
33155
43471
44291
-30608
89853
-40659
-48492
128283
