#SpinCore Technologies, Inc.
#SF in MHz
#SW in Hz

[HEADER]
@CLASS=	RADIOPROCESSOR
@FIRMWARE= 3087
@SPINAPI= 20130917_x86_64
@POINTS= 1000
@SF= 0.000000
@SW= 100000.000000

[DATA]
-189864
-343825
460110
-25794
-175311
323914
-211881
-73159
208110
-156463
123260
157899
-319943
-115721
164385
-233913
-662
229970
-188421
-76562
37080
-285773
153603
2164
-182266
87091
78513
-75929
52404
134323
-87625
114100
-67845
-102597
308841
21720
-64427
167039
2871
-210761
80443
-72042
-1420
95538
-112974
-8793
164411
101749
115967
83453
-88019
-50175
-14852
-22724
143664
6407
-28063
-37021
163394
33812
-92502
44679
-68423
238978
-155284
8253
-124701
-57950
7735
-18254
-3059
13219
-2550
-34489
52029
105965
-105497
118564
38668
27127
68515
-108984
-79465
-112016
-4810
-52946
5920
-30935
-104016
7358
15760
-37728
-7364
-51247
42616
8185
-43876
-55323
-29672
34027
45452
46467
-49081
-15018
35628
30704
-167655
76876
-8105
19150
-87122
-29129
-560
39973
16437
81155
-87670
48756
110372
-37969
116194
151556
-90879
-13789
-38196
23166
18072
-103270
-3090
51362
-117786
-160385
77686
-102995
17763
-5621
77276
-187942
21772
-62665
89810
77156
113519
-61283
-25992
-33083
89314
130569
18901
-86771
-141817
-143030
53890
-38008
-171862
11025
-14045
41408
123442
-87290
151623
183812
-2461
-27171
26362
100292
-35999
10775
-40651
56958
79487
-109415
-28635
-9856
-26724
28229
50238
-85329
18310
12029
179445
3940
-182997
80451
-11175
-58198
84260
86487
-140465
53893
-21687
-54981
213382
96602
-30118
173398
16771
-59764
93662
164117
-97072
-60697
140006
-6098
22249
102136
108970
53789
-73820
-190312
52965
12687
-4850
26892
11024
63736
-10298
30958
61972
92817
78654
-54940
13986
-2486
100782
142135
-38941
32564
20540
37832
-41534
110271
15842
36430
-82901
91581
-10503
17160
132768
3114
-33540
59480
-59555
64836
53402
-153298
-6808
35376
-43808
97529
-10626
63082
12709
26571
17807
747
3674
31021
-48320
9452
-36327
-141356
-110231
-91480
104061
31860
42805
183199
76691
71775
13817
27349
-60229
31759
36526
-182483
-43377
41663
-107801
108460
-54065
73718
189037
126276
-59778
146301
40379
-84409
16921
11365
121850
-76954
-86571
50171
53971
-33661
-122118
-27246
-49145
88102
-16563
-21670
30581
97497
-89418
-5902
-7939
20426
-25161
94399
-27762
95832
-16138
-23125
-113758
-30652
110601
-71976
39530
141860
-96120
-6041
27225
63625
-6949
-33331
-6998
-28135
-37468
-38005
80886
12679
49859
18525
97743
66844
10679
-27837
-33305
-74008
82266
-163221
-1143
9399
-68592
55113
112263
168177
-30445
135736
-3429
97938
12711
6100
49324
-36128
-46970
-36869
-49106
-52336
9361
143093
20261
88708
529
65559
-72916
16997
34139
-19896
67554
79964
-129821
-120899
-89811
-8158
-80209
98997
-73617
-35524
-40946
88433
46668
48393
455
61548
92193
-20482
-133159
-48544
-1690
-66270
17913
-113660
-98812
81163
-31117
17324
-22939
-9405
36963
21610
11508
42748
-98099
-29193
27677
-84014
77063
-193748
100051
8011
-62478
-17961
-13622
68371
56284
-21563
96476
25792
-173584
-9786
-24451
-6122
152608
110509
119773
116913
-106368
3576
-41442
150951
-22186
-100333
-118843
-49709
-1148
-95201
78978
-63529
-74849
65065
-28184
-85394
-81473
62839
-28586
25867
69459
20666
70742
75343
1728
65495
69591
-11867
43171
-7306
-21382
-38222
8847
21987
19575
39741
-90798
949
63411
44369
8436
-16447
-137485
-32573
33012
-16322
9876
-151673
55769
-87371
-119546
5952
215544
77774
80674
-29478
-62785
87951
73808
106536
29959
-172800
138101
-58551
-14377
76272
-109861
-54620
-64431
-55225
86372
137331
-57251
-69708
44344
-70974
63598
106659
-7159
23047
-72975
-162445
-24375
128766
109749
-35041
-54974
74256
63910
81332
59830
-53200
-57274
-5798
-40967
-209224
43813
67920
55782
-45757
21035
65410
138829
-40461
-92559
-53596
-86454
91151
126645
15893
-41065
125707
88108
28469
-38350
6966
-206231
-25511
-90254
-17728
95529
-27996
-69592
-67668
106039
-137410
42020
12778
-34139
-110128
68339
12645
-23220
-36736
-52979
19506
-55005
-58196
-100630
-163297
93372
83286
53929
16949
-65295
-99936
38512
-44341
4455
-34219
-88059
23842
91649
-124197
111434
-171253
66786
-54032
56919
-189
-89523
-9747
-94
-31873
-679
128682
65199
21542
37385
77418
14341
-6953
31917
175969
-59047
-24181
-8350
-103681
39550
117615
-73567
164020
-105947
-7768
-36807
-77694
-79758
11667
-44219
33957
42111
-92432
73054
13313
-106659
-19082
-107164
83996
-75239
9165
-85392
-18371
-10917
-83849
123889
7190
-169998
6584
-88131
-30674
-33454
5939
23885
73912
90797
-50480
43045
52954
-214864
-144386
-18411
57321
-70917
-42527
-79868
73644
13374
-115650
-130659
-26784
89182
-109609
-21870
-32225
44875
1627
125040
-71265
-72499
140648
-51003
31172
128345
64550
-19102
45929
114088
77111
61280
56469
94831
-13925
-7834
113625
-42821
-53131
3540
-61975
-7652
8143
1597
35707
-17535
33952
-71062
38137
-105086
-14665
202360
38258
-78568
77781
47759
-83463
9798
190074
88880
-23407
-94825
-81584
240085
87002
-86233
-195210
70455
60380
-160527
8605
-202312
-13307
-30964
9881
1997
-49026
35991
63630
11611
110334
49833
-24826
-131479
-23116
157310
56135
76098
81710
30886
17339
65289
-16318
40235
-83338
-48339
21743
-68522
59940
-12552
-40234
-6564
-43728
-66801
114442
23697
-64220
48928
-87004
31086
84195
-76455
-46167
38120
-21205
-47153
70909
-58577
119415
4727
-99160
-47340
-28425
96160
69110
-63731
106143
-52107
177
-28781
43123
-41230
91433
-28073
-125775
-101955
-95499
-66616
-78113
74782
50549
-4813
-28829
21975
4220
13065
-2475
29935
-10877
-27955
-85687
5867
-41707
-90189
-40887
54553
-36357
-38038
90010
14944
-53351
44641
-35125
-28635
-55335
71070
13108
88010
-131650
-65655
-16286
-95651
61411
-31999
-10010
84123
-1851
4826
1794
77916
-205259
24387
31428
-98303
167256
76393
-56655
-64898
102493
-43821
36859
-17635
49612
-134132
21229
151682
67297
-59849
-2323
30400
-45581
-51353
-157138
-68328
151019
36645
50453
2353
-13404
-114397
42613
15395
-74315
-4128
-149622
-109591
58973
36618
-15420
36789
-20628
-87091
99459
-106207
53279
38864
-28482
161705
145921
32825
104738
38810
-19195
-82969
-20705
-64025
31280
-114119
23841
37628
33743
-11279
34233
85419
-55299
-43032
66040
-78711
134799
-8418
105759
12022
78130
32647
48497
21025
-82248
43412
-65032
-38819
35885
-5485
40395
21347
-24405
-145033
-16384
-89925
-1372
-32075
13553
32088
81147
16037
-80548
13654
-57149
140354
-89421
-89037
-15293
-10702
85683
-31535
-93052
-81456
12427
-97764
-103852
111447
90384
-111363
243893
-117427
43008
-11346
61056
7131
85446
139497
5499
105750
82738
-31836
99191
27400
-57979
-116644
16693
-87915
-20678
59500
-2874
-87577
-50626
-52108
-58874
65629
102543
55527
81409
-9184
81331
183951
-31833
61930
-84187
-105475
-64708
70254
-171436
73326
20402
46598
-9996
98588
-99351
-39910
61648
-206079
-12069
83798
27486
-2579
30631
18939
-48907
6231
-66925
-43219
71981
-7059
51228
47251
-93869
132308
12277
-128925
81283
-151440
109743
1303
-212325
84060
47996
96062
56281
171633
1620
-44780
22319
-46260
76286
-86827
45943
-9672
-136628
4124
74139
6123
104845
-63586
-1457
-58934
53851
177248
28229
-109326
-12300
53787
-15039
-188213
-115213
54218
31700
25641
-32675
44970
-115783
37099
168704
-44659
-47690
-37921
2703
-18628
-45584
13975
50234
-55369
-28331
-97845
-28823
49956
200678
-13324
119832
24993
10220
-81072
-63566
100096
11267
16233
36155
-71537
99234
10684
3324
-121414
69432
28965
29972
45970
68844
-110733
-78502
69761
69857
-4960
75072
-37901
68640
-1770
148470
57328
29045
-11236
109640
62059
-72665
61147
62149
-6289
-31252
-76980
-131782
26803
17192
-32734
217474
-55032
-114661
36149
2771
5943
89046
-29134
400
12821
-9950
-18030
1545
1199
-7652
-100404
-96185
-19702
22528
-45904
116457
-90110
-36785
43905
-132839
-31169
107211
40624
22570
48037
-70504
-8366
158318
-42850
-17254
104777
73591
80013
-20413
-6271
-129759
86082
24339
-112678
160448
-58317
97889
50755
-117346
62779
67227
53331
45183
-58383
12026
-56448
8765
45617
70677
-110948
173433
-148056
35967
-53785
-3755
46078
-30040
21170
7442
-47929
-20545
-67673
-125823
24416
-71332
29618
-13308
39876
-133598
43004
46690
-22474
226093
-5926
-12818
-115504
98045
-48636
97058
-15578
99783
-80649
69190
137669
32636
48967
-64620
-21556
20877
45728
-140287
-13395
25152
-14141
78741
-40474
-14114
-58253
72517
6051
78164
-52
-70586
48261
36884
-60016
53937
9324
80084
-31599
-105677
-110854
23666
-87700
62672
-66224
98646
-5906
-67087
18447
115696
-13025
30695
15223
54467
25635
-32263
5105
-4106
-46965
97393
97096
27353
-26830
13146
-6582
-74500
33640
-134457
-33426
34433
-54628
220231
21252
44109
77070
27813
-40619
-59346
-42267
-41081
-101557
73277
-130972
-42274
103828
-100483
-116353
161220
30552
-77058
-90821
-56332
129213
-1723
85925
72666
87087
70849
38385
112433
28204
152543
50408
-41763
61390
101481
69879
75193
-96054
-29581
-34205
-56897
30120
13379
-400
17729
19170
-136213
-25743
43214
58438
72827
129433
162251
-21242
-7048
111477
-65646
73883
32576
11816
95304
-146156
-153822
-52585
45664
-57461
55764
30993
-53825
-49485
236791
43947
-43986
124916
13108
33066
43075
-9219
34716
-37413
37080
106937
-113116
105417
-26472
123369
-206681
3472
64759
54712
-1375
131848
19523
-98356
-20256
-70039
-60252
31513
6626
73028
1613
-105168
-40163
37851
248
21075
-50600
-56113
-105772
-20753
-102771
-15937
-41629
42100
-20594
-10678
-53991
39187
-87381
21368
-17924
-23080
-5235
-126472
46501
122420
-51824
-140480
114550
-60414
37523
-79754
-29195
68322
-62413
39502
44526
-202296
-188085
-106839
-32084
-57130
30932
-9845
4532
162387
63632
57625
-75419
58152
110105
-38822
74600
-380
-2235
122889
30950
-106450
1507
15721
100456
154478
-24502
29973
-33553
-28000
100348
-23919
-172394
11210
-13846
-124680
-51412
-132078
25663
-3929
64091
-22033
31722
-86569
-93166
44930
-10783
-71706
-10349
10257
-101600
-134
188365
77626
62038
86482
-16399
86158
-126044
9397
139599
-144951
-63348
97079
-26564
131488
57459
-37383
-76241
-68857
-101306
-46202
-21948
-101124
40794
65443
9386
-23509
67574
95051
42177
57891
13533
-980
-177516
-87742
88300
-2396
135703
-33923
70193
63914
-48715
-22789
61621
117975
32908
-60133
135973
144252
76339
-76151
26377
-39541
-33305
-35522
-12090
36346
79718
109797
-23726
19828
-7993
-32947
-10640
-19557
49321
-4445
-127606
-100561
-135052
-13959
59486
16544
35060
-29343
-65106
193430
5477
157584
-55179
47845
32597
87503
29121
-2828
-13488
39778
100420
69939
-10458
50175
-110320
-124132
97852
-24259
36326
98311
59208
78895
-18871
31101
36598
-88680
-36273
-76874
-107312
-34970
24535
15826
-38215
20837
-632
-23433
54030
-89869
39976
-68253
-96116
92091
-72719
-65244
-70835
-92476
-93035
-143256
-20658
3098
61342
-23333
-4913
-74471
44461
97212
-71623
-100603
159107
57649
-86410
-138286
36901
-38368
129948
-12935
14460
217078
-8933
-57207
7728
24048
-89690
18671
-36159
137379
140596
54090
35285
-17672
-165332
77603
46299
-15133
-53790
-27719
429
-72940
-42515
15614
-44384
36737
182897
-87551
2930
24825
-71354
20497
-18550
50553
-7998
-14004
63247
-96534
-37918
-65336
120306
-63525
-129089
84305
-39310
69553
-38650
-68137
173406
62929
11748
76023
-27215
70160
23397
22968
-35418
40992
-104023
84391
-16157
74811
5800
107088
153096
164791
120360
-46957
-15115
-114979
81773
-97845
-24903
-101983
-40139
50064
25626
-4391
38934
-109004
-66043
9235
132791
-45223
-231153
-15291
-71499
-15068
44196
-21103
-18954
83845
31407
-100732
-310
9850
-114744
23415
-23993
20751
74494
-89064
42642
-38901
16671
53641
-39075
-68016
-68593
-53361
51715
52575
-11483
44582
-31085
-87971
-47656
33223
-3687
101990
-90972
47944
20103
8708
5893
-79507
-26612
66961
-93267
26600
-65749
-78891
58737
-80149
-53226
-41608
52867
-34602
-87059
32980
-30121
64344
-60865
-21398
-81771
69978
-146252
42499
-51246
-131835
23745
-75178
77270
75256
181089
41785
-100963
-21443
-78404
-14136
-54076
-93573
-9939
-65254
-76088
37434
-24810
93450
75404
-41593
-58760
4525
38256
63697
150387
6728
-52694
100872
107282
5922
-54076
111334
-10370
129861
-31394
-997
116065
-31180
58565
151412
-17809
-6502
80037
19405
-118047
80955
69933
-129850
4815
-27274
-69424
92755
-15013
-11663
-92071
-60373
-15253
97024
39755
-58344
-9486
-122126
-28851
-34631
-94504
85189
60468
-53461
11442
44627
-136289
158108
-16031
-53906
-94006
-91135
-66190
137804
-49654
-49603
17872
-20766
-36658
-12616
-45580
9215
32366
115776
35806
219420
-96248
86405
-104135
90386
-87262
-89327
-132465
83005
69681
-61454
56581
18447
58766
175519
-5956
-10040
91028
-189976
-101030
-48104
-13927
30053
67664
-50559
76652
105308
-54669
-45229
-21468
-46503
-88088
85231
-13129
64388
-82494
65457
-102845
9243
-1706
-91063
-114355
-118256
-39617
-85838
53688
38505
-9887
150089
108162
-15401
31717
113276
-66663
2851
85764
20478
55554
-142959
104791
-2410
-71220
20478
-104202
-59203
-89274
153873
-21802
-1001
95480
44088
72564
-40601
67472
103782
-63159
18007
94033
-172004
-27893
34742
96135
116173
66918
-67506
-117087
27232
132919
-114049
-8382
-6661
72766
-98221
43593
-64174
100947
88786
54233
91458
-21093
76824
58040
-37871
86842
-49510
2823
50717
-48402
96907
-26014
-25129
158666
-22926
71081
117373
-104806
-74443
47296
-16888
-43588
-9739
38355
109302
-140468
180
-7830
43404
1685
-42337
30198
-114948
22200
-84966
20489
-100279
81770
76314
-82474
93188
-133210
-157711
-9102
149117
-35642
-16701
-19678
53798
121461
89233
-15456
-28138
-48815
-123078
-19464
-39009
106410
-4372
103116
52452
66343
8299
111020
-155551
-13769
-52950
-117988
90337
-85387
-51208
74312
-64880
11128
112979
-36225
