#SpinCore Technologies, Inc.
#SF in MHz
#SW in Hz

[HEADER]
@CLASS=	RADIOPROCESSOR
@FIRMWARE= 3087
@SPINAPI= 20130917_x86_64
@POINTS= 900
@SF= 0.000000
@SW= 30000.000000

[DATA]
30937
1453044
73762
-1672054
9694
1671462
-68570
-1738702
166067
1758893
-273131
-1787378
347262
1741399
-470625
-1784592
511835
1743313
-578512
-1814980
781306
1812667
-844618
-1747534
855687
1764418
-938384
-1708452
1091581
1630364
-1055367
-1536028
1133367
1524361
-1206775
-1403533
1221024
1463674
-1220721
-1349218
1274626
1291081
-1347597
-1236639
1403855
1170359
-1415812
-1106941
1409140
992205
-1420120
-1006267
1475802
893661
-1494953
-774172
1474198
706252
-1427564
-595630
1491288
583988
-1487210
-551881
1473331
440404
-1425776
-412090
1441266
282326
-1424632
-293809
1456020
188918
-1416107
-155898
1414978
120009
-1404595
-109616
1367736
-44631
-1325720
63256
1305337
-56744
-1358616
159423
1265098
-226465
-1224850
256614
1176889
-292312
-1232299
295407
1153008
-376569
-1167385
402830
1033518
-440368
-1077084
533067
1036881
-522241
-1034262
611933
964202
-499946
-923392
569864
876841
-556580
-912175
664908
855983
-685558
-804153
716261
729200
-696791
-726545
791210
669723
-747225
-659161
780315
646487
-764265
-542092
813209
585795
-781370
-514387
856814
448648
-774397
-450985
803669
352087
-843036
-369822
827221
364983
-892611
-245804
892421
224466
-922528
-203006
788771
200140
-871277
-133323
812652
79174
-809734
-61757
828863
60213
-787728
25783
823550
-18117
-792378
47451
809148
-117809
-806832
111050
774178
-133472
-784376
165946
741469
-198602
-721367
216458
717125
-325316
-705032
338117
723512
-325372
-652399
384467
679744
-323707
-585274
375430
611052
-401316
-603213
437964
588462
-434500
-539258
409515
556009
-475121
-464145
526543
470276
-532109
-450579
538308
443730
-515187
-389439
508858
348368
-551314
-420991
538044
357353
-513917
-299464
519110
320025
-520298
-242188
590946
266011
-512545
-258913
527286
162738
-614696
-191216
655129
151878
-609335
-99259
593269
84103
-570917
-68251
601957
87414
-606829
18414
577229
43316
-573265
16738
582937
-15226
-533934
46789
574688
-21687
-511110
62332
527945
-140974
-537480
174660
443285
-119690
-506065
147954
489010
-196499
-489352
181499
484721
-201620
-423571
176171
472990
-255670
-462331
275331
371030
-262578
-368761
263446
409606
-285150
-363259
298146
341829
-384330
-352562
349565
315912
-406686
-339430
369070
296931
-382026
-264563
405510
270692
-376153
-213739
398562
224228
-381228
-173224
389290
219367
-469625
-160239
371729
197534
-440391
-129994
391212
133528
-404544
-124433
358799
100854
-393772
-30379
406609
34869
-416774
-59977
456012
8650
-416169
-33364
416286
-35623
-423059
46772
423995
-147858
-413291
-16214
419087
-91550
-383493
80823
399021
-116128
-379220
94607
376508
-119112
-359644
139249
364496
-185272
-368899
73811
414770
-236297
-350375
202626
346088
-132774
-324184
279573
351173
-201905
-325564
252068
266151
-287821
-228502
219569
310841
-249354
-213720
329811
239419
-325412
-213958
281504
268966
-366184
-270459
270934
247015
-290265
-209077
285431
140592
-296347
-131078
353490
105531
-340440
-135409
342809
181990
-326586
-93619
350352
45373
-348778
-77363
328980
75939
-307971
-71168
355822
13430
-305376
-951
386472
43472
-306964
27959
320531
33701
-318245
-28274
335895
-37198
-373375
100050
299172
-22343
-299063
68136
282495
-45100
-301755
141857
311139
-133469
-293859
165104
318541
-193462
-221242
91116
273167
-74927
-243636
136589
266066
-264260
-214415
198752
224555
-231260
-229816
197619
277424
-213872
-169223
217565
161057
-238890
-144286
235572
167055
-210690
-152904
284056
152956
-216594
-169742
278327
98199
-257597
-69455
263315
127797
-287029
-32304
305942
101211
-276782
-166220
254821
98103
-289712
-91179
268617
64809
-300917
-41263
225338
-9456
-202452
44217
271281
55734
-267261
5014
276861
4693
-286254
84157
283994
-23123
-301147
-641
298045
-68078
-236770
102245
309527
-78350
-238244
84870
249011
-100251
-271644
113653
224308
-106884
-256460
142925
195573
-166207
-229674
177392
207344
-156948
-203251
102431
186562
-240704
-218521
188934
144279
-192752
-175451
139603
157166
-210502
-88832
248240
73586
-261376
-115319
221574
112571
-194264
-102522
247597
46565
-190562
-93105
227219
107997
-182247
-78919
181095
95533
-175513
-64787
245618
10402
-223335
-36591
184227
-6201
-229578
-34511
212384
-20325
-212268
10428
242855
-34423
-189813
-15848
215450
-71979
-164961
72599
170440
-6034
-191871
60956
156543
-77334
-218565
81697
209459
-80108
-129074
62661
127243
-72444
-188352
104540
171580
-117610
-188429
86466
151369
-139791
-136953
123727
159301
-163173
-149549
164412
136317
-146420
-97641
171839
157959
-191532
-17411
182225
63407
-165844
-145969
205919
99657
-134830
-32175
234396
75263
-178493
-95530
200651
114154
-196789
-103494
171455
57453
-127942
-7272
209704
87972
-158246
-68886
205080
31340
-149535
23962
148036
-37471
-132526
67241
173745
-95612
-113052
78063
202158
-43606
-161750
-16510
175859
-25427
-148659
60539
118167
-97071
-91442
49040
143159
12781
-108957
86588
142250
-97815
-178738
103852
114077
-156453
-167958
96837
151031
-97127
-141625
100303
118981
-115258
-110054
99321
138680
-118668
-161127
176603
89260
-112470
-84211
113035
141287
-152808
-83823
181298
64990
-134040
-124396
152604
-22423
-180763
-14085
114231
123192
-143891
-61839
195079
38009
-109420
-86984
111893
-46236
-148432
40966
118698
-54571
-151224
-15471
171823
-3565
-142160
-59698
132195
-88534
-93700
35638
183572
-26187
-112966
73548
142064
-37300
-124626
14525
183357
-93875
-164790
-7599
93916
-84838
-123478
125597
77604
-125065
-156426
135879
67632
-7050
-60099
53541
110817
-60309
-87945
157387
59083
-78889
-56905
116647
88992
-82341
-74402
106206
52678
-135459
-26364
136245
67831
-74090
-104376
163636
57145
-134064
-53905
151123
44271
-117276
-43317
109984
73272
-166982
-8562
118097
45033
-99809
-34703
102664
4168
-122677
-34583
82454
-56032
-93008
17715
185856
-21493
-86539
22871
129924
-22947
-92218
61265
89212
-25696
-132919
12542
123791
-25430
-137994
36009
83062
-31413
-97355
54743
88467
-86681
-77971
42136
114017
-84922
-53065
95162
26280
-137809
-64620
71573
90817
-75714
-126747
94193
119275
-82136
-37018
81918
69471
-34904
-25924
74942
77832
-131909
-98889
95491
89700
-102183
-24725
68661
66137
-122747
-45980
114961
78034
-66120
-57329
130674
52597
-75041
-2213
92645
-18724
-107946
-12629
102577
12713
-111624
-53498
135573
-6041
-147061
30255
88262
-7768
-44061
2657
125006
-41989
-129562
41305
146695
-40210
-109532
62874
120912
-25568
-82267
6984
136629
-34590
-70606
-10501
66993
-32048
-78503
-7181
102122
-38999
-83035
118904
117623
333
-65774
60312
51672
-117570
-72449
48377
21430
-72033
-58221
63039
32868
-80752
-92103
104253
30912
-116048
-56939
154161
68081
-89860
-56776
72776
43342
-74984
-33185
84611
61872
-145116
-25842
116628
52893
-69221
-8336
82887
46961
-195555
-25802
138139
-6778
-135875
-18317
9413
59176
-163938
-5013
135212
-29690
-100850
-7901
133718
-23589
-145377
-33187
104478
-2554
-88536
56340
48081
3228
-142753
16635
54980
-67305
-123162
22017
129564
8289
-71546
53559
80442
-49294
-58521
62409
95856
-67701
-63217
95228
61583
-30475
-49451
90116
53119
-34483
-95664
76906
58248
-59653
-28591
97695
10983
-70115
-26478
46206
92701
-56643
-43156
48684
59224
-103091
-28006
77849
23759
-131735
5046
74201
-39603
-129965
-32566
46518
5942
-32312
-346
49273
96465
-73208
13389
84844
45763
-59653
-34470
174394
50484
-41014
55558
98766
-7234
-144822
1282
125897
-48878
-34793
-2950
109542
-77750
-110533
49727
75729
32398
-90145
-6333
101133
-82015
-47619
62945
77472
-1326
-63020
39019
64772
-30280
-95895
16860
97858
-115088
-57543
34450
73943
-62452
-72906
171610
36236
-89140
-95881
128005
5986
-71311
-55021
84247
15890
-82076
-85626
116277
2266
-78851
-22387
135688
-14145
-106586
-72812
82967
16543
-100005
-29037
66682
58222
-48021
-97179
138420
814
-78145
-19781
78646
-2081
-95427
-45372
113800
-9540
-86668
-2024
84796
-45570
-52634
-16008
68560
14683
-98522
625
98911
-47251
-59292
47495
38866
-55622
-97721
-12628
92595
-2217
-100023
84148
20002
-45579
-55066
21655
74489
-27640
-94195
38500
33823
-5145
-19327
116116
78245
-93292
-37628
50784
122384
-76710
-41321
27191
98523
-54127
-8805
67894
107821
-75516
-58606
50963
-10645
-111821
30563
82403
41634
-69719
-56058
42131
-29365
-86879
17987
55158
29798
-89988
-7739
138002
52576
-85081
-29554
85957
44623
-76403
-469
104663
35086
-67807
-4058
111934
54259
-85450
5435
49097
-8879
-105343
28675
36698
21287
-113468
18463
73027
-45251
-107426
-18633
71098
-67336
-34866
90866
112328
-47004
-79459
17816
58859
25296
-39010
91717
-4795
12838
13440
78714
7723
-53143
-65337
-1068
46039
46873
-56540
42183
102824
-69810
-35328
72376
62535
-71160
-89907
100010
73355
-106047
-26789
89969
76099
-92206
-32307
66316
33221
-10320
-41978
81508
54854
-50528
-112617
70293
22227
-72837
-22620
114180
25513
-98604
109376
82064
14624
-129301
-86166
112031
33898
-77055
-6833
125202
-8160
-79302
28528
121171
-28185
-85995
-25990
113075
-39604
-122718
18858
48683
22827
-103402
17082
81033
-73439
-71026
108613
46911
-46448
-85325
12488
66619
-33584
-15086
2093
81564
-36497
-12530
63480
-448
-124380
-21037
20391
29995
-82955
-85080
37746
67160
-49753
-74971
143414
30905
-29997
-51264
14234
18159
-18465
-22825
52968
14360
-50127
-61346
65466
-15512
-52261
-8271
25017
55956
-52760
15598
51774
11898
-103691
60795
37660
-41087
-118814
-73700
76725
-31382
-123518
-60356
33702
-43384
-82770
23979
12591
-40957
-67790
92096
57242
-42209
-50641
-20151
66597
-27130
-90682
45663
97376
-102124
-6126
95206
18687
-85268
-26811
41599
57324
-16666
-89279
42060
70432
-119303
-27743
94164
53621
-5502
-17747
114917
88607
-112934
-41910
32267
56697
-39863
-68848
57993
67596
-143124
32096
72152
4734
-96603
-35520
65526
8121
-53148
-4683
24306
9410
-93355
53576
79846
4471
-49244
-4031
108515
26416
9211
-23577
71638
18095
-104264
-15762
138665
14548
-81621
44191
25770
-38591
-63148
61219
32095
-4305
-29530
56219
-10054
-47906
-47994
44611
44024
-44372
-50116
43612
-1255
-19067
-80332
-16815
89496
-52959
-742
63498
34264
-59564
-77366
27422
53571
-18212
-72480
83222
74569
-4905
-17347
88520
76848
-31747
-57851
32767
-35548
-72407
-47840
114488
37392
-64801
-22179
59001
53449
29978
-31890
44262
-42099
-27808
-50222
49150
11307
-52499
-3290
62283
-3482
-49016
-36520
97167
-11404
-44410
-20079
45640
-11143
-39610
-32596
23826
-3085
23147
67890
55577
-4359
-80319
54955
58903
-10421
-83992
73299
91277
-38431
-42819
46850
134122
-30660
-61126
82294
40168
-9091
-64145
704
86075
-27196
-91460
1733
78858
-20442
-1779
20191
24199
1289
-62196
51062
67582
-27999
-11319
-14036
42827
-32857
-19315
17996
10027
-115111
-3917
51753
31585
-47972
-73162
23287
15054
-85923
-26235
45688
17807
-77732
-34345
24629
66290
-13083
-25825
16449
36824
-8134
-23756
6159
42321
-52759
8164
67723
19129
-65986
12422
48842
-37492
-35660
28072
40083
13558
-83099
30083
80196
-23392
5754
56781
99778
-46142
-80555
-23853
3583
-21869
-73997
38059
50831
21196
-81712
71728
66124
-65855
-47901
1622
51143
-23034
-37506
37748
61703
-23108
-18557
61223
61580
-103500
-16656
38630
128543
-124883
-52683
7938
34346
-74083
-8303
51943
1635
-42636
34484
64633
-14521
-55265
7816
39488
73141
4583
-54970
73231
30741
36657
-10814
18526
86301
-112564
-49563
94145
30888
-43237
-1041
13008
-44668
-38005
-9989
39783
34347
-8687
13486
2073
18239
-25239
5454
14838
-18198
-46799
4947
-7260
-33449
-26888
22400
71843
7403
-66815
-11260
54582
20758
-21535
-38863
67091
-75794
-16699
20394
34851
-82128
-5558
-1241
582
-5304
-37271
-19957
40394
-103311
-6764
53506
26970
11416
-24433
69735
23421
-98955
-104088
-6883
39105
-38576
41720
6452
-2056
-18777
-19418
87861
-52729
34725
-17487
41701
34262
20301
9719
42664
14350
-67386
-8281
-4130
9334
-45187
-27731
30220
43046
-61189
-35314
71742
20957
-43346
-3176
36756
-7021
-38829
-27126
24497
-51543
-9148
45255
108954
-26956
-54330
20347
63217
-870
1875
25532
-23677
-29322
-29684
-9444
2120
-39870
-35808
-37394
40259
-25484
-43468
-4440
79044
-48831
-37514
39379
29349
6303
-48033
58423
49898
15871
-8073
17769
9121
78464
-43972
69313
30614
1603
-45859
47733
45459
-85306
-45005
17280
-136383
6024
21600
86577
82410
4099
-14247
13538
21349
3095
-23994
91902
544
-60163
-6717
31997
29529
-94861
-1031
42699
-4973
17255
-47189
96035
-16305
-99187
17438
50240
-19351
-9364
43886
48185
4282
-1853
28049
30093
-17678
-45877
52028
4664
20787
-973
28814
-4427
-14156
-3804
10071
63813
-52173
-30254
16558
-44130
-66367
15518
22549
42074
-21718
