#SpinCore Technologies, Inc.
#SF in MHz
#SW in Hz

[HEADER]
@CLASS=	RADIOPROCESSOR
@FIRMWARE= 3087
@SPINAPI= 20130917_x86_64
@POINTS= 1000
@SF= 0.000000
@SW= 100000.000000

[DATA]
-138667
-453773
501716
115656
-353130
179618
-216077
-89750
324908
-142771
71125
206117
-312223
-48405
163992
-107874
-35917
263217
-281199
-31911
106054
-103081
154428
40929
-96060
-38354
58883
-110992
205356
148216
-91350
82259
67959
-60719
55824
132834
229816
119663
54896
-128843
119737
88786
-13754
65973
-17885
-160487
-19240
-104534
-91623
74524
-9791
75411
-58600
181283
50927
-2783
-22480
-9865
136478
113895
35155
-32382
-94853
168797
146412
51986
-53403
20284
-83799
-53842
-44855
-38068
70473
23102
110545
-41138
99426
26351
111860
-69778
-86608
163764
58019
-57914
-47214
-28656
-134417
-81315
140896
-10476
-58447
-119349
-39332
-64027
55616
29980
126841
120156
-89004
-163087
67883
191335
-153890
121066
95591
-42406
-54958
-84533
171371
-73758
-56933
12302
-5152
15529
35781
-83788
-8870
-380
53851
-65976
104457
-18578
5958
166868
-163555
18410
89968
-79975
142829
187564
-26051
135298
119165
-87905
49669
58213
-50203
33506
44504
-99002
-122147
173569
62181
119740
-37744
-71314
79406
-32840
-79054
53990
-180632
-70061
33687
51255
95385
148076
77013
-64379
10365
-77937
110038
-102455
35215
-75717
84835
-5429
-90980
-4922
-124384
35442
-93506
-5328
-4548
-37922
-125356
8930
-12826
-52048
70315
-31305
-152651
-75412
-57782
-1650
-29698
-18377
44908
-180642
-16341
100192
-52049
-110908
-26349
-10851
-42282
32561
-4094
-148266
-84308
5411
-16466
-41719
-12766
146824
-146379
-42877
34008
131625
-30114
-98672
-62333
-28784
35982
-48626
-4697
139783
-80911
16555
30473
-105383
-33654
55155
-161673
14677
-140612
82174
18822
59262
-73090
-82888
107668
8069
75586
-38326
-13594
-30104
16743
-82792
96629
21404
-48431
-47937
-121528
-88865
17368
98041
-110393
47718
-20717
1865
148790
7542
57259
-41902
83898
51012
37692
18831
32251
-55453
-163704
8884
-139505
14151
-149949
6387
77221
-70107
119329
-117956
11598
90191
-113580
-62574
-113832
98926
135610
115526
-107663
-36112
-22790
101702
112887
66716
-33761
34413
47401
-100176
31376
-25467
-91101
-49788
59774
-16415
47814
61849
-5701
48816
-9287
-94746
-4401
3893
226154
44992
-39564
-55087
11271
-45728
-70
-102498
9075
69627
122012
-51641
14138
4393
36642
6358
5873
47919
-53511
-44491
-48742
-82489
27828
1081
-140091
36400
106064
60101
12938
-139250
-182025
44499
-16895
-36801
-167698
-27964
52717
55020
3515
22460
-22358
-38769
12999
52229
-16097
31946
76672
57227
81434
-33652
71092
33611
141087
60909
10277
-101968
-79945
-35573
95609
10159
4357
-76750
72017
26993
56337
78207
-41786
87549
197336
82646
-107310
-18807
31965
-108232
48394
-14064
13979
-31296
-11158
-73591
122693
108215
66040
-119786
-16048
-91137
-113155
165328
3
-19600
43824
56792
38623
62143
63760
37851
40353
96348
66371
-94450
-143167
-43511
-93952
-38339
-5454
137159
2927
33281
-21627
-85572
93485
183296
-201339
52495
19875
-46606
-52454
80603
100810
16616
-178457
-1727
-42154
34126
48801
21806
-126668
100486
58417
-75191
72391
46175
-8954
-37056
-57328
-100664
200467
35181
78160
67360
-48504
-27708
87182
20920
117275
-53942
-18634
169231
-13468
-98307
79392
64417
-14658
146910
-56082
3359
-26210
-118120
18566
-92025
-21378
-33133
-154654
-138853
117001
73633
113691
113730
-41326
-86057
-51654
-42113
96664
96953
134155
-86103
-64072
-144261
-126129
39376
-48152
23597
-55305
-13533
-4258
42458
9989
107854
-73773
38830
-91308
20851
-49743
55378
71165
1536
-82657
109002
55770
52231
139101
-52312
159603
39845
-79804
-53666
-33476
85184
-28525
9077
-49975
-92173
45718
148159
-13519
-95054
72855
64853
-7702
19208
-50865
-59559
-954
-30935
-76024
187817
-43021
21733
60317
76761
-31964
38041
59893
-90231
-112098
-454
-31388
124323
31923
-86976
97505
-168700
186767
-30546
-16438
-86930
-9389
-70977
-2519
-57674
121847
150667
8498
-47280
-103332
-130003
-12772
6772
25904
31851
-16980
-87868
15617
81581
39223
97831
-33255
-94133
-3224
147649
57964
71398
-6830
-160138
6825
169297
-23479
41532
-4806
11051
119790
-130200
-21126
52957
52742
152048
67245
147833
-187874
-40913
5576
-86155
-35545
-77406
-62062
5162
-37800
55776
-93004
-10523
-11747
-50946
100069
16252
-57163
-30072
-12050
70440
-92609
-115368
93546
-67765
-42350
-3946
-87973
126453
47625
27810
-177602
70713
-19450
-51350
-58712
53557
8621
-118088
95039
34246
-21776
345
20340
100538
74885
-84367
-53521
-45456
33238
-56177
-25438
-93030
-76154
-199128
-11761
-102397
125834
-1963
19948
-54108
-154
-124632
-84791
526
91229
-41423
15991
16232
-148361
-116830
6271
-90590
-132148
172794
-75599
1656
100350
87655
-28410
-35706
98391
37754
97963
-4245
-91625
4898
-20839
75511
77667
-70132
57071
-70054
-45877
-6017
-19118
-24527
17315
4970
60048
78324
-23650
-192635
48002
-72058
-58145
61252
-64868
31043
124687
-22151
73890
155055
-51280
-140274
-5729
124705
76275
-17392
-136087
83221
-28826
68247
8604
-66030
61862
18043
-15482
-4365
65639
-18532
91182
60457
-124156
138898
-112960
-30102
1183
-86581
-40370
-6928
21935
7198
82555
-39116
54063
27508
-70819
-15316
-523
-15595
-113251
98823
-15714
-10855
-75946
-35727
-97460
-71584
-19522
-100613
134621
111193
24708
-43634
4651
104878
18673
-12220
79229
89659
-27738
10949
28235
-118202
-9799
-96620
-78903
-80837
63950
-74170
37011
118506
-122966
62193
21303
-192
35393
164432
-58321
-184777
-27403
70856
44621
-43854
-66948
-135694
-26813
19790
44684
10617
176218
-99752
6215
-176122
-5662
126888
89274
34779
-21623
8116
-16275
-30346
-19100
-80856
111108
102982
32128
-77495
-3036
120883
-55028
-73317
-27154
32428
159970
-46181
-62816
82313
13205
-82775
4621
47500
-70616
-8210
-56677
-134416
81731
14124
-108150
258352
-13820
-87971
14590
-69783
86919
-142595
-41045
-23373
12063
-59317
63002
-48899
31950
-44379
-24016
-112183
9528
-113084
91072
6124
-157531
54115
-19251
-107076
-71852
-66546
-14344
61277
81134
10709
125235
-149074
132597
-65206
85866
-44640
-23987
118706
107205
96638
96357
54953
-113034
25629
51219
-45734
22988
-34673
-29144
57723
-98447
-87966
-38427
61483
-57701
-69040
-74610
13542
10963
7159
20317
-130331
50213
-13200
10508
-61252
-71320
6891
-20973
-177813
27338
14854
24260
-54281
-36473
-24015
15604
-70253
47247
-86799
-43192
-103266
25839
6941
-56122
79985
14258
154194
-34584
164322
-85803
-37398
-88886
112033
-38037
-15425
-11420
-64702
-35307
162330
194612
-40365
-64119
6879
113224
27909
-52949
21010
-35646
132447
76517
-139655
-73664
33967
-107900
52523
159174
140470
-46576
-42566
4030
-3023
-177000
38293
47390
9183
88284
-70163
18400
-15838
28370
-16494
168000
71224
19330
92624
10932
-106761
22872
37784
6631
-57546
120575
10214
92053
38452
40953
-97789
122466
89826
-52948
27387
-25092
-8261
105164
50679
10005
-25379
-75696
111241
-7913
47520
184851
-59046
-77016
-19372
-48
-60218
1716
-87696
66833
19290
86235
-144508
-156817
64524
1334
-1175
-77239
-12139
69988
126454
-18205
-3485
26176
-4585
-122546
128593
-113247
64136
-13142
-15733
119034
83731
-120871
-60250
-7789
32964
34548
212379
52962
-50761
-18561
-100688
-148778
-155336
84404
84811
34322
23023
7125
-177557
73443
-7592
35708
-90321
85400
25726
42067
148026
96765
57290
-57707
73452
5429
96298
-14678
113208
246162
139621
126613
69487
-42647
-52113
47971
10389
-26224
-39726
6821
59148
-832
-98228
-29356
-12131
71398
-14411
-50692
2722
-46525
16701
62985
-6998
151845
-34164
-84054
-15616
-87395
20768
-13827
156449
-43973
80654
-150494
113111
-7396
-57197
21319
85908
-134247
199748
-7145
-19216
23759
-63680
20083
56391
-97957
93180
-91527
-37836
-72096
104674
40219
165313
33681
-110512
-81570
-17358
-847
231284
-71137
-44304
9398
-94495
57002
82592
-102451
36089
-61782
131685
93614
92110
12547
-123458
22096
-123402
125848
101998
-22353
-166054
-24754
-27924
-84668
-94343
-52649
-14297
-142683
-69074
62779
61308
38396
5987
-46853
-6743
-8021
29147
170146
94934
-32526
-90028
-48439
4709
45712
-16735
-86631
234
-24975
-116242
32203
130082
40384
-47900
-56427
51432
2195
55660
39075
14530
-177648
12606
-136090
-62916
33040
-33519
-57315
-38523
97386
-125026
-42214
90892
109260
30417
-24409
110596
12438
-9936
-81720
28583
23825
17365
616
43213
112750
42200
-55540
-17086
52572
-71606
18263
47320
-152001
-48318
9082
78447
100285
57689
108860
3425
25289
96498
34157
-4104
-14114
68545
34015
-46412
-36224
-43975
-4839
22722
77952
30504
29311
39776
-124308
23066
86981
-83487
-125278
106901
31118
-74916
35984
-105446
103820
132630
-67601
-74979
4440
150942
-40348
-39937
144120
35692
5299
44677
-45897
93468
-17828
-83484
62749
-78622
16286
55212
-83559
-108472
-173449
115179
45169
139778
-57289
35281
-6718
-149819
-81190
-8802
-43558
64632
40616
-19016
-52439
116781
-67495
76673
81546
-2073
-79151
128131
-67135
113506
-87808
-44253
-14545
36141
-68911
93853
-1442
63953
-39080
-6838
35701
54840
55814
103535
32093
21056
127959
-165959
76035
82156
-7699
-130895
23411
-5489
25462
-30544
29123
-16310
49941
-19889
-2347
79427
-114559
-8988
143277
-141014
108251
148356
-103160
-84967
-96500
56362
-94740
-26906
-4130
138328
-61638
-117217
-84314
79196
-159
-120390
-122854
-52569
-66505
-20087
4528
78268
50281
111004
27194
-61670
33096
151903
-16570
368
-142116
-47937
-127900
-97
-97464
125631
-181880
37734
-145393
-140186
40982
-83914
6137
-21596
55425
44876
4868
-42193
-43235
-26169
-48932
-67804
145465
63966
127491
48347
-64086
-31275
18966
-161206
3759
-66479
-29739
-31221
2521
126776
-123499
99481
-16659
-25108
-133039
27140
-104894
-90800
152848
20913
84047
-67854
16092
-70628
24914
-160182
183787
121817
14398
-29027
-120919
93196
-57811
-71365
64300
65704
108511
128540
-32989
7323
28277
79074
-3753
-112438
-27727
3344
151362
44330
9938
90345
6768
115194
108157
-15678
80319
-45345
-86130
39351
79105
73367
17210
-99128
43066
29428
94721
224038
-68627
-57771
-174145
46773
-24620
59183
-68795
-12913
-42360
-47044
-82804
-70706
-68134
-56221
-49605
31854
-113336
133850
-51866
-74675
98573
-9878
58845
113078
38130
17785
-20984
-8892
70575
28766
-25703
4460
-193400
57474
-8912
68282
26398
1587
-48416
43990
85983
130414
47056
52898
76149
-95760
108447
-16652
53891
10877
57925
-70830
38349
34605
27263
-139713
-38325
-26135
-4091
58170
-2135
-9711
-70060
516
-52553
72740
-108053
84516
-114362
-9099
37678
51807
-136305
-5072
43236
117225
68338
-71742
16923
15279
-12695
-104796
-24198
-123439
-25252
178453
50367
-74024
20381
50855
38399
-44386
-14077
37425
37929
-10987
-69858
1681
49636
-86964
-105691
48750
-42277
54346
34783
6613
-10653
-25844
28242
88434
50723
35210
-232271
75823
-4875
-20475
-15588
-61697
-21250
61659
-57141
-32104
-90477
20901
22660
-1502
99479
833
64133
-126521
59343
46158
-87329
50029
75939
29537
46764
21962
99050
76198
50201
-90557
97551
77762
72835
76729
-87117
121911
26535
-164617
-79949
-58482
20222
217067
135767
16832
-88099
-25682
-2727
26181
-66155
-4902
-46019
-44095
227847
73309
-75163
44113
-80805
-33473
49027
-89138
-136310
133695
36939
37681
-11485
-33018
59066
73038
11107
41854
9864
-66349
-55005
-29268
66957
44711
-10079
106402
30191
38480
32015
68661
-131542
-73577
41599
76405
29905
120152
-57904
-111065
-27672
44213
-34666
-96884
-119698
33515
73796
11415
-9650
129950
133995
-127367
-181884
-18794
35835
-5823
-105744
-46556
86599
-153980
-80566
-76298
-10143
80177
-83976
97703
20562
114471
112378
-42210
57984
7029
-25515
16833
-87629
-99746
139011
-28861
6114
66703
28157
63323
-34109
7210
17167
151189
-146898
-27081
-64342
8950
79823
-38091
-24031
-44585
-23179
-235192
-38484
61372
-45438
57948
-5942
37955
-95230
47639
41323
75053
-110810
-14513
-19371
-60775
29272
6608
-17649
-24475
39646
-26540
64269
-33260
-9249
-23286
13985
-102431
97440
-84995
-25217
91942
-32573
38679
96040
64614
-81183
24980
-70815
68849
-58325
-6976
-22831
-60880
-11803
-30354
-17789
64635
-33075
-37024
33357
78966
29703
154643
113793
5707
-29919
-57180
-118615
-45342
31162
58485
50528
32330
6664
-42080
74262
-80593
-60628
25727
45094
-15346
-73798
-39041
94435
-47567
-71591
19538
60767
-141258
-139452
-78914
17073
-15690
-22655
124857
-69762
45805
-61832
110104
5835
-50751
25278
17387
57982
-34096
192670
-6002
-3259
50189
8081
92515
63299
-3891
4289
-11612
85425
-119756
200900
-87353
10474
-36902
-75031
56297
-10635
107242
14743
-48789
-61230
-198768
58446
-129168
25374
-11666
115238
153049
-15274
-18633
-71412
-66865
28810
33660
20935
128101
53798
-54367
-29339
108570
-55116
50343
-17040
5610
12614
95357
-18611
10828
8722
-73346
-111985
-130272
73649
-35023
43590
220656
98846
5806
23351
86758
73313
-8807
15883
120231
90217
48948
-154756
-36219
102631
76556
20932
-55866
65433
-82997
32500
-44438
8143
51434
-45044
-6409
-49678
-125923
-198519
-56731
-1004
102160
-51191
-69611
10112
62179
-73264
140897
31441
107115
30007
-147288
-77334
149087
78069
-30005
146691
12711
-78272
60196
60669
63169
-25117
6841
28852
116977
61746
59756
42488
-56361
-36761
-36258
-81778
39158
-11395
-50393
100217
-204379
108652
45512
-98402
82583
7169
56366
23662
114539
74150
-13962
-47161
144848
49593
-174333
-21976
-10184
-40327
-120808
-55417
146023
187736
-63346
5938
-35680
-53225
-18872
-106147
4507
26996
-73696
-39171
29625
16208
42328
46604
57253
39897
134881
90547
-129306
31528
-82194
103134
53773
49005
-33925
-119880
-40937
17553
100664
-10928
-87022
37941
94321
-64195
-15894
163073
104701
-94789
-15895
-9794
81023
24218
-93617
-106272
-27371
182295
88807
53249
71804
84800
-110460
-55836
83598
-46152
29588
