#SpinCore Technologies, Inc.
#SF in MHz
#SW in Hz

[HEADER]
@CLASS=	RADIOPROCESSOR
@FIRMWARE= 3087
@SPINAPI= 20130917_x86_64
@POINTS= 1000
@SF= 0.000000
@SW= 100000.000000

[DATA]
-98916
-253165
92405
96611
-425666
18869
67710
-188561
209161
-20185
-178292
179653
-103703
-118165
245111
88040
-60606
277541
-110738
-25419
231203
-141623
1869
196246
-98163
5344
227644
-1353
49629
195585
54466
23078
100298
-193360
-17573
249550
-107857
-149834
168751
-91271
53160
105005
-7292
53081
-94869
-275322
79631
134742
-30987
148593
-38876
-235174
161015
36908
-41521
182533
119261
-10918
126445
-33918
-46980
196766
-109385
-4115
72787
-49634
23457
118455
-123716
7342
241305
48389
-36841
-8740
-8576
189051
149369
-28993
59084
70131
-62755
7227
87697
-50450
144368
34449
-47036
91725
5122
-212038
178665
-107390
13627
124627
-18713
63064
-75346
44581
26730
42451
40014
-6586
139369
-84852
73068
312
-134254
-80545
45540
-61331
107687
69970
45132
-46884
-9393
28836
38134
77774
-70062
139006
69599
50684
60610
50317
32959
135721
-32353
-51712
98500
154584
-81264
56372
-40951
54216
-154250
-27279
91950
-12753
-46555
-20132
102672
47527
73052
23137
143422
102305
-142256
109154
113625
-47591
46187
22719
78669
-84712
-52116
91579
18420
97537
-34475
55577
-20172
-43613
101631
-40672
-132126
-10788
-140466
39327
-4282
-29095
-15995
-55676
-28265
17051
-98506
94728
122774
43676
-11847
-16150
22911
-30342
128687
-19651
40746
-29713
-119033
-53168
-49871
-30097
-49507
45221
-86989
-44460
64461
35815
74369
11820
-47481
43704
76697
-62091
94490
92663
-170680
-100701
-22921
97071
10989
125091
32411
13763
39470
30530
78964
89248
-37833
-39342
-32909
5708
-7579
5132
-1071
115797
-85849
-40373
68602
27780
-85331
51093
-9031
6488
17529
8506
123797
-35424
-5189
56202
-95641
-138648
-19043
-17002
-101641
9370
-117318
37633
-57353
28583
91812
26151
-64306
-346
58764
-28261
10330
-40651
104703
-122548
-135578
-189546
-18157
933
-85046
2056
79153
26374
-23646
-376
-28736
-31941
-867
34389
-53938
-26014
-64969
-44402
522
-117489
-40108
-34808
35499
-37887
-47828
1570
-68449
-68480
69288
-1052
-109041
-107858
102904
-6009
-21098
1896
-4022
7370
7407
156975
171713
92818
31812
144625
27036
50602
125196
-97490
-64231
93211
-80263
-42945
69337
-891
48547
33711
-103914
33242
121928
-18009
-55824
-75165
65210
20234
29628
-89110
2796
-56398
-101705
-131883
10100
103405
13567
11209
57294
44566
-45884
-93757
35768
151372
24411
23316
26672
13360
60692
63977
61047
51952
-3959
-62218
-33692
-67980
10101
-77616
-2746
58651
1919
-27113
125717
57369
41358
124769
-49698
111734
50206
-44343
142537
89777
-7219
106457
19047
-32566
45245
-35112
-58317
141270
9580
117260
44112
-42600
15337
80938
211
49628
-96497
63021
150060
82605
51417
143327
-76196
59218
23520
-60326
121281
47133
48587
10471
102268
-17061
-35758
134800
-200770
-28413
-10907
-95605
87650
24994
19496
-30368
-101393
-20876
-74401
113600
-97605
-2860
189551
27998
-139559
57357
2290
-3559
27151
-52634
54304
122836
-156333
-63355
57607
-86051
39552
55715
-46225
213082
149742
-21387
42370
92011
63820
-61200
-78886
-49012
45710
-64539
-53541
-46992
-42796
-19920
51702
313
31056
21010
-54236
13875
-57311
59727
-103860
-35894
-177274
-18961
65759
-133303
232301
125073
-11736
-44902
66754
-86310
-33476
50891
7920
-216920
51069
82803
80537
29538
-47917
-8876
-94334
37205
88979
82898
127087
-58935
-160390
31425
55362
-90749
188532
112282
-23175
-52277
15944
40898
76544
-100159
85729
44582
-139184
51973
-114325
-141682
112501
64302
-146566
-29807
-9910
34509
-109694
-31128
201625
128364
-19520
-117267
-90330
-9616
19338
-158665
-73080
26126
22569
28599
-29213
-212143
40081
-34699
-137539
-64319
66657
-46856
3501
-65155
-56736
-39308
-60552
-42489
-105
24534
2699
24875
-100130
-4500
-64365
29568
-43644
-146555
69033
-32125
-27039
-149906
128502
117369
123763
-31216
7101
-10486
43884
66610
76745
-67655
-116665
-100645
-139361
-26864
-59561
127268
2871
-49749
-3710
84186
15068
-9530
77662
125813
-120338
36880
38655
20349
-37454
5586
15162
-80120
-4152
12435
99244
95236
-127248
-10311
109270
118106
-53823
38649
69064
71316
-21746
156737
84930
30114
55498
-66101
31059
-28815
78917
-45693
84996
-60499
-42772
-36773
-56430
-77081
80853
-87874
182049
76276
-98803
46753
42015
-69533
-15443
-82059
48766
54593
-92858
32089
-29477
50796
-35849
-46671
-121609
79445
-26007
-17355
56372
-45011
27303
23283
-117953
-119026
2807
38847
206292
66927
451
-101510
63292
89575
-90070
-45324
-20882
21498
9218
-20305
-15504
8131
-135435
20580
-10397
56669
187979
-253843
-25088
88058
22473
12392
-44276
-29552
100619
-40439
-9244
136285
-4315
-34126
-75874
-25595
-18053
-59488
17270
-20266
12739
-111561
-15498
-60713
41083
124768
-12375
25366
-55570
-193030
-84861
105005
161878
-15220
25111
-82371
79572
-90335
-56038
-3794
-60224
-20768
-8537
47939
31464
-101174
-15931
63654
34319
-35422
-11657
17740
48208
-62705
6418
36448
-109601
-64035
-152606
64180
-2108
64234
-129037
-58019
25517
-13839
203729
169642
-101089
-167217
-48902
104305
-52623
103345
10175
97248
47118
131998
-116121
-113339
-22533
19522
2643
4748
-22458
37984
89447
-160646
-60529
80428
59772
-97421
33098
-21402
-5760
-31041
-220439
22652
-32574
53042
106883
34215
-106584
101371
-51272
5999
98443
3886
142851
82569
21174
45042
117258
55468
-100279
79896
-64997
-52544
-97103
-63338
63743
107563
-134226
34055
16920
97483
61166
-131655
-34357
-47208
69833
166564
-33111
21480
-38936
-99614
41680
-81548
-135269
58471
-24334
54442
5852
35248
-7490
11
-32233
71134
-37917
53313
42109
-51438
1208
30145
-53982
44505
-52094
-44697
43364
12296
-126379
-39026
18851
97473
-411
64567
78491
14356
131371
-21416
38683
19306
73041
-355
129711
48158
-7729
-18984
19114
-106553
-88068
24077
81240
102828
-123922
-95277
-907
-9199
116503
75758
34462
-84073
-54382
34258
57373
28058
-44384
-66272
43551
-90229
90924
-73992
-253179
-11740
-5375
-35032
-63114
-49529
2788
-1137
-75660
11937
-41319
-16114
-39774
4964
23965
-14531
-82673
20082
-11339
47757
-125916
-32172
53857
-14275
88457
-6128
4061
22388
74726
-50773
88491
173000
-52990
98184
79096
-64022
136137
153787
54712
-54767
56362
74708
1905
-147417
-48786
-45195
95291
-11688
-58085
111374
-164727
31640
-21627
-8540
28173
-57362
-18526
72777
62828
147183
-81194
58159
21629
-74440
111642
-133105
-30541
-105165
-69689
15728
-46964
84016
-26446
-44004
-115078
97097
-14237
2720
-37459
-73514
44233
105744
53437
110
-32154
92551
23502
167996
-65579
-39644
-34915
-18320
20710
35423
-40931
38162
57697
25246
-43885
-50812
92531
-15020
102961
-88049
-9317
-154780
56635
-57980
-20085
38261
83290
15234
-10480
20242
-40752
-24966
-55506
-111913
21492
-163844
-142433
27404
67114
7545
114042
-37979
29547
34974
25152
-37819
107590
10562
-66228
-65080
41501
-2935
15634
110818
93320
30706
-42110
141919
42071
47051
55508
137144
-47590
61679
-161566
60145
51366
-17813
-50622
64327
16555
18601
-29265
-17407
27407
-81699
-34169
22498
5911
117448
17506
-13850
76823
-50063
-3013
-50551
-25112
122485
29687
15159
95727
80891
-22498
76709
50335
71823
-111888
182515
-5339
-36235
88208
119055
131849
25758
-29359
-52831
50429
91394
12021
-181407
-63828
-3968
76655
100762
-13447
29505
-80385
86211
68085
-46647
-46810
67334
-24221
-69982
-146976
119860
-67176
-88588
-89987
11980
68835
14519
72954
-49307
-165342
27032
2322
-157280
75455
-4463
-19868
29276
119669
-188637
-103985
-20134
-32959
-26039
-41595
76998
-132096
25319
100511
-47517
20816
67158
-120231
-38418
51019
-73131
19503
-16243
-73523
56663
14651
-80805
-733
5763
-95130
-35528
-41554
-38457
-103183
-4699
37878
-186887
35761
85247
-123211
91224
28898
76928
19596
-63970
-68430
-85750
-8791
94849
21588
-63827
-123235
67387
-62553
114290
60123
-19448
61530
123040
-10409
-14544
-52361
-106542
79625
18013
144620
-40893
18667
27034
55254
-66578
45460
4890
-30207
36612
46502
-79310
-50041
15818
13747
-162583
42537
-57515
103208
-19562
-23163
21683
82634
6328
60340
-10568
-140857
-74510
37342
-9895
16196
-63103
15019
74862
101750
-3951
57193
-167822
-119502
30427
15613
-80132
-24624
-133614
47445
-28076
129213
9589
-22851
-97102
-196393
56542
-108043
14730
97617
85604
4458
45382
85415
-85641
-84245
41265
21447
76474
-50495
-13068
-33906
-54310
-19400
-96337
-22453
127941
-109246
38657
-73217
25602
-91692
-40735
-8530
67649
-41380
-45104
-83488
36688
-18127
120460
-104610
-34637
28659
8834
120376
41376
-31340
86395
12963
-107846
-123337
-56897
-67789
44573
-14706
-19607
57948
113411
-17132
48324
-93360
61430
-42102
89908
-18853
-76171
-121684
193966
-60740
-27938
58294
-112272
51
75944
-29756
-108053
39412
48715
161229
18620
46745
41558
126173
48739
212279
-449
-19270
-114334
-29373
71374
-4569
-104201
-60259
-36390
90316
-201349
89816
130
10433
-15326
79536
12309
63305
-86089
13852
-206472
-64306
-164613
-57910
105546
-47529
61037
22649
144420
-36059
-67094
-56271
-14505
33399
-113835
-36127
64459
-12807
-117704
-78993
23585
-81898
117072
-58613
31638
50381
-48970
70992
53901
-86825
-2672
-80099
51307
108694
99363
-17799
53896
-68627
-7433
196844
-94418
30151
15439
71663
-45476
-51296
108866
-33035
48012
-5680
95934
-83853
-42746
-15886
14582
54832
-41546
45975
-111487
23545
-61427
-36675
4411
69491
99179
-39783
101430
-83127
-36785
-51644
79670
-40220
64532
-26574
-24077
106238
-68295
52058
4335
-19618
-20104
82111
141300
-205184
10831
-116482
44678
-70342
24951
-72561
-13698
-14424
-98929
124490
143980
-106557
-43897
23151
31596
167298
51093
-46706
75390
-19252
31126
58035
-70493
23755
14101
-76122
-9751
10598
-13523
76043
-2206
28214
62898
93395
128028
-36361
-108846
60908
54708
224056
-69904
95549
27292
21444
6888
47352
366
59313
-51961
-74950
49188
54431
-14750
32930
-3182
-71824
150198
-11756
3653
29425
13732
88129
-16413
-12279
-63375
34282
-10115
-41914
-15630
-10608
-2171
-50937
16286
-5985
49593
-25140
23375
18864
-95276
-50954
17098
-30630
16756
-141727
43764
26720
138860
-17276
48358
-14862
6418
-7841
-122409
-77873
93948
-73111
95357
-58584
-20497
-81349
-86152
80719
-27198
74437
85173
-13763
-57543
105468
66967
-66414
43926
-75902
-40195
-10950
69872
-7050
-66526
25645
-85205
67783
197011
-45015
-103592
-94409
9900
-43699
26713
37213
45245
-35863
-40693
204138
-33408
-103691
-14926
-70228
18142
131604
48665
-46915
28250
70364
9334
-6703
-119867
57976
-174825
103585
-19630
77734
19005
-68774
120398
-36029
-98703
47580
22583
91443
47637
-155479
-25440
7225
-105490
-11814
-29131
69597
-127774
-84305
2930
-43935
-63766
-27925
4352
3074
193253
52916
-163335
163541
64865
-230887
8313
30745
-17214
-109456
-108467
-30072
-166173
-69323
54953
-34532
99491
37242
31481
-81404
10763
-198742
21121
-34142
-25834
-68490
74481
29587
31230
70935
47651
103478
-116623
119505
54020
-129236
-2768
36001
75956
11775
92951
19229
-127032
30578
19988
86935
-71444
109779
-13401
87313
35061
21379
-53843
-57768
74937
-51060
32762
95981
48691
-204435
96795
43567
-20870
-108226
-7817
85168
-53390
39136
81539
-65971
-27078
-74376
-5413
53591
-187493
136065
-22126
-124990
-9065
-96256
-7706
-26750
-89449
-9213
-57129
-3361
22471
3172
88180
-25679
-46947
20309
-46210
-31134
89681
-15662
-167292
151149
-246224
-30583
45992
-1464
114739
99337
24364
-6351
20570
-54923
3811
89314
-118142
-27692
44149
115120
23003
12691
-3279
-98574
6117
35990
-96789
61115
139439
30959
43460
604
-21629
19400
-58596
83935
-54624
-41628
58135
-90850
-66847
30403
34675
70270
-191896
-78910
-96658
27194
70951
133865
13533
114788
-126683
3683
-84003
-62569
92494
-40740
151850
114157
129624
104123
35824
62120
4531
-62957
-100131
-60515
105421
74974
11642
85371
-27775
-17952
-31571
95038
-23704
-29574
92046
489
95821
48087
89025
18172
30133
-47792
-118318
-49675
33674
57855
-30020
-29831
188750
-129523
56014
108706
-201389
-25712
27568
-458
53442
-22102
51769
25235
35179
51662
11087
-9594
45512
-72034
-101994
-30882
-42051
16980
-8254
-31443
-5429
182347
95209
-20024
-4343
-37369
-113610
43454
-127398
5638
-110986
108483
-41696
27120
-23165
-13662
-76238
97714
-73622
-63336
151328
-152428
15517
-29104
99911
81043
32904
7412
31590
73015
34921
-87692
-9790
8378
11228
94430
-54997
179356
-11117
-25933
4302
-18686
-97654
86279
30518
20059
13783
-41272
-23858
53413
15977
-56085
35301
-139784
140724
141618
153284
-93322
-80758
-47765
-41986
128656
-22423
-49645
113517
-28278
26682
134125
2087
-110189
-40937
102339
-54645
127017
-89939
26154
21663
42039
8025
-47726
39628
30713
-591
-9371
-29876
-71998
-101607
-66175
11656
-122153
129141
88546
-60490
-97353
51166
-175833
87332
74408
1528
55173
79363
47554
98535
-31773
26621
141530
92372
-38563
-70263
40187
113383
77815
43538
-140565
-18305
-54637
-160705
26873
29973
-100243
-25113
-80910
2775
81358
19075
27869
15733
38041
-84258
71042
-50656
138344
-89962
-60073
35762
-73246
-104502
-64341
-65643
22100
32094
62924
25566
-52540
-55809
-142266
-12389
-3124
-51491
27715
-79981
33117
-4286
30497
25346
-24596
131514
-58654
-73808
76819
1569
45201
-38470
-24886
-17628
24447
-117022
77455
2493
-85785
-100262
-17592
33679
-159862
116733
4234
24810
101126
-81088
-162211
166957
20344
29584
46745
-50957
-24715
-23488
-67422
125649
10107
-141206
-8139
54530
81719
-110634
-18616
-86835
-8047
7429
-65177
56774
-8015
72033
-70288
71819
104866
-52845
74615
14235
-194635
-58628
-18738
-129579
116880
31849
-186076
-95639
-8579
-172153
-196012
41471
33243
95320
46668
943
49372
-146204
23877
9567
-31307
43992
70403
205226
-20709
193610
