#SpinCore Technologies, Inc.
#SF in MHz
#SW in Hz

[HEADER]
@CLASS=	RADIOPROCESSOR
@FIRMWARE= 3087
@SPINAPI= 20130917_x86_64
@POINTS= 1000
@SF= 0.000000
@SW= 100000.000000

[DATA]
-37789
-214821
316511
115120
-316668
60471
-34636
-194493
241081
112278
-168560
80273
-32402
-283107
174056
-32436
-129582
173543
-118633
-220454
302978
-93361
-134469
215939
-193563
-50135
282544
1617
7266
198518
-222919
-93769
154645
-72222
45336
174690
-67450
-38474
59998
-6369
113013
74775
-119721
54927
27207
-109811
115266
249557
-188910
117450
-56749
-241573
228029
40637
23017
212963
-47518
-240974
127964
32959
-100017
86678
-141521
24520
190908
-113079
25673
185477
-230021
28741
240043
-174114
-24744
115606
-235587
34180
-122000
-265891
86334
114723
-179651
165444
-36011
-189886
265870
-87191
-191496
54597
-123082
-186408
118500
-85190
-7875
185545
-93922
-68270
163791
59824
-129410
104721
-49621
-20590
-1910
21104
87903
21459
-182465
109031
178002
-9795
121402
169558
8761
30402
-41093
84216
-5794
97235
-146580
67893
-100995
-129939
123070
-64372
-28610
217948
-93849
-115962
60275
-96736
92760
33344
-59234
-19767
-75902
15470
51504
139608
-127632
111485
-18440
-69875
126427
-90475
24627
-54177
-152752
-89664
-55611
-97212
1120
91805
-88609
60451
-73132
-140585
-8407
-80242
-67811
113908
-54054
-77887
3480
35218
-116579
27350
97795
-126660
84228
-21023
9645
18265
-42615
-54510
79696
-31543
46993
78544
100244
121443
53001
36190
-25506
-67322
-44923
-65154
46653
29263
67924
130923
5874
18562
-48030
-56731
37752
-30834
-53772
39352
10365
20839
138487
-84458
79952
4507
-119587
30175
49999
-33376
29285
93182
68631
-76850
43217
-94484
217111
138641
-102066
62360
-2111
-60993
104944
-39799
-60993
56548
-47200
63283
-67515
-64765
-29225
152451
69003
-51638
2895
-76989
139239
46807
30643
-12466
-67630
29840
71583
38265
20525
31199
-103103
-56391
42909
118424
-87227
123630
-33362
-28037
126890
-74588
121843
24816
-103360
-39383
97234
-48912
-77097
76473
1378
74112
-16822
-52482
86580
42227
8092
10362
-35955
-88420
-12806
1891
-213700
76304
-33997
101627
-116127
-1534
-215
57259
-72079
-79007
-55621
-92448
-159532
77337
-8478
45672
43453
-45969
-30951
95865
129237
-49230
17357
110513
58297
-238519
-47492
3976
53686
-114456
162378
-29701
54309
17063
-78321
-39315
38953
-11719
-3785
-23930
-52035
-30957
27325
-193157
-1196
75463
-33495
111898
-15189
-172825
108787
79870
-12079
172676
-140684
154314
113670
33148
55755
-23605
-72243
-41706
-69184
20260
147173
-65826
-145531
-93309
118130
-62801
220840
-6410
-114047
85277
-7805
37708
37004
35989
9153
-7967
-76702
-27060
20446
98000
121408
96320
33607
36670
-119962
52934
12161
16395
-15563
-69717
128779
42351
6767
13379
6909
65304
-54791
102458
159247
-21165
68346
64010
-13354
11030
-13662
-85136
11194
22361
45965
140715
100681
50187
-56315
-29268
38354
-84006
-142392
41368
100654
-21223
88277
145425
-112210
78545
-1037
20059
114932
-120655
-38922
8299
-12123
-98517
15041
-25138
1956
245811
-29094
92757
35012
69569
39032
-52297
8656
-120083
-72717
-39294
30217
77536
-96366
50460
17326
6657
-81490
-25018
139034
32413
58427
-72200
92096
-100960
-10572
-225811
19554
-3635
69680
23066
-23390
-35433
68225
56833
49373
-18758
-13890
76766
-139627
-169397
53401
-155525
-8949
-5599
-3293
-15606
94504
-59528
-69439
58461
-6818
59373
-114548
-23720
10460
159919
58129
-3953
-86172
-103522
33883
40237
-37800
81229
9465
36670
50037
52183
-80040
84896
-7967
-10640
146989
-94840
74670
2000
-48263
3608
190905
49246
-36972
15464
-31438
-39908
-66567
18438
-68923
-140048
-67054
-53893
-21624
13566
25333
26530
-66742
31817
-9182
8358
-9274
-75545
140677
-14261
-141399
146576
66795
-6762
180141
-109462
-38647
130685
-18699
50932
-20973
7591
-50183
18931
40046
-23345
124112
-81784
-31089
57875
35362
-13252
75039
-117713
9713
-32260
-161983
-126533
-82051
-44117
-58525
105402
19023
87839
17993
39935
2298
-137475
147710
-65041
1751
196433
26229
-18331
-35512
-1754
-27632
-39978
-165099
56935
126268
9816
-42877
169950
-94206
-143203
41569
-82193
-67158
-16230
-27811
-65082
-83312
-65382
19714
-36906
35079
-209477
2703
89257
-34582
-53975
72363
-86200
-74320
-13448
-20633
74361
-108879
-52805
56543
68211
-47553
178025
90525
10866
-78034
5860
25232
-43321
-154139
111984
63996
13741
8874
31389
633
47081
-66162
10481
17213
41401
129136
77955
-17367
38053
175152
-180029
34450
4471
-59846
148480
12356
-6753
-5598
-59180
-10052
-15232
-47514
39037
-54193
6012
-1545
-58698
-85544
-62535
-67378
42185
-85411
59897
12393
70279
-62860
122471
-32131
-3246
-13225
-21282
122683
99235
51558
101066
-13004
577
-46583
-185690
49094
-61877
-61908
-189879
63331
-36705
-43606
-59493
-33479
-27111
108054
26818
-60760
8199
-63574
-35547
-19938
-29985
19839
-87634
-53674
-19942
4682
-8991
304
102572
-39952
-21612
25851
136642
-150623
-181540
-52357
-63847
24994
50668
64892
44066
44788
43451
143093
28871
-77930
41689
-64122
-134794
97000
-78505
-104754
35831
-110730
103540
51233
-120805
-4514
1849
-23002
39906
-233788
-45477
89522
30819
-34110
-33971
48264
-49171
-14664
99574
131958
-219504
-30101
19630
65225
-42512
71343
-22278
33221
143250
59239
73198
-46736
-103145
-12901
-8432
44302
66979
-94346
-2072
7378
122928
-158322
18203
-31631
22470
-61940
-20114
167646
-52751
-62243
-70707
84002
96086
67584
-10460
86867
-71444
-85759
-80494
59410
-25911
-2875
-135400
-136370
106286
-57649
-83396
-8744
2065
88208
60286
17977
-284995
24396
-24933
1708
20833
-75204
-55433
-9436
-7301
115541
36075
-45916
129707
42767
37326
-168505
126760
111841
17815
4797
-47709
-186937
-100078
-21172
-68343
-31726
42423
-38560
-57322
85304
-9751
61779
54647
11345
52198
-67215
-77617
34878
65001
13242
-26312
-85232
-82824
-29525
68791
24176
-39161
54521
-44304
-76652
-68800
9755
52150
-108257
43516
-68839
41624
220634
-75638
-10854
118196
-91522
87637
146236
-108759
-19826
166585
-42606
-78991
106324
42428
-74265
36681
31603
-41840
-137592
58189
102213
-11033
51408
-97142
-38806
106366
128562
-96065
108612
168217
6611
-60572
71223
-10498
-118828
-25440
27980
-14488
-90547
-28957
34215
-146788
-17092
94547
-3765
-30129
-69637
-119451
108090
87944
-75753
-44108
92299
-23817
-993
45894
59866
5910
-74272
-601
-77260
17398
32311
172153
-41914
-91512
-117768
-46096
29487
-15677
33153
-36062
8493
-89530
135263
77211
-25992
35245
-2796
-78704
39530
-99548
-14478
-46737
-92465
-14494
5684
-17002
73086
-63855
-63337
-23873
61594
14621
111032
89119
69524
13799
-52074
5804
127979
71578
-28208
73467
-3343
31279
35998
48559
-67299
-32138
-72372
87954
41951
47110
-41977
65654
-21306
26443
-54915
12150
-61960
-50813
-67058
38792
-161836
-2284
111081
-65494
100453
-152
123556
46248
-12010
39007
56411
10068
-37851
-52380
-149189
-149846
-54701
3200
-13504
54305
54196
-82825
-24895
-136449
126627
107624
-32852
-122893
57132
82904
49031
59426
119486
72177
39777
29329
-33826
87273
-87088
-25720
88752
102575
-76705
53435
39768
-70361
-90223
-5839
63477
84148
-181083
-95935
45124
41241
38698
-77450
-70510
31839
74459
-47144
60270
31000
67590
2517
-79293
114823
13414
-66857
71150
3134
-12372
49202
16139
-105845
-58543
27233
159301
-57410
-56218
47245
164523
-85621
58141
24983
11880
47
-46112
-34119
-116374
30964
-40034
64297
38237
70677
36259
149325
-46160
-139899
-39225
50249
-64999
-29218
-99300
-65255
-2323
-72077
159456
-30410
-29939
-72612
61884
27255
13765
64932
79558
-61911
19284
98240
-157832
17881
3461
-25064
11396
-24230
41228
9852
-30671
-5534
-38994
-72342
-83874
67706
30879
-38688
-22304
-34318
-181911
92620
-62557
-1749
60348
87939
69419
73712
-8389
41990
21303
-48073
68991
-90015
13258
-60987
-30890
13516
-103385
51863
180732
74593
-38800
50577
-3868
42122
-25216
-82803
-47594
115815
141821
92657
31927
-109770
-112435
-1926
30738
56641
-60880
-129063
82130
-125632
95496
-15203
-18189
-61694
-43488
-50968
-18835
75751
16992
109910
-29605
-5675
98976
-108274
135377
-77377
-101051
85723
-15152
29855
-43767
86874
90109
-29820
-182141
96674
37819
-89140
-76947
6970
87978
-53050
37677
58387
144722
-41285
-24487
-47683
100765
-71413
-27566
37352
-13358
-96086
105593
121413
-30544
59193
-34613
-148256
153111
82085
89612
90218
-10281
101911
141665
-35103
-84062
-12591
57825
136795
-99132
-31149
26323
8395
-34044
29609
-66866
-31274
31348
14247
45454
-225613
-44820
-65019
-10064
-14220
-50660
42720
74038
18756
-36758
4632
-36720
-68085
70455
85436
-65055
-126952
-95156
55869
74549
100857
99977
103113
27275
102080
-76893
72684
62909
70169
33207
101812
-26411
15726
20083
-44233
1493
113719
48417
70331
-20590
-37725
57796
160442
51151
-59980
-136581
4714
13358
64178
64856
-44316
7374
53807
-43988
-88703
14507
-30999
144050
-19646
-81825
-90669
-89745
141332
120709
-94457
66877
-15598
-97593
31497
13168
-102311
29996
-107445
56813
-31414
174574
65323
19997
54357
-65506
46624
83077
51384
-47155
39868
-68818
-336
182900
121285
4393
-80279
40605
42037
52818
-28260
110016
20758
-41620
45228
-95508
53333
10672
-47207
-6951
-98734
-2284
64206
53368
-19549
51924
66497
58110
-71529
99409
59018
-26023
144456
90682
-18670
-94967
113629
-57503
-9559
-67443
-5958
-29550
46878
-52418
-32428
184324
102274
29875
-122201
71676
126730
-14199
-80400
12382
-125139
-20236
-74803
-90462
19537
-61407
14394
61526
45424
153204
87508
-130440
65383
-64128
77026
-51164
-79979
-47894
98166
-46722
4891
21084
-67204
74595
-23325
9963
16565
-4848
-62923
-35571
-44943
-14230
-87823
33822
-13734
-117384
-153719
48164
85681
-72115
-133919
-39654
55459
-128410
17762
200803
-97059
6693
145183
-42430
-15989
58659
125891
91317
131354
-68090
-80937
6814
64099
-40881
56748
90014
43083
-96099
67550
-4616
50107
38916
-7263
-101820
-57713
45658
-152248
90209
-51176
-81652
181420
56816
93397
15600
-34378
-11178
48833
-10107
-14988
-47333
-79532
13886
17818
34785
-9667
-41897
-84436
-100902
48251
24896
-24037
111805
5603
-19222
-29443
57566
-53057
16037
-147626
55819
78474
-109565
72880
24412
-171214
1191
123849
-121388
-1395
10895
53521
194242
-140958
87934
128157
-63994
-144703
51302
-74137
-7425
52343
102012
35872
-78459
9977
-1339
34382
897
42909
-78234
15081
15067
-3466
-53798
-113669
-31098
141647
-42794
-28535
-18215
-117905
76317
-116551
-32524
14752
-78680
67380
-42176
26728
104202
-18991
-91922
38777
-101713
-224854
121696
-98019
61357
-19008
64600
87679
128070
89874
40986
135675
-16081
-63783
-29619
57918
-4456
114455
76814
47407
-45283
156816
-127409
-23639
21613
-19858
100506
-111150
95612
43774
-121111
12652
-47757
-66474
39075
80347
-90415
29251
84816
8984
-18279
52374
-51586
11254
-28117
97773
16863
82724
83634
-41054
-22052
-113528
-111118
-19875
-15426
-72225
94078
-116811
32121
-43158
2599
58029
-93296
126390
-44194
133459
84110
8674
-16526
144788
-9584
129695
50022
-44195
53582
-111783
5501
100803
-50824
-105446
-44022
97387
95721
62597
52092
-39381
-113220
-68110
34280
-129608
-7891
-70808
-11304
-114489
-46950
-4157
46555
18914
84877
-3144
42785
-156824
73570
-20057
10298
-135578
84183
-140084
142265
107403
51366
-105835
-71474
60616
-46494
-5326
111209
-24613
-65752
-60040
-4119
17400
-125638
30822
-10574
83496
-85410
15827
-40609
-32122
125892
7329
-107518
72479
42142
-27608
-45692
-119606
176566
-37732
123550
51193
-31145
-42568
-27090
18035
86376
35318
100493
69235
-510
35414
-60584
78308
-104487
-91182
126635
-150789
130960
68063
45183
70619
-27225
-10637
-7695
34812
-10296
91005
-22772
61274
3914
5319
137393
-94009
-78503
-75719
-23982
-25904
141865
17654
-58280
-72324
-113194
49938
-54290
-120576
81603
112579
23428
58358
63452
8970
67162
14188
-51686
29470
-4986
152803
-102491
-88003
-180434
82294
-36443
-9755
34987
22000
22063
-55827
-10714
173048
29155
67323
81361
-21728
-29593
97574
86613
-50151
26257
-119163
104023
42214
183123
187526
-120719
19841
79844
-16658
67533
28201
143959
-159738
42251
-86267
-34798
-118915
-111914
-32602
114089
53004
55861
37124
22166
-102795
31954
89342
-44771
-29815
21068
108713
-24671
-114244
43808
88321
34871
3440
-37173
13232
13615
48031
-9789
-80656
62891
-140760
94106
95232
69539
19207
-84540
18812
103718
-51482
143885
-19308
134976
28770
-35760
-5502
-5111
89631
-49884
72476
27596
20838
17377
-70517
203833
692
81395
184841
-85101
18731
-102588
72919
40603
-47362
-71856
111059
-26939
-76292
223
-21326
51059
34235
31827
41975
-22158
60645
9970
53838
81911
-64809
18564
-11649
-700
-61998
70614
-77610
2714
84121
-34659
-149885
-121168
-32546
30397
29447
-32142
48649
-48515
58481
55977
74922
-11892
-130019
-30293
-23273
-25915
-81298
71857
-108458
137271
-3551
-21210
-19962
10845
15915
61386
89307
51144
-138404
35600
53635
-90622
25854
-76906
-113388
-1517
-53155
18088
-81915
48015
89553
-146975
50322
70332
-27458
-32223
65909
-32906
121473
-99564
116262
116066
75089
21544
61557
-68777
80437
212
78132
30634
67668
-30646
16909
33707
6488
17433
22097
43973
-109702
-59417
23539
-97322
-102436
12008
105578
24890
-26991
113021
1741
99422
-69780
55557
80263
-52728
-1836
-46361
71223
-67794
74608
140872
-33675
79698
-31715
-25850
40967
88400
32154
99475
-92183
65771
-34689
93100
-91688
-28346
30881
-232859
93237
-63010
-107166
1103
-135195
84337
-39491
17754
-87821
-31739
-31978
80735
46407
79949
-67241
79598
27656
77181
26747
-38679
-116698
-19994
-205830
75313
19414
-78494
78330
-17648
39159
17076
44439
-84662
132407
-79877
111277
-13127
-32047
103843
45987
26347
-122255
52471
65074
-25350
-59219
65703
-23484
-121962
69188
-33299
80960
136085
-115381
-8816
-22259
15792
113610
604
-109733
-82244
2506
