#SpinCore Technologies, Inc.
#SF in MHz
#SW in Hz

[HEADER]
@CLASS=	RADIOPROCESSOR
@FIRMWARE= 3087
@SPINAPI= 20130917_x86_64
@POINTS= 1000
@SF= 0.000000
@SW= 100000.000000

[DATA]
-205795
-355729
604617
51844
-224111
378009
-236697
-346275
268127
-116132
-10211
316024
-201434
-140237
150900
-346498
101536
204427
-288819
-47880
110627
-171286
288447
49938
-199019
-46099
-34934
-137907
118677
5619
-56384
43701
125751
-219622
77377
16663
-163689
181274
123670
556
39397
-109820
234657
12955
2814
66287
-92295
-169273
-51414
47346
-86880
-24530
-25085
-106418
51286
-56356
-109765
123020
-85475
-1508
-3050
-32020
74867
76649
-212685
79152
40283
-209656
52980
-100218
-55030
107863
19356
-48988
48892
87628
-86347
76245
-181915
-29119
43535
-148881
-63579
117223
-113865
104122
-87255
-169473
168160
-56782
59642
109984
106829
-32275
-9605
57295
-53451
102861
-87997
-60842
39943
-86279
-105986
35912
-32349
-61721
49627
-51688
33036
204907
-114775
142667
159215
-28891
89340
-23310
-39535
3650
98316
-190003
67932
-47457
12247
93043
-111836
-53458
-43169
-18596
-76692
75489
-75631
-16242
172870
-55589
-28156
194685
-60462
78615
-18702
-152854
-3539
125859
-44724
-8229
-25252
10392
108559
123136
-19047
71045
-60416
-83909
152037
32917
-5170
201524
-239611
-106352
240018
-191155
138207
109376
-105574
-125866
-35692
-5126
-24875
95052
18723
6690
-124312
-47450
205878
-4140
-18999
100887
36383
72653
195330
-32335
22740
73314
-106098
-10855
-44478
-86546
87744
-4518
-149060
33802
-54413
-70939
85921
76256
-62445
52700
-5705
-69894
70548
52462
25069
61680
114182
27918
20374
-78291
-48753
144637
-7146
46968
-1590
30167
-75385
-100532
-51636
15422
15041
-123189
81720
149382
86105
-9430
99876
-23248
-17429
-34547
-31844
83256
-79989
81059
-57877
-52712
74365
144877
14144
-92207
26419
134603
-118294
-31402
28989
91196
42446
-1692
92372
-148211
37244
85247
-76574
-35318
-57186
-19897
73618
66092
-34024
197712
109241
21479
67671
85826
99381
-147056
-87886
36599
75048
-47747
-77859
100998
11679
250
-17171
65926
-109223
-2703
-41582
-22622
67029
-29902
73384
146026
-3994
-56572
14991
-9571
-48881
85956
15614
-7950
169527
-13972
-123316
48257
1981
-64510
-2289
-35933
-124376
90414
-82518
19196
-23910
42555
117218
47853
-115404
-51786
32897
-56607
-15232
-67809
10039
89458
16775
-136140
107871
165503
-83404
42534
-27085
-119770
110505
3277
18688
43056
-134377
-40804
43401
-67951
52504
49527
69555
33009
47796
-58738
-33088
12420
-61661
17262
68239
-27045
-55155
-105385
31066
-103910
-72250
-6895
-28539
133186
-92117
95647
16855
-26599
-133280
73334
-33703
94386
-137334
-141495
7435
-76551
32898
21154
101200
29336
-49600
-12387
31447
-7009
26150
59659
-69760
-75925
-97961
29745
52159
56129
136543
-844
99238
-48686
62667
47026
-164070
-50410
-37741
-12829
36782
151596
-71850
170420
-18166
-11877
106658
-56711
101448
-36683
-103775
-85999
109005
168055
81087
-123277
3038
-66092
81969
56428
2796
52462
-42620
94617
20493
-87118
105611
-125289
-25764
-134793
-42611
-39350
-12142
-48662
113508
6719
102724
-18200
64264
9072
-24410
122170
-45710
77349
-50398
8869
29568
69085
-82784
-11830
-54411
-100323
59006
-24319
123962
-108066
154341
19759
28757
79601
96596
67598
41183
42877
-30537
-35715
95154
40097
-122742
14782
-50949
-54437
-53840
-16827
-45973
36556
-6093
-65476
-111812
-51789
-1000
-4282
158864
-108926
-10378
96419
27922
92665
-44915
90668
-63752
-108317
1777
20607
22721
-99943
-37253
-7739
14199
822
79476
-104973
-94502
101953
40116
-19781
-14816
27532
-39844
-133082
-174896
-33949
120176
-57734
58000
-41923
-205721
-33667
92750
19992
-62154
4149
42903
-110500
26465
-141659
-117325
-150374
-26300
-27834
-53909
177417
-37825
63038
-134607
2612
72821
-45497
32771
-60390
-26555
6790
73712
117527
-33883
-90433
-30019
82675
-197841
7814
23130
207053
39698
124653
-83782
24244
-20105
-53402
-16258
51843
-55085
12619
35388
25700
-47367
-113926
30104
104247
89342
37459
64685
-53273
129399
-19585
-15078
97268
4595
65777
-119622
4482
-97043
65490
75402
-19980
-39358
8834
117934
5805
56996
-50656
81944
41706
-134828
-16499
60646
107823
72536
-61102
71315
9043
-134158
23244
-25816
85309
82465
-39917
33442
78666
-84601
-164232
-86889
-60670
-61308
-33527
-4079
-32498
-8543
95684
34678
-80610
71469
6230
26094
64750
-85248
-51184
156656
-76101
-46862
-16755
-62995
1513
-53992
99952
49973
38037
-131692
-89941
11089
-63809
50397
-39354
-57630
-33488
-63726
-52400
121399
11955
-27788
20988
21803
45082
-448
102884
-128170
-92677
76441
-7236
90637
-53181
-26816
74619
15856
-34261
-4095
17593
37576
-11025
-116954
-100202
-80464
60438
-7669
53375
19467
-18801
41005
77305
-60179
78344
51917
-91687
-36228
20983
-24063
29646
-3190
1228
39186
43380
-68363
-95800
-11990
-84848
47519
1018
43028
46690
44150
42675
8978
-18773
-17898
89825
241122
-22345
75360
58433
-10347
-104483
73047
-41220
132368
88324
-14422
-41265
-3606
-138015
46069
-48506
-54995
202530
137834
25341
-16437
36449
-63952
-80875
-55060
28752
34457
-5677
-65517
39404
-57010
-86380
166163
7136
7580
-40294
-86399
-15034
130605
47259
-63710
57660
-59693
35953
-111110
63655
19914
-113949
35867
73241
127990
-60048
-28914
-81012
-121550
31908
58386
-220150
-65807
150813
19852
18358
87469
-23579
47772
-116824
70172
86647
-60055
55048
33135
-79011
191920
27782
-75314
-122302
-25494
79269
136966
-52052
24949
81481
-53933
-14747
121634
-81084
-88679
52064
85332
29134
-47843
-16718
-85368
-117080
37599
9698
-24384
113187
-212838
116794
85040
-12763
26645
73381
9640
-16162
40622
138853
-176405
-48624
40122
-65224
-31455
-66452
-23499
40440
-36902
143485
62187
-89637
-120133
-24198
-35403
7907
7039
-64251
-103983
-10166
-67420
-117528
100982
40822
407
77081
12858
118035
-161091
87830
11222
-141363
25927
-20780
120580
-60859
-68442
-116053
-18331
-94249
-12074
69264
23714
-84173
-24271
31602
-55658
153061
-52636
33892
30492
84419
6573
-101567
-51189
-6690
70232
19945
-6712
121051
44041
113940
-66611
-113809
-4003
32602
-23658
-4502
12219
29030
53147
-53260
5721
-27979
123494
-226
-67037
36795
-32195
-78374
-64153
-26059
-19926
91940
-23387
-45807
-113854
-188932
-78025
34427
-31300
-14530
55972
-67592
-19109
-57153
81530
-22978
63244
5727
45879
996
-30751
-37649
111800
-59066
8546
-78596
3528
4660
-82760
51751
-84236
-35003
41478
-111888
-78897
34644
-1537
12559
171592
-66890
19828
37299
-176837
11148
8535
-37966
61368
-192228
83252
47137
42864
160839
-69787
63646
123361
151557
-48130
-48711
-9209
-16263
67895
30914
15482
63782
25300
-72850
17859
-94278
-9961
-32755
16842
112156
74995
128404
-14679
-54138
-73083
7378
78454
11726
39157
140721
67241
-28252
-39779
43811
82437
112657
63698
-37170
-80316
66670
-23696
-83184
-80783
-18358
95623
4544
-86590
20413
133935
-36579
141213
14182
76714
105955
93365
-64078
91832
21397
-36176
78136
-128775
15361
93058
33085
38486
-13074
35008
72966
-74296
-12831
60408
-67353
-60870
43097
-80306
53034
117140
55136
-118852
-33989
121860
5392
-76136
-36899
-92480
-99069
-101019
-35839
-3177
-1635
-123424
-45814
28240
-14907
-70997
68639
108725
-99014
-74241
63867
59301
62537
36968
139002
24101
-66047
-1484
39237
59267
-49554
-148731
-66334
-5380
82325
40144
-58568
-50373
-77159
65933
-92010
-64925
-83146
80194
-50422
5499
-90799
49848
-100728
-196728
-13508
-109908
-49811
-31358
-143871
-9460
49803
-11951
-113597
8420
-70661
-100021
32269
-31800
-18706
105559
-183355
12434
70535
60000
-11644
65547
24452
-39732
-72703
-11250
-54382
-18836
-132932
11412
-69027
-94592
105194
44316
-79315
-84214
-46761
31600
76001
49729
-58190
-64383
-11324
8124
33003
-128340
107720
-74988
46913
68038
-20743
7593
117910
-129250
-107438
-81914
23137
58537
-58084
204144
-128037
-224349
52424
-44967
97683
37620
52604
-98201
-51448
-108781
4569
-54658
-86271
59941
126640
9235
129906
-30857
-99056
22923
122659
-55801
-2666
-133743
86776
-97202
17546
18383
19084
121658
-61260
-10768
-77963
6361
51532
107183
30647
61642
29985
-65942
-106325
-29626
-16757
176925
-58582
33643
43240
6493
104735
8227
22851
-10554
-38495
22673
-101341
-160472
-60686
-28700
-23321
123579
-145874
-6224
15318
-56481
-69942
42572
-83369
-31749
51334
-60716
127373
78928
-31930
-69
35524
16605
16762
129905
-27607
-20919
-65996
-11453
50716
-78670
64760
61001
91590
52234
72273
-24084
-9489
-21489
61841
18709
-1937
88446
57504
4616
-86851
17052
116269
45572
-39050
20025
51021
66196
57838
38328
-21824
-25235
-16333
44094
161552
-25493
-107763
2678
-32359
-86894
101900
-253625
-123726
-22303
-124254
25959
-57319
-21972
7987
-9251
-129625
-55057
4192
66769
23540
53359
-125943
-19017
-70623
41298
-71453
17203
-78298
31844
21544
-33310
64972
-10035
-99029
8809
6693
-48263
126933
3133
-153220
19301
-78389
7867
-8102
6987
22757
56279
19674
60690
-117511
-57817
-5948
92329
2582
-48717
43691
94598
31041
152065
-50318
111479
-10636
-30710
28382
-45323
45501
-29426
109715
31036
-21654
60124
104002
152937
-26110
76661
-80102
19313
86024
143782
-67179
-2060
30600
121111
98725
755
41264
102917
-49785
6937
212036
148282
-61769
36937
-49965
34882
-32208
-16289
129900
-27378
-44562
183079
32825
-91905
115409
-12216
28368
214188
-19515
104367
-7291
-96327
37283
13274
-54362
-133295
-57171
-87446
-9282
-76324
-91313
35413
-121045
-25508
-68383
-39338
-19484
29670
-59418
-38929
-138455
-95255
58942
-2703
43483
-92028
-36084
-74169
-7784
213061
-55238
-88347
-42439
27735
-10267
103828
-26860
-55845
-23878
58042
67417
82778
89142
62202
-13045
138285
7829
92904
-95767
67248
-15711
-43625
-91093
-81396
-36113
-48949
-37205
-39311
-119399
25477
-68686
21118
-83484
19373
48414
-15782
38479
-149415
13757
-68113
-40879
81637
45227
24723
-34505
-10836
-13394
-183637
21738
-24347
56685
-145022
97095
-147154
-18055
-10099
-108480
-76946
-62742
-70750
-58895
-62777
-116078
81039
90455
-77897
-364
-19825
26806
-27453
84571
77906
25447
-83203
88390
45825
71042
20714
-149423
-21218
42771
102989
-61098
-2149
945
21656
145730
44047
-47125
67139
-102704
136827
-73678
-24409
-19867
69824
-863
35732
-50979
-86553
74132
3202
-106590
148530
52080
-78434
29784
50043
-147627
106402
-93645
-5868
76480
-136234
-127801
54622
10240
-92259
-1998
-45614
-93394
144047
-20472
34416
52786
-24073
-55563
76020
3038
12928
141090
23274
-103348
-71509
-97130
-60233
-33743
53098
-80459
44534
-44993
145452
57847
-94678
-19708
-54490
18922
107236
6258
-50252
-8658
63324
125207
185647
-1179
-6721
-151200
75485
-17362
-55444
-11276
-40549
10431
-102128
47972
-13242
-11502
48159
5733
45844
52426
30974
36952
-1847
85839
-47408
-9662
-121321
-41581
-119414
-80187
58371
32681
3145
132534
-99144
-75923
167089
61309
-42905
-123484
-50851
106863
-66835
-40656
95977
-17293
-89162
-30102
148320
85970
-28610
-140922
3472
105919
-74893
137414
-54824
-232594
18100
-37710
129872
41253
-67440
-28575
40314
81412
125920
-15070
75608
-33142
20730
81852
9877
-9534
110453
-44643
-10272
-156613
-1719
-86576
-77719
-73078
-49749
-77274
-61823
-40569
-28541
32400
-89811
-40533
74126
-28979
-87115
72538
134552
104007
-146262
54786
29816
39125
-96358
34536
-58868
21895
-62593
27056
-28779
39956
54456
78850
12317
-85214
23473
-60383
-46644
109695
-52503
-55581
-63187
-123294
25788
-13068
-98979
-89269
-45464
-147293
64311
-49562
45290
84213
86186
-144835
-21643
5419
-66654
-32877
120171
-163974
9080
4980
-5826
82596
54127
60716
4226
71897
-69866
71645
55455
-60753
6046
10261
104217
2867
-106759
-18694
-17047
-62138
-27580
51598
179622
-2499
-49859
94968
-24057
38209
15366
-24329
-119230
94568
43899
-118772
-92400
-23037
77931
17254
-64702
56209
-84478
-71400
53029
94470
3449
50953
-91584
-48448
-22104
110640
72903
164549
19750
-7190
56510
118485
-87006
11274
36812
42081
60086
29460
-21796
-12615
-6342
5405
46313
92780
112861
-41050
-9044
-50199
6616
9901
-114126
99100
-113185
-60657
42610
53111
-1566
43359
-125763
-42873
-124487
74721
151159
-58023
-28204
-37710
-122501
120638
-25076
81925
163877
29509
-7039
31210
78372
-49699
-74373
108951
-47294
-16154
114934
-152223
-178898
-33320
12035
62515
-92494
-92308
-6934
-95938
97815
132222
-77669
115479
126241
42230
-6749
25626
-50989
81972
68376
-68509
83099
-141025
10930
-89798
84725
-55289
88013
161245
-4345
15265
40378
-105155
107596
-37653
-25724
37383
82440
21031
-3138
47419
-93690
18066
58838
-6228
46192
-4800
-94675
-121982
-118700
-40972
-5347
-32555
-171359
2707
90930
86168
-134034
-6586
128668
-112910
104158
-127920
142846
6148
37014
71191
-24750
74367
111893
41932
47298
54017
-69825
-2363
-59397
-13148
49402
-73324
90128
113559
146501
176638
-13470
129525
-31202
-27340
44784
-12127
37688
54495
87085
-33879
-40332
-115932
-20569
-162489
18768
25334
16625
29774
107707
164714
47280
39036
-30994
-60189
3618
41521
32686
-3622
54587
13077
11407
-52385
214577
71002
-27199
34945
-160812
88120
22720
27543
45181
61167
-77622
28811
-21048
-195155
113127
30628
85914
54063
-2403
98702
34823
-93043
156794
-10234
16080
-42634
-76285
-46294
54089
-18542
-52971
80237
28552
22052
-69176
-96954
2173
5306
-82368
61535
-11576
-41705
15537
46115
45984
53901
42710
-60217
183573
-87542
-17330
-97092
-160772
-13005
87289
159255
76826
-119671
59163
-66176
-24937
-47029
-5705
-114451
63183
-86155
-19301
141968
39813
-149369
-22757
82600
155956
-108586
-44612
90993
-49452
17968
-79521
25807
93095
140505
-73831
17672
-27111
-92180
-8296
-50604
-111616
-7432
25143
-58790
-5312
7641
-24439
10473
-117361
59410
49904
47826
-63834
79567
-110185
-35290
34157
155037
-27137
-50457
51155
41933
17667
-56417
107384
-71313
-117671
-12154
-24776
29794
