#SpinCore Technologies, Inc.
#SF in MHz
#SW in Hz

[HEADER]
@CLASS=	RADIOPROCESSOR
@FIRMWARE= 3087
@SPINAPI= 20130917_x86_64
@POINTS= 900
@SF= 0.000000
@SW= 30000.000000

[DATA]
30844
701027
-22244
-829246
72097
846757
-107789
-904232
207880
951338
-244152
-965586
347431
949083
-429394
-1035808
555418
1007156
-496886
-1021997
604689
996691
-663577
-995780
722847
936799
-779738
-988217
786937
900469
-799695
-839185
847318
865477
-942157
-768610
956908
743587
-945546
-696104
966444
682999
-1015811
-622033
1097105
598919
-981660
-557234
1035311
571439
-1071730
-439723
1042593
369268
-1004043
-364532
1075057
352333
-1071707
-307997
1042137
199942
-1087513
-209546
1031626
151371
-1052049
-123684
1038317
22362
-985577
34887
1003604
-29223
-941371
182124
971287
-113284
-961313
154019
920450
-152075
-831479
274495
865529
-285101
-870655
304982
817189
-352001
-802844
337651
756153
-344997
-771840
359289
720772
-423151
-725197
477836
596760
-500666
-612963
593749
590382
-527974
-532672
532709
586632
-538266
-516765
535717
505502
-592021
-483692
585224
460375
-554397
-440540
633948
355105
-611262
-353026
647471
315894
-673437
-273293
609737
239641
-626932
-193798
625701
175289
-688619
-174243
601429
155266
-642792
-82265
633535
72486
-680784
-7019
627724
2633
-644385
29870
635453
-99812
-631489
91440
625813
-137915
-636507
75847
523511
-97591
-521368
182125
590335
-167828
-539699
251778
532275
-257129
-471330
290902
498638
-278604
-409566
269056
465738
-284678
-432333
292428
427095
-343312
-354383
341380
443162
-411161
-391822
425316
406370
-433099
-348206
362926
311923
-373261
-330659
395600
310524
-439348
-228430
456314
237929
-393680
-173437
471672
209221
-405800
-147721
402183
132512
-433454
-142361
394436
131000
-448147
-136675
455836
130941
-456369
-76963
449719
45999
-423557
-33877
499242
-29915
-469104
25653
488778
-43799
-456222
99850
411828
-109899
-419042
155172
354540
-104581
-417689
154878
410781
-127668
-360489
170842
375833
-183635
-351203
178326
358459
-185531
-372966
184199
298635
-212672
-293099
180354
286875
-243885
-288107
283165
262878
-272411
-211016
286216
213729
-272712
-199220
251740
234264
-314680
-171890
313425
174099
-330903
-191865
292230
186412
-378733
-149687
360856
103007
-280153
-104337
285734
137363
-341493
-120775
360676
98952
-307478
-62941
278209
52695
-340761
-104191
332822
-3744
-274263
10665
353165
32483
-334653
-11631
312717
-14280
-277925
43536
267533
-70595
-285082
61310
313261
-115798
-337137
73923
282240
-104086
-217370
181281
260257
-147360
-285892
208201
240270
-209783
-284903
217384
204318
-195725
-225343
242180
216452
-176280
-220434
222375
192901
-236855
-238040
157395
221699
-278654
-207339
198678
164044
-229131
-201390
284494
129341
-249786
-157388
270479
116979
-257198
-74361
300226
130432
-291202
-70648
295920
86788
-304772
-101979
278265
53396
-276295
-45217
288960
-47146
-306938
-30828
247611
-28256
-214089
-11149
228248
-12996
-231654
13053
247013
13042
-213880
101887
192854
-67212
-217299
112087
237763
-131262
-227488
96171
280340
-54269
-266501
106861
232951
-58417
-231726
165202
266150
-190830
-224659
127414
161435
-146400
-137952
144535
154698
-140057
-183974
148553
128941
-229490
-89678
225514
83489
-180083
-153348
157401
141104
-161973
-119362
193788
111447
-206253
-44589
277188
50463
-171031
-132128
196507
38864
-264129
-34146
257045
16268
-200489
-21179
203059
24031
-231250
-67438
209025
-20893
-188257
-33905
226386
31511
-231132
29051
212969
31583
-203258
39143
205210
2447
-174725
94736
210865
18593
-122085
105461
182098
-133391
-219142
119254
234967
-94852
-182067
122533
157849
-109574
-179526
193987
193435
-124001
-151993
203378
197635
-129072
-171198
127595
140071
-168590
-70995
189215
111448
-166619
-156530
197406
94188
-188427
-94081
171893
90366
-177760
-60066
153513
25860
-193254
-890
161108
40545
-224390
-91091
217024
37582
-149715
-53177
197998
33564
-158447
-16925
210998
-8300
-147448
21999
155353
-41152
-207068
17273
131300
-44187
-115886
242
132556
-37885
-116544
93072
147191
-33999
-138485
40118
198549
-29084
-177480
81520
216679
-96239
-157370
149837
77748
-123961
-94644
54643
97082
-80787
-109579
127376
54375
-127907
-169729
210698
96065
-88662
-60468
144713
122151
-144979
-104659
136876
53151
-157160
-85355
161910
132491
-71307
-13181
116887
75198
-183613
9933
169026
46202
-175799
-9633
129320
50289
-60677
13200
106282
-23642
-111372
31614
137911
28964
-160815
-16240
116281
-8619
-147300
53850
197428
-37342
-130262
38782
166345
-96034
-136004
39795
238861
-72565
-87053
116671
150384
-77624
-131119
119098
136222
-113098
-87463
87321
106131
-73642
-118145
74850
87240
-113664
-53048
129044
133364
-164857
-45455
99318
89098
-123727
-100874
118860
-593
-135155
-27318
156289
54204
-134306
-79358
173483
48383
-118522
17972
106891
13852
-141330
-71062
57918
30235
-147103
44520
97585
30046
-115632
-2259
132755
-63934
-106176
7863
141257
7867
-108994
44595
107010
-24997
-135911
29932
158133
54848
-105606
90075
166255
-124320
-61221
85901
110908
-47653
-122139
34690
38922
-39403
-96155
93450
54726
-43628
-52898
64707
78827
-103511
-109911
44630
85077
-99642
-102483
63446
89514
-92235
-67199
122188
59321
-80237
-3740
157043
70068
-54248
-102173
94161
86106
-120936
41072
63718
49314
-140306
70792
142253
-17048
-83753
41834
149924
85433
-53772
5912
44978
40378
-102641
-7994
90635
-104113
-77506
16100
58059
-64091
-78199
20968
121866
-17703
-99524
-49749
76401
8766
-67514
129901
143444
-24990
-74095
37140
65852
16005
-104344
79934
69751
-45636
-113753
83426
121774
-116444
-26878
38165
60433
-42456
-81118
175331
100513
-25682
-57812
62196
78395
-48573
-19897
57189
-6228
-55617
-46552
23878
28404
-78586
-9707
58543
68384
-24985
43628
34117
23556
-77731
-4908
128463
-21771
-107057
-12427
124204
-28864
-111799
25400
126045
-40951
-80677
22489
97987
-51985
-58843
72178
61905
-52384
-104597
20972
74700
-15723
-53544
55657
94591
-35816
-109504
101819
98379
7225
-102474
34620
105613
-61236
-62356
91545
67028
-83826
-10914
83387
43471
-80475
-62150
52143
89977
-61194
-24882
112431
53105
-68501
25504
109816
58906
-53415
-20724
122596
-11213
-80650
-33986
90055
-41738
-98386
-56020
26221
55430
-54992
-4143
71232
15639
-13592
97973
75119
-55856
-74496
35314
123483
-45629
-64730
63039
19377
-39544
-80311
7763
94279
-4181
-125321
33786
15998
-58522
-63825
41644
85550
-46908
-26920
37170
128498
-62243
-37405
30647
60665
-10501
-41236
51586
85765
-27897
-19062
-4311
68652
-57495
-64163
123989
81669
-96463
-47286
-5092
15512
-88307
25285
45350
56766
-104935
1038
42810
-26808
-46194
-25884
90176
38644
-22166
4738
10592
51800
-110216
-1961
87839
22938
1174
-26014
61451
-38801
-50465
-15341
50090
13012
-77873
-19116
69887
34543
-97975
-38027
33923
-7955
-94272
-14655
49054
-20709
-83998
-1379
101545
-33447
-126014
70439
98259
-5863
-53431
71384
118937
-121042
-89289
63487
70
-75174
-62170
52118
11929
-91364
13155
73543
74261
-136623
-60856
79984
-31452
-48553
-7632
69953
52217
-56438
-32153
33935
93437
-99823
-81467
75571
-17438
-92857
-18946
64659
-6285
-90386
4747
92734
15724
-73671
-2567
98345
10138
-128895
30478
86481
-11740
6014
-49096
80724
-3284
-32601
-37651
84616
31955
-97748
61705
45603
-81432
-3396
2206
108931
-63937
-23297
49874
42416
-67577
-25825
68394
72865
-7423
35221
73835
48199
-59801
-57523
150231
35192
-38649
-3008
156347
89260
-35516
-4882
74591
58699
-49330
1533
40796
63168
-53881
-47199
16660
49951
-31186
-3937
40508
-36930
-26205
-14100
-645
21035
-86194
7621
61255
-16258
-40935
29754
114525
-9526
-98164
-7386
59939
-16207
-105866
37164
62019
15571
-128112
14008
33172
-34575
-26230
5914
100825
-38177
15620
52123
73905
51885
-21205
-862
19841
-34556
-58378
37323
10687
-22221
-23764
56226
37482
-60266
-26481
2582
75470
-85335
-36646
48730
34730
-89469
-58698
112272
63949
-37054
-27474
57596
-28740
-60965
25585
23908
64893
12863
-44847
24654
44802
-86773
-3066
90993
55126
-86536
25506
110394
-50443
-84632
-20561
78763
-116415
-56139
1036
51581
-8859
-78191
9552
75005
-12118
-40895
38420
82563
5936
-43750
20601
79862
-39939
-9112
5178
119543
-80684
-65149
-17601
74903
-27260
-85895
5317
142415
16912
-55587
76511
35356
-65792
-77377
-82
25320
-74510
-34947
17412
52489
-25893
-110956
84524
49674
-65211
-38251
38599
2477
-91548
591
89233
-17440
-87114
37249
41310
28150
-41798
-47267
87612
57149
-60105
19603
75862
17283
-100265
4792
53731
-83817
-113522
-26642
109921
27252
-39371
26228
36516
42831
-48190
19327
52173
425
-57735
16156
29607
19708
12905
28376
59047
-30989
-58149
65230
42424
-68485
-85525
19075
46302
-2538
11078
17484
36252
6151
-94158
73819
9165
-16807
-62772
38340
9620
-9367
-44868
58239
6679
38320
-30764
44555
-3080
-47545
-55787
42289
37701
-74426
-29655
45234
67134
-57829
69758
78540
-47412
-1018
-1741
31620
-63887
9171
-6214
99008
12604
-50650
30891
126699
38788
-34312
-4177
34476
-36217
-92097
5712
119971
9274
-15103
-31280
55636
15727
-105780
85027
53330
-56403
-78615
62036
7821
-34909
-36717
76861
54200
8521
-63374
40782
86348
-49681
-12980
-8045
93452
-77682
-79259
17806
36774
-53646
-68507
37120
63172
-18270
-33944
26989
23147
-105877
-80657
27251
85275
-36933
-22955
4799
58958
-50408
28490
47620
33513
-28340
-19897
55682
51972
-108163
27600
29704
39877
-26729
20916
68526
24835
-108608
-32005
47548
5650
-57550
56512
23493
-38320
-77198
36809
54966
3403
-88204
58422
83458
-66150
-80373
4012
61245
10493
-13848
43655
26289
14663
-27120
37352
-26360
-11381
-65666
-28750
33991
-6467
-60370
12932
65692
-8973
-38295
67779
55986
-58242
-38288
81850
50371
-75814
-16293
42086
-23353
-1358
-30352
25647
-5343
-34816
8375
70002
20827
-64704
39542
31176
20456
-772
-1376
-16367
52118
36498
-2269
24521
5686
-5561
-83362
91441
22303
-49461
25619
118954
71413
-35245
807
17209
-33037
-12780
16735
97181
-44296
-110597
27902
75593
26357
44275
-58627
24706
14074
-19487
44675
15214
-8995
-8127
-16353
31849
-28926
-61204
-7952
46467
-76135
-43610
35247
75980
-7884
63928
34091
63950
-55224
-38782
23697
95461
-26062
11534
44237
15099
7696
-61243
117984
33444
-70935
15031
27748
-42479
-54343
-56288
50215
13564
-51004
-18238
101831
4397
-25800
3829
89820
58946
-23419
-69395
80071
9324
-65200
-89724
76851
-20502
-54661
65134
24066
17631
-57699
-19612
52909
-66481
-36034
11654
3392
-37738
-49460
68667
30064
-45837
-72509
26920
23613
-14200
-84523
36428
-30319
23096
-76024
3292
-14171
-39312
-38198
11053
-9439
-16475
-27317
-4404
-1907
-7285
-30421
85229
5989
-11151
14863
79027
6590
-110191
1864
59135
72729
8649
14915
33295
43994
-36050
29190
68910
17837
-42589
-55714
63312
-12400
-48756
12481
77340
15534
-55637
-15923
-23940
-21208
-113872
43689
-11755
-38490
-73480
89076
65422
44537
6992
46879
57936
-36375
-24278
-39991
-7282
13502
-25730
47667
56212
18752
-96255
42652
-4655
-38489
3325
-34521
31620
-25611
21097
10415
-7532
37549
-11820
40327
6174
-29402
-75124
19007
-48558
-22259
-65442
6264
13501
-62328
-52172
47800
-25733
27040
-74531
-38983
3687
-53125
-16878
-21098
854
47938
42562
-25661
18606
-25432
-58375
-10646
19957
-64414
5407
58206
-27
-16749
-1172
26168
61385
1043
-9552
13402
-17591
-90380
7151
24036
-7015
27070
24184
-70647
25378
-45716
-41091
36751
-12986
-2800
-7191
-58822
1784
-34380
25170
-36798
57972
-13100
24236
37948
48045
-19043
47277
37603
-3415
1213
10729
7126
-160
-88741
50832
52059
-37701
-64463
44711
19985
37930
370
14748
19095
-34130
-36634
126974
21014
-34455
91156
11879
66285
-19187
-7720
11105
20162
-67973
-49804
26516
-22415
-20116
-21409
90093
-25984
-80148
-63711
18288
-49997
-39936
-28751
75170
-78131
-75201
24946
24967
19221
-75664
25240
34412
-136439
-76058
55617
64711
-83878
40520
9308
40074
-35633
-74429
-249
-20098
62663
-46228
19442
38039
-29501
-93704
-5665
15049
-83520
9488
34276
50973
10186
25433
82303
33322
-36749
-76464
22811
55903
-11746
-89430
42875
-13556
36569
39505
7779
3880
-73732
36786
40512
-54505
-25593
-49852
29463
-28925
-61775
-1563
55785
-12724
7481
-6971
1262
28972
-16308
-53881
94513
30819
-20543
-43567
-24809
-24225
32923
-428
10970
-41678
-47924
36029
-3692
-39276
-44084
39388
34111
1806
-45893
30150
21898
-20354
-41689
-45636
20579
-29954
-8004
34052
44732
-63131
-75546
114884
34785
-78958
5647
53994
33647
-4285
-16098
57849
-12009
-4396
20637
9491
-53691
17478
1263
12855
-103669
-34508
27351
37294
-15129
-98746
-22218
15157
