#SpinCore Technologies, Inc.
#SF in MHz
#SW in Hz

[HEADER]
@CLASS=	RADIOPROCESSOR
@FIRMWARE= 3087
@SPINAPI= 20130917_x86_64
@POINTS= 3000
@SF= 0.000000
@SW= 100000.000000

[DATA]
1378377
-356782
1094396
-2180347
-905492
-2036108
-2415474
-399342
-1783843
1764538
428496
2474000
2355303
1168572
2207829
-1134304
406367
-2337584
-1629202
-1749626
-2598420
195602
-1087116
2128672
1086849
2242265
2378850
296915
1845821
-1631637
-304047
-2410848
-2157590
-1083348
-2170030
890168
-370116
2198788
1571765
1707928
2319333
-221532
1164065
-1961153
-795707
-2104476
-2135368
-537842
-1712020
1351432
134588
2231075
1997890
1047380
2023443
-722155
458745
-1979976
-1444278
-1596253
-2119086
120805
-1136802
1870141
795875
1828944
1901766
549774
1584700
-1099734
-277354
-1873296
-1650159
-1077860
-1782127
692285
-404583
1850832
1167608
1488158
1874638
-156020
1115149
-1342188
-724522
-1622157
-1741455
-560437
-1210573
1009162
126844
1750754
1492313
956985
1670605
-666255
345269
-1601327
-1117861
-1394696
-1639604
85933
-1294252
1337380
606501
1556728
1577652
554400
1140845
-1041096
-103137
-1475529
-1300936
-907842
-1490820
545483
-406517
1542506
1076938
1056163
1556158
-47842
912664
-1206629
-640525
-1238001
-1461722
-365539
-1067623
930358
236340
1264469
1198433
878530
1276851
-740201
456495
-1431240
-814182
-1129578
-1433984
42820
-592637
1169763
403778
1266022
1314735
411662
975355
-824779
7940
-1182515
-1095455
-768709
-1149326
501796
-271157
1270709
797439
890913
1258355
-151332
687971
-1017837
-530891
-1127478
-1248863
-201641
-925231
782708
158503
1155014
995781
537020
930614
-437106
24951
-1168192
-673608
-915187
-1001444
146888
-592871
1053025
335529
1050951
1021428
160606
865933
-854507
-131523
-1139896
-910677
-494310
-1046957
401018
-168788
1166855
691516
903924
1047020
-56896
573711
-990969
-497386
-926627
-951936
-195270
-682058
714149
235910
943469
847672
532547
883602
-429130
247528
-847448
-566767
-752080
-1112881
122893
-629563
770722
449425
927318
913326
171401
777649
-674013
-91421
-931480
-710125
-512787
-913864
173357
-220783
948537
615886
812445
958197
-106296
522090
-935549
-349257
-754530
-765034
-188792
-673013
514323
-22396
705517
611859
565615
874226
-390317
275169
-724604
-518550
-731799
-825237
18030
-419138
595899
385885
656467
800434
192061
523920
-447581
16337
-761011
-720261
-490846
-750389
310186
-292518
899898
648524
594272
752580
-44171
416660
-798030
-273322
-771997
-744368
-143061
-642145
646451
120775
816309
720415
400340
766196
-172530
285020
-865961
-465179
-677124
-625588
31074
-300465
728347
137307
791125
752987
167160
536171
-361946
-35949
-957540
-542560
-499493
-617758
211347
-332250
671312
395485
561493
817804
50123
478974
-599616
-192961
-586121
-678300
-265074
-566133
445632
-61165
738166
558293
519189
709197
-98159
218237
-713277
-432346
-625539
-873163
272954
-473698
399377
208857
530112
549603
219110
524456
-504284
3854
-655585
-521235
-277890
-785350
113663
-183494
496034
521553
642679
724592
11166
394612
-604180
-352673
-613576
-751877
-220773
-463227
566630
-221604
586476
570833
401013
620473
-222058
252266
-659037
-473899
-312121
-543666
-88313
-381225
516645
168505
584769
500714
137111
574130
-405161
-52131
-690260
-455713
-331847
-660665
176745
-221923
451845
293507
540899
549577
100261
342396
-586934
-230001
-583736
-549249
-90036
-427948
333955
-91148
702370
443663
373942
543044
-324148
75632
-552501
-295618
-509886
-449513
-120473
-476221
498518
287516
560269
504607
221013
524497
-339125
9059
-505344
-349840
-340734
-632252
220172
-256804
614405
188551
346174
574143
143384
436166
-404372
-217402
-589188
-566502
-264030
-493710
297781
44538
502412
385827
380184
472476
-152409
242856
-548898
-242023
-428512
-479135
-46325
-331628
461687
115195
472936
461230
248431
497817
-495713
-12265
-453761
-365411
-320030
-658219
158685
-226442
521251
259851
371119
666532
122398
168734
-391320
-65286
-618254
-314598
-187651
-308662
183163
-19914
611430
405533
311207
436412
-86861
284941
-375735
-201110
-405541
-316518
-3024
-275305
372016
112584
525934
400637
187346
480428
-320745
213007
-509261
-300649
-312167
-502835
144885
-179386
452341
191005
454330
419164
92164
319641
-310715
-57866
-481229
-457015
-244479
-387616
208779
-85530
585480
397101
270196
470840
-179037
310203
-396910
-130171
-340117
-332158
20072
-389829
330263
130557
497994
448273
161226
385419
-75200
122774
-414215
-362052
-70946
-411313
50122
-120749
469818
269125
361262
506099
93408
318344
-160882
-81915
-508355
-555242
-165432
-329621
139687
-47699
448300
147449
271732
559953
-106159
297270
-359561
-139691
-441360
-429174
31359
-289628
329858
194805
411720
242732
154883
516665
-221000
16437
-325699
-206379
-392508
-428901
9916
-194218
329741
178691
375016
399172
-11867
328232
-379938
185309
-429288
-355241
-235230
-385471
42711
-68364
350906
346170
322539
326459
-36174
230916
-352049
-180860
-326624
-298443
-5091
-426385
311364
-20956
495420
185528
151206
478437
-162345
61530
-342637
-180578
-191245
-357457
-17810
-105701
181310
173890
285417
442774
108983
356990
-195005
-125095
-278693
-474645
-214500
-301318
93964
12347
264079
246246
359249
235583
-221170
162053
-245985
-253504
-247465
-221553
-116517
-265793
323394
25816
308092
242328
234744
352837
-174578
234270
-406010
-240385
-376143
-362162
107822
-143073
364669
112027
323996
321839
87640
260752
-302826
85270
-393684
-241974
-321580
-338683
114488
-174151
433289
166704
190281
372194
101183
81425
-190732
-34744
-364918
-277745
-180529
-244041
157543
47808
363243
378178
147029
380232
-132158
106715
-286170
-295408
-250756
-504619
75063
-15663
304770
153388
370111
347606
135175
393203
-310853
-49319
-327687
-213284
-117475
-231373
174517
-15709
346059
285083
263488
450483
-12846
259553
-331671
-200165
-289145
-460460
-46639
-333920
83364
97073
405275
233493
184084
351857
-150108
-32595
-384458
-193503
-389437
-319037
-549
-92005
234193
47898
365667
306814
124509
257276
-130688
74303
-259589
-279959
-179307
-312374
168088
-59138
383222
153514
360122
302284
9643
180636
-375292
-181770
-255471
-366949
-108266
-288495
298738
-36925
482193
176856
120004
206192
-191996
134497
-194805
-229259
-199929
-430634
140959
-266294
302432
-32285
295204
304080
2719
250962
-191875
21500
-427401
-270078
-144541
-247106
70577
-108861
321345
143427
370221
253382
29054
180317
-158628
-10736
-311150
-378793
-95285
-258172
89338
-35766
155442
250416
345636
308930
-188499
15810
-274408
-111309
-178008
-271635
1540
-1100
206040
55037
255894
356936
22351
306797
-321313
50461
-327861
-132905
-223651
-265802
-70822
-102966
225781
164151
243832
164596
117116
143482
-213159
-91477
-401639
-304705
-195702
-367285
131921
-38932
501275
206033
240234
290077
-125416
-20459
-191821
-129771
-376656
-323661
39548
-242261
280151
-93402
265537
486962
269577
305142
-145940
28526
-384639
-192131
-268825
-212178
32407
28319
344142
279359
197605
231175
106534
132218
-229953
-2072
-246504
-185836
-223771
-220940
218405
-28034
330730
172975
211707
262306
27582
182306
-370615
-174590
-178965
-351476
-104835
-126473
80739
31188
338331
215456
150606
211588
-176098
23942
-208429
-296123
-66628
-255140
38525
-167813
398421
29971
309076
356424
18076
275237
-200271
-16976
-270594
-137976
-26915
-233085
354198
9844
292767
58235
166884
219453
-111094
152159
-261970
-35436
-221541
-235528
-17443
-286854
125960
20969
210357
173157
137181
249615
-216210
96928
-257245
-177642
-127931
-232519
-52375
-145487
291070
148788
191177
172356
103195
84484
-232263
101433
-192017
-278455
-162158
-184821
58426
-94511
331438
208873
223414
298164
21045
104692
-170460
-138687
-92649
-169590
-104432
-192495
103497
23765
182621
384921
249498
267779
-116718
-34925
-228853
-104460
-253411
-231401
112905
-227838
275959
84256
290060
243018
91607
270699
-208126
-94879
-173217
-167587
-83439
-296338
-49266
73064
208761
254762
186940
262730
-37460
47180
-244946
-126685
-237591
-185993
-105369
-150734
230483
-89148
197981
398477
185627
166310
-37484
18669
-225195
-110005
-43308
-127664
61117
-113092
238892
223160
218132
182041
143595
197868
-75181
89980
-371559
-287762
-269713
-31402
80592
-103794
183829
-33422
149321
138140
-51875
201550
-162779
67448
-328448
-144344
42809
-259021
86977
-3582
204039
215276
69769
258346
-32823
85725
-100892
-46819
-266902
-99217
157122
-85482
228789
94440
211084
283279
116263
150728
-158665
-121551
-119196
-173822
-82340
-240704
111594
26123
170975
167994
111248
98170
47046
-54738
-222211
-55724
-199909
-328244
-21207
-192478
218829
31394
136193
244160
270054
203289
46469
101996
-228675
-186331
-192743
-112982
-134282
9548
131847
39444
344344
182509
29036
292018
-155777
-27358
-210258
-129047
-213486
-266269
183045
-38805
206938
89478
277874
172129
-35943
227289
-208861
-181089
-218301
-111545
-26279
-133425
104053
-9786
204291
126190
62944
159200
-49641
15564
-225664
-97697
-85756
-161504
86534
-103405
156180
-141974
285044
247034
180509
310222
-182323
24483
-182968
-94079
-94200
-81080
99344
-107176
206434
78802
137942
19439
74181
182611
-145206
-61608
-151660
-216137
-68694
-246090
-11884
-131637
204788
112880
108372
132910
15982
103665
-128462
-37069
-45883
-70560
31712
-111575
101067
70494
265876
246756
40629
140297
-121031
-89667
-216609
-220680
-148590
-203949
71542
74011
220613
141212
130729
129054
83890
290166
-129364
86846
-176355
-119503
-166001
-169809
8538
-154340
136043
6649
175827
263606
-65761
3281
-183187
-49692
-106393
-268770
-12549
-253398
132293
68139
246165
228494
60858
68116
26802
-33768
-122514
-94448
-181768
-238438
10269
-103717
149785
-76116
155364
103360
-76327
135360
-142196
30272
-196128
-86149
-81825
-189039
104379
-40351
86293
186129
174977
134235
-44111
32805
-129828
-79538
-178206
-266764
-82113
-160754
147711
5935
296249
132741
90728
183611
-80731
-2510
-200749
-138302
-54859
-251668
4920
-72399
32445
-29986
164080
88294
-71223
135489
-53754
-33185
-294481
-121254
-45975
-96197
7910
-83226
130478
159780
138955
132797
31680
132411
-143345
-137338
-287733
-177111
12774
-174789
17504
97407
176738
151938
113719
204763
4999
67094
-261356
29164
-120162
-273829
-24759
-147112
192318
85671
42414
61152
-15338
55665
-95323
-47829
-108716
-167081
-98933
-156417
96500
-99307
135181
95418
-7684
99529
43098
60385
67162
-57529
-242119
-248259
-11572
-38867
95678
64209
66319
258910
161532
199520
-4625
66653
-136702
-111319
-88997
-170137
8964
-80435
186635
75241
201100
65935
73091
102797
12991
-21873
-71964
-171423
-101027
-84488
64128
-55318
156233
113731
255941
113460
33059
165208
-247600
1109
-128445
-182566
-93045
-249905
104269
15150
115885
208324
-18672
148494
-139731
-11458
-44153
-70113
-327547
-38787
-20133
-149505
54553
72337
199319
300006
81523
156994
6225
-45709
-195480
-74684
-31221
-228111
-2770
-135705
108087
163412
176164
89106
36584
-1221
-142142
-118005
-183422
-138818
-225592
-200271
87651
80189
184972
19634
140087
65263
-59306
28697
-135697
-64931
-147739
-158377
-127420
-83439
175948
73349
213347
133703
-31328
166698
-96351
-148
-185099
-153781
-36846
-287687
26617
-63252
267637
-40511
162678
114820
33557
162440
-213300
-34920
-171434
-128632
75934
-208523
57903
126765
84584
134040
72046
4408
73518
-4351
-49959
-126797
-39817
-291942
12143
-162701
118913
-64678
84182
38762
-66019
83530
-137634
82334
-160703
-195789
-97398
-20854
82189
-38641
83737
170283
-37475
82048
26643
126989
-176418
-108875
-89825
-105915
-195973
-146810
198833
43412
149016
30306
110965
104585
-36173
52115
-166719
-79996
110485
-195972
-7482
-85281
130543
-10041
-367
243560
-83431
205386
-200273
-104478
-255258
-90292
-178108
-97704
-55375
-65188
268803
54988
232939
68042
-1500
209700
-51808
-95198
-224988
-214796
44311
-194281
-69153
-103521
229202
97328
67424
4557
101634
30947
-188697
3162
-52015
-174988
-48309
-31392
129303
-96374
68232
70236
87256
11052
-89377
41800
-238231
10437
-84168
-129337
131972
-166412
108348
105644
207607
196043
-37197
-50375
-92170
-86586
-134225
-110054
-23118
-200842
34525
-45671
205668
121047
63920
115872
106037
21466
-76513
-145872
-145041
-153314
-76679
141436
148412
-164500
57693
135246
130803
24495
-61572
-34367
-163347
-69706
9036
-29959
-11512
-33564
161414
86166
104780
122012
183029
109239
-109449
-7568
-47536
-130625
-154534
-71474
18442
-126799
114607
180562
73294
149163
-44312
98270
-129407
-88089
-153373
-136143
-22418
-136568
58479
131877
178624
102055
71692
-13697
-130176
76540
-273144
-16194
-16640
-33910
23318
-182592
90828
91461
137929
24681
-27842
255995
-80707
-56438
-180356
-48473
-66749
-144904
60989
59863
118287
105939
117371
109635
-12628
149271
-60299
66317
-65099
-108796
48640
-83995
127247
-56763
122499
39907
146901
165782
-58681
-17383
-149861
-22125
-194719
-149337
77918
-138670
164260
214079
126095
245875
34210
44946
-53411
-100774
-97935
-68462
45517
-92387
1410
30028
-4800
48734
-42423
22611
24997
-61507
-60196
116807
-115367
-208162
10556
-113253
217032
-12937
156775
-28997
69659
96456
-81416
24281
-137964
-44888
-44160
-191419
-34246
-156017
81149
116607
67879
153633
-86260
306050
-90204
-112636
-104920
-227608
93308
-269402
123918
-57298
188519
112125
62688
215298
-22957
135311
-66141
-15583
-73968
-269506
-127709
-9157
17211
-59537
205364
45042
93754
96546
-65569
53616
-295372
5898
-114187
-220911
-106835
-8698
192520
111552
173930
270241
-151870
69249
-106012
-164387
39093
-84253
-43186
-166636
58898
-52678
200242
33708
88002
48173
-20859
93354
-161979
-179318
-65872
-38777
-120067
-134869
76261
-39865
90705
123755
149726
136269
-20423
154133
-206935
-33399
-145671
-165057
-77902
64960
55236
-107426
187013
75329
38511
129335
-84689
-33511
-157023
-23292
-146441
-68756
7130
138922
240653
90956
44813
115891
58542
111174
-93369
15430
-158196
-289071
48785
-49975
70771
190585
132162
155578
40658
64101
-127607
-59667
-95655
-109635
-32190
-2991
57879
-29282
-47156
82292
182610
96181
-24119
93274
-150033
-81349
-76794
-131703
-89782
-76048
53657
-58898
224416
93567
41088
65211
6127
23537
-179590
-31911
958
-204978
-114869
-16027
-81428
51142
80557
176896
104685
61897
-107507
109708
-212914
-182515
-32617
-205035
63973
-155851
158986
102975
81029
87620
792
45427
-19148
11432
-190082
-4685
-36631
-182951
46775
56718
107266
138085
124653
171364
89654
-30796
23653
-126751
-150913
-116244
-151228
-14336
104351
-55981
14386
137229
-95072
107777
-120194
63585
-70390
-97038
-33543
-16329
25267
96841
60187
-46135
64235
54287
115072
82178
-132033
-99655
-109530
-125875
-4663
-82400
4389
88912
69701
-40375
926
141915
95452
-64946
-104585
40648
-49573
-202063
-61724
-95738
35286
-58348
-73110
64985
80936
88275
-46377
110410
-140848
-73021
-133709
-113517
-77390
34139
133390
153706
-40378
70297
77137
122750
-169861
-55777
110179
-167123
1104
-136490
16688
48726
8282
153276
214692
33882
134352
160660
-117782
65044
-93141
-87233
-32852
-135541
182226
65938
205347
53634
177688
74067
3999
43402
-159477
-107896
-13422
-127108
-23393
-64984
-76694
108989
95437
216771
23242
516
-8271
31974
-226264
151191
39406
3968
63853
-6555
85683
43315
49550
178659
-15076
157286
-78258
2034
-174928
-55617
305914
-103456
22405
-29909
49674
141655
108289
73020
-85047
-32500
16180
-29149
-55157
-116749
56245
-196093
140295
-72462
163981
130476
-67956
77975
-67276
40892
-148368
6718
-79905
8549
71563
50394
-2288
18088
211760
212836
107673
75559
12181
14334
-106475
-46778
46821
-97445
-98466
88056
127810
110318
81461
33698
-71662
48628
-16527
-14068
-91055
-135432
85478
44381
89641
16699
195103
114511
-69077
2030
-124380
-162907
-312481
-3306
-74428
-38186
7651
-70181
99160
81516
95817
103358
-16221
177524
-47293
17105
-131808
-117727
103238
24646
79664
33384
247414
94025
28135
-47538
-86200
-178920
-43107
-57289
-77693
20678
-56723
46595
134892
-114821
180579
16615
5470
160307
-33019
-70071
-295488
-1834
35081
-13915
122109
53230
15426
-40865
71876
170672
11694
-27613
-76617
-18001
-81653
-289476
-27577
-11432
127493
35809
93368
69238
219226
131807
-57517
43346
-33713
11727
-83338
-19858
98717
-86492
67287
-98675
186056
41890
-34949
41746
84355
-66292
52586
17857
-115508
-65524
-6605
-157304
67868
97299
30357
30334
136581
229346
-43367
-24935
-151779
-158963
37992
-116872
164987
79239
31040
172897
154812
8630
-19905
-17976
-106620
-85027
-163928
-192273
45597
-229122
129898
-142932
45935
-2368
119647
40102
-25503
-15207
-113004
-172387
5733
-7703
60257
-5292
247280
-1907
-50587
82477
-51742
-102504
-42814
7979
52155
-44966
-84945
-150369
-42167
7134
98248
95996
173483
152629
-90863
156549
-60089
45940
-162159
-22681
-89902
-112973
37200
141196
202008
94788
34336
125501
-70945
-7071
-159861
46073
-107141
-158236
42373
-53025
171298
35246
12349
15826
-88206
52668
-26468
8623
-3994
-111439
-65909
-117025
22202
-70955
-44672
82598
20572
94827
-31157
-6725
-19733
-107986
11433
-139047
-57814
-10621
150953
64555
-2833
-53050
144195
198711
-66379
64705
-132006
34548
-66417
-147162
57338
-27682
155703
62067
75837
122988
-114468
23174
-226807
37428
-80402
-16760
77919
-10748
54749
59765
-115019
38364
213824
68711
2554
169
-70845
-154449
-260106
-14300
87502
-74632
88395
54166
47412
100635
38489
56808
73203
-90371
-228845
-76961
-125312
-41305
18897
183415
32104
57890
122975
62131
84605
105007
45637
18129
-177555
-102994
-49896
31928
100064
-43787
137581
55638
10965
272089
-45094
47155
-101548
-47223
38970
-156062
82016
-24346
10957
138970
26513
39448
14651
118594
-9153
115554
-75266
15109
-129634
-223167
76832
-13627
107010
74147
-33064
111725
70483
42516
-82730
-150159
-16748
-241697
-64539
-215571
28177
-118634
91011
96904
169124
25320
36261
92231
5621
-184473
-157108
20315
16763
-19393
-48815
-6531
-54689
315
-1510
146235
-44366
42602
36901
-108794
107141
12723
16538
9813
-93434
163665
173490
121663
30381
98131
-198855
-87051
7970
-25401
19297
46091
38798
31299
165321
94529
-12605
85167
72706
54097
-110660
-121960
4286
-20891
-27679
-7758
179779
-100344
153822
83851
59136
144594
-16038
-54410
-11117
-53412
-172605
-239488
85845
-69880
61322
65696
-47346
83569
56053
65790
-58450
16491
-83541
-262672
62730
-39206
105867
-23776
78366
95018
56223
35173
13358
-31285
-12422
-98575
-90036
-111074
11377
-202853
91152
-24735
70048
60645
115698
113531
-14763
-77222
-139963
-5591
7499
-89139
-8042
-18714
15519
118602
65417
-2376
50725
-2076
2939
-85434
-56040
-122288
-86863
-41857
29307
96287
-16576
84436
87770
120897
-80458
55497
-19817
-210768
-97074
-42950
-102765
10051
109478
40975
127203
10882
11123
37873
18427
23065
-133331
-66886
-125380
-124670
-18628
-145399
14293
9978
-35546
43201
1920
82703
66670
-65687
-52012
-26221
56865
-33402
-57888
-111804
62535
28059
-50812
134325
35785
-52966
-283102
-84870
7869
-54193
-130332
-67776
131432
46977
144775
55070
130165
161047
-27370
25448
11535
-229333
-97362
21218
-187969
15001
48800
-6835
55397
162964
19885
183463
-58632
-110060
54146
-45077
-25057
-2615
-46114
21349
-166564
-71143
147008
4624
-6050
-18401
-123329
-110709
-15102
-123700
3850
-68490
7201
5728
8000
113142
-56773
93083
-35195
37934
-178326
27565
-24884
-136982
-38425
32738
117425
257272
83532
99195
-42048
22499
-129345
-124183
-26966
-143890
-138092
-36055
70705
-2785
159221
47236
-55692
91434
44383
27595
-319245
125214
3451
-103576
28043
-100705
-26186
-91921
12946
112508
57126
85100
118973
-20152
-82623
144030
-33418
-74529
208297
19544
70186
-29827
45210
118205
31202
100247
-9638
111004
-37972
-96734
-111379
46418
44906
-7795
142387
101835
49253
-50357
-18909
-20229
-37902
13564
-45052
-215438
-17497
-131037
46051
-21089
219265
207094
3106
115890
41402
90023
-32032
-48493
-64324
-98033
-22892
-17923
103555
3029
-29022
107780
-141382
93942
-52635
-11206
-96110
-52384
-25314
61317
74166
32857
138888
46022
29697
61362
-39259
88211
14697
-30965
-13870
73992
13409
14658
74375
-86268
69924
18182
124120
101379
-109808
-10692
-102007
-123558
-102492
-113035
116894
116994
45807
-125815
-3498
89280
14859
44226
88736
-16408
-55983
-146019
-13216
-17339
-48071
-91258
54111
57379
99011
53384
-8915
4752
-17006
38948
-118017
-61340
224674
-101314
51926
-51459
60506
184852
81666
31581
20778
1557
-60923
-30445
-98655
-5783
24800
-130405
11526
-6265
87879
50397
74301
238239
-62839
130727
-64561
-63185
194324
-64575
18471
13527
206030
173310
59578
139226
131496
35362
-114346
-81367
19909
18484
1024
20590
150160
-22096
254847
-71764
16146
-23064
1017
63771
-61627
63782
84558
-175327
-21026
-40625
106283
-195865
-134758
38733
-83099
-8171
139590
-35322
-110473
-132687
-149322
5309
-8420
93739
70663
107636
-108477
-51422
22332
11699
-103169
22469
-61927
-106791
5918
-75930
81389
-88079
82907
18082
-421
50052
4131
58550
-66971
-29629
-178265
-125809
177392
26829
-104328
906
95095
151453
-60546
109423
-11881
-67826
-49973
-74534
-10142
65174
102795
-42230
17596
-95354
109951
20078
139713
46446
-86697
115748
-86799
40030
-5908
-136569
138325
71342
113795
182784
1400
244700
15314
53631
-92447
-49372
-53821
-97566
-45874
-89611
-33471
17565
95175
96018
117550
-31136
-4675
-4535
-168979
-120153
1379
-180760
943
-115680
157216
89891
54443
10585
-37485
109771
30123
95593
70014
45143
-77093
-135004
64320
143266
22098
-13325
94310
-23537
27531
26620
-82454
-114549
-101922
-147044
90304
51329
125805
-84709
115341
1817
27775
82425
75357
-53406
-65052
-15504
-25302
-108973
17825
-349
162214
167334
95267
31882
27974
-53229
-42439
-93579
-45013
8752
-59679
-19503
126774
-791
59932
85890
3161
105897
-13696
-132547
-13950
13163
-70158
-139211
-78952
8031
-52525
-8943
77945
-35540
102435
-90604
-71824
-37278
-50934
-56034
-91103
80546
-13615
68711
-89944
60210
6299
-46790
-88962
-25484
-4849
-95830
53355
-71124
36713
-52475
44203
-20954
39114
-38809
57260
23996
-35890
1743
-172288
-128800
68668
-115880
-33741
-70530
-45864
-155202
-65662
28606
-23720
-23887
125713
-80220
-78591
-167452
66278
-152648
-936
-80558
37924
95823
75533
26549
-122612
35662
13730
-116713
-28221
-26965
193
29498
-494
-50283
30599
-39043
-102623
220573
-152396
-115484
-41755
-85264
-66726
-98050
-108451
52043
-34443
4542
22996
-31791
-48241
-27640
-27547
5836
-28175
81926
29532
45434
4734
-115478
95408
-12501
-107622
150097
-114944
40377
-55190
32970
-31559
-160685
-43538
-31426
7773
-19517
61979
92688
105495
-70913
53819
-44630
-212201
5777
-47118
42059
-28185
4997
-8964
-7474
-29684
66156
21145
-8237
78809
117233
-1516
-9646
-41870
75995
-35729
-42575
137736
-86163
79895
37836
90976
192336
-179337
109056
-20423
-28009
-1857
-42432
-39775
-145605
45821
-18424
9803
56209
-4060
61860
-22279
33879
-83787
-38897
16781
153294
56377
-62875
117190
112795
-3964
-3310
-64929
19987
7018
-176265
24633
48408
-28407
-18299
-80654
70856
11804
-23089
107783
-95776
-74720
-60329
-28200
-10078
-24704
-269158
79041
-16434
146015
114475
-117499
17454
108711
-146839
6315
-74433
-90532
-67984
-210530
-90437
107224
-89298
-30881
115553
-61253
4923
-40167
117009
-40176
2577
48582
-50486
75522
-74370
38460
124327
-105494
-25255
3513
55567
-60872
-44504
-134726
93787
-83433
-133150
-9092
108468
80651
46650
-40950
62816
-33978
104158
-23726
-13017
67113
-70418
3861
-126665
98865
-33464
101544
16169
-7667
-41790
131476
108593
-25533
-187431
-82243
19019
6204
-94447
98078
84097
64447
113975
-30320
45545
62244
-81325
21681
-79111
10900
-107178
-16749
108196
-15169
40915
-35415
170638
28161
-112873
1122
-19535
-2274
-45066
85283
76180
123110
-16022
9579
594
83085
119013
-56801
93297
15802
-32112
-5389
-36265
-8952
113928
92831
88000
112174
31309
-42612
75062
84829
-53317
-128766
-21218
-33102
-122172
-193438
-137775
96917
61727
-42082
90016
106602
16814
-27578
17577
-40224
-60038
-55713
96684
35743
34407
144600
40325
72087
31775
-86575
110527
-61305
74538
-21350
78623
-3313
-56505
-60619
-33777
88088
120212
-33469
123802
-87136
23283
45067
-115508
39583
-86634
-45498
56692
75478
-59719
44020
137342
83802
72192
-42984
92350
-96241
-69482
-74961
14967
135920
14609
43015
9740
39730
43602
120619
93878
21054
5530
-71837
-80901
52924
-31586
-21762
119159
-7971
-54544
-5080
104623
61700
-23706
-61474
-127302
-173151
-43942
-66562
115496
139888
120587
130470
-81653
-1921
23004
-96211
89169
15258
-147777
80498
-15078
102147
-31231
157273
-53806
30805
-4061
-68328
84569
-54738
-155194
36131
55209
65202
-4900
10602
2760
87452
17324
26081
-304
40210
-15736
88966
-148441
-93609
-24609
22457
84095
-82725
-26406
154752
103396
70693
-16311
-74885
-14983
-78278
-97670
-11805
-164013
13000
100843
-19141
199793
131848
59133
124821
31468
-55503
-6235
-28515
89026
47187
-72162
-26953
-265043
20025
82778
-27490
90496
2819
-20943
-139175
16905
26019
2128
-248449
-38945
46096
-44739
76023
65424
-93205
-32181
-35179
17247
-116874
-63738
139552
114682
28302
5768
15987
-4667
86779
-84964
18686
-12473
-62627
63498
31499
-77043
36929
3139
168477
-56873
35653
-94800
21524
107667
-69854
102618
-155045
45602
-15999
1520
-39932
89638
121637
109579
1716
86389
156881
12575
84544
-83324
-181493
-78344
34924
-164109
117756
-9387
107956
70710
88214
-25789
70168
73756
6144
-180458
-69094
-58756
67968
21697
-55211
63248
125312
37452
-56172
28302
-50462
-14940
-46736
-147630
-73906
-42098
121338
-113819
-88856
40925
163129
-68972
25950
47961
-230914
91681
-86984
-52490
-23929
-163914
8978
-19396
-116196
-23689
8060
47928
51091
-55179
79300
-50989
-127357
45030
-19418
-30323
-40151
75897
123819
114146
-46884
182133
18067
70543
-20084
-76328
-53286
-83403
142922
-29250
91207
-11954
-11847
-47236
69540
102141
48354
85519
162658
119791
-98562
8015
12244
-51459
-7449
141116
-66471
41331
-83117
84063
28334
-147040
-85913
-87965
109505
-48326
105099
64057
36537
42601
58150
-1752
11394
-48893
-103341
-157172
46148
6429
-9879
119489
94553
-10511
269237
94973
24275
100068
-119488
14861
-82027
-68937
-101092
37862
-80642
33796
24065
-91930
-34543
-287
-45979
38967
-38308
-53377
-26439
8640
22892
42165
84215
103199
74039
-29961
-3673
101123
-9936
38701
-133323
-8919
-31173
114394
-121274
-53961
71564
-34280
2578
11051
2517
146895
-11152
-5095
-21065
-333933
-14978
-96166
56561
-105591
184208
-4429
-162469
63726
-24707
72967
-154095
-38747
14819
120663
28543
13488
216613
28338
75871
-99509
-30924
115730
-18924
-118284
-85508
-67290
-16929
-107876
21329
15518
161335
74968
87530
120144
-65787
31645
137061
-28302
-66855
25336
-126646
10292
-56093
-150246
130131
42830
20685
34733
-52618
-56378
-145976
-90342
131173
-40496
-5897
-15310
17915
-52976
165283
97658
-29525
31431
3488
64867
-190243
-14316
30973
-33609
74689
-3089
-138696
-83706
49011
-28369
-29671
-21053
8218
11369
-63982
11359
-69177
-104099
86702
-27152
-19014
-54001
-2348
-75658
134293
18365
-24819
-152302
-128726
-88894
-39107
-76741
212543
-56488
52653
-113993
85997
-29540
146358
55534
61886
-19804
43026
-143347
90877
51835
-15584
11018
-72699
-31581
81619
-40091
-33573
-101258
-152266
-29316
-79342
-94608
-54885
-4108
43804
-9686
-94760
-14784
54179
-146114
-51601
132520
-88979
-132261
67971
-97243
72945
108431
59515
-18416
141072
-25681
-30591
-110553
-157883
25370
-39778
-2888
13298
-15384
10219
-140946
71842
18486
48964
34856
15389
-14573
14158
-167893
-41407
726
-12126
-37529
185751
21730
61363
49720
-107332
-54809
-68388
-32252
127633
-44821
-39430
-187720
65152
98841
97298
32944
-14082
-78567
-14304
-22115
-37950
-128513
44994
-27654
-112030
37187
106626
-43353
112602
-55882
-125821
36355
-165886
25727
-207982
2092
-26223
-18050
12076
-71290
52687
140042
-40963
156879
-126832
35752
-45800
-51430
-27642
105518
-45420
59982
-1471
33522
13642
54122
-71078
29225
31205
20284
-127818
-58652
96678
-162580
17815
32110
-288
-71373
117745
91436
-41120
92141
-42690
15635
-121350
-59403
-56702
123813
-70383
31836
-23396
155647
-24505
159639
24740
37513
-1256
-30853
-17405
-39867
-58069
-112809
47702
19971
39451
88039
-95797
40185
-22899
-61566
2422
61446
-142160
-21614
-17081
-61198
101435
-39867
34860
46789
-86105
-846
3523
10893
-190805
21915
-114441
-44159
88521
-29170
-101506
160461
72596
-2605
61420
-12437
-55954
52717
-138945
34337
69405
-90626
-77815
57351
-85854
-67394
-85462
96104
-49471
82233
55480
-93977
90949
-45573
-36446
-45727
-67948
65925
-13071
-4338
-21966
-3976
-49696
90452
-122827
-434
42382
-10132
35096
-32093
188967
81786
18964
-105415
33846
8025
24472
-63969
115606
54353
-29247
27498
107480
-13183
92561
94609
250
83323
77728
29198
-16536
-17247
-35479
65568
92351
-32206
114125
-109448
-124957
15967
-140693
101008
-35889
50588
63066
12068
-106234
-108417
10741
-76
92611
-35765
-28870
-3415
-48693
126399
74804
-54121
-69224
29461
61429
-10278
120907
-11266
12481
44195
2068
42870
-35121
-134852
16514
29249
-70913
-100420
57418
148645
42782
28139
20628
65314
34780
-29234
-25324
-10122
66803
-60755
88490
41012
130035
-23660
-148405
-6145
37650
122385
-30065
55207
-86213
-56623
-173415
-67913
30697
29585
-42462
63758
96719
165481
42564
23059
102499
-32842
30691
-27350
-69339
13150
77094
-57736
-17730
16789
57121
-57295
-39340
164313
-128948
25874
-8432
-120366
-44454
58963
55788
-10665
127383
4980
96159
42899
90611
61524
-99699
-29438
-132481
-127601
-135219
20784
65659
-39963
17870
22210
-83815
40580
39232
-113662
-131129
47833
-15435
-101708
87015
-87029
-23803
7705
74107
103254
46831
37598
-5051
94568
52561
76735
38270
-49807
-47946
-83590
162308
165780
44944
-91946
-9737
-34892
56724
93705
-18489
-138213
-10382
-71651
67653
-102517
107259
-27592
-108678
147858
-139555
48661
10527
-39195
120854
-83283
-161045
-46773
48313
5414
23820
59942
7053
90641
38854
40503
-68477
53564
-37456
-26369
91274
-187580
125936
-3384
-32623
5919
-23369
190845
-40371
-15865
2528
-86408
-79204
5250
-72644
26732
74948
-78491
40727
147950
36542
5005
40774
28149
-770
48101
-129577
71688
59195
-43173
-63737
86797
26864
207003
-100377
115262
71139
26643
-44109
-31669
-19100
-154309
-61121
-31787
17756
64525
149125
79330
42125
-38751
-113290
-78895
50256
3290
105091
5377
85222
44526
142212
27656
-189740
46276
-63184
-28642
-26960
-52018
-39062
-39992
-51194
114013
51904
-11890
-88266
181
-336
52663
2368
-66800
-29620
-115547
-50242
141924
-137473
39356
81661
53109
-46550
47591
-172070
-131576
-33867
-22616
39562
-159166
60138
58128
83196
51957
74176
131043
34050
52760
-4525
-65113
-68691
-41881
-40676
-17059
-41716
7572
37066
49369
-62816
-82477
44058
-31653
18731
-113443
-179834
-58046
33503
84173
112685
-118226
103518
75835
-81974
124558
-116865
-61570
-14080
-28293
23949
-58845
-14491
-14428
-10976
16532
6030
-43907
30270
30962
-22560
96977
-63869
-119104
88138
-57875
-10881
86849
-33613
16921
7119
-175247
-23431
-7275
-45382
71163
45886
-94829
-108300
-66834
2043
14859
83903
-22112
80989
-74261
-123787
136318
-121585
91733
-149156
-76692
106549
34665
81160
12958
-151069
160638
8763
59298
5773
-528
-65878
42420
-119384
-17392
1696
-940
-8334
121797
-22088
285
-14001
-15502
48466
-115944
-33181
-4769
105120
6606
164156
-3848
-23372
185638
28352
5595
28102
-139487
-111746
-54687
-196664
-100958
58034
61423
-9383
38669
105712
12863
-24293
74021
88793
-31543
-166938
-67145
-31102
-67922
50479
35363
203072
-48764
100638
48157
10050
24183
-179219
-203817
-31038
8475
-18866
52063
98387
150985
137957
-65031
-1573
28473
-13393
-53783
-120214
267
-149322
-32443
69355
61736
38219
-148378
6176
43523
84567
46648
40848
-4916
-160386
-43300
141941
-141794
-45558
-63087
35292
145726
26927
171019
-35959
-143188
-56495
-157543
-60535
-66663
-20774
-29268
70580
139529
104042
78573
-24129
93148
-52199
41297
-14875
-109986
62466
-10350
-47656
-51202
-119535
214487
165364
759
-52660
59151
-71999
60328
-50651
44701
-19998
45827
28903
44086
99650
131739
-61158
43759
45123
99168
77061
50950
-122541
40140
-9197
9056
91732
81069
45528
11671
163632
9331
-60895
-62546
-42967
-26765
-54015
68570
67989
-20457
51415
-3326
10371
59176
-72478
58176
-96722
-20470
-46841
17770
72779
-18274
84098
27499
-26461
39224
142816
106607
47601
134407
-12602
74833
-83651
-6958
52180
-57158
85373
23885
18290
54451
-55967
52293
-99529
76853
13750
-100759
44971
2520
-55549
108833
43370
47432
29593
166726
-61921
-31202
-53410
-36164
11037
-68083
26061
-50484
13411
55200
80399
24155
-21353
89524
-59105
-94453
-9604
-45447
50570
7905
61537
-76228
6979
-39312
80910
77840
129516
-79523
50391
-21935
10375
-18404
56836
22061
16730
-28979
43835
-21243
-23164
58825
61488
72608
49976
144699
-127416
-25206
-7682
68954
8491
42272
767
-127193
47135
-44195
-30869
105186
-169636
-1662
25784
69540
36043
-38552
124286
14576
-16112
-44180
70880
-115247
-266
-66270
140705
24198
-52985
37227
-33759
23224
179557
-63793
64533
48995
36218
-88197
-29532
9268
7729
16009
-59971
12014
182352
-124090
-57820
168399
83855
-1472
-34857
91250
79932
-102637
15658
-30143
-55691
130645
11434
16759
-142256
81219
-73741
40092
-68271
-84275
25578
-107542
32638
-65390
-22302
24961
-31827
129090
4926
177783
-32365
18385
-120813
95021
-67529
11188
-13282
-51781
18786
-3807
24941
126181
11345
-93652
1127
-24619
-7804
64990
39659
98778
86723
-81089
4558
-24809
94426
95599
99472
-41307
-128519
-71666
-102572
-111333
19555
118875
13612
77727
38801
-56095
-34356
16157
111446
70709
43356
36359
-56606
-57151
-61617
-23595
-61895
67284
17201
73903
-53018
-92188
12423
6556
-97001
-104192
-55737
50248
-36580
53401
47545
-45483
-53992
136050
93328
-67980
-86792
1722
-79562
-59882
-44339
-19302
-8760
131247
-44628
17274
-13239
17679
82531
-104339
-168121
83274
7587
-57287
-91898
14293
-37454
-46550
58628
-48720
48583
83711
-92234
38042
-15747
-29225
704
-67349
24932
-21001
36751
-10419
36745
120397
-48433
69217
-24465
33655
111983
36999
-97736
-213199
12539
-65659
43912
49953
-58531
61913
-78263
10952
-130492
65112
44079
-62670
96266
-65878
77203
-61825
29060
150474
55705
54260
68553
91645
-7105
30626
13464
-91665
-41190
-43208
-42817
4993
23118
-96439
66215
-112650
-51381
140344
-110772
-23867
3623
-103964
34359
22968
-66467
23428
39252
10115
55531
-75716
-59464
-68902
3048
-5101
-30383
-40336
62605
-95171
43339
45036
154665
-24060
-140246
9990
50646
-113796
23605
-138790
53862
-30679
86976
76024
16525
-30258
70730
-21430
-28066
-3334
-75665
44119
-7124
-1593
31499
-23223
115542
21435
95916
-79970
-15941
25670
-85938
39466
105387
-78161
-19324
-31290
37015
-60700
23933
75476
-26419
94551
-83893
-66299
-135704
-79107
-55245
77971
-108039
-55375
57130
-25542
6005
-65340
-68045
-21495
38907
-74894
-80016
76362
-184926
-132811
-27697
-17812
-48738
83916
-82323
52987
57788
26006
28111
10447
9377
-89908
-120152
-32382
7631
-836
-146793
-153231
-67179
66224
58702
-27504
22528
-111084
45150
-111112
-34809
126382
25777
73910
70274
-86251
-51897
84803
-51447
141185
-85248
-107060
-91407
-218782
-54036
85959
88621
-49813
-47139
7992
-557
-4079
-20613
-45881
-39285
-47134
58676
95482
118
-93288
33812
113036
82287
-71942
-60090
-25343
42571
-3181
26409
89897
-22952
24096
-20661
-79748
62029
72635
45661
178174
-124760
-92900
167370
-1293
-90876
-247564
-32907
-14100
43963
-81128
-55642
89854
-24766
-5869
14625
-10104
28160
-103782
-11224
-2797
12106
-142145
111487
-99891
171796
154563
-83235
158849
7201
87667
-59605
-13414
149869
69056
59959
47844
37175
-41270
37680
-12119
112600
-79675
-116393
-77040
141019
57695
-20664
65366
2384
-37098
-48534
-15109
187712
-74984
-11019
70461
-85739
-22265
38597
-49518
12128
-76772
33664
38402
-85618
52941
31495
4773
-7088
-133689
36110
19617
-22561
-20525
-68988
38635
68382
85151
91544
31271
8074
-42284
5255
12310
-27226
-87120
-71957
102059
-48982
23813
61979
150636
-31343
83574
19248
-95853
16214
68696
33632
55866
111091
-102536
22251
-27751
12082
85886
-61147
-12419
-103372
-3117
17715
-123126
-25446
-12091
-152307
-13166
-2576
-502
66529
-33713
986
-56223
-161074
-20848
-91390
22586
-38716
-8414
63856
44756
73674
137338
-90293
16757
136009
-102583
39454
76117
-81419
36088
-68683
-43732
11099
100351
2967
59565
10307
-569
-138396
-120013
68693
-11777
110057
-45394
-5963
-142032
62036
-20570
80029
34945
3165
-112640
24730
138339
34701
116935
28612
-15555
137540
128263
142699
13307
-70446
131424
40546
31968
-45250
-120789
214386
-40996
8081
109468
-36594
4810
101554
137555
-35627
139401
-16744
-45900
-126889
-15678
32038
-56340
-111201
151417
-26691
49288
-14524
136193
-2254
133053
-13932
123783
112991
-45029
39459
83456
73418
58073
-20275
60369
-76629
83966
908
-2735
92890
49857
23153
-3463
34962
-27215
-45338
109997
17354
77916
147925
122806
-1216
-48259
32227
-135637
19760
-38154
-7832
89687
-24339
183734
-125730
23418
34981
43426
113026
53625
4909
71195
152475
23093
-65682
-4394
44042
33056
25363
41616
-63857
51388
-7272
-207608
-9238
24001
-124386
-38159
22268
-33141
-59187
67105
-73594
68347
-47394
-10186
33905
12051
90387
183779
45382
-50387
105319
-91084
29457
163731
22788
4761
180113
-39672
95576
13757
-61444
138576
141129
51124
76370
89104
-70609
-64680
-3524
-95783
33463
58883
46647
161397
-132843
55561
-23779
-7137
84128
-15188
37081
-33910
-67096
25404
-22685
41267
-83580
64045
-1596
128499
62652
-67826
114411
167344
78321
31126
-32643
-158125
-82294
19659
46469
70833
147624
40908
-418
-51047
-1153
26671
-81689
85655
70490
-43987
65508
-55185
30432
18755
47217
97387
-67927
29438
68863
69342
113433
44952
-135305
-114121
52798
-178684
94822
201674
-51862
-51284
37867
8413
142974
8602
8224
57120
-99853
-141508
-161105
-42526
-23362
23165
118201
3157
107926
84174
-48910
66539
100578
-14314
13387
-63892
192468
-24963
83723
45055
32507
48743
56083
31372
-60522
-45375
-156981
-33991
-40257
84628
82691
-371
-54741
-116319
44482
14842
-76657
124631
71552
12657
23799
-21600
29836
72138
-65765
-36332
47843
-82316
-27130
-100159
-91538
8872
116646
21810
3967
111279
-69494
-25531
53974
-41196
-11516
-32622
27563
38416
-102649
102809
-25900
-198074
-27170
-133432
-34928
-65105
129075
85934
-80009
30960
2965
-5903
-13328
34520
-13173
66027
-63139
-39263
126665
-44117
-85511
110549
-1038
-69083
27342
-105832
-201566
-80409
-58474
17542
68747
-60989
95799
-32336
-15750
-41458
8072
4328
108001
36889
15517
22234
-16882
43504
139127
-69823
129988
58822
-79837
5227
84840
-911
82442
67440
-84742
-25658
-38937
102409
-130511
4014
-7348
8406
59245
-94870
-76060
20813
79853
-37129
112385
-3349
180089
-40651
8802
40061
35160
50534
29052
125497
-27085
88330
139281
-151391
142709
-128151
31016
64169
30502
-63132
80256
141291
-60237
12982
25271
-80990
-18021
-58897
-13421
-92162
30284
-18851
16269
212581
164590
32907
-16399
-10009
-35284
-37750
-33224
-40806
5756
-38120
76492
-32207
39137
63865
-71907
-45616
-45232
-5168
-61182
-148566
-24845
-129019
36211
-7110
-18295
82779
1413
36271
-97224
-44606
-43349
-110674
-50437
-58176
-9665
60736
33828
1770
-62170
43282
21195
-64694
-89451
28786
44223
-68431
-35328
-62762
-37873
-79133
89864
-112673
142251
-43336
21734
14345
6910
-36803
-107381
44905
-5494
-2506
109868
11966
-64504
35118
-68607
41337
-13377
-65344
123992
117852
35779
-74903
-32784
-39414
-32123
-59787
63659
30358
23572
-84270
-12277
-8765
-167728
12445
-24073
-138669
127786
17648
-44440
-73191
-46692
45204
-70999
46755
6874
-27754
-136077
59052
16679
16347
76965
110903
147753
-37134
56049
64890
43008
58879
-110657
-150796
-106587
-46732
28617
-41687
91545
-78321
18600
7750
-19065
-26631
-33677
85426
-72221
-90609
24428
30067
127155
-6743
52884
36538
-30106
82086
93773
96612
-88441
-76827
-104514
-70659
-73988
4124
82029
-11800
37718
86806
63520
193027
163156
3274
-41846
-106845
34266
37951
72867
-48715
-27606
-9982
-74858
5030
94376
-7494
154196
127735
86667
-95798
-155339
-147190
-14870
-19386
-71985
78959
11675
-31625
158680
85864
-46157
-155618
25927
67377
69529
-30457
105101
2953
136516
118457
-47877
81574
-63489
26984
57333
7083
-79774
-35180
93128
-44787
29271
18210
36243
51909
33268
-109740
13504
-37112
-33718
52568
6155
-16289
22387
-19907
52900
25277
-57805
24187
128386
74053
-25939
-59497
-180384
-145026
-89294
20407
-13822
56747
50842
112266
-2028
114076
43297
-22221
109505
-36529
95217
-76897
105839
99935
-41704
68351
41287
120239
24548
20238
-50082
-54651
12459
-52519
-71341
-26024
26675
-23360
64167
123069
66078
-23823
34586
115640
79637
21546
41175
13723
-81015
72231
-16444
-42286
45589
56453
-8362
88882
-13555
8901
-59578
23330
10000
53879
-40218
-60111
-8380
31311
-74122
-19406
72199
29591
-32461
-169030
-78170
51797
-94806
53350
-31850
-106392
-25006
112158
64006
87284
-27572
62861
-88678
18824
90639
-159874
-40643
189850
-27921
-139225
-88038
-9127
77501
15278
9533
12246
-159170
-93326
-72134
-25663
119027
-26333
-35617
89721
5056
8912
-12410
61798
-26223
-74527
-31219
-35834
236636
-56939
-1317
56037
16788
81153
56628
-28742
-35933
-104244
4876
180406
-8205
-270686
-101090
45949
47128
68487
106377
11707
-24564
10219
83314
-51247
-78650
-101767
38820
-10166
-181777
27039
20737
-110471
-17753
98176
-56
-72082
110022
-46826
-5206
-72377
11686
-31183
110564
25478
-48313
67797
45484
159130
97881
-31220
-90061
30651
-161680
-1399
-64652
-66467
-65993
106703
-124019
-101415
160555
-26118
-279515
21587
26713
-1613
16009
-138400
-58229
-95147
-33359
-48010
-13319
115771
-8803
111248
-24040
120436
-18183
-26812
-70980
-14906
-8642
-5658
-121141
-81757
133858
90952
-59346
-149503
98231
-43618
5100
55916
-16870
-114448
51792
-14340
86948
-106619
-68683
40693
-76785
24061
-83990
-31723
-33985
-50290
-17585
121157
14540
-25688
5303
-31476
-33882
-35715
95852
-68616
10923
-23744
-142571
