#SpinCore Technologies, Inc.
#SF in MHz
#SW in Hz

[HEADER]
@CLASS=	RADIOPROCESSOR
@FIRMWARE= 3087
@SPINAPI= 20130917_x86_64
@POINTS= 900
@SF= 0.000000
@SW= 30000.000000

[DATA]
65836
987250
23348
-1077111
115242
1138937
-87496
-1104889
219607
1175758
-292268
-1266708
324414
1181966
-462467
-1263035
527154
1286915
-578603
-1205736
619668
1196401
-667713
-1224311
844186
1192198
-830017
-1190960
887229
1140900
-883812
-1085792
911279
1042771
-997936
-1007373
1031748
966083
-1025914
-918679
1123692
892394
-1107501
-831442
1134578
711682
-1163011
-751438
1196339
619575
-1197180
-607119
1207775
555274
-1162187
-466968
1217522
388375
-1136012
-409176
1183224
371797
-1184435
-283501
1182791
237116
-1178762
-200500
1163629
116232
-1106243
-51002
1143166
53424
-1109823
-17020
1077954
-47111
-1031993
16386
1029874
-136180
-1046717
210549
1041145
-238507
-997095
251947
947308
-258693
-965609
285146
931137
-416337
-905016
403499
904080
-418015
-848051
449069
800543
-497881
-802958
510819
700728
-519664
-670881
526286
681206
-540470
-626865
616884
679873
-568288
-634834
666362
590298
-654305
-528369
680881
551499
-731148
-456952
687918
455920
-746424
-410349
701642
330208
-675547
-283706
752829
221596
-710079
-263381
709236
282676
-652705
-259438
658458
125270
-657134
-85211
764575
105727
-782111
-112467
726639
69687
-764443
-25651
738643
29433
-713853
84245
654298
-66346
-675867
122513
630176
-136134
-602669
123414
603183
-167689
-620696
222273
574452
-167499
-579309
222458
578672
-242393
-628459
254186
549799
-316532
-565004
246880
499226
-252712
-508148
376391
441697
-291458
-491701
378369
475690
-424125
-478731
401759
366225
-374682
-388582
448879
431108
-427129
-319611
393844
259451
-508007
-243612
472879
251930
-357100
-149817
487499
248816
-496400
-180806
409587
200860
-448886
-217719
529379
185229
-495187
-116918
481290
119492
-518000
-81674
473467
54081
-522607
12410
441163
26170
-488169
32295
447513
-5129
-497206
-9435
480426
-19720
-448842
73875
444550
-100279
-408049
175146
476307
-138976
-423323
117435
407057
-168161
-447124
205094
357377
-195039
-339198
270282
392481
-256965
-352717
220876
382691
-235613
-296091
230089
351863
-239752
-272529
295276
349248
-288774
-290410
305646
249984
-278462
-223136
302235
237927
-250796
-223304
359193
269596
-362827
-212033
349330
148196
-335351
-177209
307892
170097
-367492
-159827
348481
102311
-379733
-119455
398229
69208
-335613
8161
418732
49739
-355417
-29247
340241
48091
-423423
-3493
330534
-3526
-345061
31844
310277
-31098
-351432
65876
371119
-40922
-284581
141823
372651
-45189
-303409
107115
296971
-103145
-339898
92315
276006
-170813
-273380
144197
301276
-223283
-243357
209336
273234
-140748
-283804
151329
310371
-176586
-232903
225257
229988
-291051
-217777
230576
169008
-180248
-149934
227593
218665
-252170
-161862
299160
169576
-263481
-191482
232714
132834
-278831
-209493
281031
170639
-253481
-91964
343131
165627
-344405
-72311
302429
68338
-240964
-91940
317083
2452
-309433
-16161
345078
102268
-293997
-57452
286875
33771
-303223
2690
273451
3977
-298611
15094
280747
-94434
-272819
84403
232214
-37618
-228886
82992
187479
-124124
-224858
79184
171570
-83871
-218891
75128
175435
-120828
-184569
130296
286047
-129179
-214168
158774
209936
-119671
-152807
136941
142272
-184747
-135766
261791
68945
-178982
-158805
208828
152867
-149787
-138515
178631
147011
-175497
-122936
215584
110322
-185031
-82630
272081
89954
-254214
-43917
254489
83951
-220657
-37638
256383
113725
-301631
-68697
211924
36565
-265014
6066
264096
1539
-207125
83007
255030
-47483
-246475
-8546
193862
-91959
-168674
135584
190747
-63692
-195826
84123
189703
-99909
-163137
54420
146846
-29920
-234953
45426
185626
-52184
-217289
150114
228473
-120388
-165881
113852
156543
-150017
-252521
186820
159358
-65842
-189285
173893
179182
-178873
-167014
189372
156256
-177129
-151353
128024
122336
-187902
-156609
128709
114295
-239193
-150515
220335
96818
-228724
-11197
204437
39969
-192793
-64888
175039
43062
-143169
-65645
237520
-33021
-215332
29351
156723
-32095
-127494
8038
221833
13299
-199777
23372
193523
-88082
-222096
-33082
180585
-21017
-171022
101668
220721
-44319
-115917
53129
189517
7500
-96233
80986
139971
-56104
-136926
127829
107028
-135721
-140030
137929
107962
-94271
-182432
148343
168632
-64266
-105180
113854
76989
-131752
-76376
106110
108005
-211473
-124761
153249
149905
-139274
-55325
76244
80751
-126516
-11230
159626
48819
-128129
-45386
141739
50813
-188079
-104103
105577
-38249
-186452
-26780
178742
-28293
-174548
-36624
41408
-7523
-122141
-18140
116191
-42679
-189839
26146
174935
47120
-133861
-12926
151258
-83350
-160941
94469
133136
-64627
-91069
36295
122352
-66110
-129884
61520
128988
-113155
-106233
117535
147494
-77564
-168891
185597
121080
-71988
-94752
86189
94142
-128469
-63255
94418
69170
-109146
-42299
119908
71323
-131071
-114101
74093
13654
-140348
-48567
112831
67415
-107608
-24353
147363
33766
-51634
-50650
164961
30119
-140035
-48682
136432
30951
-131021
-21775
128142
13620
-82817
-41414
117948
21491
-175040
-14421
110130
10551
-132893
21812
170656
-51441
-128644
45854
121078
-79427
-62674
-8464
62946
-27002
-104184
2068
79606
-86170
-63776
74666
134405
-117012
-41505
72962
49412
-123445
-91229
160050
98237
-108599
-97551
30355
135245
-102169
-63686
15948
24948
-75007
-59225
131256
104917
-123768
-128947
74149
17278
-108815
-87896
79980
89969
-99870
-58236
53686
18857
-112930
-73970
89120
32561
-150212
-21201
60237
15090
-63195
-56296
93906
22930
-149770
-12071
174697
-30909
-117174
-36528
120100
-38323
-78834
92112
115540
-31682
-136210
56193
137418
16446
-45753
-20283
126304
-56875
-108937
23158
63773
-25676
-44136
108949
88207
-54116
-46054
39196
38104
-72466
-38687
106524
3396
-37292
-65465
100771
33597
-60422
-86
64175
33015
-27296
-47817
107895
45556
-85944
-40158
134193
83713
-87849
-23314
40850
-30365
-103044
-68299
138625
14684
-70025
18188
72037
27637
-97547
-49646
90080
14259
-86603
1344
86203
-29884
-101892
62600
107768
-41228
-157995
65215
31813
-21760
-89412
61935
92283
29152
-95165
-40067
82137
-36561
-66764
79094
71143
-60831
-75998
28468
19905
-45722
-71488
-14851
39960
-41718
-72554
45295
46785
-83040
-79746
38495
83514
-33866
-92199
24391
43601
-57523
-17869
49199
106967
-67825
-29583
14495
87289
-72266
-69701
55560
73039
-88596
-1970
36578
102419
-133985
-22486
78282
110047
-100699
-8917
106613
38877
-60991
-35983
43667
73677
-74767
-32305
100579
40884
-50806
5017
112853
4721
-102441
-69367
85175
-30604
-157928
8374
16775
-26103
-106119
34231
99985
-27174
-100863
89956
54260
-48481
-61709
112580
59497
19607
-39260
79857
140090
-25235
-95216
5378
48212
-35922
-127761
56603
62886
27624
1300
67970
50025
-25254
-30497
32983
90648
-92444
-77347
88993
56076
-32497
-13939
63677
24020
-35554
-52859
129152
47977
-114722
-6301
88365
15078
-33018
-83253
170088
-7166
-125627
-15633
115162
15696
-118225
-52021
16281
-26246
-90985
44798
79732
38982
-63261
23101
68287
63531
-32595
14823
80708
-10916
-90188
-16421
8122
-11165
-134967
13655
14895
-30262
-91868
58332
97260
-43865
-18154
3625
103469
-92801
-48340
19560
100014
-12410
-139077
48068
53495
-50131
-91646
41156
69931
-75631
-31674
-15509
64943
-93670
-56990
77592
43610
-105315
-50009
113081
81547
-80142
-52159
56553
55304
7189
-64799
45718
26306
-60747
-25631
11229
-20517
-89973
-13875
9758
-24914
-55553
10053
79819
-23158
-70676
-49016
107013
-7639
-56903
36382
105528
-18352
-51101
34295
32065
9159
-82895
17383
91848
-14278
-15495
325
140976
-44115
-104827
29375
126215
-37842
-46958
-4462
65617
-80195
-15344
44719
54133
-48090
-56826
60465
1993
-49693
-55880
11744
56721
-64366
-72904
51595
-17692
-43640
-43413
47569
56494
-93904
-51042
91012
73088
-34532
-73021
69887
94262
-51287
13309
18824
40018
-100835
18625
70561
-2047
-83916
18851
105860
-7629
-46299
2419
89108
11
-76815
1009
123823
26385
-89376
-10576
106964
17054
-140421
41124
87294
-51379
-84074
58180
97823
2921
-64726
39259
82165
-25881
-17066
59707
99775
-52694
-39061
65925
48349
-55423
-51648
82576
35918
-36129
-83983
-15341
37047
-16840
12531
109980
68828
-24725
-2124
-24219
-26125
-8466
-6546
39120
11544
-71233
60824
21789
44458
-120433
-30486
98378
50286
-103277
-30965
50413
8864
-38979
-16494
9528
-1119
-55078
-28674
112375
55654
-79527
1861
108005
2237
-32261
6112
63581
-62674
-48266
15747
45456
-3021
-99826
24326
79697
-66535
-82711
-6635
63969
-38446
-57301
-26378
85406
-49754
-48678
46891
53838
-7154
-69188
34155
79632
-81898
-77332
20318
72115
-51874
-38006
84306
-13514
-38472
-47976
35759
1575
-21217
-64169
23509
44497
-24115
-26487
14178
59552
-22189
-58609
62716
75391
-36548
-5556
112361
55228
-26613
-51014
109202
78751
-48321
7788
121558
26557
-54442
30150
21194
6419
-72224
24153
72621
37560
-69677
-39288
67341
790
-32568
718
63508
-25053
-66815
33990
34669
-34649
-67271
-27596
110973
-61277
-71414
48964
60875
-33026
3247
-33315
113770
-13778
-161
20083
49530
-31379
-86285
82962
78828
-7926
-98414
75528
87614
-75682
-109834
-11532
29995
-54979
-43028
109149
-12000
-32903
1915
28199
57710
-44044
-45561
76473
-29547
-5684
24054
94185
39623
-25106
-48229
52640
41435
-109517
-52860
87703
24868
-73998
51387
76730
-8434
-60966
-18525
69167
-9241
8954
12318
14643
-13705
-76682
57775
39340
19331
-71169
-85972
19648
-25845
-100833
15880
46738
3534
-23418
-69518
31166
-20860
-48586
23457
68268
-86122
-56009
551
29192
-30584
-82330
118806
7184
-46489
24368
80177
24468
-70281
-70996
93916
24755
-56872
-24245
97402
58582
-15818
43727
17070
-41585
13455
-34767
4859
-38772
-18557
-11418
33050
67957
-59768
35148
50592
-8321
-18450
-55807
50793
64811
-37228
-26930
49343
6625
-21760
-40607
12538
27673
-16167
28614
-19977
33982
-53687
-22695
63331
22708
-14324
-21691
76227
25016
-49438
27662
96577
2125
-61801
48927
110667
42059
-54538
42998
-22623
-8331
-38213
6311
83647
-22143
-77411
14992
33984
-27009
-27107
28012
29172
-37301
-48962
-14116
50745
-38929
-45972
61687
5868
-16130
15796
48642
27837
-39727
-21342
58544
-13977
-55037
-17890
35691
2644
-40827
-28754
50631
25750
-10963
20049
69446
17844
-34741
-20370
91047
-412
3207
44520
41017
-19227
-19698
97540
75953
2808
-89645
-18920
70986
-40927
-26688
4113
60763
-48340
-51380
-16248
70284
-37861
-10188
-5270
-31750
9595
-12040
38656
61233
-97012
-54107
21226
49494
10451
-34596
9185
11071
-4339
-14722
53958
44846
58677
-66364
-66262
28175
27102
-46070
-31542
12018
-29702
-31740
52065
60576
-41423
-41001
85245
76494
-80432
-66300
-20871
-29623
-49828
44087
50615
3284
-61581
-14957
22556
5429
-8263
-45288
66297
-5462
-68679
-27563
111379
-27559
-143822
-86271
99892
26274
-56698
13554
56874
22035
-1676
-74206
8085
24476
-26704
31008
60676
-33346
-27514
-3296
74430
34236
-85520
23882
-3432
-29655
-44862
32918
65021
-442
-45676
56461
30020
-36471
-34412
52254
47204
-26936
19322
9360
36109
26168
-27119
24747
10009
10191
-9061
51403
51852
-30404
55053
44808
61097
-44850
-41143
89139
-12437
25286
6196
70787
8055
-33659
-30363
-3414
44242
-82188
38658
8803
-59303
-13093
52031
34936
-46205
-98458
5014
-30567
43308
28268
-47271
67769
57172
-40668
-3791
113500
-15405
912
38784
105284
41115
28644
-11753
75176
21759
-37394
-32885
47293
58769
-46187
14808
83371
4639
48068
-63059
41397
12242
29625
57377
8036
-47
-22497
117650
19973
-56016
-5498
67254
23092
-16716
-36296
61818
14619
-38376
-38425
-25298
89623
-84434
-24826
96266
56654
-50961
7776
-17230
26029
-52276
20997
36620
-22062
-22804
12518
34978
7892
-36146
-22840
53479
34887
-59839
40808
63
-37506
-28269
73325
59353
59744
-19761
-18695
7496
-18071
-35843
34505
50500
35250
-31367
-11486
57973
-9350
-89739
-57085
83145
-38436
-100452
-26403
29956
-37520
8322
72656
82557
-15381
-30215
45646
55118
-14961
5722
18413
54836
27563
-12999
-16472
60787
17844
-15749
23140
-11088
-101836
27533
26504
47509
-12037
15450
5343
82202
-46944
-22721
98144
33714
-19322
-5253
53058
5832
-10540
34449
65950
-18762
-12555
43704
21421
-992
-15995
-28430
81248
15596
-46105
-13735
47640
-9429
-79173
14147
43919
-53919
-65164
5399
-17001
15827
8552
38356
-13151
-15016
59453
-51517
13639
25223
-48167
25989
64461
-45982
19988
-654
6143
-79480
-60299
30011
18797
22740
-26623
25693
36271
-26338
-49212
8903
30135
-20912
-38785
-15509
-27570
-74795
-46820
9758
6808
-19311
-10127
-53063
15955
-20520
-39843
-4553
7345
-15296
6372
33743
-16227
-50731
-8318
51933
29048
-3031
7375
98667
-19817
-48166
30943
