#SpinCore Technologies, Inc.
#SF in MHz
#SW in Hz

[HEADER]
@CLASS=	RADIOPROCESSOR
@FIRMWARE= 3087
@SPINAPI= 20130917_x86_64
@POINTS= 1000
@SF= 0.000000
@SW= 100000.000000

[DATA]
-72843
-416054
474959
80999
-280938
222601
-86898
-131090
338157
44661
-55274
122197
-157675
-161470
196986
-180447
-80552
203964
-52516
-147406
145863
-43951
18115
157948
-177122
-94422
41559
-167106
-2657
92231
-57009
46734
-13828
-116855
126499
123081
-120378
37681
-61277
-170480
159613
460
-104489
91895
-158044
-155167
66850
49410
-43801
118042
-11169
-19591
120411
65651
-80421
70441
54976
-87481
-12718
-91376
-1181
-16287
77118
-11267
96397
36621
71483
172030
-121106
19990
98200
7976
-6229
-126385
58866
-120371
-23039
-29856
17719
-39470
-127271
-62385
106049
-47150
-121656
67722
-167675
32999
-50176
-14934
29826
27058
66181
-9958
62792
-106214
-67259
28572
-65616
31666
62834
-126039
13783
64516
84911
-29924
-100926
-25728
126005
-25106
135070
50122
-183161
-101491
88998
4531
-50608
127050
49249
33244
-42114
-24322
40485
65001
-27092
-17219
32407
-109145
-47478
27674
3569
85543
44987
132575
33233
164672
-36692
5521
38309
29969
-56401
88484
-33180
125743
58220
62146
-540
95591
-21378
-6143
-73717
126236
-26378
-5485
43628
47079
153341
-15242
-24832
-44863
80251
37102
-87013
-21861
53221
23954
89118
-74424
34000
-80002
92422
-35525
-89456
33224
62211
30130
111368
-36780
26709
-8973
65131
2013
-82776
126143
-95261
-154304
1456
39744
128633
-108621
-73688
-13689
-25748
133335
3526
-17745
37959
29209
104148
78647
-220265
-24688
-38217
31778
48230
32413
88266
80751
-41394
-29289
55314
44436
78301
-57349
-4706
79513
-105789
-45259
48982
-19160
-35305
-800
-54787
70755
-79407
-22583
28434
16864
4242
-111329
-69736
-141482
-54004
80736
3373
-53240
54490
-120332
118075
-37646
-70841
-13862
19975
-13580
-69527
-44647
-65066
114314
25395
-3961
59956
86745
94186
-35595
83397
92913
-39964
-99248
-92681
43704
43429
71810
72392
-74494
43736
-90121
-73798
-66453
117671
-108746
48088
46173
44012
71201
-92058
2376
56253
-23541
18087
-5577
54799
29834
8902
15467
60352
65330
56218
150026
-103310
117842
48125
-9087
-26826
25263
-69409
-37429
138485
18845
47352
-32937
-59188
64225
29363
63673
-47944
77421
47520
27782
29300
-60728
-93622
-35116
-70877
76272
-104310
68206
55512
109699
-13948
21382
102067
23121
98718
35646
-12825
28755
19987
13701
-56972
43758
287851
-114586
-105942
-42904
-76354
178684
-174377
-116472
-57827
-84662
30317
181262
-115491
-72855
115718
-13578
-26460
10820
-119174
13345
26877
-53613
97865
25484
-141566
28277
-126191
5035
-18080
-97964
-84316
69340
91552
89358
200997
-71911
-92667
53760
74169
-25850
-75234
22754
-96760
42294
-29994
-14702
-61031
51184
24602
48312
107704
21366
42101
67974
-50292
-7054
-129289
15352
-100831
168811
109836
-31178
-111460
167685
-10415
-71727
-18815
-142766
-4437
69238
47538
90797
166855
8467
38852
-111880
-23563
-89866
54804
-41120
25223
-43550
-215392
-10300
-2799
-100745
70299
-37927
-45922
79489
-59640
-36729
103887
-30243
-13979
-38480
-26557
-81258
-23747
-142573
76741
-127770
26936
42519
-10860
11543
112791
-53629
-45671
-13955
32388
33933
-145844
-58020
-22643
37272
-29922
-56411
191315
-107143
75685
-204
-102348
32930
-30383
2943
-11279
-7574
109674
-57910
3836
130946
-42978
-25915
-130787
34542
-86082
16695
-47277
-11329
32473
38927
-98972
63466
101621
14940
62122
59762
-20557
23795
13158
-196451
-81041
89756
8360
114875
-95211
74651
-132238
42929
34254
-54285
45162
18479
17573
58563
137474
59792
-89192
-137558
-89915
19006
-39542
-110259
51255
22783
41824
143866
-36725
-184302
9275
-84716
87116
-73186
-146406
46981
-116283
66485
-98023
73449
-43657
-1625
110782
25870
28013
-31275
94051
-26248
-71802
-153148
14751
93072
11554
-2907
31010
76572
-145030
-99257
-20816
145293
87237
-82635
13538
-4725
35545
-31781
124469
60659
101639
-16433
-52992
-147369
68093
-4315
-198034
-118896
33678
66717
84746
85318
-11396
-92157
47471
84892
35371
2271
-2344
3181
129868
-10000
100830
-92100
56448
-67642
-5879
-67483
100094
-86606
43155
28075
59038
135388
-113050
66899
-66229
16623
44170
170903
-1793
-129920
174569
8597
14008
52941
39790
-24769
56079
68156
-46921
-128840
-21265
86696
53484
-11382
-98411
-2828
-88179
29442
118456
1100
-102245
11549
124893
9578
22184
-80055
53709
7182
-78938
-15890
10851
10044
-85176
33543
33242
24806
-103033
-26586
-97619
24762
20061
152307
-47896
-128697
8309
-53132
-30502
-59535
-212572
145372
-11313
-36219
63957
-58664
18814
-56417
-40147
45626
124315
-26772
-83150
152959
47212
167705
-14320
-26016
29877
13993
-27074
-15623
-1794
197082
206289
40302
-34067
42659
-7099
74809
46048
-3859
11028
73936
-35290
-105958
29266
-253884
9820
-31686
58009
64657
-25750
26122
74026
-157476
121951
-215595
-3315
74387
-35172
22634
83319
-74902
23176
83065
-58137
-36792
-123150
48085
64667
-4503
-126708
117961
136150
-9631
-80984
29313
-3519
-9515
-32371
-93075
-151546
-49742
-92628
-93750
-11431
32801
45911
41380
-8797
89971
29463
72230
26756
-91171
-139156
70009
-96374
-48164
12912
-104782
135341
-68602
-118398
-94866
-140465
199255
5589
65103
95539
-17896
-169694
-116286
44076
-19964
66548
42725
-83172
46986
79123
-32838
-50898
62840
-96176
34372
-77625
-35777
-152
174039
37067
-40141
31841
9602
37161
132664
27566
-151543
35201
-59082
-88211
-166625
-8117
-112170
11901
-51997
81481
24252
47160
33813
-54129
40494
195133
-9890
38476
14512
-19369
-40587
-16269
-134024
-40290
-18924
-7773
-17766
-41450
-36232
9667
78547
-56195
76524
-67163
-209258
-78973
-50963
63997
113899
-25793
25503
61228
-71892
61124
26960
23530
-51035
-153133
76695
-95935
5674
67546
-15830
113248
-137955
-45555
-125008
24691
-31034
-131141
-76438
91955
-145230
35077
31191
-28588
115954
-129350
65042
-23437
63026
12524
63590
79778
-13879
31093
-97200
-150861
-74143
-33069
-96823
-109653
56583
-23680
41123
-60163
34103
93918
-22770
-14884
-103576
-181796
51037
26610
-61606
65966
25617
27268
46529
11119
-19290
69643
5337
-92716
108725
-1036
-44018
67678
27225
47148
70947
-139068
-31741
-44404
-166434
-36946
-47739
37100
9180
18973
61206
47235
123210
-87868
-73675
139324
136021
36921
-85406
37891
119609
101624
19149
13268
-138896
-30258
-55488
-62937
-135762
23875
-117862
-47344
69947
139090
96642
130776
23355
-33995
45350
-55894
91179
73384
-117781
-13203
176019
-62871
80596
90441
-142672
30375
83233
-34537
35931
34253
-3459
74631
-16239
55839
63703
75898
-21901
16908
-84845
-37977
6009
-141051
174298
91288
-83558
-56833
41846
-40927
100245
-56582
4856
-26960
139930
-168935
-10824
-104578
47299
-23669
-64862
-10390
1308
-100512
50212
-4340
-11696
-64503
11935
-106541
159023
140113
201765
108547
-44621
6474
10911
43573
-91637
-20069
-44691
140610
-135544
-86581
-69883
67431
67818
-107580
-97842
-10819
-101978
138169
90329
126298
-22247
-25424
23278
-17727
-21328
-164167
18783
-79996
52721
-130977
-94551
-10271
48624
-51053
-98775
86064
41575
76038
119287
-34729
49903
18875
-191013
74490
83357
-6317
7549
-38784
30266
26726
102245
72840
150916
-141347
3595
-10364
47274
3913
-43481
-36096
95342
45994
56903
104208
-180654
-37568
-66569
34591
111461
-14539
-113951
116637
-22679
35341
111544
-213
59351
37096
67611
59881
108930
124655
-20091
-264
45762
-22412
-47611
65043
-35385
14101
-95230
-73989
-84287
148205
-62742
43521
-98420
-37673
42718
77832
-24896
-108058
-121794
-113314
28141
43067
9954
-65576
29076
-106885
13634
-2623
29516
121735
21690
10233
22301
-70334
-23817
-53983
-50423
-40396
78275
90595
60306
-45070
16742
43598
-175476
114391
90903
6351
-101861
84913
-61034
48361
-70814
32945
2482
17199
-46659
9947
-199878
-80541
43103
89606
-17594
-45613
-2224
175749
40453
-173596
4540
49145
-48041
-45582
-33055
-37269
-97764
14579
68014
-58047
63691
38891
-24108
-130518
16305
-101291
-91883
19809
-48702
-35265
-57985
-119825
-10067
25110
-50545
109163
83994
-82550
-74357
-16136
-156370
75842
75483
-24707
-48038
-57301
-68661
43108
-7381
136290
139647
-44663
61917
-16333
-124252
-36065
-79321
-84533
-40179
-31767
-78664
-56514
132328
-14026
-57238
36409
-21963
44579
-15531
-61028
-99024
-154725
-11955
-18401
31359
-25882
-124925
72918
-89299
91250
-110149
50228
-11025
51439
-151919
108089
74998
64552
-18364
91981
-165
-185246
-127005
-9047
1161
-64913
90015
45840
-86324
114874
3014
-18288
-73505
10567
118788
119021
2202
23809
-15587
137504
-64600
-53127
103955
155460
-38091
-140911
-128314
56239
139007
-77131
46963
-87071
-66424
52553
-119990
64446
-79018
42412
-20128
17703
-62146
-104059
65635
8881
-139781
-85228
-100292
-62014
65340
3719
-38462
28273
-90435
62800
-72657
-100280
71377
131374
-38698
5335
-33749
38514
-66606
-21976
35858
-67949
-99154
-28740
63709
10578
-157941
-10323
67392
27018
107343
-63511
36629
56338
56805
-44684
-87887
16662
-3929
38813
29379
-65292
42124
42720
-12278
-3559
-8025
-61316
-62420
-84538
-120477
16143
-32854
-117691
21720
-74548
-17268
30042
-48724
64494
50376
-27006
15561
-49868
-59576
-3869
111743
-20921
-82190
-34861
-7257
-64661
104087
87125
-45848
-111128
74683
30786
68933
7356
71741
-100187
115205
-3841
38307
-93216
8070
25435
-70313
34900
-91142
-127632
-70844
143923
-48031
-23035
30953
-70092
-39210
86227
67739
52689
118127
-21905
8806
-6089
-128359
-23332
125290
110071
17593
-113876
-79141
117295
38627
23227
59040
-16357
-4061
-140163
83629
13197
66287
-61581
-82726
-94707
-44620
151488
106484
105396
20646
-132581
-3604
-105457
23351
-60212
-63989
49791
-54019
-8362
12049
-83889
120913
149869
-67512
-41689
-56112
-93495
4842
-99862
-32043
1060
76335
14517
20202
-9738
121928
10222
75460
-41652
-14726
116606
49962
-37449
67042
-44306
20049
-2125
-25869
-71436
-188289
-8169
75566
-61173
28789
-69347
8783
122111
-13350
-41946
98292
98986
-33487
-61930
22559
145493
32294
-66405
-86924
-27250
2649
-18717
23204
-102180
50177
74546
-98757
123134
56518
81033
36972
-74476
-23453
28537
-27851
73599
73334
-80541
58415
-5936
10340
-40541
183493
-39734
-52277
-18171
49505
92792
77172
79546
68609
84274
21222
-18620
140771
48927
-186703
71028
-67553
57419
-54548
40013
44450
108472
-6286
-33900
6298
-20332
125260
65307
-16737
-93659
-70968
-16783
5390
14158
-45788
153633
-8948
78101
-14927
12915
-49748
279532
-27562
4939
18242
-238607
-35025
57784
-34236
-63851
81397
-117243
46948
31503
-118344
-84216
58712
-23076
-51997
66808
107384
-59855
-108340
84276
49560
-27759
73061
8681
84659
126443
-7567
-43353
-122904
32998
-20736
110009
-12533
-16893
33123
-104543
104629
-42551
12141
60925
68313
-6554
-49704
-7284
10938
-228824
104222
61328
-74337
101653
-80933
-74204
-8833
28748
70274
62249
70771
-15513
159444
2666
11662
17478
22209
30152
117286
97339
13571
-14495
-92122
69633
-26209
-25429
-5693
91147
-15033
-34622
-23743
-89064
51138
109793
-12805
-36445
47388
66420
66980
-41975
77710
-102993
-86971
-4981
-25501
117367
56114
19351
-37035
120855
28591
166440
-49051
9459
-13909
-39151
125543
-148533
-4907
-84497
-34270
101278
3827
-12683
9430
-22552
191272
-50590
-12454
55660
-125421
119593
-11330
20168
21705
-71047
-28002
79760
-11433
117004
134563
-17398
109525
-5064
5035
139408
11601
-108173
119019
11169
135577
32614
-38393
132076
14255
60443
-7568
69791
-78869
-46047
98764
18507
58366
14594
-156077
9693
-35226
12570
58303
-89090
-4930
-113986
-75773
-18112
-31154
-58940
10135
43938
-43222
10052
-25684
-22194
-16919
-68760
1995
-123539
-7662
84568
143718
-773
-220
-92689
69677
540
184428
86637
6802
-46192
55457
-39741
-28354
161779
-10345
-91576
-1364
-118682
-8210
-40199
8456
-70915
23888
-106994
-9712
-64641
80309
-85733
-7349
1306
111086
-68216
36286
-62289
-78187
11766
34440
137720
-34433
80462
101387
-143455
71328
17817
8744
7953
-31046
-31804
-38459
55875
35248
-39473
-11024
-69233
-25070
-37470
161881
-51282
-60444
20846
-87681
106761
62060
87626
-49745
-37599
-42616
-11520
39976
-36167
1101
-50096
-78696
17654
5987
46796
-103485
-170305
63721
-4950
10000
-59537
-18744
-9651
-115609
21659
101050
18420
34793
-13323
170690
106695
-10255
-52816
139743
24381
-105136
-132117
53358
-6180
-49849
103560
-54063
74342
-171263
-7603
-14826
29628
-124406
79385
17682
63405
22852
111517
7580
-30062
55513
100008
-33119
-46951
119383
9204
-22774
-107718
-45641
68632
-74967
-128588
85045
-41560
-76420
66401
136848
37570
34686
-71710
-80734
-42774
-22021
23280
-78011
-19527
31413
89722
91845
-105893
-102689
72332
47492
9003
143387
58645
6482
28982
90434
-56495
70751
-36858
-70229
-158919
88734
131864
-100920
-5445
-65510
-140582
-11269
72040
46142
128724
-844
-55219
52443
-611
59875
113619
33838
32370
-87283
-126991
-52628
15059
49277
132252
-137376
-39891
77093
-15157
16527
-14152
-88154
39505
-67901
-57152
-36554
93038
-33113
82748
-30419
-149111
-23368
-95729
116385
29544
27416
384
-60604
136991
-76626
94196
-11339
20626
-29172
-122028
-11388
-138257
7707
-54955
-61840
-86580
14229
47603
-45264
-47
-133051
-501
40500
-43916
59749
13281
10620
-16172
-40034
-57404
89266
-37936
-127287
-19223
-45123
26043
110868
42845
19982
43573
1450
-59204
122463
-5135
55223
-21003
-5421
426
-108110
81060
-4013
-123412
-5737
-32810
68628
157960
98543
-50760
-37869
31673
-35294
182413
-101163
48807
-17898
34384
13565
-8205
-7960
-138261
41389
-33915
-27595
-81389
168635
-26483
26540
3673
3880
-42124
-66913
28610
62372
-38685
33967
-27997
67980
186071
-48662
-25041
-22908
-92414
-13364
-14004
-45498
116808
13436
-54605
96524
96454
-18905
25247
-83090
-96282
79895
67233
42807
15275
16648
-9125
-100827
33463
-186735
-5947
163
24447
86542
132144
12719
