#SpinCore Technologies, Inc.
#SF in MHz
#SW in Hz

[HEADER]
@CLASS=	RADIOPROCESSOR
@FIRMWARE= 3087
@SPINAPI= 20130917_x86_64
@POINTS= 900
@SF= 0.000000
@SW= 30000.000000

[DATA]
41531
2204178
229038
-2542339
-120767
2498883
-29513
-2532268
138818
2612199
-223903
-2541064
375373
2600662
-437418
-2598010
599409
2575208
-694534
-2537751
812207
2524504
-916406
-2599749
1013787
2466178
-1089040
-2383412
1174423
2350698
-1245892
-2258408
1355727
2221297
-1434219
-2110018
1479506
2103552
-1537126
-1945061
1583059
1935309
-1623731
-1778829
1627007
1731175
-1626368
-1673271
1732422
1517044
-1745173
-1480435
1732843
1402826
-1754810
-1292986
1807380
1163324
-1834613
-1119103
1797845
994091
-1805914
-908883
1810816
847045
-1793797
-744094
1820479
656986
-1848488
-706758
1798117
609089
-1789477
-473483
1776576
447119
-1759228
-380942
1761515
344272
-1759556
-241402
1764416
213314
-1700562
-97262
1754360
20097
-1707625
5659
1656674
-75954
-1644218
161151
1542153
-251241
-1557308
260485
1498503
-282363
-1559353
317794
1483280
-441874
-1447085
447332
1444775
-524388
-1368772
559704
1356423
-575236
-1264223
545695
1306061
-605175
-1235487
633568
1181960
-683953
-1164354
790358
1084185
-845587
-1107350
707478
1035640
-817176
-993584
869260
946378
-787125
-948786
896131
838246
-939383
-768261
899246
857567
-912135
-728019
977750
648862
-957547
-575613
1028792
591383
-936723
-562563
997143
603316
-1045833
-454596
967457
395977
-1017742
-396330
998307
376304
-1015694
-329168
1001158
363812
-1016349
-224840
1067803
259102
-1080235
-93848
1009000
92736
-1001149
-55210
991194
21411
-979792
-24750
954284
-36890
-945757
-20684
900455
-81799
-949779
203181
903852
-153212
-1018625
158377
895060
-229565
-852465
275281
763116
-256277
-905321
258379
816811
-262203
-779494
414337
701853
-346674
-762418
423661
803254
-428935
-725272
479930
724337
-510833
-667484
449196
686923
-510361
-633476
564277
672293
-550257
-549930
532239
530438
-595896
-516317
552066
494787
-606282
-512783
552304
528611
-693897
-437922
640430
363227
-631457
-359313
632761
375551
-625374
-341958
637293
317228
-650566
-322601
659667
328123
-647632
-249612
667669
229244
-652991
-191425
657100
110832
-683468
-134374
664449
123088
-660646
-117057
628952
47266
-695294
-51510
632899
86852
-685556
-85395
595156
4520
-639527
61835
660002
-43457
-663441
-7292
605075
-114189
-630753
119443
579831
-184951
-588881
177451
585800
-162133
-560958
157390
575492
-181336
-579328
200190
520188
-296572
-517543
342603
495614
-353941
-536344
306286
478489
-328786
-456973
274782
381766
-278071
-461612
327171
366957
-352656
-364824
378590
403366
-418913
-389721
397514
344272
-421004
-303666
445403
303157
-501749
-283272
449482
242808
-494385
-205690
483067
237113
-475139
-225647
416842
198930
-483077
-169737
443598
159639
-464167
-122163
460393
93674
-485528
-129261
458583
25689
-524664
-93323
494144
62926
-471719
-46934
504633
43889
-432119
-67778
423242
20780
-505333
87325
456715
-9572
-454369
58770
445618
-81746
-464751
119865
412147
-47843
-425489
89295
406741
-65642
-435828
132554
434807
-177640
-385458
173863
381086
-246491
-373255
238833
418926
-226367
-353966
295765
385731
-211774
-361490
278347
388855
-310092
-353493
266398
319231
-315519
-312094
327194
213939
-315047
-273795
286026
281059
-298175
-269482
397758
288201
-351864
-222857
337046
187221
-362639
-210362
398698
231433
-351789
-206898
398165
192490
-357013
-154418
375848
115765
-335108
-111967
421228
81789
-400851
-172436
396797
66936
-345038
-11661
390216
16473
-385341
61005
397545
4610
-336889
-5589
399852
-12685
-387025
15969
383186
-44190
-375935
70604
428922
-58224
-359622
6534
377634
-82971
-347527
104490
321905
-89505
-316179
135789
355468
-108401
-345808
157368
351221
-161291
-294873
188873
360950
-172933
-287414
219841
334299
-198396
-265038
202403
345093
-213159
-321919
295000
226996
-224047
-224947
265856
181537
-290135
-230448
233640
164775
-248215
-130580
300283
204849
-272547
-177762
227707
164284
-306328
-157646
288387
189744
-272165
-124531
302994
166361
-304756
-147614
286905
106373
-266309
-93447
309080
149645
-319910
-115741
339301
13657
-319881
-94217
330958
46471
-277759
-14016
333418
11213
-348532
-19216
307606
2016
-370296
20796
354311
-38131
-316078
27945
260936
-77919
-304069
100723
272008
-63196
-315447
101720
286185
-120705
-289017
95305
226413
-125243
-203219
63830
251509
-116166
-201167
157538
238168
-141868
-161907
147677
186853
-176427
-208481
183021
203314
-190304
-225220
188057
221311
-136134
-141461
249868
204663
-235271
-111502
164063
155838
-215730
-210570
225153
152684
-250616
-170821
196786
76058
-284335
-135203
237951
90100
-302671
-100467
285194
71045
-163702
-54634
264897
32588
-264212
-34137
229537
28433
-223475
-68461
170842
5215
-290195
-63678
265691
57426
-224894
85451
171565
-2701
-250624
71721
256188
-42056
-215081
100488
173418
-132075
-209487
69156
237056
-26401
-234505
112624
244683
-74621
-208587
62198
173468
-107064
-201553
103299
196717
-21507
-163728
83552
239003
-109520
-180701
146265
131981
-86487
-158364
107161
141989
-185983
-156652
144034
120595
-169399
-123905
117258
106897
-158168
-182625
157014
107642
-173971
-128830
161306
78295
-239779
-98396
246779
36695
-271363
-79860
222770
26484
-212792
-93528
236136
82856
-199070
-65114
215548
60021
-179932
-61529
185001
-75495
-183814
8312
263134
11459
-173777
38579
167412
-5734
-195900
35276
278706
-39425
-210767
42136
155491
-53308
-203765
12559
141748
-73819
-150415
89800
277589
47498
-117844
56519
182361
-116260
-167720
147237
175876
-112698
-173703
49527
109237
-150343
-170088
79129
124674
-49742
-136597
50660
100906
-91145
-157991
168706
131009
-68984
-159953
166644
84238
-107536
-116441
172146
132886
-143990
-79104
143288
123251
-145913
-23468
69209
35082
-109018
-115539
140487
90027
-143425
-67274
149249
100463
-170202
32083
94682
93881
-184877
-41570
138248
33134
-170427
-3236
155758
4914
-199263
-5265
128641
12563
-162066
7331
139834
-46513
-142863
51432
118416
35799
-114463
10861
160813
-65528
-104357
15440
140401
25969
-147761
86989
166328
-129677
-86808
35274
128773
-69705
-121708
68908
154641
-129212
-93184
139299
113812
-80531
-166963
105145
134001
-119563
-101384
127267
89402
-72027
-32092
129842
73463
-114102
-102672
134095
106124
-70224
-53087
113240
38327
-116312
-9211
177049
30438
-83924
-40310
137456
20624
-183442
-15959
170230
29650
-141208
-27235
132252
34415
-141125
-36945
117139
41652
-90746
-10662
107695
-10373
-93516
-28776
144962
60691
-170443
17203
133350
-28161
-152787
-2212
213229
-26801
-74171
-9193
93204
-29058
-143084
10619
116768
-5326
-113194
61328
102871
-32080
-60930
66687
148923
-39084
-99181
102046
83368
-47035
-98963
44524
181484
-84145
-148535
84319
113847
-92867
-111759
97778
91442
-85344
-69707
129918
183457
-139652
-62710
69317
102743
-138316
-70269
58162
78912
-32179
-53512
137755
59675
-107249
1902
81966
62849
-34546
-41525
95855
-3769
-104487
-63265
125708
124852
-123814
-53383
159311
16080
-128597
12354
132756
-36887
-129159
74338
111863
3398
-133828
-4238
116459
23230
-130227
25847
91930
26908
-72509
17330
121785
25728
-92239
12175
53744
-13095
-193133
21332
126794
-73524
-153095
42296
160852
-16397
-172206
57958
164186
-65187
-104219
1023
120582
-215
-137127
79673
92923
-46426
-96497
66664
57733
-20585
-81329
88715
67100
-70341
-31898
83187
68822
-80068
-116865
129778
125918
-180870
-82790
89602
115409
-175132
-71730
85413
35051
-119653
-53120
118946
48500
-149897
-19860
85020
70591
-76659
-43231
93546
29961
-28644
-43628
111190
44883
-92640
-74364
86553
24582
-89146
22627
145299
-17433
-67821
-68705
81370
2413
-127762
-64606
124504
-39391
-117499
7192
116933
-15572
-43051
75993
145652
-23300
-62623
108063
150576
-104270
-127723
8262
78968
-38645
-34509
45267
94047
-35404
-144691
55970
57027
-72754
-75276
113765
139681
-80168
-130029
118576
100848
-114696
-84542
43644
70018
-69082
-33643
42641
79158
-104767
-104371
160304
80786
-118197
-59898
95398
117390
-132339
-39938
115548
30110
-101640
-5011
84053
50562
-110794
-67180
189417
96926
-92362
-68324
125298
24951
-129454
-26202
121171
-53105
-62201
-89623
103812
-6831
-80447
860
70521
12934
-142095
-16771
74681
-11934
-77901
8767
146907
67757
-134854
-17342
138642
-56719
-100145
-7816
129761
-3578
-116931
60109
99872
-20867
-87745
20556
107150
-70111
-106742
79432
104766
-50709
-129599
92762
70418
-84041
-121584
117613
29458
-47341
-91286
16358
70996
-77396
-116224
58579
104660
-21551
-67737
87241
67510
-29151
10697
63582
19956
-49805
37948
81792
35327
-131250
-39278
48608
116553
-86513
-128204
36392
35541
-106103
-62419
50678
89468
-135903
-44009
134201
-14969
-120389
21336
88834
14906
-71152
22003
89728
-18106
-122170
73880
134537
-11216
-133156
-21366
117144
-47811
-126127
58243
82724
12079
-134438
33350
117082
-13986
-127796
87595
133839
-61651
-77002
14515
98700
-21027
-64738
52314
75881
-4982
-136662
36771
96085
-53262
-97848
8480
83221
-127209
-76264
55479
114536
-41878
-89821
97349
55221
-59728
-84017
1821
41943
-72496
-82802
40277
65290
-29982
-121701
12606
64216
-71862
-41323
76176
76044
-78308
-90812
64395
36117
-77747
-7786
77315
79598
-88786
-47823
86012
106174
-102610
-71474
45261
57319
-87377
-28791
106316
51959
-78596
3770
149513
5844
-159822
22420
75138
-4144
-104056
-91775
71633
16123
-108293
-46273
166738
17403
-161110
1576
161782
-10628
-134115
21165
67797
-33887
-63871
65405
76170
-47028
-121066
9251
69966
-36921
-74249
8050
120766
-62772
-96888
124659
35283
-47069
-90233
29654
85168
-67112
-60582
97483
12552
-100095
-85845
94321
64744
-60202
-32482
56737
22650
-33925
-43167
-1408
63737
-53572
-81090
30484
55526
-82323
-22423
92267
36814
-93389
-32068
74942
93948
-51337
-52616
90846
56349
-119633
-90597
79787
18663
-82414
-3771
113340
-5809
-153952
-7890
24184
-5839
-97665
2923
89783
39263
-58014
-17049
42265
-18763
-68547
-26356
79641
5765
-122195
-24010
101670
51396
-101478
-37088
119910
-13619
-87296
-4150
59176
-59967
-103739
-6524
140640
-36806
-38745
20820
81691
-13940
-84504
12642
129037
-55762
-20612
56568
127400
-97828
-72775
81417
75907
-52366
-62277
-6752
43692
18054
-71808
55253
14362
-39337
-73835
39781
100739
-94639
-51331
113832
51547
-54987
-93518
70792
73104
-88626
-79996
97587
41967
-71534
-54072
71928
40378
-106626
-57179
36899
-24514
-64025
13034
93735
54889
-101217
-76491
127387
-53514
-41509
49085
74192
20961
-89193
15243
-8428
-59260
-50619
-11552
80541
4401
-52912
-22111
72524
62247
-68655
-47239
97396
-12542
-71629
13568
45585
-113785
-71559
40811
61907
-18603
-86893
12828
25926
17146
-45509
27230
71490
46709
-112177
27535
93162
-90410
-86047
75673
74597
-27878
-97596
35553
90355
-2972
-96375
45846
48277
-24906
-37374
54225
41113
-31748
-45033
75789
99644
-93093
-39342
1609
58899
-88530
-55721
39956
75030
-2997
-74784
26971
20271
-69520
-34882
16485
3986
-69122
30515
-13850
-69217
1394
17168
58446
17781
-71586
-64789
40182
58462
-108724
68208
56193
-39041
-101734
27799
113836
-76697
-40237
33557
117429
32044
-68123
6264
63355
-8278
-80043
-7444
102630
-63368
-15798
13644
113814
-11374
-38537
3604
69130
-5162
-99957
70124
101324
-9713
-55716
86744
75011
-38776
-86591
26249
78512
-43374
-53680
12269
23294
-36335
-120483
28930
-40107
-78825
-12928
32344
39809
-24462
-40192
94099
23080
-70558
-12570
85309
25302
-99306
-19457
55145
5896
-28145
-54952
2016
9709
-97843
-9465
32664
80238
-34608
-52106
133956
-34758
-52834
31931
61001
15255
-24238
44642
54859
9122
-40638
-7459
89983
54088
-91482
-92468
69215
4056
-53145
-57003
76235
83086
-86285
-19033
96532
-11280
-70406
-13267
50132
20524
-66542
31421
29829
48677
1774
-32008
-960
27612
-48831
-3659
65015
-51451
-36865
23999
66915
39089
-12702
4603
64456
-72028
11529
99638
78213
-59475
-32994
-6570
51454
-43260
-76276
127294
-7022
10396
-48734
75902
73521
-72021
27455
-12985
32143
-81713
-95697
58463
58811
-83688
-18320
61990
73393
-25252
-30458
35562
-43235
-71151
-22552
95178
46308
-19950
-1079
3581
2678
-44878
34304
46571
-59339
12335
-26871
110526
-19187
-62252
34615
76333
-45670
-64936
38264
41743
25606
-14610
41031
49144
47280
6412
-15325
80648
-17528
-55987
35642
43358
-51344
-50571
-16052
-11921
-29095
-75266
-12351
108772
-45127
-86193
18062
1529
-94924
-58685
14978
30848
-6249
-16596
55905
31851
11397
-69631
10698
35164
11572
-1996
16188
2827
-25223
-66188
71814
33482
-28352
-72525
61620
-57393
-102061
-17781
33458
56719
-39969
-40916
44666
47611
-57260
-10679
76057
10667
-72026
-8183
31254
14456
-21630
29264
82747
-47810
-25725
-539
74295
-21814
-29231
-353
67340
22344
-7950
-17235
8282
-2538
-69633
14591
45770
-18155
-45857
1697
81013
-22957
-44049
51228
6249
-2517
-15960
22093
6926
-6341
-7900
-449
66555
-67930
-5327
68283
82666
-59486
-53788
57041
19033
-126155
-28495
91983
