#SpinCore Technologies, Inc.
#SF in MHz
#SW in Hz

[HEADER]
@CLASS=	RADIOPROCESSOR
@FIRMWARE= 3087
@SPINAPI= 20130917_x86_64
@POINTS= 900
@SF= 0.000000
@SW= 30000.000000

[DATA]
76938
581921
-39481
-762873
85467
799341
-164501
-851476
227498
849638
-338252
-771801
371368
804013
-425420
-838364
481031
878914
-440773
-919461
589347
797011
-576995
-900791
625715
828276
-732142
-806030
719152
789061
-806647
-718529
780277
741101
-857048
-744667
888896
669146
-954862
-600394
963605
573703
-975757
-546572
1000177
469119
-959710
-478841
999754
389707
-995406
-384507
968384
339660
-985146
-363767
974420
210796
-903886
-212307
940738
245469
-943540
-163571
1032753
138502
-960620
-88127
919681
22370
-928926
-39042
911533
-3909
-920707
134515
864745
-103362
-887644
136949
822958
-167094
-790378
246313
853416
-248797
-734397
322476
794015
-317140
-738506
359878
734701
-354395
-620798
382613
641754
-423683
-632419
444635
604140
-456141
-523537
385465
593952
-493889
-517179
497078
544366
-506558
-448512
577146
396274
-549726
-367261
567313
344736
-578855
-297206
557380
308440
-624090
-326281
649898
241417
-624151
-254628
597395
184412
-614718
-138446
572667
114788
-604503
-81766
655703
126622
-629759
-41849
631299
15514
-632594
-35804
585369
33613
-570089
57537
569139
-41148
-540526
67852
543533
-161227
-488295
132593
533082
-132707
-476310
145045
480971
-218145
-502495
223669
433884
-262216
-443627
338634
500110
-319429
-464670
302721
424929
-335117
-379749
313011
374356
-324138
-373273
366025
344824
-336513
-327935
322888
342551
-359588
-295215
300083
198237
-422887
-222265
389551
258299
-382022
-210132
458344
195311
-411589
-164313
429714
130064
-400817
-95619
456508
100022
-370686
-75374
398875
89038
-368434
-97976
437696
-23441
-421389
19874
357450
-32193
-376750
39180
395555
34139
-392150
25666
424522
-99578
-391531
126675
343815
-79513
-340783
137136
350223
-146796
-367507
127867
340249
-136628
-341945
173917
338807
-142240
-263617
263688
312926
-238020
-250680
149398
253287
-207869
-197569
169931
189544
-182313
-234680
257691
178242
-198111
-179716
216679
204995
-275322
-126771
294653
153159
-329466
-196634
267266
144324
-263273
-111930
307950
129022
-330011
-110368
358878
109749
-286842
-93570
236054
72471
-293994
-35278
332552
69963
-340538
-19073
311295
12677
-338028
3597
257933
-68202
-277361
49604
291045
-18983
-351010
21586
274018
-46849
-232254
76599
361252
-58703
-262507
158192
337195
-141334
-236689
87759
254558
-153819
-208600
181753
250173
-195355
-235487
153670
271697
-185369
-169366
174229
216933
-190444
-213213
215004
174597
-155322
-119600
262902
178745
-203147
-201467
242708
109010
-189045
-205602
201085
165326
-186643
-201916
178459
133531
-239892
-85696
236182
109965
-247216
-91985
207635
93130
-272051
-102076
267902
32531
-288629
-71432
273146
-15582
-302389
-17836
247450
-15088
-264966
49158
293864
-19902
-204675
63427
201627
-73409
-215318
122633
284010
-42017
-224842
71164
214951
-74379
-157478
124503
215368
-74973
-178521
136081
186907
-154571
-177209
98352
225376
-188780
-220939
152847
186587
-133516
-167606
175258
166152
-144043
-145272
170506
122876
-175056
-109154
224705
26946
-282127
-128547
113633
95848
-170259
-89746
265727
73337
-196449
-156285
186250
97749
-174896
-41147
205580
28702
-208791
-21515
234065
-13463
-178104
-72818
180040
-17978
-241011
4557
183825
-28330
-191362
-25122
136453
-18691
-234061
54053
158313
-75079
-219888
66819
251338
-25448
-193350
53583
181350
-164291
-132587
117560
93693
-101052
-170168
112057
192785
-134467
-101018
181856
126120
-123347
-110292
190349
164090
-157575
-151088
114968
160506
-130769
-89645
112186
70854
-149325
-38163
130077
32100
-158658
-131583
186733
107215
-206912
-103709
249309
100548
-160112
-38392
154195
59371
-188116
4719
176129
20910
-137174
13083
201320
12284
-184221
1527
208559
-19767
-165963
3214
83351
-56108
-165147
82995
185601
-29828
-125135
85344
166748
-105360
-155647
114369
69225
-48355
-140942
73243
161145
-119765
-84760
86362
131911
-109469
-118797
128118
152370
-79493
-51474
67605
109453
-121657
-96711
93934
101808
-78596
-111339
116015
85315
-83927
-168730
190470
95267
-106713
-109996
157581
104618
-90785
23170
52626
123448
-141121
-42119
170689
127563
-213762
-10715
161811
57436
-135748
-39674
129660
-23859
-99313
47870
106191
-59254
-173108
-1413
147978
-36069
-94722
-42922
79415
-6409
-159376
-23164
90021
4685
-172189
41239
150362
-111454
-57552
100306
135101
-74799
-109510
38844
152249
-135566
-121135
69263
84445
-85033
-89571
99304
118425
-97210
-79713
56805
20484
-124075
-119246
156932
79149
-88172
-32406
120719
55000
-114340
-103862
118968
-8836
-160518
-16510
145226
41313
-66572
-14326
64889
37995
-175344
-28747
113893
33223
-160401
-27156
80019
43462
-104465
-62
77059
80721
-76290
14885
92546
732
-90234
-31580
133920
164
-90433
92253
61853
-26804
-133126
-3624
40557
-25662
-99406
73069
81348
-17420
-106387
48872
92043
-64276
-29592
60102
70533
-73456
-33048
38197
99981
-45788
-40090
58016
63920
14431
-105593
118745
42658
-48047
-35427
93950
-25969
-129245
-78953
113371
24858
-76799
-68401
97804
-23898
-101577
-43602
122580
41888
-120975
-50944
95600
2959
-91478
-1883
116646
54046
-91793
-5611
99914
-474
-106624
-26302
52060
7245
-142528
-28286
48851
21971
-61554
15686
124372
-71591
-76490
63037
103760
-83156
-61917
74219
76981
-17093
-37317
1868
64427
-20034
-60180
120900
72647
-59195
-37907
-25163
90952
-33078
-113874
65918
28609
-71194
3822
32744
9620
-51140
-66553
71352
-11027
-96284
-72905
72506
25993
-81920
-31754
86921
69354
-59112
-42598
92603
9920
-111444
-66136
81655
69194
-77524
13313
77344
2605
-160172
68350
137148
-43361
-73392
22398
69455
-35814
-70362
8312
75287
-89458
-172188
97810
104848
10610
-47873
33147
5257
-37499
-31627
24236
106957
-100876
-23541
5466
56252
-60574
-87858
89478
91831
-16246
-18363
46152
55607
-96911
-97166
79456
49257
-83822
-134191
35117
9460
-63105
-14661
45185
10317
-95031
-41872
46149
50
-69684
17230
21185
49327
-63273
37536
49612
43462
-128789
-20130
79067
-4425
-79733
-16784
104783
22968
-126199
23935
42033
16813
-92204
-55546
39914
-20639
-87450
35128
55815
-36846
-113382
9369
19649
6042
25304
-1449
70482
-68308
-60571
46106
27350
-5687
-64847
44188
2130
-13267
-19410
50314
19436
-40645
-45811
102821
63007
-96512
-33869
69823
23265
-67527
-33226
28382
47328
-65751
-17900
93623
54608
-16816
-53827
151393
3440
-20654
-98123
26115
26507
-82876
-53743
71646
13558
-65672
21321
-17901
-43301
-106478
-10176
92446
-12534
-3427
8802
97973
-40045
-20606
12122
116563
-19659
-56352
-33324
46849
26932
-83660
1375
119695
-11605
-25598
45419
45426
-38749
-98935
11538
13146
-3315
-43254
-8074
63125
-12670
-66018
-9579
47464
-67377
-10906
29853
4898
-27670
-830
42881
59720
-40552
-50064
61177
36205
-116708
-9879
43710
-14016
-8918
-11327
31303
41513
-55358
14692
31639
-46474
-15406
-48757
122115
-18193
-60003
-16811
105596
-99396
-48450
63006
61664
-5467
-74913
-12434
101013
42203
-9326
30919
36425
-23489
-117876
53265
52302
20137
-71298
-51229
29745
-14619
-22684
57286
53334
-10113
-17139
91244
30202
-5745
-76951
42531
95458
-74392
8618
-46694
48721
-55440
-47152
62052
45140
-63003
-77780
-32313
127791
-87103
-73262
108087
76279
-86263
-63849
65104
-780
-64174
-55776
49353
57116
-94485
-75220
54794
-3294
-110933
-62578
129508
-6050
-25091
-35609
48399
56
-67496
-47077
69993
-14664
-58274
38511
97013
-40993
-102656
-5206
93057
-29498
-96395
-21289
22031
22388
-42239
-2267
140132
-5521
-74174
37355
56798
-14045
-102829
26878
41888
-11171
12538
39705
63549
-121657
-7001
26972
124806
-39286
-98218
87751
5432
-72453
-55148
56393
35370
-33822
-36130
58507
-19075
-11068
-24327
78486
80186
-67305
3940
95202
44210
7888
-32786
120915
38839
-72657
3681
86180
21691
-44574
-55
67762
42060
-101699
-54787
82082
-30962
-11234
55925
85030
-46859
-27612
16786
54168
16505
-123805
60639
49217
-4998
4171
43624
-1475
-35912
-48554
-37246
12536
-2249
-37375
15276
90027
-4077
-50547
35346
14023
7707
3834
58686
75075
-125219
-23867
44610
11609
-85691
-40437
83669
39774
-589
-40130
81948
57429
-71355
-32985
-14680
-13804
-20377
-14909
72165
22991
-75863
-9308
69291
-41866
-24987
-40635
117632
-24902
-20879
-40336
54721
31651
-60072
-50222
24800
-5157
-85886
6532
108049
11195
-38823
-38325
72315
-15838
-27661
-15244
75504
-39568
-13548
20117
79754
-32276
-58109
26527
36509
78072
-69426
-10500
59273
-30746
-32196
45512
78027
-9486
-32926
45565
73177
-41759
11008
65730
63782
-79465
608
22900
29463
-46624
23536
29433
89046
-30849
-24677
27688
8223
-53889
28625
61033
-103428
-13727
39064
45818
1333
-87164
-28916
115884
-29508
-103457
-74367
65522
-1012
-27414
-19622
60720
32138
-84347
-6734
30155
34004
-58849
14780
55127
31011
-31457
13794
32502
-28579
-63987
52004
86409
-62876
-67904
-58428
60603
-24079
-15049
-12172
23879
-71971
-44881
34929
79620
-103765
-55903
32110
72676
-46154
-7764
103316
-8564
-4365
-34387
38537
9371
-18098
21584
8398
38135
3710
-41485
67333
72618
-84849
-41396
85609
-6986
-50711
-19806
26642
63624
-114521
-20399
70451
2972
-16426
-54406
-388
7246
-44234
-58260
73094
-21966
-33901
15566
59399
-18759
-14083
-28217
69909
14820
-28756
-39267
70798
17358
-70688
36483
32360
28867
-2060
33808
44503
-31171
-82330
33676
39690
-27495
-80772
-34223
63333
-35205
-17626
43464
25367
-20871
17322
18611
-24775
-26631
-71418
-16820
14781
-25540
-27254
71506
29406
-42073
-37703
21674
49038
27960
-22788
47338
-9589
-16482
-31358
60649
42871
-86613
-45453
-6219
-1098
-49561
19078
54658
64694
-98600
-46671
65656
-54937
-15885
-87697
93763
11093
-42684
60662
143190
-24167
-56007
38204
-8415
5081
48273
-1767
35500
-19921
-6485
33057
39197
-65411
9305
26049
63009
73108
-16965
43081
63422
-10266
-51901
15943
23586
-27342
-71377
12904
20397
-47206
-43037
49707
69127
17109
-1829
60756
-43896
-45160
-23910
20838
43802
-11787
4617
28883
14729
-26400
20232
-16653
-74029
-28934
-26474
54290
6577
-84389
47286
30026
-111051
-45608
36802
-101
-5241
-5910
531
66309
25147
-21633
13277
59789
66549
-46225
13115
77887
10369
3178
5283
-7503
21206
-63415
19396
-6213
9063
-86634
44543
50895
-29836
6569
26442
-24064
-52187
34273
5922
79830
-54772
-72502
26774
-461
-2118
35646
-35812
-7704
-74128
35494
33606
17178
-37768
-56848
-5016
42771
-51059
-2134
7862
-35547
-83953
-59440
5523
47082
-51835
32256
26127
-9825
-107258
-91361
32125
93635
-32482
9575
121385
-61319
-33555
17054
-10472
32334
9501
35344
76535
-707
-120522
-14918
77620
-5675
-12317
36719
59174
-9736
-110087
-27901
13097
-16904
-28386
98550
113098
-21123
-42262
-10523
3497
-3322
-10813
98966
19440
-31461
13560
-15668
27455
8505
-44306
-20149
-18376
10382
15549
46390
35161
-40029
26953
26143
45177
4012
-86417
9838
26785
52189
8223
-7864
43351
9179
-42570
29089
-21522
5394
-12418
15592
8154
-7307
-10394
46724
-9701
-42162
-38906
10572
49443
-20610
-17486
-10714
27993
-23678
-14118
64450
20167
-53900
-11784
22107
21120
-38028
-21489
111701
54519
-38760
62935
75526
6382
-22758
-54301
47332
22711
-22561
-11956
86279
-35530
-70638
19969
28751
14009
-17829
-43035
4248
-38625
-53219
10357
39555
8307
-44546
46596
55721
-60879
-15576
25349
30882
-14657
11004
-17371
-25997
-60334
-13581
-19233
5049
-25743
3737
19729
-4231
-59600
54962
82567
-41486
21922
-3706
-14665
-7966
-43450
-5796
81621
11644
-1535
3138
36637
31401
-64955
-30225
30468
23042
-19003
30322
43948
-40893
-57160
43529
-45138
23642
-57410
-18108
43577
-1858
-26551
19170
22404
-27138
39900
75849
16593
-14803
5475
33376
65029
-34741
-73639
1234
10956
-84503
-46077
-29649
11252
-32451
57845
51510
18026
-84208
-21097
8525
32441
840
5738
48159
66730
-286
-17443
-10430
25380
-31551
-19167
44537
44362
22568
-47860
36980
70496
-76425
-18460
12649
22942
-22350
-3471
26745
13673
-40290
4699
32864
-89573
-63871
24153
25620
-256
-77847
-47261
59546
-5205
-42909
30112
12505
-36174
-52357
-47152
25165
7503
-14663
89688
-24105
-65682
29546
85010
-42423
-12929
45600
110413
27049
-2696
1247
53781
25952
61409
-16120
4898
21616
-32895
21419
4977
14816
-58947
16457
13141
17692
-45115
-52212
5358
-19020
-13071
762
90973
4719
-58905
42334
38783
-16647
8062
-8843
-232
74438
-34150
-16493
40501
58173
28570
-51167
79899
-32845
-40639
-1778
62130
32961
47470
6264
47794
65282
-52080
8428
24488
-23490
-13680
17144
97169
