#SpinCore Technologies, Inc.
#SF in MHz
#SW in Hz

[HEADER]
@CLASS=	RADIOPROCESSOR
@FIRMWARE= 3087
@SPINAPI= 20130917_x86_64
@POINTS= 900
@SF= 0.000000
@SW= 30000.000000

[DATA]
36123
1072238
24471
-1212977
120160
1341278
-83706
-1266563
212171
1327005
-301885
-1345796
372422
1336248
-465314
-1316334
487800
1360445
-624824
-1335970
679797
1354242
-755159
-1329708
788202
1270309
-831693
-1227867
961469
1202451
-960129
-1210416
994196
1111881
-1053218
-1114991
1109934
1104704
-1100624
-1039290
1141924
960871
-1183736
-905542
1231741
837970
-1134489
-786501
1188008
710482
-1250588
-631476
1176690
549108
-1280037
-577563
1264022
480384
-1228595
-389251
1232535
363625
-1296868
-291185
1247866
284157
-1263900
-301945
1323322
149641
-1206595
-55419
1193640
23999
-1191686
-13432
1193327
-6097
-1142974
121375
1084267
-131534
-1142459
165161
1082347
-221973
-1080167
257105
1034108
-288624
-1023801
296973
976743
-319485
-920370
400371
919659
-383831
-945307
494100
888014
-505117
-866262
467801
826982
-520973
-830452
596817
669807
-567932
-734898
600841
705505
-666569
-672797
640897
603396
-652660
-614000
662846
489677
-646050
-466376
720435
464872
-755584
-491631
745189
393758
-732194
-315505
765496
328246
-720790
-265953
750605
215356
-794726
-225375
770596
196691
-751660
-178482
767481
164379
-770278
-119569
761917
86993
-762765
-92207
797966
-35116
-737944
59980
660388
-20622
-748657
68614
725099
-124028
-736110
197793
698832
-196904
-696554
252990
626499
-227394
-679814
248611
621783
-256401
-578972
317368
543362
-297712
-563746
301492
614004
-281865
-539098
368322
528568
-342149
-501762
393955
453548
-381621
-430605
440311
389080
-420776
-359101
440128
372664
-477768
-379042
449568
365355
-452231
-311178
444033
295586
-516748
-299867
473647
274654
-512367
-276239
465455
168169
-515803
-222283
564611
215126
-541594
-109123
496097
125140
-607425
-135796
549946
87170
-538012
-29433
446631
5789
-516637
-78824
564494
-2942
-505182
84727
487678
-64978
-438951
105714
443068
-97216
-503461
67926
487990
-95603
-434054
93119
459089
-119614
-449101
164055
471939
-228920
-378865
187092
446740
-203869
-401776
253977
362922
-235352
-310765
247550
364858
-343644
-276478
227617
357038
-272145
-287476
268069
336368
-294665
-266459
309727
238972
-304539
-221793
314478
232608
-335723
-207817
337184
225011
-411746
-223944
354405
168215
-389252
-174288
410401
133607
-364653
-106259
447877
187424
-387742
-49892
348485
47237
-398202
-5041
389708
-36361
-440275
-7412
413827
-18376
-373294
7548
348055
-30759
-367465
3500
377152
-63899
-360117
109693
352273
-100811
-312212
94363
385727
-108122
-337122
134343
362031
-118197
-282356
174599
338478
-137026
-285140
220192
273954
-180054
-294353
163506
300836
-231077
-233529
255691
232648
-254633
-298829
214469
227816
-221786
-212492
241323
156069
-270630
-242092
292058
133092
-263120
-204026
265206
212714
-240942
-122044
267892
174516
-312798
-130015
314514
110606
-290958
-143364
286812
120687
-286837
-6934
346709
59198
-367031
-56005
275712
-2196
-289934
-59701
347422
-7190
-318386
-35368
262423
-22049
-299029
36257
349508
-32718
-284439
63571
257226
-73768
-255387
84326
313110
-92368
-264743
113163
284737
-76618
-281065
104517
259632
-150788
-289928
123790
156590
-165510
-227636
201178
204011
-153296
-201176
166463
204268
-132136
-237268
182271
207718
-223068
-222931
216909
199304
-258388
-119619
256142
175271
-214854
-235143
190918
153109
-155494
-49958
234924
120472
-298652
-108069
196599
69009
-242228
-66666
227095
34904
-241623
-48777
273684
51378
-294980
-92045
240853
16934
-245953
-51775
251572
-7469
-289595
26938
246322
-22944
-253528
71772
281582
-63039
-297601
76245
262192
-53547
-172940
22059
169035
-103502
-163237
84450
214370
-69451
-218979
134233
287548
-95989
-158493
111534
214991
-80789
-111739
135275
200249
-153904
-223175
167253
171301
-163604
-171472
165654
113258
-154521
-139622
142005
101229
-184605
-111600
163188
115794
-157716
-168672
218886
124558
-232417
-112525
171909
85020
-195616
-120640
174780
105409
-178750
-116931
185387
54068
-201053
-3135
216356
-45522
-253501
1334
183394
30415
-188632
-22398
188948
-990
-189554
1410
123039
-45414
-208924
46135
179905
-75613
-214368
55524
212002
-87485
-205983
67841
227412
-67467
-152314
138760
202411
-80107
-151412
143195
206855
-61385
-120899
70576
141587
-103139
-108905
96872
122505
-92288
-96969
166825
134984
-162263
-141606
191874
86216
-69409
-109928
122294
93636
-148222
-104607
135856
121951
-148860
-46458
140845
8099
-138568
-67507
172214
14395
-123768
-16510
166972
34726
-198648
-83482
177672
-29581
-201708
-84776
182527
-46752
-183497
-19285
198641
30955
-181305
431
200451
36373
-214928
23215
218856
-53424
-114122
94940
119925
15143
-156248
57156
169413
-36980
-184753
80381
138828
-80503
-120521
108078
140655
-141834
-54744
84525
149027
-162405
-133442
47588
116355
-39680
-127975
105735
73652
-50054
-135467
137273
132000
-137113
-149493
177253
87700
-102563
-87075
191016
84772
-116278
-40523
127892
58076
-109972
1845
109167
11538
-129910
-48468
245092
10688
-153371
-35503
167422
12439
-113702
-24119
164704
27029
-162719
24696
186869
39928
-146427
-22076
199654
-22385
-118914
31956
150061
-27711
-126686
53553
176257
-89838
-99989
25976
75971
-11840
-73888
67949
105165
-78920
-109788
32698
76082
-11559
-148110
42380
95561
-75044
-91540
68409
93576
-43260
-63864
123949
106736
-20844
-129922
99469
18352
-95285
-105170
69463
54036
-41384
-55333
139199
73842
-138752
-71473
123678
47350
-154846
29983
117985
69765
-158099
-48774
118377
-8641
-123839
-12063
130409
-68317
-129170
22186
165553
-7037
-149554
6954
129997
-51179
-177857
-13948
148971
-12686
-131836
46780
98407
-52824
-122546
42056
110029
17263
-101377
22544
116148
-51332
-94762
91818
105414
-12096
-120272
62157
67272
-113513
-30906
56175
80082
-55822
-108814
77005
106233
-90499
-85316
33799
103484
-92730
-46144
90216
78668
-66171
-69773
88494
46251
-137211
-37733
118580
59044
-153174
-16393
53008
-17050
-106543
-40153
125572
9295
-98604
-26905
113376
-34359
-115217
13769
131239
-2072
-59907
-60298
129997
14651
-125663
37565
76575
27425
-70364
-24281
45412
-32545
-113163
29455
63810
-59862
-69107
18699
93424
16085
-96250
70763
121374
-58458
-73088
28572
107743
-33437
-80023
56361
127770
-33801
-130493
35947
189992
-113397
-112674
77339
87123
-56151
-95879
29841
113284
-56898
-63100
54418
37949
-100642
-65344
42650
43432
-63510
15075
20425
79213
-70974
-35188
49954
-25871
-60495
-19211
83891
62546
-28377
-32460
92499
39970
-70035
-22243
97076
55861
-94095
-6233
61486
-69318
-65076
9533
91534
22055
-69750
63932
104964
-53262
-86172
3454
45054
16928
-54027
28776
89002
-40198
-120499
11171
68571
-70584
-71332
-6978
56994
-97806
-47106
36189
93998
-5130
-94097
5504
87590
-39657
-32005
35186
61326
-94595
-39793
70570
46279
-15873
-51614
8322
67812
-15408
-62481
97872
43657
-13732
-53501
40844
76897
-67692
7392
73220
43888
-63301
-84100
46067
35194
-138769
-44379
72664
74236
-49505
17338
119589
-47328
-124708
-19998
84401
34012
-105027
-52819
64090
9166
-121603
7738
89328
-31482
-25918
-35289
94799
-16097
-91329
-18508
65075
10379
-47716
36371
81272
-24904
-54806
43813
112408
-61119
-72256
18759
-1428
-13579
-47711
45950
90811
-38832
-113222
60527
12630
-69762
-19724
34031
80656
-1604
-56221
41351
88835
-6803
-47237
3332
88103
-56640
-35957
121659
11578
-64023
-93305
73364
68707
24137
-14740
61287
38935
-113267
-71133
103683
56004
-90306
25019
52429
-4224
-61549
-55052
92293
70532
-116569
-1048
133159
52
-94733
10274
109367
16283
-88325
-36475
67006
-65119
-60339
6951
62333
-14804
26917
2055
25752
-6705
-50939
93188
128999
-46643
-112088
91316
64923
-28255
-70718
68947
90913
-34602
-75137
42314
68807
-96233
-69663
101617
26015
-109190
-56138
91180
65486
-22142
-47181
47767
44759
-75585
-58495
47857
27439
-63879
-4926
149748
87393
-39031
-5440
121372
-23551
-56650
-57694
76196
-20841
-68227
-32988
26669
7812
-67634
5524
104566
5662
-91848
-17699
33420
-33169
-85670
-24597
101583
41595
-46215
37491
86614
-52379
-52307
19992
77914
-25143
-49409
-33625
106369
-38489
-132805
52514
159080
-50745
-61950
81908
102216
-60443
-28311
59066
119361
-39161
-58866
58077
35035
10722
-5832
-16800
80550
-74219
-86987
30201
84918
-52502
-56678
62142
123900
-77469
-78881
40059
24032
-61234
-50845
55028
35438
-87648
-12617
12295
57586
-31233
14791
35657
34241
-105314
-62535
99250
17301
-69643
-47074
60544
44499
-35855
-1769
27631
19270
-75939
43534
41982
-32367
-38765
16254
86376
13404
-68132
26217
24822
-7961
-124791
27365
83520
41443
-94673
-66063
68503
54662
-49877
49198
68434
-34939
-77147
31009
77259
-51995
-53579
78197
-15181
-74761
-57835
135503
20678
-23638
-46295
20603
47998
-54419
-62570
135007
64740
-69474
-96792
45666
-16243
-88076
-21682
53510
11566
-76010
-31322
23267
-5401
-89642
-50149
76386
-77861
-115996
-53347
59309
23317
-112503
-26273
75934
-139
-64521
46120
92096
-24270
-46305
21462
117086
-28134
-110773
-12134
55611
42414
-64556
-4581
55075
-5941
-58878
-4347
81101
-34361
14187
6298
60263
-20221
-71397
31833
74773
-103406
-39966
43136
73346
-26483
-32675
1964
16210
-40278
-54255
103850
53668
-54066
2456
37681
27136
-51069
-31461
39053
98421
-30318
-29223
91664
-15288
-71832
19775
29932
97128
-117202
-33141
89311
38078
-86978
-5398
70735
14766
-26401
13079
93037
-9529
-73434
-64119
56661
-102572
-36558
-976
38119
1413
3288
1990
90007
-38493
-92955
28675
59432
-65041
-30735
-12041
70568
-27674
-144692
-56524
49064
-135843
-83532
61989
85495
-7861
-85650
59656
38465
-15127
-75225
59139
47119
-21595
-6492
55912
93931
-4194
-45413
82038
8084
-90328
-36135
60051
87266
-51585
-38619
28020
49202
-76638
17194
33715
-22583
-19061
-27810
37525
62411
-70438
-7672
42527
-9341
-64564
-35682
-11275
1415
-20735
50784
79214
-55182
-75767
54299
22525
22750
-90693
20579
65448
41374
-65208
2975
50118
46675
-107494
-19468
99119
-16233
-78852
69044
14365
-394
-106482
-54524
23788
-34691
-63505
26091
20627
-33649
-45547
30632
18002
-64738
-63511
-6952
-18800
-56098
-62813
28303
74934
14313
-37142
35378
66604
-48051
-9915
36266
47580
-121478
-2024
2155
-32812
-30223
-67887
27591
88672
-2343
10723
12242
43752
-89988
-8196
103202
-14025
-13155
-24567
11745
-28293
-56471
-20960
65105
78865
-18057
9590
-11543
21866
-77145
-18413
59179
-25657
-37038
7542
37370
-16415
-70850
56544
44831
40312
-31545
-14273
32708
29283
-99918
55553
33280
-3493
-17408
39266
15099
-69699
-106563
54698
19397
7901
-49261
-24145
12142
-2393
-77035
51286
70183
15806
-78311
-6633
123599
-605
-120902
11119
50668
-41091
56594
-10143
56793
8963
-69906
54299
123303
-57392
-57038
-43573
76197
-38658
20741
99056
60221
-37970
-38468
22174
91817
-16963
-42006
21710
70749
-35869
-10505
17652
-2966
-53258
-31453
-21052
7514
-61671
-89891
79458
30787
-47182
12192
35651
54140
40945
13133
65343
17892
-40087
127962
76049
37311
-29102
91094
29795
12188
-47588
2131
21706
806
-18248
16673
18225
-15247
-93208
22254
20913
13228
-46134
27982
42033
5809
-13075
-16251
81749
4141
-17236
4108
88954
-41599
22044
18772
16520
-60678
-1102
-470
-7282
-5066
-29038
54992
13574
-10659
-47252
57087
105358
-57764
-38422
37209
6421
-32700
-22945
14196
-25130
-45112
844
14633
-10213
-74825
-69439
47193
52052
-52561
-31627
7915
138
-73019
-53865
42471
-21510
-26481
-47091
36447
32107
-118492
-26536
105752
2534
-13193
7211
57636
-33421
-42682
62569
64845
-38738
-46970
29373
29803
26603
-33859
73606
30835
20380
-27730
9043
53555
-29912
-58261
35196
32158
3686
30735
13104
3724
-21256
-16772
60146
4868
-50864
-22190
21236
44165
19511
-67134
49387
28538
-65624
32322
28491
54417
-74641
-30182
68260
57020
-43458
15793
-19428
12111
-61025
12991
30857
57729
-53782
-1827
1436
-38675
3760
-2667
-944
8152
20349
-13690
53035
36730
5814
-1598
31891
-2673
-39268
-3742
-13153
-23508
-87529
-9424
18172
-19463
-12472
42850
75731
-5725
-23591
542
-32467
-7843
-12844
24871
65841
-39317
-59214
-28372
20410
-6253
24355
36430
7234
-62402
2052
-17879
6701
-96676
-70821
78207
7024
-17284
20366
17164
-12365
10648
2640
12900
-47795
-44565
-42753
98090
56177
-73183
11471
50493
-5099
-2107
5346
67419
22728
53585
-19060
-12898
-2450
-99482
-11265
-10617
-11620
-18032
-11457
36366
7407
-35047
-14847
5163
-57185
-34507
41096
55503
-3076
-68327
10680
27144
-21775
-33272
39214
25628
-19488
-36869
14921
54007
10941
-12224
7414
-935
-12429
-56667
8713
65662
6398
-58568
87199
39071
-30762
-83434
40863
58045
-55365
20446
35180
29490
-21905
-41158
42632
-20684
-5953
11982
