#SpinCore Technologies, Inc.
#SF in MHz
#SW in Hz

[HEADER]
@CLASS=	RADIOPROCESSOR
@FIRMWARE= 3087
@SPINAPI= 20130917_x86_64
@POINTS= 900
@SF= 0.000000
@SW= 30000.000000

[DATA]
6941
2728187
349752
-3037829
-184199
3045692
169429
-3054351
-15288
3104335
-148816
-3133052
340695
3137251
-443191
-3167717
564493
3135892
-644970
-3092122
824578
3030898
-871451
-3034765
1029764
2908475
-1129994
-2854184
1240377
2830979
-1290288
-2706883
1404228
2747668
-1497285
-2597870
1568724
2519318
-1570572
-2435103
1723802
2357918
-1680512
-2253878
1736905
2142170
-1744101
-2042076
1785019
1889020
-1908231
-1927453
1907618
1783711
-1947207
-1675692
1939293
1598800
-1954012
-1454956
1945139
1412154
-1980076
-1348557
2003685
1260137
-2022732
-1143641
1993603
1043053
-1978574
-944996
1982568
886399
-2011756
-799050
1962528
759672
-1984566
-636741
2028865
624432
-1930082
-500186
1971074
472278
-1987378
-331984
1886263
305533
-1910719
-208971
1829463
146660
-1803002
-114031
1817121
20720
-1823950
-18372
1824929
-64712
-1756590
72549
1743088
-220350
-1730466
198153
1715169
-274017
-1734473
279411
1619235
-390478
-1572799
405452
1565647
-464680
-1550542
523812
1504622
-543729
-1425179
622737
1354257
-662134
-1325999
691327
1331432
-771825
-1316951
744190
1191229
-774355
-1240087
744213
1089262
-813717
-1083947
805512
1115080
-830407
-992262
971411
1040415
-964428
-907632
936369
940210
-946075
-833548
957102
881673
-987216
-797042
1014336
702232
-1018291
-659821
1001162
695552
-1125603
-624561
1092079
547545
-1056254
-567173
1072138
480234
-1043653
-384985
1096089
459169
-1069590
-431932
1136158
363158
-1107251
-277176
1031974
217408
-1011120
-170017
1041606
165851
-1020931
-177489
1070553
105699
-1078697
-65632
1019900
3897
-1031320
-3346
985428
9820
-987399
70397
1019326
-85806
-1034955
191113
982158
-202047
-983925
266516
901710
-237207
-876389
179827
944902
-262832
-915356
291702
918990
-309706
-863767
397621
779195
-382724
-829178
373371
782054
-381423
-748335
397685
758201
-434828
-731593
498075
763844
-524469
-702229
496949
628848
-532137
-644001
604160
602930
-527332
-613782
572753
560428
-513374
-561238
638426
556305
-655571
-482220
707305
509555
-696990
-451352
647037
444963
-544946
-465764
647847
448113
-672259
-340416
674285
330172
-698733
-409654
630182
260290
-680762
-325335
653845
246936
-743889
-252154
682389
273915
-684301
-229605
737979
201711
-716882
-132268
688230
52970
-660464
-45435
620807
99722
-682235
-35528
673491
-33680
-684384
47659
700672
-70890
-719601
11769
691033
-91023
-727550
94462
602617
-102117
-680275
110484
588651
-145772
-619422
210767
596652
-180597
-644834
219812
582562
-282571
-543331
237208
549442
-263755
-579386
255183
570362
-314035
-559465
302727
525545
-264979
-472515
373585
484731
-347167
-493224
369317
492591
-412002
-414002
429029
403934
-358989
-368311
433047
314020
-450059
-390469
446270
385197
-517139
-371816
523151
328913
-427016
-259360
469368
252579
-500794
-230704
454976
226300
-483995
-271876
483890
200052
-515497
-210203
492000
221755
-520874
-195649
457394
135975
-495169
-148001
493915
114708
-498387
-97626
541520
121027
-494532
-110530
460702
58190
-529498
12525
528176
7049
-542686
-4476
520537
-63786
-563938
-17756
485018
-71056
-510845
93946
427229
-50462
-442465
84379
506411
-120542
-524653
106328
487794
-149079
-452142
164211
434083
-185026
-433664
140107
493906
-186850
-495606
201359
388921
-210642
-419324
263769
350505
-248224
-365289
209550
419489
-307399
-372187
282873
372050
-252188
-300289
346014
317552
-303947
-344420
280864
267159
-348468
-304217
359417
264788
-371162
-233509
343298
294322
-294318
-199625
373619
208815
-351827
-184772
441651
195557
-443661
-149627
420663
121573
-382438
-164774
445567
141268
-469281
-164901
440453
110150
-353019
-34349
406110
54329
-390355
-103054
466596
3058
-419948
-47786
375938
16471
-405523
-50
369418
-42077
-383618
-14163
362217
-72218
-433373
4366
378121
-10991
-349121
-37683
410170
-109104
-370961
62853
417955
-132488
-290945
134182
352878
-168768
-380601
180640
342718
-85193
-255270
101376
372597
-144955
-392755
185299
337565
-244660
-298220
223864
287370
-178944
-316516
164216
281795
-232373
-263211
197314
252218
-250505
-195112
307329
185098
-246804
-243120
269875
151154
-282212
-202878
328476
193947
-209273
-161693
280710
216786
-261773
-141766
296565
118496
-325080
-179124
274998
165662
-290532
-107515
262579
40357
-263048
-39198
319425
79461
-378141
-101271
291280
81154
-297386
-1150
302910
48438
-245377
-24443
229364
-2181
-245628
-15008
290443
45086
-311147
63620
301139
-90921
-279579
12771
259804
-57861
-268217
4616
303241
-110342
-315678
54851
267252
-42023
-338033
103191
285699
-156982
-199819
181287
314630
-116938
-188417
140301
278046
-196713
-223488
132371
277061
-198278
-226998
198285
220648
-149621
-189351
201663
238689
-167881
-260849
196577
163753
-226548
-167670
184693
143997
-212983
-163273
256035
205668
-225316
-124426
212237
145582
-297305
-191445
311273
98101
-220554
-103471
222830
96903
-186503
-73688
211195
170410
-306103
-45218
250828
36892
-219358
-60892
284698
28771
-276053
-95564
217333
8987
-244399
-49750
194253
56796
-306976
-39383
270769
-231
-179733
-47386
264005
-98508
-271962
-16592
261355
-29090
-205411
84832
200464
-59441
-163104
91469
222259
-136567
-258186
92457
273525
-80649
-188907
167008
207271
-108020
-238358
163733
183722
-123806
-194133
113173
163960
-126290
-129558
67851
206263
-144829
-150686
103051
162045
-187534
-155304
137202
97470
-141986
-143210
192524
165733
-174292
-92245
195666
92826
-191225
-132045
213085
144590
-229234
-148168
211088
78833
-184455
-54743
189322
94257
-203528
-27271
122894
14894
-131400
-109792
148248
56545
-161662
-66439
176887
14398
-223049
-49789
195057
16509
-194591
-10232
279596
-5307
-174011
4812
242015
-59459
-196581
13951
229329
-115195
-186121
54335
190217
-27712
-171229
82782
178935
-119194
-181490
73454
137088
-75306
-196708
88093
139661
-116631
-137982
53350
158685
-126512
-166486
130073
165539
-93008
-165280
151622
134989
-87956
-170948
129772
203731
-133188
-188901
120286
183703
-160489
-113424
155149
177764
-159567
-142640
185434
86082
-148455
-159613
155928
139312
-163975
-136903
152520
85170
-154162
-78106
96001
133525
-176836
-84536
165154
13945
-149651
-139029
175302
38727
-109565
-104423
126895
66914
-133696
-75901
137314
-10798
-206809
-15924
205402
10707
-161751
-14879
208844
-46725
-194777
-19590
178106
36497
-123172
7822
157489
-20329
-184764
29840
169748
-23906
-220775
54057
130688
-47349
-170523
44742
159214
-38773
-141860
61252
188981
-99123
-141810
163213
75926
-15176
-160390
48588
181740
-62591
-152616
67006
92933
-62482
-100278
71734
113335
-136728
-121565
125672
111574
-129597
-106466
123274
54460
-95692
-118754
127847
95335
-94388
-84776
149551
51000
-99264
-118222
158700
101262
-178318
-88767
66791
75318
-159884
-129597
127317
45269
-152356
-53155
220127
73093
-145978
-78398
120974
69488
-127621
-36171
92650
97340
-91304
10388
156622
2731
-108360
10812
163855
19899
-110921
2186
114058
45823
-168834
-31065
193711
-22747
-164826
52289
193249
-7117
-138097
54778
119536
-100805
-158633
33100
128371
38278
-139290
64840
128732
-81574
-162573
93044
138179
-68642
-99618
61880
84410
-56207
-135620
813
125299
-67026
-119307
117915
142409
-45588
-57314
80989
108942
-76729
-95560
78999
113196
-70938
-177371
54399
79735
-170211
-69672
141479
35486
-134584
-77999
109092
86562
-133109
-125132
94221
91015
-148977
-57424
157592
63700
-89606
-91180
65927
8648
-168050
-64565
187702
5480
-163920
-57905
110733
69497
-158521
-19793
113543
4479
-106607
-64219
150701
31062
-97735
-2420
133941
-10514
-96477
-7477
149351
66463
-88079
-24591
175327
18226
-91258
9343
179601
-15530
-163540
15735
146914
-69929
-79053
11323
90671
-39373
-127000
34523
122996
-65478
-140256
82465
100261
-41003
-22901
51184
124718
-62213
-90484
74379
50204
-128569
-82134
48112
146457
-112572
-127828
88241
147830
-92163
-83427
111315
113156
-144201
-119227
81252
66055
-52806
-106161
112310
133865
-129102
-19021
168046
45460
-140280
-34404
125210
119009
-112326
-67411
95631
53798
-59525
-31214
94764
-11614
-150513
-55813
146864
-24825
-52586
-42860
183192
3459
-136431
3638
88757
19155
-154177
-18960
157718
47289
-129143
27529
106958
7446
-140515
15315
175160
2668
-60957
26968
131493
-25283
-169256
39750
153340
-36763
-117332
54108
131169
-9245
-95972
28746
132184
-18626
-161394
24485
72860
-74904
-116270
40832
97054
-78046
-187266
78434
119453
-46143
-50658
73355
116954
-58279
-58716
61689
120764
-29892
-134990
58586
114250
-101333
-135199
95834
130650
-168611
-93069
80007
101646
-78215
-69034
58510
59787
-87988
-78809
107452
59759
-143544
-64094
75610
14488
-129030
-52262
128122
49432
-103634
-39110
98537
44319
-166811
-74761
113111
57159
-143555
4399
171078
-23357
-125218
8996
161727
-129
-98574
17235
153832
61923
-140292
-17420
126604
58529
-162773
-33765
166130
-27634
-84535
50222
114535
-82884
-129416
-12781
97229
-40893
-64548
27869
120789
-79044
-186093
82483
102877
-12596
-127483
49615
104835
-96287
-63118
118237
127453
-80838
-75263
36331
134857
-33162
-45102
38121
137019
-97659
-92027
68362
120944
-55925
-118890
82332
79847
-103515
-42663
98201
73219
-58102
-139359
116817
74107
-46974
-41698
126347
75809
-140360
-91398
89139
22396
-136316
-16851
65380
513
-150320
-114525
131388
55075
-85098
-16363
167630
-76752
-111689
-11325
77354
30192
-108117
-87820
85561
-24591
-107793
534
77053
8990
-123925
-2988
26220
20083
-106002
-39647
95332
16421
-85218
-5504
131762
-30098
-145425
14697
157214
17667
-102168
59268
85710
13204
-80938
13382
144499
-2199
-69272
66870
115701
-67834
-99395
96489
51166
-144803
-36452
58145
45606
-31076
-61640
24320
87110
-67460
-99633
34496
150033
-15237
-113327
90368
68407
-1478
-43778
103650
66457
-100721
-20955
13885
87597
-7211
-75678
163404
119247
-70696
-65390
-19356
72587
-79797
-56377
42142
41670
-47603
-84078
122839
-7836
-96060
-20757
94039
-11928
-120718
-82434
96236
-11512
-105298
-82798
71033
72099
-70513
-30634
159016
9909
-74082
-20915
138070
-6361
-54254
45636
116638
-77456
-122413
-44560
61265
-99337
-50748
46793
34083
68253
-109513
-54395
84836
-53532
-88782
80450
46178
-19364
-33289
73542
48238
-50590
-78075
36484
87267
-80051
-113171
-37707
104545
-58156
-40811
79312
100131
-79976
-115865
65844
48421
-39199
-96657
76581
94212
-9307
-66237
66753
23315
-92435
-63649
14919
120581
-96651
-91812
6057
62425
-114029
-78760
64723
78281
-65291
-53881
128311
-14331
-74713
-17631
87287
32646
-67746
-112518
104693
76381
-122045
-16700
39405
-40724
-81812
-263
64924
40057
-55971
24701
90152
-35749
-65536
-13308
105885
390
-65066
-58173
90782
29060
-39593
-20335
101295
-1466
-55335
51601
144517
-55670
-93210
2047
106522
-4061
-71183
41577
67694
-51007
-100134
69902
57977
-75479
-35148
49808
29179
41527
-94868
-30598
119481
-36483
-129362
19249
63072
-58457
-71774
-5925
60189
-94607
-15673
101695
113669
-20701
-41317
85877
54258
-93384
-96438
57322
131625
28383
-61731
61177
29917
-16599
-129718
75407
53887
-53495
-81403
92593
19327
-88781
-44417
103791
66840
-69477
-52597
91324
18606
-12852
-51088
73175
-19256
-99194
69031
120842
3222
-48251
-2169
41827
-25917
-55856
26890
108994
-32457
-129855
33487
98917
40021
-67945
-62254
122657
11259
-78278
2069
63531
31176
-36099
-21022
31237
23068
-62576
38235
120924
-7950
-87294
-8193
90463
-67135
-35102
26998
58625
13698
-83888
8422
68371
-42534
-34646
33355
21564
-33742
-87399
39929
73080
-60087
-18875
-13879
49304
-3050
-60387
58118
83067
-80917
-143347
94779
54529
-65077
-53906
57179
52200
-44675
13346
43875
4255
-83662
-56961
-12275
60695
-104475
-47494
78947
95791
-69394
-98019
87656
140704
-48603
-71972
117568
-29421
-84289
10159
87111
11568
-42841
8955
62771
13917
-94824
-19279
79794
39212
-95528
-14087
66906
7083
-1274
-79104
159134
9277
-45235
-12780
79378
5349
-72494
-39282
81419
-28965
-44399
-13575
1572
5289
-79834
521
42538
-4544
-104013
31498
53746
-64030
-20330
-823
31231
-42684
-35269
13592
39904
-53172
-79365
-48492
24656
-6090
-12342
71293
2105
-14401
-75843
59674
34768
-16723
5604
-37247
55489
-44398
-64523
37665
24459
-12342
-13250
56376
114486
-55544
-39770
93822
31118
-10683
4570
106614
-6761
14452
-19370
6048
15028
-70552
16738
133212
10905
-55697
-31935
54523
60542
-63848
-54015
20441
-6157
-54559
39539
51063
9773
-31348
-60865
67591
3902
-69830
-7249
35026
-29803
-27812
-62127
19900
-31562
-3514
62618
71468
9078
-7464
517
126446
48747
-73435
-24052
6896
-72138
-18591
25687
80477
-45102
-70700
-16588
39799
-30217
-91115
625
58870
-19716
-106202
-61571
92387
-80794
-100770
86687
54517
-34057
-77321
-18839
97543
-63474
-63985
11476
20766
-69789
-23271
51285
28651
14334
10866
1053
43499
-89261
-18372
50685
49139
-36631
-26827
70647
23012
-95326
-61200
48091
54248
-94698
-2746
55909
1018
-111853
-75525
70086
23743
-60776
-30721
28437
24946
-90220
-48803
45830
-21016
-78520
