#SpinCore Technologies, Inc.
#SF in MHz
#SW in Hz

[HEADER]
@CLASS=	RADIOPROCESSOR
@FIRMWARE= 3087
@SPINAPI= 20130917_x86_64
@POINTS= 1000
@SF= 0.000000
@SW= 100000.000000

[DATA]
-128738
-120514
351315
193636
-258711
50571
-25793
-137955
166616
156156
-127268
209884
-110252
-224004
133507
119533
-35146
143319
-161926
-248997
167504
52368
9121
122074
51882
-224311
135164
203
-31345
201639
-138757
-294085
215999
-24421
116953
165134
-201754
-170994
147134
-130619
14588
217927
-209066
-100210
18321
-58274
64389
103217
-322944
-14745
118557
-212316
170003
88251
-128320
182201
-105271
-270828
331950
-63169
-112667
335468
-131374
-132591
128572
-305800
125097
259390
-105482
-60382
108002
-250001
68610
187886
-218268
-17012
105861
-159611
105418
96558
-88570
80074
22537
-40283
150953
33038
-74391
104170
-126939
-114091
19756
-64777
2385
201316
-159279
43220
139628
-37741
-30200
124160
-126581
-17981
144371
-98199
-13116
212383
-213173
25314
-37433
-131096
125044
50046
-61645
61107
50258
-61221
56378
-11354
-41737
381
-48768
-63666
184157
-40420
-40334
133309
-54342
-43891
-17979
-111745
-67193
187308
-162849
-32588
23487
-18083
16707
11498
-45099
57556
136
-50578
18139
68529
5067
21760
-77923
-10820
189390
-21259
-55071
17146
-126553
154526
36839
-140630
-878
60314
-38417
-39847
-29371
-237772
47326
-21486
-70311
87690
23948
10506
43103
20334
-160143
147299
-111507
-246555
78472
6790
109229
202536
-115160
72661
-53827
-190179
-51708
-8980
-49608
28602
-142439
-107080
51093
75976
40535
23931
-122483
52256
21249
84333
10932
-90449
-107029
80368
21226
-149673
8440
57319
-99454
985
119813
-80180
146495
50459
-22360
-12709
27288
-937
142680
41746
-100062
42990
-125491
-69673
49391
-16807
-139244
133643
11371
47684
55747
-120745
105877
133889
-26575
-58753
15678
-171782
121792
150455
-3817
60513
-11594
23097
155071
84687
-106246
50320
-15063
-6353
84135
-154778
-64217
23771
-69971
-37499
155555
-26535
-369
131126
83072
19975
-2726
-19362
-21422
-6388
-13948
67829
-38030
-99286
128794
178763
-77461
-14083
101577
21275
-11068
11786
15645
98510
44734
-15573
31156
83297
65017
95589
-166109
-144819
78798
-31313
81835
-22492
-141899
-12475
-556
-26500
-31288
72351
-59305
-30000
89455
3153
13666
-42775
-15249
156066
-53104
-105952
-112876
47433
-21850
-19979
-39000
-179941
7784
114009
-41095
66397
-37896
76590
62651
-2628
10273
-78814
-114887
75456
54572
-31148
15500
-63815
52174
46717
-68306
-41694
124611
-142276
-27757
27346
-5650
80556
7538
-147111
204290
99226
-104796
-101678
-48145
-26134
95615
119740
-60707
103334
5805
-63155
2186
-67830
18805
-42076
52419
110849
-69338
-89293
-29864
69789
-142451
51923
-18109
-17784
94499
-45393
47838
-81843
-19678
-101757
16637
97090
62444
63107
21070
6530
34847
-40824
-72214
-130766
7235
-3656
34387
-64543
47469
1331
29797
64472
22776
-42286
33510
111594
126718
-66272
55928
-49031
-5246
-21902
-70817
2356
-19398
18931
-34151
142096
60803
21350
-22038
-10740
61544
31356
33089
150344
-157908
50511
-132241
-155191
-60596
-17226
72091
45332
82742
-109028
132946
-5323
30949
40739
-40302
20580
109782
42544
-125988
165038
-53913
2022
-94981
-35505
67324
-41303
57647
177893
-40444
51638
-63374
4995
-27588
-98528
-65416
-7144
64716
-152751
-77844
-90377
11151
74746
-27997
42968
-69747
127264
-41507
-13443
68519
-143666
122028
-72023
-270230
204528
-34104
265
26224
-37716
-17483
-13631
20122
33538
32372
-10505
-9041
52973
47991
-48505
-54138
-8554
-43102
-1918
-21324
98054
-93055
34312
10703
161708
-66729
21733
-649
-50312
-124731
32019
-9343
-57762
60369
-67711
19368
-100436
-106796
7967
35412
-151633
65555
142013
12786
-22244
105415
-32174
-72925
57075
14583
95636
-77237
-32186
20453
-10703
80418
3892
54689
-66719
-46672
-80845
-99400
233245
-55794
98020
108085
25551
139175
-13762
-106800
-85055
-69841
34353
55570
129900
-91873
73928
-15436
-124934
-21199
-172279
71228
-7167
-55994
143633
70420
-16175
-159815
-44810
3741
-136669
-90540
-6974
-48030
96931
104087
-69955
-168863
-59074
82319
-56094
-130055
82797
-19448
-57894
-22136
167207
175389
15650
104166
-65268
64671
-50850
107069
-98008
31567
33881
98888
59025
136607
-7687
-67235
-54053
38655
48747
73863
135512
64554
52132
2551
-13625
-3519
-39509
45919
73296
-14120
83441
-24498
-32140
10704
-65882
52038
-9137
74957
-67920
78303
1455
-8636
76189
-39875
157905
51571
82876
146339
109451
159230
46704
-255294
-53640
-81145
-178275
43723
-77971
39814
76713
54661
84614
-159103
-99162
86596
-111032
176099
-244348
160388
194495
21442
-163440
-44593
-1898
53258
-49261
30873
42583
-194874
-34136
68937
-117338
25416
-16755
116946
49157
-52553
7607
109899
-10233
102093
-84993
-21094
62761
-13542
11302
109555
128803
-55036
-82955
-87335
56576
-2600
-122156
14394
86419
-13362
-37233
-172807
-28766
46467
-82890
16911
-28572
19050
157502
-55511
-4052
-67489
-116717
-148959
-145261
-138465
-80452
27042
-32877
-85597
88989
-10228
71026
28265
89563
-12928
-8240
52017
-360
-58705
-51448
94116
-5436
-172826
-74216
-53669
-104630
36839
-48296
42782
-122390
32284
-19416
-4791
25346
-73006
19648
-6667
39453
-61120
150368
28969
109467
71493
18252
144751
-18480
27868
79256
27172
-69749
53506
-129817
-80628
131471
31025
36818
-44339
57352
81022
87996
99913
10220
86660
27275
-17706
-16044
106695
172039
61149
27399
-83268
-89410
102379
-97210
-73782
14510
-49040
-8324
-50151
-155366
57046
-27801
59867
104435
-33000
-5224
42936
108191
-32599
-45576
-101955
115913
25261
57109
25902
-83738
46959
-78
3843
36836
86069
80094
-112062
76967
-87783
-31758
93918
142465
-54609
57376
106481
-19921
305
-48648
-102500
42856
64228
49442
154113
-34666
176141
35264
28528
-67454
-1270
24120
-532
393
832
-119921
-29554
-16617
-48013
-74036
-104713
29255
81391
31746
-30760
3251
157938
58029
152588
207668
34792
-5369
-21423
-53876
49933
-93018
8342
83245
4142
-28223
60484
-126321
11090
-61046
24499
68610
-25647
-106552
26697
29645
-62399
-664
-11116
-21590
-60383
-90910
38356
145953
-23465
43137
-52036
-18834
104326
-122706
186766
-86820
-27738
25030
63259
-107032
23164
49742
39773
110351
-15859
72704
-67461
100796
94804
-2982
-12499
-63609
138512
-48789
-62461
16359
49030
104697
57955
13543
-77399
-39835
-108127
-47460
176412
202756
-250458
-125572
70016
-56709
48870
-26045
103248
152793
-80982
-112028
-131205
-18728
10390
9281
-45493
-80270
-46719
46257
44070
-20639
131572
91795
-68263
-5261
-82934
-25365
148958
117616
-45248
6414
4973
143610
5802
23672
-4802
94390
152294
53943
-56488
70209
-25015
17205
-15150
55772
-39093
27516
-88874
-26341
-24206
-70748
-5079
-38668
-135574
-68276
-15822
-61379
52294
91899
112071
63828
15014
175944
-6334
-18335
136941
43954
-40473
118185
39176
-74092
-97291
70376
40350
80602
-18646
38071
51601
61415
-62006
-69543
104276
-29633
-156334
42549
16183
-49819
-83318
48825
-47386
-36551
23541
-131575
42293
41880
-42673
-82145
42576
1205
35986
68335
-88037
58694
16712
-695
-70200
93334
-42441
29592
-73035
55950
137472
-92133
-98132
-10036
-198053
46321
74912
-127534
693
-3188
9713
75109
56927
-20884
37084
-91760
-62974
158635
-134673
3780
-105537
21238
31191
-36384
-53680
-27676
-97108
70612
4698
-83405
78237
-11056
-9644
-26758
70856
-97760
23119
145152
-31606
25027
29879
-1626
-8778
19533
-246707
71518
99986
49734
40709
-129975
114237
66021
60740
-92152
105151
-35273
20713
-82668
-167351
20221
88705
-38482
47791
-18479
-177019
104550
26666
34810
-85654
34077
-16635
83348
-95521
21405
-21962
-92142
94728
23179
34747
-6880
50851
-53539
-40109
22425
-161062
45511
23640
-3362
11749
26510
-35643
-28447
-55625
-108839
134577
-58399
-33326
-3927
-89575
5668
64326
92430
74983
5916
34510
-27832
19857
-110103
81813
-23202
86200
-20810
183767
-38103
-160324
98606
-216094
11014
27541
19956
-85188
-22596
13001
-64762
36959
-92772
-96960
212580
-69205
94458
113593
71808
62871
22451
-121185
25446
-927
-37344
86311
-39405
-145582
-19619
-65853
-37635
41486
154677
-28035
-9730
-34546
38731
35720
67700
77570
-14941
-40344
-31059
-75120
-6108
113320
-73245
74354
108595
-128668
-42885
84810
-186665
76079
4961
32355
76431
-89783
-3465
112565
-91734
34780
-121564
-92615
91124
4820
-15415
-1274
-5086
-68682
42529
90126
-9845
53934
52978
-19491
59690
23534
62042
107237
-3549
-44526
68885
-46045
80563
4801
-49262
44578
56022
-75927
-64745
-15441
-26033
9461
-9749
-50072
40949
-77795
39732
-44832
-22779
-105429
-150593
-176956
108668
16956
-24386
-26955
3565
136807
-22699
72915
-83438
-16118
-90680
-71906
10431
106502
-48394
75533
-127293
21984
15116
54152
-87863
-102152
-2309
-42666
41034
-68630
38384
-421
-63786
66048
-142473
114969
15862
16109
-52391
161406
-30435
87889
-115465
-13459
-169446
17388
-71045
-92847
-73160
-143598
-303
-12968
-62899
-26967
192161
-104430
78622
106029
-19778
41308
34392
22319
-98636
322280
-69191
-136107
83034
-765
-93320
116211
59686
-74425
29303
-103205
-44606
19755
-27506
58525
-116058
56344
-210684
-83664
11660
-82646
47454
-2975
-81441
-68042
84607
-93515
-165789
-117846
-117062
-96985
80836
25121
-84834
74662
-91269
70015
-14004
-13804
-15372
-16453
-26841
81505
23040
-33923
-91321
121300
-141365
106958
-33685
109799
14246
41991
-88992
195146
-32138
-110961
-75454
-58998
-70222
-86929
37350
4389
105904
-150770
-189898
-32981
100260
109568
81382
-82581
54027
46252
106372
94100
-81082
63037
-7576
-96824
5476
-9452
-59164
13862
79335
6171
93568
14104
-171509
-52134
-16804
-35844
67297
75948
-28080
-94537
-9853
77014
-6345
-67953
-202059
-46051
-28747
-66306
-85369
-9372
-14086
72967
-149957
2147
-95802
89321
-81540
77945
108271
-36355
-71232
-62812
36121
23382
111967
48077
51064
-113126
-78830
-38231
-43931
-98946
183114
-36453
79237
9132
31760
117708
-57605
-20476
3229
-1303
59484
22273
-42779
-82607
-101797
32269
102814
15323
-168768
-109797
-61395
-47749
50399
-36405
24179
79473
109728
-92027
111974
2187
67039
88834
57475
-100573
106790
-28517
37837
-133718
54328
36129
47657
66954
31923
-40383
-10447
13658
46443
105273
-29336
-42077
-72695
121916
-94958
-11274
14404
-54377
66274
37943
-34
60324
-77672
9885
99018
-17008
-31331
-24407
18136
-29861
-26016
56693
61193
71179
-46695
-64364
-79501
49934
98272
98915
-111168
-6735
14752
12426
-68449
-28664
-134959
117340
51205
-39183
53024
-50452
-69711
49276
-52835
-122881
128944
-42359
-202597
-51837
-70745
-20992
13216
21430
-55940
274
54075
31799
37670
-69036
-19442
17684
120106
-90750
122114
10853
-17560
82720
44605
24444
-182704
130965
13798
-72946
-60315
-54518
-76868
-70450
303660
71802
17575
32091
-75237
-5375
70688
77829
-139172
94489
-21078
69702
31445
-37483
-132079
-36942
-236766
9882
-2741
-135405
-104080
-28928
38179
65454
-99237
-1475
-50872
-180268
-58455
80897
135125
-79366
-7085
13289
50094
63744
22621
91137
-61982
-34494
53652
-96454
-16748
-12014
-37907
-15083
48666
35206
-132253
59133
-20530
9781
32026
67909
-70146
-14424
-36845
-6811
40088
-224471
-19316
44395
-99914
204443
99487
-34133
-13
128420
-110032
15649
6888
-3440
65953
-90671
6158
72051
-18126
-31441
-48169
-67501
-36578
13034
-80345
31199
38361
-42650
175546
9482
-123097
-19507
-25453
37206
77536
-130881
-48881
29115
73779
14216
194627
-85689
164028
55406
-129211
-102614
68169
-48049
-83603
110725
3830
58654
15122
116333
79435
86995
45649
-44156
81251
80256
-25758
64837
82629
73429
129704
-2328
122174
-30785
72453
32884
107192
157996
17502
-25199
-9958
5566
-86947
55665
35247
64188
-14452
31755
28201
-47499
17259
-178408
127727
27389
-142098
95987
128701
17695
-77531
139924
-1107
21003
-151525
-160941
-24822
52819
-55352
-9411
-18413
-98823
38181
31114
39763
53217
1403
-74793
102578
25896
-735
21847
52743
-114623
-766
49245
-71097
-82000
44696
67321
15234
-20777
43013
23201
-40372
170761
1349
-151290
93493
-99555
-85322
104686
-135414
-100124
76894
-93481
-99920
-47851
-96057
85550
-13950
-53848
-33163
117589
-55251
58287
-4792
-38653
54852
-46895
-60548
165049
-85723
-65787
151934
-65360
66785
64988
-200447
108902
122513
-112358
205623
2007
-149148
2273
86359
-195727
-55744
-134883
-88912
250906
-62220
3927
48635
-75044
57482
-100686
-141350
2198
6428
-38381
49147
23068
-47208
79499
129115
-65758
36833
8791
86213
39852
-8181
-95562
32789
-93413
-16733
130078
75067
-180864
54149
6652
-65412
220988
21157
11756
155168
-127307
-103180
101999
-79668
39038
25193
-117026
-63769
133816
-102848
78102
75964
105623
-38117
88618
-160585
138955
-124109
21640
101864
-109136
-110631
99399
124343
-71630
28852
-290072
-99150
51934
-43581
135226
35683
101513
17261
157104
-84602
-21161
20028
6675
27386
33751
-159420
55264
3565
7510
57343
-8304
-70
3470
-4939
36924
38030
12680
74819
21719
74471
116742
24870
3721
88703
1372
-3194
37705
54419
-15193
-18267
52956
-10175
71026
-23372
-62443
225526
-39797
-76995
96389
20024
8097
10957
-128866
-25465
32103
-50002
-144508
108011
-72108
-19308
89269
49503
-5810
49842
-103596
-38912
137865
-131213
74835
71339
-42233
-69509
86166
-35440
67616
10684
193371
90879
-15119
-23218
60439
-116466
25292
-47894
-41890
-90085
48835
-11003
82550
-26749
-161517
30613
-66782
-135628
212254
145118
-146567
175182
-69079
-255755
127708
9058
-142223
213454
-151034
-133700
116548
35980
150055
135475
-128459
36862
-41684
-99262
-120205
182135
-140868
93733
-43337
-284588
191776
-60893
-174523
99651
-171943
-155170
201169
82830
-99128
113633
-257194
-118054
38880
-73862
33291
58963
-162106
-80741
47378
-194228
92270
38529
-27862
30742
30540
-138218
90641
57893
-120807
92297
-51568
-164641
31766
-111685
-18110
185175
-142566
3529
159629
-48923
14331
181762
-219673
-14655
77518
29601
-61128
-25776
-230628
-53852
