#SpinCore Technologies, Inc.
#SF in MHz
#SW in Hz

[HEADER]
@CLASS=	RADIOPROCESSOR
@FIRMWARE= 3087
@SPINAPI= 20130917_x86_64
@POINTS= 1000
@SF= 0.000000
@SW= 100000.000000

[DATA]
-137209
-353918
377451
80697
-207162
258203
-187424
-307508
328555
-76923
57579
230874
-159200
-150445
171723
-124682
148547
305350
-276526
-22985
291781
-238774
179739
288646
-299673
55547
76155
-69886
184203
-451
-141419
35197
85431
-198830
144755
-78838
-81487
161995
-139993
5994
583
-88382
174540
76961
23397
107790
152198
-80362
170373
-8839
-40033
-4938
30363
45524
47906
-143371
-60494
-10401
41843
-129193
30739
-41447
-27562
-71447
68127
-150941
15933
184089
-11323
82024
4069
-145977
-4309
35805
-75005
38404
-75821
-43752
-119428
53191
-66249
-21067
31600
26546
-52413
124667
-20788
38610
181114
-38607
-19158
153174
-68587
40851
17501
43008
-33563
-6125
-95638
-25168
57802
-40495
69544
48184
19577
-33926
28988
-71428
-35290
158574
-41853
9023
40222
-124337
64156
148877
13925
61563
99983
-91846
-6254
23943
73640
-6023
-66343
-8802
61068
36377
23721
45388
-145603
-25040
73847
39656
209628
44463
-93338
86391
6947
-66320
-33922
9679
-136533
-25731
188284
67450
-33734
44390
-51588
28973
69232
34307
-10869
-25975
-41782
-30383
35433
22342
75498
35408
42074
-15000
-120057
-113339
-31714
-74505
172204
166946
-12531
-15885
12233
1909
29538
92616
-43416
12181
111821
6326
-75273
-2574
-12505
191769
-70071
-175492
154680
5901
163217
65864
-125422
17329
207753
-136
-38266
15984
-48398
-97285
12406
161152
-84865
86439
-46617
44099
-13335
-73587
-66991
5732
103327
-52620
-19016
108
59804
248971
93115
36298
65982
56987
-62977
-6478
-83033
33331
75710
40803
28217
-33951
-64332
20955
-32850
128910
-32206
-73820
-19351
129073
-44884
32560
-114093
-102708
27495
-20358
-81384
-56596
2137
103595
-13664
-61883
70433
-301408
-102337
27671
83245
-88180
-32688
-107107
113645
-41451
-111572
5991
-52952
4274
-58734
-12434
-56257
89157
-16141
-49694
-34711
121569
-4184
11515
-55035
16490
1046
81500
44263
40748
-79202
-4660
-84551
-87462
69240
-28534
14463
-122485
-78502
65773
-83945
-36300
7814
40352
71877
13447
76504
136390
49557
-121008
25263
117028
-22692
18761
53725
73081
38104
3567
46313
101056
-138738
39129
53426
-65079
108651
28104
-45265
-42170
30714
-150295
5813
65918
58194
-94871
-124878
83708
1351
62290
-64164
57036
-25781
59065
-178882
56402
56618
23780
-56506
-75410
25325
-59250
-30699
18795
10388
18967
211097
-33423
-24216
-51324
36524
82108
62076
-104702
6882
17068
-82286
49362
-12575
-67884
56757
98937
-55140
-62229
-47014
-109260
12683
27402
24074
69952
8436
23344
-28567
36222
78479
9012
-102767
57055
51025
-22104
32096
103887
18964
33122
108230
-5069
-32850
-148050
-12705
67962
-65446
-67258
38091
99722
15591
17267
-68952
211019
-60124
47796
118596
41714
25252
66014
57724
-62895
13866
-46761
29975
-61414
-105842
119038
14210
85411
61362
-12586
-64424
68732
57530
-79840
68561
111727
121
14030
5387
-4887
32950
-131697
45472
15805
-200718
54806
25528
-97766
5529
9071
-106913
-68294
6119
96439
-20300
-74318
-15942
24267
-62263
53688
1315
-10508
-67909
4437
-42942
9844
10060
-145
-51117
45465
-383
136855
-50991
64913
90442
-29340
-55784
53914
12978
-21651
-71870
-68534
-191958
-75904
-41650
5756
-108096
-53741
113727
-56911
-13679
106
59959
-1193
-84817
-31787
-25828
142874
13270
-133957
114391
-2137
-222336
-138637
-236992
32343
-37860
-47329
329
-113131
-13706
118926
68654
98519
97680
-21674
96684
-96281
-25003
122319
-82864
-119280
178045
107328
34478
-24789
32048
-221254
-52098
37909
-83764
120542
-154733
105704
-70974
28491
11893
-29136
42134
77143
-43734
77549
-28584
-180842
-46765
-87635
32674
145738
-128064
-24318
132178
-44767
-42885
126933
-28606
60614
-54504
121153
43634
142517
5876
-56327
77743
-45749
20092
-78962
-75405
-14
-28179
45069
-15034
-66520
-123582
-28655
-23421
-100958
-81372
-47656
-77013
2729
-58062
140281
109293
38534
-73777
-13524
-180695
50147
25613
196134
122672
-27612
-6425
146055
25503
48283
-111548
-220152
-4911
140649
-140959
63605
-105651
118555
-22755
-50385
125619
-41181
48382
3412
133260
24358
-90197
-56322
-19418
-9286
67825
23766
84699
69919
107949
72255
17964
-28393
71972
-66942
32779
-147103
172287
-116635
31620
-68852
46187
-138923
-95266
-15241
102001
86519
19381
-111130
25922
47918
26312
-70534
105460
-134558
10825
-14988
20865
58015
-20261
37682
-36491
-122452
-11537
39241
30646
-62522
63930
52290
-64529
-40825
68177
-74209
45868
-59912
-68244
-80199
73027
-31465
176460
-52303
-56743
57374
-146430
84959
-36915
-53534
-121789
37298
-25604
112972
7941
-122053
160841
32942
28884
122621
44598
-87093
-108487
-29283
-143431
62583
-23788
87476
31755
-20072
-105725
-21931
2551
-48209
-118227
-51337
-69684
-57683
26133
-28440
14290
-172819
1535
-51371
-6480
39290
-144023
-566
-68996
5161
-43508
42391
-2100
-3531
37033
-42151
79529
122965
-56941
95164
-36888
-45026
46706
-12001
-35298
-10487
-1316
107851
23045
-29190
-51245
-40162
147977
-65532
-48368
-143782
2176
-165573
17220
-10768
58842
-56265
31487
7949
21031
-61581
-48926
13084
119050
-7982
-55262
19295
-23645
55789
-56911
-104923
-12652
86719
53748
77759
100791
11178
37924
16557
35970
119860
-29778
-79416
-19884
-77570
-15154
97854
50969
3971
-105178
-44207
1875
35814
-91097
35103
-21068
8557
7307
46222
17462
95407
103923
-90921
67811
-8759
84143
11195
-96806
56509
1468
-127413
143494
45624
-159697
-200296
-55760
33739
-27432
98059
122895
52603
31356
-45348
-25200
-2347
-52724
148999
53191
-74222
64131
-74140
-37722
-82174
13168
-102322
81407
-108798
122764
20188
42801
-8842
-50391
42395
36787
-55410
-30196
5828
314
-27581
-60385
-61476
49286
-30557
-95682
25131
-177536
9720
27256
88767
-108277
49242
-11406
5357
-76480
16503
-105321
77872
-62556
139482
96736
-47847
-8298
3302
-17622
-64499
51950
-19895
13500
27509
-2769
26061
-190884
-9860
-108356
63218
-56168
-62316
-22870
13057
132693
-76520
-62017
3880
-44265
-104683
47789
-152254
-44876
-36633
-88398
-9603
126352
-47049
-79395
-47408
-43624
-47278
9679
-44933
21948
-8372
60182
50048
76833
61114
-62226
143368
33027
-86620
16971
77435
-81578
-15950
-16079
9438
-31610
-127820
68754
103301
-107211
16586
9133
21642
-55353
-8817
-74099
16580
34713
27983
-97744
-69923
80981
-85465
-34276
149452
-30992
-17814
31433
-6530
78138
48149
-66260
-16452
-28648
48979
-148805
-76122
52317
128126
-55180
-81164
-13978
32433
35705
-21609
-26196
42219
73383
6626
135150
-56500
53661
-37128
-2580
-172075
-23210
-46087
39821
22041
36220
-102938
-32402
-61948
55045
171571
77961
117454
41037
7622
97636
-582
-28031
-43496
46041
117233
-126704
-117772
57178
-44367
24926
81729
-23195
-121626
8527
96567
-45307
98653
9131
11709
50025
-65838
85689
-142478
86160
-52373
-72534
29565
-67432
-95260
88397
-17916
11219
-24943
-74877
70226
86039
62805
-113648
-64807
-102963
-104590
22030
-173309
30383
-4649
-18731
-49047
595
37283
-61841
24454
12190
116716
-29933
-22811
107678
-14500
-53017
50318
-115793
98386
10788
173164
-42158
-74237
2171
105180
27408
57455
-10642
-31773
-3825
-49206
55215
61129
-79683
-18682
45368
4694
-163940
-64403
154512
-116443
134341
40140
-31511
17747
33685
-472
-59369
31570
-26839
-85655
60340
-135052
-36753
13360
-64996
-116573
100373
147787
-20796
-168072
80115
-45103
73992
30195
579
-30887
29590
-8068
-68014
-74757
-33606
-4231
-110943
-45150
-35871
131721
52755
13644
-46959
-54202
9572
17876
-102967
86504
15312
122508
55615
86459
7430
-20242
-184380
-59849
11969
-38356
-75032
19828
-82187
-116346
4255
124490
82903
-139827
49574
-76546
-17048
-29157
48864
-92901
-83657
145345
-15112
65685
-76542
40994
-21851
-4414
-7127
-68193
50123
-36495
-111322
56466
-169566
-163400
-40696
49586
-71092
-12441
-62910
81388
14045
-17610
57532
-34093
-46981
-102832
-979
-132268
92002
-12226
-45483
19120
8293
-11741
-25136
28357
98253
65341
-69294
31399
-121705
-153379
32873
-30842
8993
74306
35869
-84917
-35050
2195
7059
36980
93834
16508
58894
157008
194243
13618
145879
70709
-169540
-62956
40456
147584
37613
36543
88266
-18837
54166
-50416
-56397
-33409
-44616
-53251
-75612
62591
-60182
-95250
136347
16145
-15443
-124646
102082
104994
-37131
57401
-52722
-233120
101110
-33771
-90992
-58607
21751
-119030
110864
-33048
148594
125008
-211180
52513
-57867
-17551
-48713
150152
4241
16156
-77134
83203
-77032
-5740
-16289
57834
68250
-128829
64749
-103601
29853
-136866
-41930
-140446
70912
-95932
-68531
48120
-13955
40476
63913
27703
28750
95447
-55420
21825
30936
-130010
28182
-118697
8515
-165467
8412
-85490
14821
-103977
28214
-39018
59514
53527
-6561
-19917
-70726
-86361
31927
122910
-59378
-27488
-21598
53611
154040
196293
-58210
-89967
38129
70182
93223
-190233
-123713
14052
6940
-23605
54258
-20198
-56300
146760
-41082
-15610
154562
24630
-4736
-23687
71
57919
81379
20764
-12398
20120
30407
59051
-15160
-127734
93044
9727
-11963
-47737
-133289
-33798
-42458
-89145
-2845
-19050
-34657
-35288
-32896
93309
-11650
-16524
-6597
127734
144597
5445
-37800
102922
144746
-98302
-205916
165739
-32803
-14343
-55309
34392
41252
31490
-53028
72565
6664
-39956
-8259
46657
45393
-128882
-14992
-77929
88710
20197
-51805
-9110
57421
122483
5235
67830
-37074
-73513
-1204
-16429
200166
49709
-54929
75967
53827
-79040
189114
-13378
-14399
-12118
3694
8228
-43845
36899
77361
-81626
74156
102890
58300
-45788
-48276
-129015
-20913
-138930
-23621
66252
-40948
26822
107808
79327
-17409
3240
20070
-177895
67796
-8402
-47354
-39274
-84783
-34244
81635
49237
629
47071
-108893
-108930
143241
-51121
-126756
17221
18953
96232
-61187
-36666
2604
-28916
-195976
-65433
-4601
-11043
24167
-13000
-12143
32086
148869
137361
-3608
24830
1336
3138
-65698
65626
-15140
55848
-63152
-33893
22019
21855
14101
35969
-78583
-34771
-92917
-5665
6096
38813
66670
1133
-22052
-130957
-34672
7521
55563
-57844
106272
42959
-100309
229166
-153125
125684
13845
65105
-33502
45973
38373
31431
-166742
-106796
-59144
-40276
-78194
17040
52534
52048
49195
-20851
38061
28405
-91652
22347
38115
-125697
-102955
-98687
1028
-168242
25035
-53372
-102272
-24541
109844
-161178
-36245
-36084
3384
-99309
-41731
163444
-129603
52937
-26556
8570
9669
-41509
59103
-34908
-1544
-76233
55281
-33953
37269
-54596
-227
66019
-891
73290
-38126
-21783
9406
-87616
10070
95092
24295
-61510
95173
108158
49539
-70262
-70446
-62264
-14331
-55769
-66897
63806
-88158
32585
-21959
37498
26885
-7053
34004
74403
-35326
35939
-44440
-39574
14385
-33344
104000
-47543
116794
101010
-39510
-59302
-127206
-9689
83317
-73857
-57303
48979
-42087
4764
32326
-68019
-88927
-22469
23533
-26363
-128566
42896
-20347
-27333
56464
40661
-102986
129054
-173243
-93245
39044
-114641
31040
67646
-33147
-73535
-31420
60780
98871
-47854
187660
64091
-28592
41468
30767
-26842
108733
18607
206937
-78752
-15932
13424
-27186
-91417
-17925
-7538
190268
44464
53116
98402
56972
41886
-61977
-15994
-37839
-28589
-78729
100154
-59002
-33168
-42096
63763
-41281
98090
117599
-82530
-49622
-113891
107540
36732
3726
-7611
74572
90229
54633
-104588
-116168
47693
-2712
74188
65710
-42222
43976
28683
-44278
58363
-9093
29343
-10827
1653
-43667
-93356
-53687
13399
-165250
87971
-3776
-909
-66393
-17401
31337
30216
-8967
-54630
7105
2382
49087
-84785
12989
48007
-8447
141851
-157673
9233
-32263
-78932
-6288
46334
55127
-141275
-105196
-72256
11396
-16570
53291
36730
55764
-45511
70502
23883
-26247
-65528
-16433
33985
144562
-56887
-80262
-125901
38430
-40736
69020
123972
74174
-82051
-27444
-33931
53652
106384
44746
-143103
-30127
40649
-26830
-139519
66752
-75506
-132440
-34980
68942
-6336
125826
199020
15738
-65371
109006
137609
-68114
77128
-36298
-85981
203774
63641
-112466
-14128
-167073
81077
31376
-47382
-10212
-59214
-10374
67222
25315
9159
134969
-101668
-21430
-11939
592
61720
89353
162661
-205129
6397
-51578
-119768
49848
-15306
-63770
99770
-52310
-2667
-93831
80056
-11092
-73778
114847
39787
-38021
11545
81411
-16146
167541
-28725
-25855
-67592
128827
-96423
-1407
-61447
-75126
-163607
106017
-3585
-57472
-115810
33521
51705
-30303
20329
71307
-27657
-87475
-39668
91949
26681
-108689
-77971
14972
-94187
57368
-29436
-37843
-54870
148530
-16000
-58622
-36228
55423
133130
-11431
-85430
-88184
-139887
118127
18785
78775
45669
-2217
70456
-19373
-129982
144787
-80754
-172974
14411
-68742
15854
-2074
120308
-104525
-23124
25779
90698
-114959
-30131
679
38540
-43572
-31750
-107970
21215
-86997
-13235
-61555
-58769
1362
18358
-11999
-28874
-33306
-75916
-69844
-96239
115793
68401
12736
89864
-42048
-30095
33214
-59816
62115
147829
14690
-112427
-33105
183181
104039
40443
41524
27648
-13422
-62644
-31837
-8984
739
56687
-14569
53817
-81810
-47708
47741
-14593
51435
-78989
124978
-29105
113266
100351
91942
69784
67452
-99922
113660
44165
-37861
123751
-31135
2448
97787
43128
-50740
185901
-107834
-173034
87344
68146
2526
-65041
-154295
75233
-65594
-92046
-58143
37478
-74357
21333
-110930
123402
108343
23383
-51465
-2775
-4514
-9515
126316
48710
-26901
3432
31526
-64434
-99488
43368
171600
-78136
-2679
-72730
12852
-69526
15827
40864
104046
-85506
-11033
-57430
15616
-22455
-6133
-127254
19355
-19119
-12654
47148
43187
17633
-99289
-42625
15865
123324
14406
-96661
-159222
39586
-166640
-77003
83537
53419
-106509
-11592
50303
1442
47957
8540
35438
-19448
-102597
57382
78367
-21025
44059
110413
85046
2280
103671
118222
28443
-38884
30297
147259
61608
9672
34331
9261
137083
55417
28179
-103276
-29167
47345
-49756
-22741
155059
-74076
-46620
-82189
