#SpinCore Technologies, Inc.
#SF in MHz
#SW in Hz

[HEADER]
@CLASS=	RADIOPROCESSOR
@FIRMWARE= 3087
@SPINAPI= 20130917_x86_64
@POINTS= 3000
@SF= 0.000000
@SW= 100000.000000

[DATA]
1712649
-521254
1484397
-2956279
-1155645
-2600719
-3162682
-540512
-2263880
2433310
417923
2977075
2906889
1398275
2782798
-1597011
553864
-3238586
-2184652
-2302440
-3112279
509892
-1513131
2870444
1350565
2770906
3121624
567461
2194549
-2252659
-354271
-3081762
-2760832
-1521800
-2850409
1260968
-428429
3109309
1967409
2170785
3044404
-385676
1390391
-2669432
-1097437
-2848164
-2853180
-663864
-2080640
2023130
383233
2793391
2429205
1387813
2659442
-1153348
581214
-2771951
-1964674
-2059208
-2766922
193472
-1298490
2304200
957370
2402547
2578992
625450
1977646
-1692921
-224438
-2576583
-2285456
-1310921
-2370857
1150826
-497906
2420380
1653943
1870166
2507085
-178261
1073100
-2178635
-938202
-2249169
-2350350
-524591
-1709336
1637581
353365
2362563
2025019
1128564
2124988
-1047684
539146
-2204397
-1573632
-1744033
-2234319
345446
-1157033
1769413
929976
1967823
2205907
477604
1653015
-1613298
-223124
-2136577
-1801441
-925855
-1952072
940810
-406499
2019497
1520415
1475822
2198678
-295359
894195
-1932360
-869343
-1873700
-1826105
-384542
-1495008
1377938
173354
1915500
1553923
937158
1813072
-831243
306235
-1874633
-1369429
-1297528
-1925547
295297
-877541
1630208
924091
1511214
1803083
308160
1385899
-1300693
-137852
-1723971
-1429584
-902190
-1660170
803027
-152918
1695304
1207760
1170913
1824721
-190610
649421
-1642141
-656017
-1490080
-1729271
-229846
-1181140
1235947
224027
1572203
1463643
798980
1519832
-855432
227811
-1641322
-1128940
-1269198
-1694248
350705
-644262
1373262
680269
1504150
1637709
161627
1205030
-1088833
-282904
-1449802
-1426312
-741520
-1374333
640419
-174608
1725408
1102442
1078348
1477419
-248981
617376
-1309316
-604143
-1373247
-1616211
-237256
-1044579
1035946
260230
1448432
1268723
653238
1202044
-578668
314281
-1416292
-925909
-1031275
-1398126
340972
-667442
1146780
483119
1233424
1400886
195716
1064282
-1011717
-86641
-1318896
-1289636
-605175
-1039006
702466
-171305
1211515
1009592
903727
1291655
-67474
594405
-1245557
-524354
-1154785
-1376013
-218520
-990673
769024
159234
1211191
1096103
539349
1038858
-521639
159849
-1227708
-866991
-1020806
-1181850
180581
-580140
1143817
545008
1074427
1204967
213969
908762
-795289
-137632
-1138760
-1084659
-395258
-1154960
533177
-228324
1171997
909629
894453
1146596
-26296
564447
-1183620
-537594
-1202625
-1070498
-281610
-896510
855572
42640
1121447
963180
316707
1115970
-371996
239501
-1068604
-801864
-791271
-987643
67703
-537296
874931
618291
1005624
1133693
208922
821880
-666312
-147435
-993790
-844115
-489602
-839798
452257
-278742
1003144
628892
849649
1091832
-113447
570136
-897343
-447861
-1054972
-1140989
-332987
-834360
795408
160530
1040301
826878
558561
1029004
-273443
311289
-981224
-585264
-801717
-959199
18009
-631147
842767
486217
982072
942570
234172
746634
-646500
-12307
-1062261
-842873
-602567
-935348
337710
-208398
981454
680918
641644
1009974
96154
459384
-806651
-154891
-977298
-1092734
-169630
-702218
664476
54212
975529
817969
418730
722181
-595871
181431
-946767
-517000
-598739
-971359
-27560
-423022
743958
350973
906916
863152
234195
672022
-692989
-48326
-845964
-685984
-558684
-951012
387404
-226822
876892
621242
689448
1067868
12753
390344
-766933
-344125
-851577
-780087
-194434
-660393
608446
140548
915404
603999
465681
756139
-280225
330677
-824226
-510901
-729448
-883398
116770
-379622
706520
396053
808349
754383
301727
715120
-570359
-84070
-989684
-694113
-508135
-707482
288689
-89499
869237
437623
632126
791070
-102054
370422
-754692
-254555
-823600
-723864
-136848
-510430
454369
158232
901458
667603
325136
773874
-365893
319821
-737414
-475957
-760649
-761412
-6330
-292952
538420
225908
655504
869853
256672
697884
-459105
-249587
-780903
-563810
-419698
-703115
167937
-210249
778885
431106
608463
753375
-110611
492246
-504861
-329251
-616437
-773109
-172265
-562834
494192
-85838
730969
641705
380123
731432
-285196
202242
-675518
-424156
-597181
-823976
66280
-372542
545528
195822
710408
647876
312632
538466
-404195
111413
-702212
-471309
-496758
-553351
292757
-313504
764516
520714
633269
675124
-32118
511895
-478284
-167144
-733821
-716208
-269453
-619021
440582
-14512
643623
440033
460816
580340
-188828
297349
-719605
-359676
-576977
-752945
112959
-443476
528611
246102
644588
719667
189961
683994
-498768
-72631
-723335
-499692
-294534
-664629
159697
-216763
638553
360101
480462
599608
176040
446655
-395132
-264300
-576526
-622667
-201795
-592205
460139
-4198
677487
461941
373077
623674
-136703
135382
-543190
-275464
-666570
-670374
81310
-405749
380129
64597
534598
602067
325948
621104
-286465
36686
-591612
-332912
-544434
-497996
28339
-170911
618867
309445
536197
619760
5681
354306
-467652
-101384
-470278
-613905
-270016
-568453
356787
-12249
514842
365288
382567
562964
-91237
264587
-584009
-226361
-481275
-466983
154034
-527660
467416
248312
410728
546943
210399
462886
-252493
7574
-544651
-359037
-478996
-536325
192270
-278826
661302
315837
503112
547572
62225
242735
-428591
-204980
-561017
-592454
-346288
-466246
367922
-31038
743467
360334
327154
550340
-208298
255737
-475646
-219619
-494713
-726893
-97722
-456093
367665
61655
550181
579581
320157
581929
-368522
117394
-522416
-377067
-455141
-576130
105938
-303035
417812
157954
440767
695746
80534
258775
-523479
-272234
-583866
-573501
-224063
-322365
190146
-103637
484292
350622
381184
561359
-135031
180114
-389479
-331712
-564625
-517871
-36381
-406039
442695
111097
488848
531697
224222
572448
-66097
97472
-510837
-194196
-413935
-497900
100266
-223918
631126
223149
359839
532169
184045
482871
-264856
-78914
-425961
-451780
-256559
-514239
243016
-205018
484833
358382
383481
422585
-83150
293158
-422522
-215165
-376337
-418504
-137630
-344658
392167
92102
474332
473170
139490
364287
-88239
162358
-528484
-442073
-344282
-624644
68668
-275344
383085
280176
413226
314528
-36610
425701
-377127
27915
-505100
-368869
-258588
-392812
296686
-36601
546003
369053
331499
486087
-81127
265781
-309651
-242713
-320799
-571884
-79043
-323709
405088
12123
492076
358514
234152
444863
-249807
142604
-597350
-208019
-423478
-494559
4018
-177585
411654
201282
340122
354510
133240
274200
-317206
-137682
-386581
-352776
-283577
-374932
99540
-160947
540601
469518
317500
346788
-16183
167907
-361179
-135179
-428556
-501925
-64987
-388614
307066
-19219
360185
343148
210352
379265
-117005
284410
-484995
-269240
-311227
-466493
58219
-243867
331714
213026
329245
494012
275474
186653
-228099
-17890
-338558
-276833
-242816
-392997
275073
-268681
352887
205735
157306
294106
-50622
254161
-437731
-156564
-429963
-476116
-60884
-434169
145680
23901
479763
325811
275512
342786
-20412
-91106
-329116
-251036
-418880
-316827
228203
-192732
403848
70873
473106
283174
139054
282208
-316131
2439
-359479
-432229
-279299
-406654
109211
-170361
382781
215761
365899
433001
-96111
305815
-358010
-238045
-283814
-471479
-128187
-253527
234735
18901
383050
376603
296977
395887
-8961
5385
-358135
-144764
-416291
-361049
36236
-172930
441549
36164
301215
374496
27252
344155
-183853
37107
-391444
-98674
-185349
-324543
209277
425
295306
167521
383847
464698
36939
305833
-327098
10285
-357665
-287998
-97854
-374558
308852
151702
314416
361510
297804
502734
-30476
14978
-396645
-175911
-277857
-329924
49433
-133463
340870
140904
292955
473193
105319
260115
-163112
-87707
-289712
-191004
-212593
-278124
264081
-131586
313825
221312
221021
305718
-5809
120407
-408400
-68453
-286475
-284620
-103890
-282896
329229
-2020
346419
371157
281160
397268
-169891
178957
-405356
-31406
-262454
-243734
-4106
-229191
203028
153725
417631
274815
131498
225405
-302034
-17120
-507225
-372404
-211226
-173275
-89012
-95920
318379
210807
257919
469042
31266
312696
-303949
-142204
-512536
-319177
-86776
-485229
230948
24379
472601
277356
195671
409583
-215226
165829
-419777
-125649
-217494
-259136
71476
-254845
322170
123737
340541
364979
89914
297746
-181743
-58207
-324540
-335562
-204966
-374725
139394
19733
383578
202020
345766
339006
-118926
304781
-188523
53051
-212229
-245848
-25597
-440266
117481
-52416
402248
388931
278072
332826
-60200
159661
-451698
-102357
-313262
-448973
-63552
-182658
339906
22935
381834
243235
125260
269219
-162680
-4556
-346319
-262662
-115277
-381143
-6411
-91286
317187
149741
236504
268854
578
389760
-391154
-2994
-193160
-259188
-150366
-356136
148109
21017
405841
199988
161217
345511
27797
-2973
-220288
-102459
-269143
-288167
-115219
-129488
147408
22338
283441
278651
122862
361510
-83103
179204
-273861
-220571
-233306
-250377
211814
-244796
257000
236361
258924
257510
10930
231696
-196648
-151805
-359592
-258768
-178316
-158453
82588
-108885
235335
232508
60774
304931
-11505
148054
-338451
-103560
-491519
-292311
17085
-247693
178667
98101
344450
384339
177510
246681
-142125
147475
-372799
-185907
-187181
-244998
171671
-98682
356356
10422
273813
279921
-41190
290450
-228363
-109843
-214915
-306169
64077
-149656
155822
-6095
261261
239164
257999
182395
-29793
38905
-201359
-106267
-279913
-340483
106099
-201573
334453
-40420
334811
246607
231723
418277
19586
120804
-278262
-295084
-241543
-262903
-34617
-170474
189308
136716
355898
251980
-49868
109869
-164052
-129986
-277221
-177563
-131753
-127569
165266
-58665
254559
122362
210110
155858
30770
325495
-250120
-93013
-196650
-256070
77166
-213866
303843
44997
303008
272125
-46948
241116
-164954
263535
-192793
-313936
-175320
-414441
187123
-100020
280826
106296
212464
378683
128060
36220
-160931
-44878
-240731
-132778
-122547
-108280
77985
6304
316725
57077
357479
245365
5439
183519
-282974
34690
-196831
-147033
-1498
-275201
323877
-36861
226876
294849
91491
294892
-102926
13239
-256237
-352135
-274685
-391085
77297
-132814
234804
192932
229553
172678
29922
149247
-147109
32570
-321580
-271343
-51033
-368912
196355
56134
195229
220316
237814
161062
61171
128012
-328349
-41760
-154054
-400327
-37101
-174466
209623
124621
260825
370338
169966
201653
-26967
183227
-257954
-235917
-113129
-225532
33238
-136225
270543
-56628
189298
268366
149796
241905
-139438
3697
-184334
-256378
-120093
-379955
44669
1375
180873
196540
82902
276848
-116230
153097
-370995
-47155
-322385
-358612
-125775
-210266
30660
12156
306491
268594
240492
235524
-12400
198433
-217511
-245322
-245764
-299520
36661
-295072
275955
164219
360889
293324
90206
146707
-157259
120295
-264747
-230310
-132617
-201111
137590
-87640
282113
192420
103712
234421
-121034
53570
-219436
-97385
-59373
-254021
-204081
-198090
254001
53752
176820
266093
-378
234754
-91724
139190
-231260
-302539
-158368
-219599
21010
-112449
5972
126615
316074
272176
1535
284483
-112344
44811
-214307
-259471
-120708
-217517
152884
-52475
284134
168182
82300
292431
1397
141298
-160911
-96659
-288380
-162544
36548
-259730
138518
-42791
229310
210653
197191
92808
-116725
216926
-231915
-189066
-297789
-321672
49554
-162537
233882
206837
244517
293003
69316
231423
-180043
-91996
-155471
-241319
-253392
-129851
-5787
-66812
225802
136932
169656
141359
18681
231700
-233786
-152319
-257802
-362917
-71115
-151767
239452
-8538
240677
227887
227576
191895
-5701
-41914
-229116
-85571
-252108
-176096
94570
-135991
176777
113828
270493
281136
-35600
128358
-66841
11993
-165387
-288128
-69037
-148544
67619
-22268
163184
64112
148526
157773
137233
105227
-201826
-189305
-299946
-326084
48633
-194279
114866
-106732
183952
177441
62739
172426
35795
125554
-157290
-171550
-210935
-292585
89122
-200001
287442
100887
250128
82243
18802
257339
-62068
-3683
-236225
-232425
-136863
-185046
-304
31129
275617
111621
206641
227072
111020
87291
-150283
-63697
-163355
-316153
-140571
-182775
57806
-65340
138997
136763
134503
133091
-35745
61338
-149928
-180991
-212375
-262289
73010
-226489
255986
-25338
-17618
190227
5023
197807
-178272
-25385
-237922
-259014
-210288
-204181
150805
-150603
263984
103885
188202
174097
77666
132374
-170952
-109804
-262868
-41291
-103159
-179062
200646
76340
156439
136351
133514
180729
-183669
131098
29389
-75957
-143238
-202300
-76949
11847
194583
-67770
329758
155684
90092
287492
-30616
56814
-209714
-312875
-92639
-220999
85146
-56733
203748
84933
30559
311826
-43590
132643
-87049
-5354
-124012
-253827
-12582
-118737
147252
-47342
231396
197281
34008
285481
-6917
47113
-202798
-142763
-252921
-156112
-91434
-318849
195882
100003
205884
176010
15974
157622
29119
-42713
-166250
-130350
-120518
-241481
33238
-103539
191668
5401
149193
387036
-35152
144155
-84590
-156668
-321724
-126853
-50104
-211989
254860
150433
232161
116397
308287
287547
-25448
38156
-250479
-85748
-265952
-76980
-78771
-162624
228193
123741
170083
206048
-7494
301217
-14688
38040
-222542
-249588
-152261
-241620
-145301
-12337
133669
76284
248183
206526
-37943
100458
-140524
-35929
-195519
-21741
-183963
-379496
154415
-38878
167946
128371
-9605
212350
-39684
18487
-251937
-172669
-179422
-92104
173531
-103424
177114
43141
34505
231475
29550
124041
-64494
-82680
-156967
-141483
-187148
-236460
2848
-336524
159063
144646
165004
227258
100900
60350
-101232
-31291
25980
-227662
-115829
-202685
75509
94747
137395
212490
-3885
94734
-34276
223833
-224286
11126
-284375
2040
13159
-9588
130413
-80445
115012
111481
-5778
197557
-83035
57857
-105784
-195310
-98616
-279188
64532
-218409
236605
-10279
97845
198433
-68433
107827
-111510
219343
-253703
-94423
-74869
-105211
174141
-146220
29727
143953
170705
99759
-82785
51858
-175888
-147236
-135165
-216900
-131041
-108234
68377
50641
160971
171671
79050
190231
-142149
-40022
-156959
-123216
-50656
-253189
-75311
-261756
151214
-4428
61267
289975
-26220
217003
-175005
16726
-94351
-208460
-88673
-141795
35100
-17354
38552
39375
193151
155300
-39346
100938
-180419
-173179
-353619
-49168
15060
-33810
25623
34138
146879
68191
23937
258394
-206034
-8198
-135535
-126154
-124542
-196797
136604
-54188
185279
80224
80204
188920
-91781
34576
-111613
1835
-122049
-47288
54805
-208181
104745
-72384
190885
-42900
141860
97469
-181394
278546
-94127
-71096
-164820
-194850
-48941
-191036
104507
147566
84498
183015
-2000
153680
-5691
-18771
-105601
-219941
-11504
-213043
-102472
-118113
129727
1251
154060
116719
104632
152529
-127681
-15920
-293318
-132182
-143289
-112742
78464
-157627
-48284
220282
38108
171658
-185145
117165
-228120
22686
-299155
-285191
73235
-90011
211898
6828
90061
87044
87677
108923
-47797
-24971
9138
-106793
-57147
-40755
33554
-105241
132888
-66120
366836
160957
31665
283531
-110936
-22444
-312064
-224675
-80631
-38057
107927
-63882
183293
241944
49288
44891
2717
147127
-119491
-64984
-51948
-71320
-63673
8904
103380
-42558
107105
-17644
-54298
116036
-110372
-101885
-164288
-172115
-154105
31498
132598
-119997
152339
36018
177680
174802
11648
123591
-86535
-76889
-303120
-196248
-74205
-145524
89593
-20615
190085
-52777
40565
342682
111931
71338
-304982
-46964
-198642
-182529
-15303
10203
155126
66082
124326
203401
221983
212312
-81349
-38169
-183479
-124927
-271553
-190558
-98153
46065
87228
-831
43682
348523
-20957
24967
-121398
-58452
-134613
-123278
-18994
-184311
8585
191178
43736
128496
299457
246307
-60742
73392
-91542
-153111
-242654
-203001
-30064
-106943
156942
-52458
274265
9300
-67192
138253
-6982
-44065
-63562
-119731
-181321
-164688
75057
-120611
259449
18878
176665
36633
-16740
202909
-54989
20318
-191395
-173015
12980
-116625
79012
-113906
129324
79524
183217
245567
65638
49730
-97389
-78335
-118737
-76722
-92458
-42576
220082
-28233
28016
128580
122068
214793
-2521
48327
-120198
-88864
-173759
-141494
-59106
97976
133982
79245
235508
29496
130791
351851
-90571
82831
-74159
-207465
-31061
-169612
125617
90661
26452
-34802
103879
127567
58462
32271
-199970
-37149
-192296
-97786
68874
-65920
179860
97387
110111
217458
-20064
197863
-127293
-34102
-40972
-78509
-64888
27346
174252
22940
33875
232150
257109
-6530
41563
49446
-73167
-12855
-38762
-110262
-132188
-183157
32892
-49675
40728
140646
12928
188905
25432
147660
-43741
-136196
-235392
-153977
-124402
-19732
122572
37016
-14649
108465
69729
203172
-86574
-116966
-37973
-11365
-37074
-229671
94440
-15595
161487
109206
144491
124568
73939
23144
-183901
136406
-35883
-112452
-116204
-119645
43908
-80802
235090
64153
42671
150330
-638
113146
-110948
-140969
-121382
-148655
-58043
78971
207800
73625
266155
131698
-4658
156553
-112452
105428
-106338
-103279
-107596
-93134
18939
-27337
263664
94829
134342
266269
22780
119176
-74834
57084
-267638
-120115
-80862
-32877
101026
-20551
173349
19571
34696
226220
-1676
109321
-63330
-23368
-108332
-85026
-15101
-5848
37821
44535
166768
119275
-20509
76145
-182462
-28304
-83991
-118957
-131779
-71170
2271
-97004
94561
-3440
245526
120582
-67216
78256
-92230
-16786
-70895
-114490
-1866
-90548
112764
-72936
138665
87750
-18025
162841
-123918
56649
-123547
-124133
-282726
-201999
-98088
-138549
139713
43190
236402
81729
1210
91487
-8997
21568
-147017
-155231
-106974
-100791
-19546
41007
-21387
-54267
231773
1481
-126427
113384
-130760
114410
-105373
-80643
-105417
-205291
72870
14179
203967
211270
42656
90889
-76105
41903
-52202
19838
-45323
-196374
-29881
-224377
81190
4230
195598
71220
119497
166420
3617
-92109
-68457
-14005
-22403
-94838
-16635
-78866
116071
81061
277121
151437
4982
10385
-102426
-38961
-98554
-2493
-53230
-107325
118799
35532
275503
105309
47715
97152
-70843
136572
-44356
-93164
-13301
-95218
-91806
-175346
90752
72987
147989
90938
108896
38532
41194
-91823
-208116
-115353
-164034
429
-106029
-9045
22812
59738
83612
124332
-111217
48231
15742
-48515
-78463
-151154
20133
-132538
17702
110890
107241
-6959
187417
126117
25078
14933
-71677
-1403
-210031
-87207
-77157
-87259
79416
51820
55010
228843
60954
50881
-76466
91974
-63041
-105801
-109386
-232444
149504
-85119
137371
25127
160895
165387
-40431
126490
27724
-1076
25068
-136550
-78912
-25603
120580
100390
145939
164066
197226
72996
49105
133382
-108695
100619
-50509
-245648
-8670
-216988
93098
-39585
92119
-42407
108005
13944
-68800
-48517
-64207
42155
-41233
-194192
-124998
-109402
119951
75395
69145
17709
143966
77550
-151341
-10814
-134017
-194366
-90659
-35560
12587
-28678
148003
45294
55511
75085
-32970
104109
-163846
15422
-159307
-198906
60405
-27368
47699
42090
67793
57476
135104
188571
79035
-111247
-113792
-129415
-87213
34554
4445
-47863
131268
197704
117448
152881
40669
124487
-36354
-15654
-89998
-92474
157316
-154175
907
55270
39022
137027
73925
-27499
-72715
107484
-247338
27111
-144839
5631
78494
-139140
86492
-23563
148099
37072
40097
321617
942
81793
-8105
-116773
-123102
-103351
79995
-109990
97988
3231
84095
19736
-40804
71644
-55972
63114
-138843
-47496
-37180
-151874
-43612
57275
14345
146085
-41339
83618
-42692
32903
-155160
-84528
-149642
-74209
-3560
-153742
34257
92903
65031
-24976
-68647
180365
-179406
-72251
-90559
-35006
25463
-205336
-375
-104854
19187
-29775
79121
117783
-44242
-41729
-1930
678
13072
-24190
-82060
-112681
114121
-159406
87833
13506
35782
139910
84712
156384
-28750
-128688
-193957
-48494
-159918
-49584
257442
17569
14825
138660
122105
128394
-18901
15508
-165231
-75606
-111269
-77836
-76012
-193893
117629
51004
254748
-3984
74979
21991
42355
-97082
-77361
-131305
115171
85468
30305
-91529
199571
-11106
198231
133871
105226
87243
-129090
52400
-1465
-183217
-129815
-18103
42320
17393
166460
55158
111365
8954
44096
-81060
-120584
-85922
-17373
-151280
-64067
-180773
15588
57383
192170
110247
85759
28927
-49851
137188
-175151
-54013
-24075
-89966
11925
-7658
163932
-33110
31212
230986
13765
133066
32710
-86318
-87663
-58764
-4745
-120124
158253
174167
162520
64941
-72391
128448
89404
29364
-24519
30582
-21780
-107261
-13385
12960
130501
58293
128022
178710
-53494
59663
-71153
-80919
-38023
-124347
-52714
-87403
-14541
70641
67437
97212
72927
757
16887
37777
73205
47355
-185
-9684
27737
-8825
55954
-57011
109889
173426
191245
202657
-12258
-702
-38055
-47481
-26067
-101578
-34857
6316
124938
31097
222161
6194
24206
-4827
-27712
-17597
-78745
-160159
-105836
-73013
-94520
-8351
173803
32857
148526
54217
-158080
-67864
19618
-79843
-73433
-59165
58732
-34981
23892
-76750
79448
86908
173752
-63407
47202
-397
-117877
55684
-34618
-39450
-42056
-66811
151376
103062
159281
30703
-3198
143281
56736
-53349
-115336
-92997
-17003
3413
171918
118153
154718
180982
38777
-1850
15532
18646
-15485
26235
33975
-146605
-154775
-70862
135240
-99823
161446
104535
117000
95791
-22201
-45940
-105858
-50354
-161666
-15580
-61405
-39882
43333
32975
148140
-8089
150161
-102242
-108519
41422
-71461
-171797
-65761
7797
-86019
-8410
107413
182503
214743
189129
-5435
-22496
-171555
61207
-177309
-24626
-149784
-101516
100403
1574
93803
177857
126979
197260
4335
157606
51661
-123981
-93225
-173620
-67005
70273
-38018
-26461
174554
107938
132382
95822
-15538
-56005
-147357
-85099
-9787
-177056
110533
45646
-5856
111120
-56762
207785
-771
-10501
-90829
-94504
81193
-123619
-75880
28727
8435
98668
-27497
-9664
-5482
161821
4388
44197
3464
-62849
-27634
-88145
7541
-91884
90624
38961
-3133
154830
60004
69810
-74568
121798
-54257
-73589
-122583
-45432
-28648
-77219
113384
106341
63110
167396
-25514
30304
-64913
-32419
-45794
-30140
-14305
-4310
-39805
-62608
191244
-2805
-61473
-11636
25078
-30052
5535
-75921
-48243
-106350
47253
46144
21062
-31763
20896
143279
17278
43041
119860
103580
-172874
-63121
2427
-88893
47456
53
29188
85151
122770
215672
70754
67441
-60501
-139240
-121788
-3109
-10087
-13497
20454
157461
33480
92991
17616
304244
45972
-135931
-110015
-156010
19902
-107814
11813
-67110
135943
-31365
-45309
-21130
-35720
66209
75367
-501
-158395
-85944
-122280
-27151
91992
-20651
49955
58190
37325
149018
91185
-17558
35269
-84730
-207044
-55610
-35262
-35110
38674
-8786
-58283
-49295
228396
7259
-18165
47178
-191847
-175649
-31993
-78275
-33860
-79575
100803
53619
162342
139014
-56663
47087
-85359
65832
-122202
-60650
66282
-150376
132865
-69091
105339
22
85070
36782
62509
-12663
30178
-116046
-127365
-150570
-91227
-154346
-3415
16189
-34789
75896
43989
132345
138739
-140932
-26894
30607
97029
-56913
132598
-160845
93641
34707
136022
-78079
10355
-20095
-63425
49640
-49621
-98655
-80244
-200949
-76497
-51642
181700
-13837
84727
94489
-209464
62571
-21049
-9755
-9783
-79738
-66350
3552
2952
36459
317488
-38893
108227
11973
-24140
64528
-17324
-26916
-32034
-71000
10559
115119
101664
28728
115526
96703
25710
-5539
42449
-38101
-121093
-17721
-93748
-38117
-173102
47399
46805
41386
116531
83261
-85842
-32519
-126880
-62455
-55705
-8212
131226
-83917
91625
-74270
175883
46516
89513
14860
18072
16571
-63829
24463
-20619
-131091
-102424
53990
205026
104051
53476
-6427
-35344
183623
-87539
-19265
-57584
9032
-10806
-92620
11609
-58957
4761
67760
166979
61269
143957
-111224
-109211
-121853
-258494
25343
35059
35564
41834
141344
32001
39443
41048
135064
-19536
-27377
-129014
-241008
-287362
-95994
-29011
-7219
68092
87003
196230
4558
-25136
38252
-88843
37847
-144881
-17198
44228
-229992
-29736
-39644
140761
77857
112280
11885
91663
34959
-69899
5867
-36989
-12198
-52921
-127479
157951
38809
40831
-47367
5107
86148
-27929
48209
138303
-89976
-146174
-81581
16552
-37188
32287
26462
219647
176864
130557
36787
-76579
8434
-77070
-68430
88187
24226
82641
16554
43587
-86851
123657
66525
-5313
41934
-296795
-142225
-140903
-112027
-17975
12730
75687
97655
182176
-31180
18090
170095
-118216
-56216
-162632
-193582
52544
-52695
-139401
-96384
-31591
-26791
68317
180572
34784
106986
7182
-71629
-102822
41216
47508
18780
27672
-32845
135233
-32140
189508
181744
123274
70091
-56240
-20522
-140986
-7872
94084
-122162
-81756
181292
93981
35801
71557
11725
52447
-3117
-67305
-67369
-57917
-29171
-19292
-98906
-10681
36835
69545
97589
-34250
96809
-148791
90018
-163020
-30463
-80672
-102555
86249
29576
110111
-19003
112391
80116
49542
200523
18106
127716
-176851
-15713
56592
-186508
199533
-113299
78396
-70222
3422
184953
30258
1081
-65819
-103866
70598
-147954
-80878
-45445
54251
87748
34936
103712
212650
97711
-113520
-12258
-112886
-230
-86844
-59320
268208
4180
41432
63474
85930
43103
77032
18182
-74320
-117225
14541
-47956
-23398
-106264
-117274
-77579
151388
-10777
45272
68707
-88414
38397
-29691
-7606
38004
-84961
-74257
-128856
133196
108752
77023
59288
73764
153739
54294
-463
-113020
-93850
-188842
34882
65113
-43618
164115
24024
-25952
91661
-188282
-224
-8641
1082
67039
-79526
-78542
77324
46202
46074
42254
-90861
-47463
82795
121665
-22251
-199859
-76263
-24355
-94522
91133
-62392
-50987
-65018
-2671
59669
-52781
216346
-118211
-24227
-107291
95113
-120816
-91350
-112128
-127048
203183
-95051
-7821
68942
-14271
56363
45120
83881
18018
-124910
-53878
-86184
-24046
70089
200730
-70930
-2420
57250
102532
49582
-98599
36186
-13434
-218960
66158
-84671
97883
-19124
279046
120102
-142682
121858
-61068
106542
-166471
13523
13133
-82758
-56601
-101325
7197
124575
-109374
203683
-17881
65645
-53932
55261
-128917
-109001
-1564
-148010
89103
-1390
24396
128754
160343
-13658
-63587
26261
-7268
-93691
61372
20191
-87682
-205975
65556
74292
-147294
108508
163448
78477
-83834
-7568
-109685
-158954
-122053
-100991
-31753
21446
104594
3101
129417
31080
-28895
117165
61717
12354
-86248
-17617
5002
5005
-51126
-15278
103846
-70698
19646
-67447
63191
88180
-128488
1978
28423
-85750
-14332
636
-7402
80750
29904
72569
-70098
147817
-50541
-25191
-13475
-86664
21790
-117212
52362
-27260
104579
19738
-63478
69048
40476
129408
-23214
-61259
64299
-138775
-213628
-83248
130573
-241642
28290
140008
94925
143079
-84470
54836
-24782
11903
-56108
-151412
-106952
15777
94391
92880
62004
-56023
15994
4130
-39206
26349
-15688
-157209
-134761
-107567
151138
-91795
22458
70482
77259
184509
50100
-25579
-115511
-74641
-73340
-219377
-65546
-171236
-14470
-156221
13904
-104608
64159
-26068
-152498
102446
-12344
-49039
-133695
-118487
-141132
-117112
-102877
74504
80345
101840
-51642
65976
-101042
75689
48249
-12105
-197482
-63183
-99698
-37223
188063
-132737
193336
116905
49952
69147
13423
202780
-114620
-33242
-40190
-169324
-24093
96133
-13605
107007
143163
140589
-1087
-10836
27749
178055
-169759
-76367
34251
-76901
25296
27609
98155
111901
28541
93645
125838
143436
-104205
77834
-69873
-90944
-26708
-87662
76795
222155
-61122
29891
83051
12993
-20322
-25030
-48735
-15201
-15635
-33992
-40573
-138943
38339
-89050
-43443
209016
28235
-48173
-10121
87594
-95080
-98399
42248
-83515
22609
60661
66208
67580
55693
1439
-68851
43126
-116290
-47509
44777
-233824
14711
-118536
19815
-69546
78533
136688
68512
154088
-112709
7385
-18054
73505
-7136
-13754
40822
-47174
51668
-62224
6954
60022
-24931
-7444
-46930
-20536
-30846
-219922
-89816
43852
59381
-26584
-63374
11700
-42597
-12332
46684
68305
-196248
-93393
-125148
-69379
48511
-223825
189084
9024
9167
129314
89397
-60175
-165820
41929
-45614
-55934
-135935
-64651
124453
-126895
146470
82245
111569
84075
-88872
-17507
-14312
-82482
15502
-13918
88464
88347
88689
-62445
37538
-86129
56149
58218
-72464
62062
-12289
-36771
36871
-164253
55809
-94612
80266
86853
34856
64838
31709
70308
39922
103500
-171558
-103424
-13669
-50321
35217
-91897
139942
26992
78147
95430
37460
121562
-7999
28577
-167301
11333
-74821
-132700
-44089
52453
41766
79319
6504
26856
41174
-104126
-75233
-54700
62380
-127022
40697
-25373
-17014
104637
83198
53284
-4623
51532
-99355
-8898
25005
-39072
17163
-201388
-79476
-143017
-39141
83358
-50899
58798
133997
-98360
-200131
196899
-173654
-103475
-58119
-143190
70112
18516
-3072
154681
16716
122066
-30224
122082
11034
62538
-67646
51201
73172
-49800
178703
-91731
52424
-42219
-67095
147532
-116633
47355
-96262
-171063
4086
-201221
16286
-78562
132846
4424
-30960
81402
18117
46518
44038
150570
-34222
17828
-116180
13033
-1074
-131555
106901
9860
-35193
64302
96023
83898
-61873
-143046
-12137
-48597
-31369
-69168
-29979
-24143
82306
26237
195575
-3921
-180704
12001
-67465
-88930
-106035
-87782
-24247
129821
28792
81250
160317
160973
62835
102971
-147400
-88968
-134659
-59678
-72627
-45024
65446
-54003
203952
61232
2031
136044
-53219
82741
10897
-9230
-275781
-123605
-112811
-12696
44750
104052
20939
67170
1021
127938
-134198
141224
-104966
151552
15075
-130509
5
-115857
111437
-41432
199558
47374
216726
-61931
-71265
-102202
-223154
-79605
-90545
5147
-34941
-164413
81566
133496
136381
-12298
31591
-25498
-48248
-10815
71919
-2767
-76779
-64582
75953
-1084
-73973
5724
63493
38093
-127905
61486
-213892
-12613
-140008
-5192
-53076
-50198
-56191
-22741
34894
9647
-70096
48810
-7764
5334
-13024
-61521
-25958
71237
6696
73200
-87650
58615
-796
5393
86755
73198
-77130
25276
-27112
69207
19768
41038
158217
5672
91674
-8578
-66132
168805
87462
13271
-100108
-1564
-32004
-131655
120358
-1227
85873
33972
166160
-9666
-118706
62840
-7904
25778
-124786
-115970
34858
-173792
-50158
-44807
88411
205676
23651
53522
-129197
-12532
7983
-17624
4647
-70069
-2274
-59988
79548
57308
68330
-24115
-24690
60308
-49813
1764
-60165
-170943
-137346
-192224
-4397
99627
11481
18306
-117155
120925
94515
103164
-89019
-46686
-27732
-33112
-58555
-177666
-3539
15476
-68397
77379
108797
58119
-132732
72238
34086
-73757
6354
-103460
-44294
-82443
-18757
93531
188977
-82930
-30608
184436
-3803
86462
-184100
9616
-198080
-19332
-42125
-140698
-5921
-78909
143590
9058
-36560
-146403
-113682
56338
-45151
-23433
-39158
-135635
-14805
-3270
48224
4015
14260
157129
-135001
-5254
-64529
-127210
-95853
-59440
-4966
23523
44750
16599
-18648
37211
10205
36349
-45183
77134
-45814
-27444
49867
-71888
-6701
8503
116691
65678
10181
-79361
92858
-16826
-73265
-12132
-30460
-35514
68814
-107523
-72917
-30656
191303
-39036
96920
84783
-45780
57198
-63717
85951
-145516
-27929
22215
-50189
76412
-46404
-37483
90405
-58894
125715
30391
35420
-138254
-71148
-42616
31268
146205
-143477
11382
-129153
38288
-29038
-90059
103199
-9710
43620
-53192
69212
78030
-91235
-32383
102005
-121470
-82703
142226
26806
-102468
138662
38202
-75424
-118194
-62728
-84355
4434
30794
-105637
-54787
93725
-112039
90504
-124170
58067
-55051
15402
-12753
-42106
145449
-10367
67426
73572
117426
65700
88139
73986
-79819
-60770
54536
-58539
-129054
42471
-15341
38676
151572
35253
62702
28134
31335
13825
-20338
-82408
22893
-137257
71093
-96324
127097
93362
112458
12980
102911
137888
108108
23355
21384
-31161
49815
-150587
27774
-61250
23916
63865
-16539
-10094
42379
28879
68303
-36425
-107399
-3662
121232
-82387
83861
-85899
-17031
144087
-15462
-79231
-26035
79651
8246
-38344
-90604
-47859
-41170
36503
28378
58197
-9111
-37069
102777
65175
-31973
41199
96884
-194895
-99912
-63165
-52374
29104
-55910
-4769
127721
209568
119522
114829
-75513
24625
-85965
-117202
-117754
-241374
106353
-100807
153229
23957
-30210
80103
48232
60924
-43820
1642
-33090
-90730
5786
-155447
8615
64164
15134
-133000
-41861
-19320
-8097
21245
-177629
-38457
66377
-86162
-29839
-52002
54343
145582
113990
165851
57143
68572
-41846
-43908
-10048
32656
-53285
62648
-62839
52694
-18329
104956
40476
-20566
62829
-29381
5049
32598
43962
27038
87488
-120111
26924
38711
48986
222316
-54856
150470
77478
6858
-148224
-111525
-108759
-87385
-61175
-46291
-23773
-6463
111723
-85919
44213
138057
-154129
27607
12273
947
11869
34220
-70702
-101533
5245
-80878
33336
51861
59173
137048
-70374
-41856
-77213
-11315
-111657
-36631
12923
-20979
96428
38080
-40713
131896
-28844
75536
-104578
14324
10769
127333
-74447
120585
87079
68380
184912
-52725
107101
5662
-111926
78440
-50752
-131368
25033
73749
148225
-112768
25670
8584
104302
55000
-30579
17029
-68770
43804
-60091
24712
-20105
67655
22969
-16443
162181
30507
51478
81091
6028
85987
-1466
-55324
-45422
-205086
11980
71709
4540
-62630
151332
129196
-17730
-18629
-49981
-13998
173642
44583
-40249
-11910
197561
35213
67562
78189
14044
-3005
-23818
134697
60637
-176710
13918
75710
-60062
-24149
34079
65245
38385
64336
-61302
78764
-21014
98705
-26478
-100339
77691
-126545
73388
23752
82942
43189
-36324
170545
113636
87042
-69648
-47184
44948
-164980
-115561
-18179
2431
13911
156339
-226
94095
26899
-7030
62055
-57513
-47175
-80945
-123072
1624
9498
-26704
-50941
23422
20381
129568
55724
25155
-151016
-130372
-12156
-212369
-70216
59756
52990
69772
91812
61451
81469
88264
32994
-84278
42337
-77865
15501
25023
-81816
44058
30091
128520
85550
7338
-66145
-36252
13532
-123783
-75077
-62229
-73486
-26680
-79553
-8820
109161
164870
131538
74472
89399
1840
15466
466
23128
-102156
-6526
-87535
-146370
220835
-19863
37342
-73903
87772
192447
1894
83344
-153450
-241618
-137517
-174169
-37945
60968
44767
95725
138651
21132
-24521
71424
-39020
-63699
-78911
-98256
-43136
-39488
18734
-70382
74951
42146
-77170
24265
-102978
78862
49570
-111807
-93909
-23256
10959
69670
108339
67773
-31013
10045
-21393
27417
-151307
57635
-114899
-47247
-70559
-18811
-9997
-104544
72711
116679
-87638
93131
91782
88423
1059
107670
-59993
5474
-86750
-148928
-9771
93451
74666
17538
-61587
134827
-81323
-60330
-43873
32331
31058
-16795
55015
15744
-80764
-52015
57477
-170011
19345
-13967
40972
-161959
95271
105160
45023
-81507
15161
-41559
29193
53753
8888
63323
14487
146958
-176014
53975
-63993
65472
43858
-62543
92428
-95621
-57340
67706
-209316
-18064
6416
-64568
-68124
67394
-152483
-78089
60811
49754
46845
60313
30811
-44864
-48854
67821
-84498
122030
27994
-43012
79520
26972
-86205
-37024
17735
-37971
27085
1168
60592
-64269
-34050
21555
-114288
-30172
-56456
-53959
-66733
-5740
59254
50361
-18821
-9005
57804
91712
44357
75384
32679
-108214
-64713
94691
89772
-16338
-10217
-69521
44364
19007
52863
-123317
-201064
-55092
-16608
3260
59786
-90346
22143
215574
94388
156621
-57060
47430
-28951
-97211
1458
35304
-79522
-86724
58816
-50282
98754
38280
-73245
-52056
-127399
-107342
22179
26545
-56356
-23438
42910
-68184
-41623
-96369
-35305
-62873
28763
155964
68139
-117794
-76292
-57036
38046
9621
26772
-76710
-109648
99102
123163
196398
44732
88455
-116223
-67258
-59387
-11854
58669
-7048
-143624
-5923
4733
44005
34727
128242
-72576
-19437
-8911
-41335
-56554
-44704
37440
63630
-3405
-16653
105015
132120
84825
-105365
9849
-55801
-87320
-69804
-103029
-21147
8908
19180
104555
-4271
111517
65961
-71607
10109
-79922
22264
4501
-30712
-28090
-72705
54427
-15938
72897
135781
19203
102790
55873
11662
46871
-68793
49466
-96557
-62470
-21301
46611
-152518
38569
-109512
136
114802
-107551
-24881
1332
-54864
967
-196554
83664
48815
143886
118908
60033
-22147
38451
-32228
-115554
34549
3599
-41122
-4023
-109205
65109
-111812
55904
104705
-73445
56486
21327
-32811
-97965
88338
106729
-9859
93024
-99671
-35666
146329
144444
174058
61638
-23620
-198600
73132
-74423
86473
-44959
-19850
59067
-249394
225412
-51584
84391
2140
-32804
8946
65656
-13707
-23133
-100997
-17192
-14565
-82703
31936
89432
-161937
-72481
-75037
-19384
89237
-40461
161835
69539
-99277
40704
-79588
4769
7127
-70386
-41387
-64470
-110919
-151423
10199
-704
159827
-11414
-12714
159228
-48632
31075
96235
6743
88854
37596
74564
85671
-80561
77168
-162890
145985
50243
18813
77824
61272
-7324
90194
46028
-87818
140171
-29797
120717
-119831
34839
47623
-65340
-20621
64413
-85634
14505
15651
37676
63826
70877
-70986
-70960
-48036
39640
1852
-63698
-13875
-25682
4421
30709
92733
110889
-86639
-13127
-57471
-95496
-33271
-24991
51936
-59870
22803
-122412
-27840
104652
81562
26410
-14000
10360
47974
23876
-77651
86601
59768
-86931
58027
72678
11030
99122
135557
3761
-69105
-137424
-92572
-56242
77855
-13323
-9293
195586
65279
56278
118456
58217
-76210
43476
15135
-107017
-218660
-28985
95246
122042
101253
52793
176057
35373
10887
6416
40628
-50018
-55650
-42531
-7600
-148088
-48904
166074
9359
45357
-25116
-4276
87667
-73234
-129671
-62483
27067
87708
-2791
-174637
100733
118779
64160
82196
-56205
132993
107481
-63653
45395
11323
-115825
-26117
-86626
148322
46404
44798
90143
146406
-123005
98977
53416
85551
-56157
-134136
-67478
51454
49907
92685
112503
187083
66186
85437
-42576
24685
-4902
-98770
-53694
-48512
-30277
82134
54464
-57856
156724
-38579
59522
-25274
154132
57060
-14829
-78466
-194440
80952
113209
-96276
33605
99255
9909
4042
37531
-23648
-19479
-24681
-16097
-131027
19450
-44663
67447
-9101
-17960
122564
122172
51772
-30299
-9045
-108218
-18891
17571
-111901
-83464
-23312
130871
90974
82453
72745
-149463
109064
70226
-197687
-97617
28236
-166656
-78603
91277
-144636
100854
90022
117502
97878
60347
3809
-53589
-6557
-49509
-122307
-2059
145892
5715
126710
176707
-5611
104569
104366
-76841
-875
-100241
52014
-118375
-14864
12863
-64876
70810
-43884
-17495
108922
22924
68717
23086
42190
-132441
1650
39667
-62150
41612
99385
-169
24681
-1272
54270
19819
-67123
-50670
77887
5671
-48839
-122069
-80563
216386
49064
87151
-21205
-30403
-2703
-45542
93871
22524
-36096
-56641
10570
239103
21037
30142
-126511
71488
52309
-90888
84651
41416
82935
-87151
-39071
-15127
-50021
16148
-51092
-23214
79812
44311
111523
-33572
32407
42645
-95051
-121687
-141795
-30423
16224
103380
187652
153213
95678
164927
22485
63563
-107763
126735
-21595
-115329
-82729
-77879
-45408
81395
146805
45540
74703
22527
-14537
1206
-5331
-74513
-58948
-16471
1900
-36646
65576
125174
163367
154169
-166931
30817
66892
31865
17419
-46179
-19142
13438
-7961
106179
73266
186666
57631
-47940
59162
-76177
73203
12978
-145759
9987
-143555
-20653
-128825
-131327
34455
102949
4354
6044
258344
-105085
-90114
-67238
-104149
-26601
-104342
8095
-3674
36463
-96829
40893
-19670
152948
-98720
-105109
-27568
143511
-28659
-52888
-97619
97211
44139
-6725
80844
146060
33113
19589
-107728
71417
-133910
-15374
-64324
42665
-59202
-17563
-90585
14063
31692
28211
-43045
-96643
-44448
-6013
20245
-22639
-95607
8767
173316
40170
103660
61693
78534
-25560
-57457
25944
-16873
43124
-69102
75907
-142316
147065
-223386
44034
52717
21260
-20047
41639
-4725
-159626
-34740
-23848
-149890
-48121
51551
-24060
40677
134959
56771
-28183
-39160
-79292
-112818
-52079
61952
-90995
-93871
3950
-63814
132398
34699
7496
-14582
40336
-54124
19417
89199
-86520
-24619
-85613
-132110
81542
-3168
92100
-111377
19470
75890
66471
-69041
-31334
146632
59764
-117832
-86591
14860
197696
-108450
9525
49087
-85126
-10316
-15399
2813
-46233
-49037
-17790
-31689
33561
-96818
51285
-58718
235217
78854
-123037
11956
-2355
62409
42277
-104742
168607
-186377
40903
23734
18530
11344
-13316
22524
22081
205621
15228
-57806
-121786
-8082
50350
-27079
112562
-88268
55412
52272
-62489
43054
-109899
103988
-6848
-71891
133738
-20936
54599
48813
43831
-12541
-123538
113949
62553
-134083
55939
87598
-86435
-14179
46470
38815
18816
-9414
15303
-94081
-40408
129202
-25980
152107
28913
53988
-119457
-39053
-100595
21002
8987
91452
5602
-109961
-35880
83407
-59492
44499
-110969
-67057
-52885
-16300
-138960
121648
9615
-48216
-5122
85943
-66424
-1814
-12628
-17306
-108597
-82648
-15628
19924
-5776
23327
-23235
68403
68392
159200
-35554
-26157
39079
-27721
-87278
-139366
-99433
94200
-15526
-62553
-229415
31381
65598
12121
71422
69689
48902
19076
78038
-158135
60268
151103
-7186
70040
127162
-5723
58493
-22350
-24721
19590
-45566
-45072
73769
-159251
8731
183199
12187
62141
17142
5890
46048
93807
-26653
39709
-60883
-58411
-8326
57469
-129040
-34576
45044
-15971
98271
-39923
-60413
-90581
31605
-87459
4056
21093
86028
105377
21630
10426
57761
85650
29315
42143
-177941
34438
10710
-33101
63676
-28516
-33365
-51068
-169610
64855
28112
-27761
4107
80988
-128817
-51085
-37966
-17398
-7824
-119865
107973
-55727
-49476
89218
-90828
8972
-39504
-85821
-91453
-81912
-125001
-46967
-73861
-69532
145482
-94631
22402
109938
-56554
117706
-31632
44445
41108
-108321
22873
69290
201258
1159
53842
-4708
62593
142751
-54520
91581
11098
-161412
-53132
-94634
-37259
71326
191990
167577
-5097
-92058
19966
66003
40689
18823
-93609
-41881
11619
-23579
-28241
65845
-77143
-38182
24773
119253
-43494
-11908
10134
38114
28836
-18390
-123903
73408
191944
31382
21279
37595
-31453
15290
-64241
-101843
14705
-146997
55431
37524
-72063
-106356
119877
90190
118724
74059
32136
124345
142319
-4105
-65496
-133691
42851
-65924
131635
123725
47147
31384
2891
99929
-8382
5593
58379
-46713
-41341
-176229
-164992
-43832
87956
126317
-68401
59881
128909
77900
-36187
-22346
38603
-40568
52613
88578
-90202
-158041
-9095
44164
80673
71278
-44688
-25915
-74289
-84507
-29997
-83048
-39000
55168
97232
-16309
20931
32379
-20547
-53989
83822
152966
-29964
25952
-52761
-56675
-37704
8889
-45673
14044
-4270
-105980
50520
80455
86147
99796
-32967
157780
-112979
28130
-4246
91612
-49544
9755
61931
32833
-66141
71322
-61948
58957
-18857
-110510
1139
-8693
-94189
-57861
-4702
84390
-39154
112353
41532
689
-98620
122393
11588
41503
4504
-67232
4283
-80480
-138985
13994
-90073
-3793
-43820
37294
-35699
-47262
99841
-47360
54368
6601
-6759
-22687
214270
13925
11690
-54987
-19916
-48051
-54873
-70611
-37663
-70191
75872
-85906
55201
88635
-124220
193964
-134606
13187
-43343
67713
11560
-129142
-111684
107333
130010
-79458
14733
25187
142720
-8547
-68422
101914
-135052
-45672
-80236
39737
-24147
46757
-184222
46837
51664
31133
-46819
-96640
-116904
-24622
-41001
89784
-103729
-20407
-47767
87502
70463
19049
-43461
91456
47566
10110
3238
-11115
-52783
-102284
-87093
-31619
137243
-178610
63332
-121038
-44715
67802
-76961
124244
44714
-73378
78974
55
58489
129253
63437
-79307
-54380
29307
63423
40725
34377
95051
70124
-60457
-117
30760
22910
-4391
35448
11575
46066
10427
104388
10742
67481
105475
-151946
-10591
43081
-28657
-41826
-16059
91212
49881
48337
64726
-115217
29416
41949
14344
22632
91174
90660
82493
-23057
508
27148
4917
-77256
42114
20692
-27466
-59789
18942
-19534
68666
-55309
