#SpinCore Technologies, Inc.
#SF in MHz
#SW in Hz

[HEADER]
@CLASS=	RADIOPROCESSOR
@FIRMWARE= 3087
@SPINAPI= 20130917_x86_64
@POINTS= 1000
@SF= 0.000000
@SW= 100000.000000

[DATA]
-123739
-415965
453414
169660
-283826
118981
-70707
-139843
126583
-23451
-119630
263349
-76598
-258412
140062
-89147
-25968
172185
-126004
-103331
120045
-25231
40825
171349
-84597
-7984
152456
-91870
-43198
54096
-306983
15711
113867
-89090
211369
165522
-39974
-55097
71251
-142316
317769
22159
-47470
-26064
-88486
-102110
84598
51534
-46488
176380
90974
-188507
190636
14601
-122494
103482
65046
-60697
120307
-49435
-71835
73025
-161575
-49299
1440
-148826
50900
102482
-122847
20457
69422
64051
49672
67299
-40508
132974
28088
-50504
-108530
-11894
-86098
15794
105963
-12871
-5192
82968
-28636
14083
160752
-144135
53265
24099
6725
99377
138127
-52173
92413
-139946
105237
91754
-92196
-29920
51657
63412
-13533
5416
-151159
-39576
-5168
-52607
33965
-106231
-51917
-37217
25703
43775
-66318
-16393
-80202
-157165
71989
-156812
35827
8432
-41477
-96419
-6104
109512
-34245
-67260
-34112
-14225
-105372
-57285
5540
-11215
-32021
27237
-34223
-81606
67238
158717
-70870
39385
34709
28661
-13395
-15209
48122
-33062
-7535
103546
73905
48425
27916
-80149
7961
179240
3313
-548
-94195
-28985
128013
63564
195944
147779
-17508
17631
122059
42149
-16847
73114
102066
-25438
-41028
-71947
63362
61085
-56674
22845
-54990
7887
60842
35751
-12183
-13915
12451
5229
106391
-27345
-37463
-29155
107453
11472
-12681
-23759
-137483
-2017
172495
87470
76044
21690
11163
-66350
-89379
-54191
-397
127445
-102483
76911
-146538
39780
-52207
-83828
-30545
117244
-22122
97011
-14518
-2856
-56491
-91654
21400
111549
-191592
127511
-60535
-6353
-42948
-139080
-2577
95395
83709
-40281
-69108
-51143
113
-30643
121687
-106267
-101080
45060
-75096
34508
-34720
-2645
-81561
44434
-49847
154099
-5139
-73799
57551
-30758
-58572
143318
-1808
-85413
60680
-24669
73544
-129861
66260
19190
64419
-11755
-21011
-120749
55213
62998
-165406
3038
35372
-92449
69032
74580
-62395
-42627
50558
-125506
64181
-66120
81309
-1566
75825
-23017
-61368
-27340
6749
-29366
-38172
34878
24967
54310
52361
52194
-58570
-105344
-29321
59582
27695
-34884
-110760
-31623
88605
-13570
26354
-5089
-11032
87101
90565
-8692
-28384
4453
12878
-117186
104617
90701
-126739
-85118
-13109
42644
122732
-97956
-104191
19866
16811
89442
37398
-65083
140208
111436
71369
46509
-64903
-16462
60769
5240
58419
-5930
27782
-13971
-4345
-48003
-22333
63486
-99034
-64424
40382
60364
-64287
46279
40587
11505
117855
-66888
19940
-92185
80984
51348
-135125
-45037
25418
5357
-34750
87682
-10972
121416
-42145
-146653
77200
60049
-32511
44378
-39071
61334
13749
90323
23117
29995
15657
141387
-40890
-140714
44757
70384
-90128
74601
19096
-23039
73649
-73871
159720
147976
-21229
-98223
49090
-35049
26298
19823
-59465
-35872
13379
117478
-120805
-10796
29984
-92808
-19262
9263
-1118
91776
70348
54725
38252
1297
-37019
-28524
114330
32477
-26708
107974
-189837
-24564
64925
218057
30061
-139507
-21110
-35857
-195893
108030
20131
-97227
-11434
58514
-23555
68590
27976
75982
-127738
53214
-26016
86076
-52669
-16528
-8057
7026
-134072
-28319
27230
63077
-165405
-31724
7467
-15492
40145
-17909
-149629
-25828
19069
-106591
22372
13207
-90535
9628
-74454
-43384
-65651
-59164
33598
-92908
-15066
5886
-50071
-81032
6239
82487
88723
-5626
-36411
61989
96020
68482
-10022
-36194
22717
-3056
49966
85357
-118026
171427
-87939
-89039
134168
169105
19711
113225
-135034
110165
-44305
-100610
23677
-17696
43335
-46564
-26102
41554
150241
-19679
9173
-35520
-48550
-221911
102634
-114160
12463
-94704
-43303
20024
35558
-31894
98057
-16290
-62374
2046
-77890
60571
5717
5367
28499
19277
906
-182551
13272
-111823
48736
-69542
127024
78359
-38907
18288
-7984
-212269
47223
35009
-17364
1937
-114128
12509
-41439
87548
-64047
63535
5864
-136008
-82448
-21112
-27957
8004
-158801
-32057
-168219
94482
23642
367
49429
85680
-192057
-44611
-17271
-185963
48896
126237
88371
17961
-4005
-21835
173084
-41967
57066
112002
-70482
62668
52744
-7763
-23435
85052
-55229
236195
61686
598
-48595
-90359
38189
-45054
-28232
59723
23201
-160348
111066
-24033
-75814
-974
-39542
-75592
15044
80888
-119236
36965
7270
-42748
-962
-46630
-649
-47854
-14817
7334
53693
-74971
111
57892
31469
148056
105477
-109895
-122406
-15660
22071
-7001
39694
-31810
-96598
-71178
80162
-23771
-81838
-7250
-94003
3213
-25148
-71341
-104867
-79222
-87112
-64611
44152
20129
13157
16011
-156048
63762
48998
8227
60853
11215
67886
128771
145765
24851
48039
-50870
15177
-12409
97264
73634
7042
-59922
-51946
39241
-51379
-14217
60651
51911
-61731
-83951
-108022
147698
-31696
-130837
100354
91210
-36825
-18869
11352
-94558
29920
-158130
21583
26606
-172231
44672
60578
-511
71279
-115363
25980
-54879
-74944
69731
-64974
-113147
19276
15175
-52395
-49494
129378
99303
-87187
-94954
-19811
-128831
-55678
-37454
-4177
51823
-50881
-60100
-11767
-72532
-44589
126139
-104497
113656
17498
-169524
-51522
-12138
-97220
-18364
-23253
121107
-55949
-44722
27643
45049
-157178
22727
143815
-58340
35029
-1103
22036
131555
101329
-99984
-2973
15489
-9175
-60455
50865
-13100
127240
-86752
6600
36392
85445
152926
-19505
23543
-17316
90720
-797
-24101
-99321
79089
51728
-77771
125316
38259
-40002
61029
-27008
54536
-61734
-125219
5367
32536
76354
-58
-23323
-70359
113157
-22029
-137027
56770
-87588
-108501
87255
-64504
88559
47113
19240
17138
-116744
-3058
-72259
1761
-80433
92878
56524
31142
18733
57960
-108616
-92302
64533
19820
-30146
80804
175841
88426
-45074
26853
-40218
46238
-7695
-28998
-31471
-141543
-15049
-49096
-67646
67789
26405
-36161
58527
115307
-15357
-28059
110834
-3601
-71377
-87164
-43300
-133733
136278
-163543
141346
77054
-90131
-115898
18904
122673
74238
-37729
25213
26125
44935
48484
1108
31086
-18201
107732
-55073
55883
35237
15392
-19684
-97998
35173
24356
-1987
-38105
29572
189466
21244
177759
-124946
-8853
74483
-111646
-59874
57390
7609
71635
166860
33301
-48015
-48477
36558
-49956
67238
-44002
33146
-7679
66147
36560
-75191
-1585
109762
16346
116887
75378
14000
-96136
78373
46481
-96488
6990
35581
-50459
10310
-132426
-88036
-4697
188337
75254
35340
107349
-115646
-72015
-71896
-86737
-99589
24421
8295
-96858
-29393
26621
65784
81164
49513
-31107
-28459
-30481
50540
93868
-60716
4813
-108503
-23516
-68014
-21581
-123650
29799
-95733
-122974
114998
103288
116313
-87631
-73892
-115918
-94710
38420
21931
-13824
-59731
-81607
4225
-32668
-51575
-54604
-41514
21112
151985
-24778
17457
-45714
32205
-64904
2380
3329
74643
-75693
-11359
-7405
-20779
-14870
-7471
5932
38821
60222
-89149
73020
-66846
38302
154191
-77942
-6018
9011
-35427
-151286
114794
-61638
172286
113189
6677
57142
155824
3938
67256
57911
-3524
90234
82130
-90255
-64243
45664
70244
49318
-7986
26495
64078
52841
74956
87042
-9195
-59387
69282
33821
58314
-68171
-51709
59404
-10514
-86750
116275
-71471
-10130
75112
-65919
39911
93975
-800
129819
-19799
15543
-22179
-6011
67193
-39386
-116466
-33969
66289
-137312
-3398
-54472
64711
152629
-36616
-109557
-461
25143
80353
40691
76187
25073
-3381
-37865
28290
61153
59023
-142026
-101500
6415
-52266
-55943
-25994
-11328
-39039
32169
110450
-42717
110824
-33393
52124
-88093
-19275
-27981
161984
14021
16592
42657
149885
-16286
68992
34637
-30361
-8240
71421
50573
-40783
14036
48901
111789
45644
85769
112460
-58902
-61911
-99492
-122545
-64796
6578
-46110
56265
128656
-87717
14771
-71902
137583
-18094
44959
-12645
-21857
101104
5306
-61694
90983
-65753
80746
-56570
-48688
-45290
-98232
10251
-59539
46718
-6646
-52322
65216
-27294
-50983
3362
-147483
34884
-26993
-60401
-49199
-63922
55965
9346
-17334
-84260
-8759
80448
-54533
-1680
3209
50635
85538
13363
-93243
26729
151206
20293
-108834
23325
13151
117697
-42902
26138
-197350
-125453
-45832
43549
88869
35928
101027
79997
31905
66634
-57995
46592
-44965
94761
9813
-214896
-21082
52487
-175465
-51050
52397
-76811
-11377
-1773
33166
-81696
50020
-7499
-16324
75997
95770
-108660
-31928
91968
56709
191778
-33171
6514
-92104
12855
23833
17135
87720
99430
-172696
-2594
-19222
49822
-45465
-51298
-16245
-121560
-23068
33807
-3603
-5689
-59963
16873
4846
138589
-118500
118480
-97488
106596
91268
-38151
36071
-111425
94763
-97727
-185787
-31008
-110774
63701
-4281
95768
43447
19347
-65035
-19358
5425
104722
48573
54378
-3949
113486
127204
195520
-90180
-62251
-99852
-120701
240249
88834
-76520
70166
38767
-167276
-67663
81189
-36683
42340
-23095
-91762
-177748
3845
184253
-49345
130945
9360
77404
-116833
-25699
-122338
63353
30375
-3
-6838
-75748
9860
-96883
33942
-80544
26725
41060
-99369
13762
17828
-31663
-172489
41822
-104745
10299
-11276
4241
-87742
125114
86841
81210
-47873
10549
-3454
-61534
44109
25477
-45618
-82727
-91570
-23118
-42771
-32479
-30375
157692
54079
103250
-39131
-58717
-95593
-7031
46039
-73745
-16615
11539
-23786
7268
-22025
-71774
32463
-35930
-30866
-6701
6362
33314
8701
-71586
-85714
76633
-131039
120412
58585
28477
131935
-261815
12145
23058
-69793
70913
-3162
30451
95162
-7912
-20154
79027
51883
29304
-24005
-52200
24536
-1764
-70908
-42226
40633
77031
-15978
-28831
-86471
111592
-85326
23408
-35361
54282
-24551
14673
-62387
18086
62570
121644
9430
-31091
5922
-110410
-92593
130965
-7429
129162
98789
-104134
132671
-21815
160585
-32658
43452
-7666
-30754
-90546
-10362
37812
-77706
153289
70864
-13323
33989
-27120
-46270
501
22039
-40633
-3061
-65733
78009
10517
-85232
-22573
137319
30847
-68803
-100536
-25714
-65691
96326
-62015
67365
-96070
40273
52449
-71204
6576
13106
154724
-33078
12512
87183
37674
9647
3082
-20050
-59513
-102252
-11810
109614
38228
1698
34634
75658
-94826
3741
-20138
-64767
153895
96499
-87012
28217
-5763
-133189
-53837
47063
-17749
99334
-28091
7077
-17185
95900
-93143
-121170
-66000
71161
44760
81681
-81042
99719
82884
82320
63569
-61598
-8419
-70290
27767
-48791
-88778
7809
-55429
-198834
6557
-106780
-63546
-28969
34016
105265
-43601
-46008
-66856
-35226
-14149
40992
-5383
11848
18839
-19667
109286
3442
82547
-52995
33129
-89730
22593
-36720
-5443
97572
-18880
21923
44871
-11665
-34419
1104
-77978
-172275
-7425
154592
50699
-14207
-50646
141084
86404
49400
31556
-97272
-3820
70096
-128729
-97358
53947
-173057
33414
-45888
-32276
14738
-54959
25264
-2508
-69565
-20570
13330
64596
-46990
166493
19853
58117
-57179
-17525
34431
-46973
-39989
-29574
-25409
83511
40096
51713
-41943
-25142
20412
-31864
150666
-124422
-59680
94537
-31894
37764
57055
46025
46770
-44980
24325
-35213
-80084
-66774
32211
-27923
-7629
150828
-2105
84027
-25830
29409
-63828
50053
-40389
-39218
-52116
-37796
-51116
-11704
85571
53164
72928
12190
-52292
64120
17349
-58223
45309
-5037
12610
53704
-34184
67822
80561
-141938
-131245
5240
118392
-42768
86271
33471
56949
42812
15357
24648
33640
-4298
-81940
-8591
57169
101264
111996
-128159
-178063
100255
94316
121622
91646
-147067
95758
-92178
-14534
-77950
-147979
7810
77565
108247
62237
-88726
-72208
26084
1245
881
-62971
-192089
-1700
-63593
-24680
88290
-44789
-80747
100534
132418
90501
-41633
-168595
43194
33883
22710
133017
119081
27229
12558
-26320
-87331
7606
-9485
-11330
-714
-21489
-5707
-60206
-24612
26875
119344
25469
-53546
-63267
96615
53033
76853
-15863
-51226
64460
23630
-48066
-25624
-103050
25715
116739
-2578
64016
187162
64710
133038
-64038
-207234
-69553
-113093
-38283
140541
36137
11860
41555
-42565
60147
15260
-66997
55703
-24224
-1931
96165
-18839
-111741
-101549
-39181
161176
105392
65619
79426
-52873
78500
-19016
-158845
-47721
-85516
-2793
68748
200865
35569
7663
-24404
-20575
-12892
-85932
-20451
-45718
-155732
38167
22648
61063
-173488
-32420
56101
-113731
-93423
164122
128391
-12187
-82123
53743
-29445
22306
63600
-9858
97604
11900
147872
-126420
41422
34992
-129104
39410
-36974
-6564
-14447
73569
-34278
-32821
-31329
-39346
73143
17304
-15787
-8402
-175498
17726
44554
-125274
-53611
96126
-45960
-97133
-5215
34897
110977
50210
-53858
1667
-87040
-113901
75951
-102263
-101001
79861
-61609
73380
-21687
-45278
5592
81112
9965
65054
5424
197226
1086
115856
90204
-53918
31796
-146705
86020
-6939
-25240
-58460
22535
-36134
57623
48974
-171116
35499
36021
10195
20572
73142
-56262
151431
-3679
119408
-15976
-161575
-86097
145902
-32294
158568
60496
-38301
-4351
60995
-44736
-5600
9485
2723
14329
-116174
-83209
15107
19387
144149
-65368
-36905
-3502
42831
-10908
-58509
19526
26592
67406
-180268
6571
8817
166761
52659
-34660
46536
-110126
18211
79125
53585
-48593
-26379
-10526
-102832
119693
-94226
20125
-17318
-19914
-100735
-131322
-47310
85978
-64232
9542
57746
-38342
12806
-1899
-159854
3981
-182770
83773
9621
55876
-32500
-127632
36347
-47042
-26874
24744
120417
-12771
5495
21412
-120936
-36772
-78035
-17089
-4
109925
34824
-94373
-51608
-129975
64846
89791
-4482
-31429
-44354
111195
122370
74583
118047
177839
-116745
-8221
27944
-76143
-67523
59400
-33898
9778
3213
17463
33181
47602
21865
-44413
30968
45079
-46495
124670
192926
-131376
47847
-195765
-24096
18338
-19963
180987
18452
32683
-78455
8275
56847
10649
22816
82280
-86544
-92122
-60416
37349
8110
-106487
88995
-31159
-16243
-22377
-57154
-151631
-24157
76364
36602
-11660
-56988
120019
-8851
43921
-111137
-227387
-34704
-61446
93326
-68117
-155098
-36746
20791
-26990
-134602
-45498
-84199
-16024
-45769
38580
-57906
73437
-88808
22617
68022
-27867
7567
75296
197959
100500
