#SpinCore Technologies, Inc.
#SF in MHz
#SW in Hz

[HEADER]
@CLASS=	RADIOPROCESSOR
@FIRMWARE= 3087
@SPINAPI= 20130917_x86_64
@POINTS= 900
@SF= 0.000000
@SW= 30000.000000

[DATA]
14301
1860701
166164
-2135895
-48069
2155083
-39092
-2252009
123176
2223441
-363121
-2225017
377826
2309087
-498562
-2186549
651795
2142263
-672702
-2267468
741787
2160667
-860280
-2143659
961275
2044208
-1047015
-2087804
1103473
2011427
-1154546
-1961970
1362247
1833501
-1349875
-1815443
1386410
1692848
-1430540
-1699859
1540832
1687206
-1477018
-1545414
1618562
1468384
-1573230
-1416087
1666220
1234945
-1640619
-1282440
1651590
1168884
-1648691
-1092596
1633307
998455
-1613527
-928035
1679868
767920
-1648223
-748103
1678090
717731
-1640183
-587373
1708494
531748
-1694663
-400957
1701211
440590
-1664336
-355307
1667711
322586
-1616069
-252324
1531910
152775
-1584091
-49471
1586162
54356
-1580003
29447
1519216
-110130
-1483834
149024
1522067
-119663
-1443619
203210
1356404
-294186
-1359472
250479
1374748
-369589
-1378674
357369
1321115
-452247
-1204661
426074
1165670
-504869
-1240546
546061
1190951
-645384
-1078755
580565
1121369
-758443
-1027960
690168
993038
-729104
-954166
704059
938882
-749251
-874719
791196
868365
-808164
-807632
885452
711906
-791170
-758464
867836
685233
-890501
-601869
882368
540808
-955918
-513048
976511
502660
-918524
-506470
934502
463616
-928311
-400124
995727
376613
-959396
-279461
1003062
285685
-938554
-221513
1043733
138418
-972569
-193928
973294
94040
-988587
-93238
949380
-3772
-915456
-35738
876046
26188
-854476
228
909278
-61440
-837772
170176
907975
-170094
-771589
133947
884165
-158629
-843350
252064
839843
-273033
-772734
342957
862590
-247720
-786109
279887
719871
-346570
-755144
347872
722662
-406847
-701048
399641
673664
-451236
-619821
514681
654763
-448627
-627469
535742
636438
-465846
-554097
526114
495515
-528214
-493192
580336
464803
-537907
-423917
634397
421367
-557719
-313901
558073
369600
-625427
-387607
597362
274088
-678732
-303655
614014
308677
-574976
-298577
657361
258513
-638186
-99433
698446
246875
-593983
-156313
681710
199269
-707973
-167253
613493
93907
-603874
-76135
610322
6130
-682864
-61742
577895
-30296
-590907
53720
598735
31410
-593166
61381
652306
-102466
-577965
114966
605484
-138789
-587643
197465
559069
-174881
-538431
161499
589541
-231005
-488932
231028
545034
-159288
-492135
202914
455422
-294725
-428881
339195
445420
-351402
-467389
270635
482807
-331565
-395939
382630
428095
-330025
-362927
350616
325180
-396626
-370550
361965
296992
-419720
-212443
427874
276252
-420064
-277089
472802
302517
-485192
-204912
418321
174891
-380937
-288161
477020
201612
-441673
-169565
461900
156456
-406489
-98436
498633
182568
-427022
-71877
451199
73682
-496702
-78443
536071
39563
-429346
-56911
479304
5226
-446422
60749
424503
-65047
-467438
83173
450403
-50931
-424420
95759
430243
-47625
-349518
145316
484614
-107177
-396425
133703
418622
-176287
-395277
133592
397269
-178949
-433120
185158
411856
-184051
-350765
154021
339083
-202815
-396083
268618
380094
-231381
-339139
273568
296470
-288002
-300587
202161
294983
-240255
-250054
282009
235421
-246159
-262279
312509
268777
-315028
-194658
308239
192585
-314332
-194857
407982
166307
-344050
-226229
308661
141857
-490058
-160401
353884
104393
-364699
-152466
363435
106305
-323204
-132606
333487
69556
-393674
18131
283943
34525
-372042
-18501
392949
4772
-387337
-51801
377013
32670
-414437
-42058
369183
-90188
-359055
81351
413857
39401
-340062
91304
286641
-85318
-390249
80194
270971
-114507
-323239
156143
333503
-181449
-288537
197790
308612
-133397
-243605
240700
258004
-171993
-235986
202675
305385
-263947
-275435
142548
251452
-273953
-271821
180591
286870
-167378
-166637
225073
312892
-225453
-162195
272915
168878
-226991
-217837
288411
108565
-248040
-126704
345897
126375
-265769
-145844
296535
27733
-315000
-163234
247029
119547
-304341
-76937
252811
23755
-274251
-51739
264260
47994
-353189
-33942
307360
-14893
-274122
13839
261947
26816
-293909
53209
248538
-32180
-306672
67464
242504
-37639
-295672
104172
306695
-65320
-233299
35201
229868
-135236
-248373
83733
276996
-114248
-217244
96697
174476
-150837
-280823
161038
194790
-183897
-236975
148306
190333
-166430
-170853
175278
256721
-195131
-235154
206533
159481
-188808
-120439
180198
228571
-246198
-219722
177520
157217
-182280
-210150
233840
192363
-198101
-191798
233146
170987
-254525
-50617
182696
159351
-281734
-180175
239756
113055
-216647
-118634
244135
44276
-242940
-36572
276075
51849
-247590
-33517
224142
2922
-236792
-31559
195062
-8330
-231581
-39471
218770
-33917
-248301
32753
221339
20303
-190894
38868
241972
-38537
-234956
14805
258684
-40245
-220785
136982
206324
-81957
-167446
75199
174296
-86233
-132015
107719
149595
-97238
-182721
110017
207324
-84198
-215964
124915
134148
-90837
-156254
150743
199163
-136792
-120862
134516
120685
-124096
-77835
217073
108111
-173961
-64475
204537
165293
-168847
-87669
170157
128753
-135258
-53736
233941
48661
-239324
-417
179442
16580
-173338
-21963
225023
51968
-271351
97412
169890
49319
-213391
9050
192538
80914
-154180
-24852
220796
31460
-224471
5126
169221
-34511
-141718
29602
169202
-12262
-185029
12926
171658
-77469
-153398
123615
193135
-57807
-142419
54002
155609
-31437
-173403
120599
154609
-95303
-198629
82246
137429
-116535
-171019
189173
180459
-128800
-148615
60235
100870
-169179
-145660
133651
155526
-113234
-108609
117684
98645
-117678
-156731
105891
81258
-154784
-82208
166485
69070
-69642
-55648
179125
114991
-187367
-95307
176594
12962
-129913
-33502
212860
95006
-185814
-26880
152716
-30196
-134201
-35253
131476
70611
-167576
-8479
148657
-7484
-196241
-33916
140094
1986
-222322
5758
101968
36877
-129018
89007
141515
-74275
-94836
33277
157526
-27017
-147850
58087
159743
-37932
-159766
46788
88740
-77187
-150990
106936
141647
-50264
-131705
81512
127418
-111352
-161070
79876
162773
-72679
-92455
159784
68232
-136728
-58841
91787
112952
-37154
-63389
145954
169954
-125709
-120572
119436
22162
-143349
-58626
111217
21313
-135828
-39571
149661
116785
-105134
-31258
205427
107854
-130942
-37274
111627
14218
-202527
-30404
110578
68912
-116551
-22387
173564
24451
-93433
12868
115357
-14647
-144815
45836
142796
-21542
-133889
10660
85458
-3771
-151780
-28521
141186
-24387
-31054
76050
155912
-24803
-130531
65477
128408
-59164
-142360
11187
87674
-84591
-65500
-8054
140265
-93534
-102160
54370
137898
-93921
-170645
125144
95166
-47790
-160046
40232
118202
-164367
-145021
44140
108713
-100418
-31252
128854
33190
-97131
-121347
58710
62453
-150536
-83639
127290
73906
-127327
-93222
120217
71516
-45460
-41478
54940
111109
-210946
14495
126612
32934
-107724
-21516
174006
60547
-91822
-43498
130143
12107
-143205
-3809
102378
33491
-83652
93662
53407
-61752
-94106
-9129
122408
32335
-130892
61596
46862
-76232
-79510
22881
67199
-22179
-65424
15687
186928
-55532
-95096
56532
134384
-52537
-102383
50817
7705
-75088
-122521
13148
100027
-666
-81388
38129
126671
-115844
31280
54103
80753
-96386
-96700
143248
133382
-47233
-100815
47448
2476
-54326
-78704
84183
118168
-88069
-53080
82232
46646
-83783
-78294
64587
52868
-156556
-75694
45249
35128
-110127
1950
131832
41420
-112653
-19896
66799
4455
-53332
-9417
151169
2730
-109618
22832
84822
9591
-129712
63040
83454
81200
-176619
-17982
132679
-28065
-81497
-48343
154179
12484
-117813
-3043
117617
-24960
-45909
53142
200385
-31515
-88158
-3618
72270
-37233
-64239
61032
107468
-53862
-75269
45164
89729
-156865
-89242
61373
81125
-94108
-109411
76416
42745
-49913
-80079
81059
78233
-99144
-134280
63856
30257
-113876
-65549
64895
79583
-63275
-85046
109671
85304
-49562
-41260
105168
27363
-21792
-13128
86746
72718
-59874
-66696
105405
47257
-116018
-12451
158018
44521
-74675
5590
50835
-6429
-150309
-16887
107814
35298
-140786
-21779
114472
-4565
-55474
-41368
138363
8005
-48847
-877
113171
-24029
-181189
26824
68615
-2997
-94090
823
99183
-48115
-111215
-13211
108046
-36541
-104133
41490
84467
-46179
-110452
31070
95073
-20102
-35513
22813
123626
-69508
-60283
49266
75805
-110705
-108868
9983
77067
-65118
-46722
87251
66608
-117458
-37346
80631
76987
-38314
-79983
78651
49283
989
-72019
86519
70408
-95561
-65652
112194
121746
-65255
-66463
98538
-8767
-123955
-57396
71639
-6371
-113761
-43424
155314
6555
-154292
-61889
60073
50115
-145021
5907
51974
66253
-134495
57674
98351
16661
-133807
9938
103754
1187
-63192
-25702
49077
-34988
-129750
-10885
111087
-44882
-175942
69852
82543
5183
-29617
25331
110388
-32107
-126875
59553
114255
-20970
-97967
88417
65836
-77301
-80893
25361
84300
-75544
-70764
99910
-14487
-8976
-67209
99184
107037
-80574
-48524
71564
67681
-116269
-52424
72844
91268
-65665
12971
80453
26210
-119145
-82536
28648
63447
-106317
26206
92430
34438
-66863
-18570
134151
25329
-94025
-61075
77192
43690
-62939
-2534
91181
8713
-52675
20192
87984
21668
-117521
36717
78425
-48253
-122878
78883
94166
35169
-114704
73157
91548
-46165
-88059
81925
120775
-12232
-72194
79687
83550
-34020
-101294
45661
117481
-45742
-136084
63386
91262
24251
-85159
67118
121925
-26812
-55149
58837
-4312
-66784
-85776
83865
49540
-108146
-23746
92721
63239
33988
-65001
48855
4388
-107503
-58873
93068
60993
-71680
-55449
96764
56494
-109317
18330
114006
108307
-95502
-18016
108577
4128
-109243
-53049
122636
50708
-125483
-1557
102100
81442
-93806
13383
59938
-6704
-50966
45254
106147
32038
-119071
66028
60508
-42618
-44904
-26511
28822
-51121
-86636
29021
120628
-29403
-39752
29354
121889
-32675
-47760
55533
70315
-43465
-63200
18864
11035
-68197
-50654
17557
23184
-78089
-139893
41809
21394
-47311
-83563
83994
16400
-5026
-16640
95804
101265
-25979
-95754
4675
68497
-105840
-45594
7232
7501
-36583
-11335
146344
68815
-51559
-43177
65150
80303
-45375
68430
61166
78413
7067
-68094
75661
411
-58179
-17654
61337
60809
-78762
-20350
78289
-5867
-112388
34025
60905
11629
-74340
69454
-8307
15303
-92705
2548
77569
4554
-47977
39259
30034
-16189
-107712
45821
32254
26728
-60236
28668
97272
-27284
-66557
78883
54871
-86856
-22127
46106
101464
35744
-30092
15483
22485
-17684
-22449
1610
106070
28170
-121773
77720
3500
-29017
-57760
96250
60811
-37926
-27673
18114
99460
-27604
-97803
48394
21806
-6991
-59894
13254
48273
-103956
-73761
40960
-47886
-138517
-30915
57112
-33648
-2139
-64785
88608
40103
-62935
-44206
130386
11451
-42816
-58370
68610
-12166
-102747
-2664
26326
37615
-55100
-6379
37393
-13088
1265
-77146
65916
-20538
-123772
13859
-16196
28215
-128645
52816
90850
18938
-67535
35490
107534
-13091
-59576
-8987
-5475
17033
-30609
-25541
37383
-12995
-73955
-39075
69857
-8979
-65012
66422
42561
-32326
-17963
76380
98042
-50749
-10872
-36613
24065
-90930
-54551
44233
-20392
-23230
-39359
25160
110114
-20406
-18795
7628
-11142
-71074
-18785
76281
64106
-81756
-15331
56432
-4196
-91963
-77152
10490
65867
-37346
-86609
167
4624
-81663
-50213
36474
25067
-118419
49686
39895
3728
-42300
-7946
13990
42493
-60423
50329
18269
25504
2561
17712
44703
-4497
-53243
8946
28621
-8177
-21557
26190
86797
-60016
-96584
36274
71840
-22846
-67261
22437
33481
2845
-86848
54006
49974
-60016
-25816
-31780
33386
-27857
-15881
-5297
25034
-41362
-16028
83518
43213
-21087
-76783
27374
37572
-34558
-14630
10850
90786
-36038
-69260
17040
31104
-64958
-49797
49108
56792
-29928
-17998
23230
19410
-58373
-77733
48340
-30327
32498
-104277
16643
18278
11421
-32051
59715
31172
-22372
-54652
87932
-28294
-890
-54019
13279
16781
-91516
-82172
95771
-16955
-5879
20128
4036
-34532
-50282
27696
37244
-36748
-30673
13676
80763
78201
-26038
-1824
67910
-43882
-105928
2771
63994
-43677
-79974
51050
9614
-31550
-48682
61706
33135
-94421
-69941
64792
8252
-31477
-55668
129379
95914
-18385
-99146
-8630
9652
-47256
-132759
35099
19647
-37605
-44273
18015
81748
-7529
12093
-8347
8288
-59335
-97999
35092
52434
-67118
-63212
80614
-10260
-113217
15248
-12464
14223
-32466
-13360
87892
-26748
105074
57935
103927
34971
-52693
-26826
131945
-19054
-45806
7302
48408
44427
-26737
5928
83276
-25314
-86263
-26566
-5138
-35957
-124612
-39883
40820
-35287
-27230
15334
37727
-28215
-108147
30069
49093
-29591
-62940
38989
47489
-30853
-108994
-7774
91864
-29329
-40696
22980
72638
-8557
-40019
8440
26301
-89761
-34792
48797
121582
-53349
-130175
17093
10158
52377
-44377
93150
94091
-28065
-53908
84422
50385
-90086
-41327
65995
-33388
-31931
-44686
-3038
33586
-90870
-29441
30690
-36754
-81686
-36418
1560
11879
-56018
-13873
52788
64438
-73442
46265
64263
43519
-74708
-71747
53697
-36368
-13557
4854
58310
-8364
-31028
-9514
56494
-53693
-63897
25198
10358
-60331
-76444
2369
59277
-55714
-16883
-29586
75212
-99786
-64700
-863
11178
