#SpinCore Technologies, Inc.
#SF in MHz
#SW in Hz

[HEADER]
@CLASS=	RADIOPROCESSOR
@FIRMWARE= 3087
@SPINAPI= 20130917_x86_64
@POINTS= 1000
@SF= 0.000000
@SW= 100000.000000

[DATA]
-197162
-271273
383752
5274
-276724
230038
-66935
-207926
142577
-55699
-8063
121928
-227264
-132020
72026
-32665
-16465
199888
-156570
-33518
150964
-125181
119413
260484
-218997
-26453
121435
-126268
-92874
179114
-59709
-70928
-5000
-210884
198046
184427
-127863
-67831
-14820
-106146
1160
174861
-103282
42130
-32109
-4038
168832
-71568
-262550
-53932
53066
-103347
-25019
69062
-122838
73313
141940
-2316
83709
53688
-59807
94
-144289
-7762
-37943
-102375
63323
43102
91855
3751
121015
-6018
65710
25218
-34743
-35907
31666
3909
125260
-19271
-115886
122494
32059
-72098
33745
65671
10228
-75649
-15983
-64317
129697
-43498
37097
-37615
-101667
-259207
177049
2988
53660
-95571
-12312
9431
-15656
42903
-29952
162198
41378
521
86518
-7855
-67177
-42813
59295
-41535
88267
44110
41941
-50503
42030
1705
137308
87480
709
-47291
91622
134634
44480
34332
-50738
48800
-34681
18223
24322
28775
-29790
124152
-98760
39963
490
31028
-15966
122290
15496
-122853
2458
-96719
7651
130713
-52239
-162845
85004
84462
62172
13507
-40348
63846
-85874
23396
81154
-96383
-17795
-15174
-24431
-19434
69621
38606
-66881
18417
4002
39818
25628
-43752
-28345
63569
20492
-85059
-19037
-119676
12689
-2897
-18487
167937
-31420
10061
45264
49021
77163
129375
-4308
135924
116878
-61481
69029
135822
4254
3349
-20824
-53221
29720
-21822
-145
-57108
21126
-4335
78794
184573
-63607
-153153
40799
73426
-56799
75947
48097
-34743
-58014
75309
10004
-56736
-111467
-80225
75804
-95388
-100848
14041
-63297
-55307
24379
83316
-15645
27078
-1220
-63359
15668
-47374
-12678
27384
-197735
-7496
-104598
98948
-8588
-19294
-80293
-92416
79587
-13428
-18588
82133
106277
-59212
59141
-1635
30151
10264
46058
-16118
-70977
38892
1767
-14968
-190209
24240
-9198
-238
89031
27763
-2239
14946
-93327
51985
44202
67500
-42488
-14401
-115549
40439
18487
-156246
18923
28169
34540
-123913
26357
91376
129456
-22826
-72651
107024
-30497
-101787
14815
1983
138013
-59688
109376
63041
-4184
98299
119641
-1362
-50858
-17877
12429
14497
-39669
58772
-44102
45621
26924
53331
-3653
32829
-40586
92384
-73809
-71855
-52477
74769
-86564
-74781
140187
88758
-90320
46825
-41611
-52922
59477
-131414
-105520
88194
43880
-41399
-30519
-98948
163744
-89064
138257
77791
-46182
100637
69080
16185
69542
-51080
129762
-40792
-86578
21498
12267
11626
140237
-15444
58990
-28077
136729
117628
-96267
52309
100219
-11139
-120056
-118192
-9658
-37056
-607
-95562
699
92821
74721
-135913
39333
28025
77598
-44237
-86914
-18848
34649
-82601
-87065
166079
-12368
216279
58613
-22925
522
15078
84277
89940
-111260
49448
117553
-94275
64722
-75595
-85264
-2348
37607
-94602
18567
147022
12173
91403
138731
-48287
-176683
47234
-57465
114972
-52392
30985
41192
-101320
-100433
106630
-33997
32242
-80939
16527
25108
2065
-29591
-40757
-149821
16320
-67530
-122349
34461
-78751
-93404
74593
-67712
-82693
84233
59057
44891
-70345
-72372
-91865
-151914
-156685
-2322
194269
68785
16988
59589
-26624
-40657
-16094
2890
50870
60727
-86383
-137346
-101268
12022
-141451
38372
103551
-14123
-142433
-132724
-32150
93092
-167388
-126727
13748
-30599
-136724
188509
161362
-55083
-4977
-21806
61800
63480
-53666
76310
20216
-36252
64206
-28900
35662
134982
11093
-89630
-68310
37220
-110374
79858
-23491
10111
77186
1134
78094
-12935
-120927
106714
1243
10555
68983
-188681
99738
103082
108440
39574
46580
-112676
-59592
-13375
28794
72852
6783
-84532
72733
5458
86300
-13591
32582
78477
3140
67702
-99517
30291
-39075
20431
112399
12359
-29657
-45959
-91697
-11671
-65318
-57929
62707
179547
-20122
-3041
132782
-117880
16685
-102076
77402
16117
23421
-102516
50307
18367
47848
85092
28036
122280
58409
-70761
-26864
35851
-37793
-72093
68040
-98309
60919
45548
2182
59392
57620
126712
157641
13372
55969
-63374
7758
10217
-18919
-20445
-84331
-17647
133371
137174
7109
6855
-27383
-12658
-37309
120449
-1844
-1010
-41706
-47582
-31302
123398
20765
-97591
116920
-26757
7850
-55969
-37694
-8033
16037
25288
-116304
-102211
-80147
190894
-146157
28113
143473
-185327
-24287
-28795
22554
-88375
181400
66929
119090
-51255
69562
90855
117254
65676
-137019
-80863
214525
66185
-138959
-102294
20533
63156
54692
3100
166676
-74568
-15790
7166
54139
5998
-85518
111297
4230
-45054
5729
-22209
-141722
9941
73700
157163
-100611
12301
-58749
-108370
387
39708
-87582
-59267
17449
113251
77931
27175
4714
142534
-5996
4091
-36274
151841
100014
-117593
-94864
-13310
43798
-11252
-116860
-112451
-117856
66349
-80167
34777
-92107
-38450
-18064
6532
-51687
159228
89108
147135
-3143
41064
-131376
74753
-41133
-25650
69548
-14702
-592
12651
-94452
-89335
64412
-76903
-28716
-59001
86132
-31236
10235
174304
345
-44509
143120
-80201
113126
30650
32183
33393
-10244
36166
32913
107063
-15026
10551
96872
30814
-67707
100285
-69186
-19505
-4768
90782
12817
-4952
38220
-145694
28479
43450
-60364
198148
60284
-79375
82578
21924
-121533
39059
13810
-5440
51428
189284
25450
-104583
-171830
68974
3993
4253
13248
166684
78150
-61013
15765
-157477
-107529
19889
47897
98246
-81569
-159408
-62879
109765
233
-162354
-41435
-91369
-93815
65050
-100835
-3987
-46618
15746
-60545
45167
10272
-93462
34915
9476
-4604
84544
-66821
53930
50830
130438
54750
-6689
13379
-44226
-96063
-119767
10506
86443
62637
-31940
-24951
28048
115518
119174
-10356
-11872
-128395
-80074
37806
224863
-25194
104781
176154
-11981
18769
-9756
-129276
52951
65350
10558
29473
64032
79861
53151
-87270
-15429
12074
73042
-45040
24549
-22876
57327
26675
31055
26717
113156
-13401
-109545
8720
44951
-52200
-49693
130963
26576
-17340
59479
105749
7974
90929
-161731
5312
80270
-40410
-18756
99777
-149370
-65795
-124213
-158332
-99171
37476
141695
-69216
76115
31366
-56284
186449
-32085
-58584
-81080
-92818
130013
75033
179415
57490
-130330
6273
-85984
29040
-130970
27378
85301
27441
-43470
42506
-17836
-107752
-103786
-31713
-1529
129221
-74559
-12966
95897
76651
-25759
28655
-60951
10166
1033
-9007
50142
-6049
-120652
-151552
-17092
104192
-2394
-94892
-31149
65023
-74539
-24820
-101022
-40007
-147794
15981
-72130
24716
-70694
-5970
-41255
-177845
-75596
-35743
16396
-29322
-62671
43717
-26144
27828
106580
114915
29881
1709
-23758
-24093
-67002
-39745
-2904
31881
6665
116087
11734
-85063
15404
-168929
66251
-2147
-131381
15034
-1616
133607
94074
-12442
27015
86246
8993
94031
53463
-81322
-44165
-12901
109152
123282
-81404
74985
9834
-29373
-103846
-73775
24826
-83170
95805
79051
-157
-71134
-740
-13907
-126769
25932
100468
34440
57953
149776
86684
-55685
34226
131713
-33024
-36969
-120440
41335
30272
-24066
-52747
-41324
-13331
133133
-23226
-30907
372
18755
-147542
51215
150662
-149057
69472
-1185
-72414
110265
-48618
146204
19459
63488
-74840
-135648
-155156
40646
38104
148682
-25301
33145
-123719
23307
-11283
55802
-15308
-105292
98333
-33919
197095
124270
125503
-12176
-7191
70213
-68770
-59245
3515
-85871
-91985
-492
19937
-34167
129359
122906
-44483
13030
-75909
-5511
8297
-77231
-103578
-19158
-15417
157119
5133
2911
14221
-58662
39310
58085
-59550
-20924
111186
935
67845
-30179
-39959
-55265
57944
91466
29068
14665
-12777
128438
9523
3433
-42661
25674
67039
52068
-87709
89008
4344
-37250
-121691
-15150
-47903
201125
-143166
-68705
98532
-119863
192312
-72955
-66969
-22443
2022
-136400
15952
50583
46562
36597
-28968
104132
40256
-131136
124604
42867
-118256
36867
-92279
-64902
-82849
-21633
-131098
-36800
-95261
43067
67715
-28407
21348
30112
-61300
-3178
-17561
5237
240778
85594
29011
-97600
87193
26296
103349
-78688
-121949
52295
-45902
-80941
79255
-23537
-54536
39337
76627
-10912
37437
-71307
8629
51067
-147461
33178
-23412
41454
7354
-34592
31832
57505
-56538
113943
-644
-3650
59672
-6565
-47201
111518
91051
47612
-53237
20981
-4846
-2754
163095
-41172
199900
-23528
-7625
-77229
-92940
150455
-8512
124293
-134685
-125763
30216
-25980
26400
52466
135471
96889
5920
4855
19613
12287
-83228
-121844
17771
152755
-112164
12765
33753
83241
-10317
-4496
82245
50485
79094
24892
-28765
4358
-86346
68999
-95688
-14816
-97631
93042
-71058
-84038
35831
-126386
7665
55882
39313
-122289
35806
-35347
43157
6853
206776
33245
-34892
904
-139968
-21948
-28280
-104926
-86388
44101
-47841
-12750
61896
76094
2878
112546
52075
-34555
50859
57071
68166
-22346
-28709
-73359
-123773
18647
98063
110488
71656
-76822
-29055
80683
57038
53052
50142
185676
5475
138258
102131
-65375
68814
23694
47451
41476
-35937
-104690
-22236
-98649
-9997
91763
-62778
81241
-74000
-35848
-11856
-21518
28436
65202
23258
91882
152511
44672
-98343
40497
102348
12673
-70445
-54731
9779
98079
13844
161882
207665
-60218
16750
146943
-128598
-22637
-152434
104005
-98434
-57017
-124124
118595
49537
49466
-12728
-56093
-33698
94832
-121860
52289
115311
43983
54859
137308
-3078
-25505
-44421
65908
-19028
-75678
24455
84945
44003
32224
-10332
18929
-67849
1247
-65649
82227
-16015
85080
209181
-12249
-41603
-159965
-39570
133876
1397
41306
-83566
97660
72616
109137
-64373
-140105
9587
-13400
-122315
66454
14714
-18616
-87918
-38722
155990
78426
4845
55240
14955
-74491
77496
-32687
-81780
-4955
-32388
103544
-56561
-24220
96845
-69837
-110922
-65556
30892
107901
118801
58596
31384
-101762
-27298
-72361
-7774
-2090
-69083
22883
9118
63552
-3930
-14279
67592
-33581
16030
3326
53518
-66132
-120814
62540
-78173
88506
97276
31918
42130
57351
71474
34191
-121923
1860
17689
-154550
86174
194381
7391
79203
-38544
81782
-63722
127525
137534
79638
-9851
-87877
-88277
-63721
-10188
-1383
42095
-5592
-33911
179
67453
-10225
-34001
136106
-55075
-154917
24620
-45339
59582
67811
70685
-111988
-86851
-57701
50621
18521
-27256
54576
-182146
52649
-48751
135760
-79876
110941
17785
-54872
106154
6150
-118618
-46207
-65678
-6895
-79921
131335
26744
-132314
62917
-54293
-12877
-46339
-2278
-29281
63646
-14864
-48619
92123
56674
-89131
-67686
-76144
-19177
16149
46498
-266636
27978
49875
-62598
-68853
48603
-48534
-134969
21592
-111866
97695
94747
57161
-32516
37730
116645
-71729
-152204
-30526
127238
-3666
-15100
65923
-147116
-23141
-28770
-56534
146719
-81524
-180096
-91113
8147
19827
164162
-150007
-75054
-100664
87701
28837
143310
-42182
109300
-29459
65222
73957
2091
-76436
71663
193
-81194
27931
-23104
41291
13137
-113262
138717
111346
-20566
23708
35583
-9231
30125
-56474
-81917
25631
-33140
-116833
42871
216673
49966
4780
-88423
-68060
-69018
-9063
134427
84659
142062
140343
56928
25354
67236
50025
-86989
83966
-26421
-69031
66827
-24789
40604
36386
17455
133725
-720
-130123
44134
-110190
103345
128090
-79745
-43682
79408
76520
-722
-131696
-98933
7347
104154
27808
13653
-9295
-85696
56224
-39125
12233
-58300
38909
3908
12220
87180
-27518
97582
-23675
76719
61439
154942
-71142
33762
14054
-115740
-24937
324
8127
109855
-78685
-99361
-1095
-23085
-49552
27229
14440
-39316
-8492
60053
-140773
76147
95333
-29863
108312
-10642
5813
67618
-50007
26092
2629
-19788
25636
-59999
-25162
130119
79935
-87569
-90754
84710
-21298
95285
-26038
-37249
172926
-126216
11717
-72135
-41619
-114294
-42583
40009
37451
78485
-58762
6085
88810
-78524
69282
109326
53027
199929
-4736
58015
-23724
3274
33662
70701
-56418
12686
-15992
-126381
77591
163286
-183317
-18559
72867
-33222
-108356
-64657
100608
13467
66020
-116237
15814
-114245
-3474
246101
-23859
82813
15935
-23427
-44602
-45332
6620
-21284
-213160
34652
85994
40515
-83691
-116273
-31888
-90167
70312
-24724
-2419
-175674
84235
45775
-78766
20806
15613
71503
163765
-60328
-101009
115534
-46591
-53674
-10518
54958
-31368
-35257
2738
-30324
-20827
43056
107382
-38264
-26268
146058
-16649
148
-19600
-11987
-44928
59566
172861
-71674
-11941
48289
-1757
13303
-71140
-14223
146099
-40046
-49181
48360
-10520
-71168
72989
56659
-114269
93128
49475
-47955
-26679
35756
20435
-3616
-38188
127671
-61214
-102290
-14920
-49115
-4011
43169
48241
49930
-41303
142852
-138428
-86084
31914
130859
110377
-105506
-69290
-162245
-28133
-99996
-118486
-16334
-29734
-38345
76992
42851
40845
27295
66101
65504
136690
96363
49368
40262
-85911
-16806
-55625
5058
-5392
-19610
3097
-9675
62287
-55468
24247
73640
184333
-52443
9430
-34679
-141288
1231
63065
-42502
-20881
5473
52635
49560
91823
99416
104245
-88782
21658
111464
-20854
4578
-25892
-6712
13095
93646
-193710
16370
-65647
-3102
-147201
114147
-46604
-20172
-35789
59756
-18375
52922
87740
131929
111168
25553
-33336
-22424
41676
9902
-2120
58116
-137708
-37427
4275
121233
-70686
-65121
25515
-828
-10042
-15472
77320
-157528
93339
42664
-35898
13636
98469
-6550
-103898
-110031
1273
-74669
-144717
5367
11500
-109904
-26336
112269
108843
-209514
100445
-175365
31638
12435
-78151
111017
-174151
-52721
64832
-23279
-24294
167898
92547
-78317
-52760
84014
-46355
-34207
-23770
91670
-42996
23006
1867
50176
97945
391
-58033
26202
-16928
66547
-27525
102800
44976
30857
7623
128717
67211
-15913
42249
-11557
-23953
155442
-65007
42568
-114635
-74330
-29603
28556
-121654
-61052
-69497
-17252
-55052
29653
-139702
-14233
-72541
-4604
-21706
-69034
-28850
-71186
156873
-114423
-12768
-143147
-72145
84556
87169
-21921
61620
17359
90491
-71923
-111385
26296
-157713
-42393
-92955
-45320
-139041
-33730
-82203
-91278
-126049
-69361
-47812
-13281
-79897
49752
157970
9328
-216686
63443
-145452
-11643
128723
50447
-2430
45550
-130233
96615
119632
