#SpinCore Technologies, Inc.
#SF in MHz
#SW in Hz

[HEADER]
@CLASS=	RADIOPROCESSOR
@FIRMWARE= 3087
@SPINAPI= 20130917_x86_64
@POINTS= 1000
@SF= 0.000000
@SW= 100000.000000

[DATA]
-133131
-423480
598141
-144402
-248427
257995
-296591
-209308
240483
-128037
-5195
197357
-314398
-104074
149486
-135104
205312
168414
-190408
105254
110538
-303793
56788
205487
-147838
32929
56064
-185420
125151
168950
-115898
153553
-9266
-185655
323133
149194
-63085
162668
-65427
53417
94705
-57733
99970
93700
-258337
-48295
60942
5619
71155
113927
-102259
-45666
77119
-58258
9047
12262
44225
42106
132391
-18561
104888
7432
-23904
34710
-90950
-20222
16701
-4634
-8189
-12862
29980
106477
13219
102648
-44630
-71323
-99458
-39864
-115806
-12386
95797
-106489
3627
112950
-44822
-2983
52420
108933
103645
48470
103888
-48526
57229
14342
22655
11952
-63840
101042
-151951
-134505
-14936
24983
-115542
105057
-125979
45660
18602
-15315
25431
156285
75916
71063
5826
-82395
86475
132035
4615
107443
-76469
-150427
120909
40245
-10257
71361
-53561
-67836
96566
-82836
-1958
14110
23465
-23421
44746
33165
-1063
144329
-33291
7923
-49415
-60044
109706
161325
-2805
-79471
-33013
-100519
191088
16275
10159
91084
-91718
-11043
47965
61088
-168615
-27505
-1382
39675
111881
-46609
-54592
-23097
125706
-20356
-79460
32482
-10329
135236
-131763
54996
-13589
13713
-91463
9250
1276
-58413
9078
-2403
114103
-132152
4085
-49615
-51742
36838
-48734
-8009
55011
59999
-41184
38477
12722
-62827
56985
73412
-43711
-32635
-47307
-8001
157249
24224
4576
67674
-69779
-147177
35072
-107567
-91135
41212
26891
66159
-65400
41073
-45342
-7415
10582
46895
-51414
-30929
60272
98234
22657
31216
41934
-19812
-43014
74923
-89052
26260
-36398
-40085
83489
-21543
43363
77517
212
-229846
-36141
84237
-97619
38111
-73774
57109
148826
-73278
-27590
44657
-60443
-124437
124464
20565
142124
156215
-59857
-63641
-37538
-169121
161063
-28761
-158384
73318
34402
14966
-86567
17872
-70539
67334
-25919
30268
65202
-26145
-15740
33514
-112038
22690
-21752
-69982
-18977
11258
-164167
-12645
-74896
124678
71999
-42448
-25687
129148
218267
116709
38083
-24947
-81046
19457
-5064
117845
71702
-77292
202565
33967
-63542
86257
98887
-58166
41569
101159
-24240
168162
51071
114498
-77483
32442
-10275
133431
98023
-46171
94062
30617
136042
-6802
-88233
-135767
124876
19153
-71589
33940
-181174
45665
45683
84629
-50716
-67183
59011
-136330
62365
-19985
91594
-91817
-35663
93872
-14388
78972
26833
-163737
-1652
-28886
26190
93603
-36630
43331
70785
124473
-29206
35489
-20498
34013
34414
47323
106807
9757
-101319
129741
25077
14827
83085
95408
-100799
-82229
36665
-96009
130148
-19952
94706
-113768
126110
-1714
-147305
18748
-84250
-60685
47713
-100757
103063
26933
-14036
-50252
-77932
47612
-50374
13821
-19410
-20166
153993
24316
17659
-25737
-10451
183475
-12683
121902
117039
118104
-63086
87911
-20884
17904
22576
-7923
180572
-12468
94789
43200
-36023
-55539
-39511
26033
20411
31872
-12876
-11450
54518
-71367
70410
-104041
-58077
50644
-2351
-3792
5486
-25470
-81145
121219
109265
-415
65682
-79994
34740
114702
29356
-100979
8409
70473
-138748
-33999
-21997
31033
49044
-39759
30269
-87736
58572
-21714
39908
88064
89697
72507
51828
-55883
46909
-33817
-14279
-71490
19628
-63399
-7137
95001
46825
-1627
-210448
-124016
-125053
88966
-9467
-2385
-37863
-25309
-41342
-81715
70423
-74694
-39780
-51506
13329
-70375
53253
67647
-26062
105309
-155543
98821
-30134
20959
-19997
-9953
-15507
95829
-39228
-37377
21547
64293
-15439
-101281
-35587
-38554
14385
94213
56013
10002
7305
74548
-39290
-33159
-32342
37839
27724
10298
-150826
47680
-12292
-39050
3337
103495
39021
-88468
-31073
99834
-101785
-150454
13543
134111
-93512
168773
-85055
-517
-124808
122665
29584
148596
-107883
-126520
-17302
9616
50370
56963
-48389
-86305
-72374
-79802
-105768
194588
9507
36739
13748
4048
-21582
-73376
38464
87124
15035
63681
39287
-70987
6048
-126999
-214186
2085
-29141
-28727
163119
90058
64917
88901
72592
25225
87983
-65620
110422
2063
64016
-47649
-46234
-6672
35758
45856
-58492
66421
101479
23196
-64505
21670
-1484
-13686
-103761
-60835
65441
-91442
-6235
-86526
-57853
40170
58589
7114
-58937
109271
-108971
-137890
-105661
58092
5443
18162
59560
124541
63606
27781
41734
-22109
57909
-83619
-2787
70870
57388
-53752
22145
97418
7809
30902
96546
-49698
-64105
-80893
95368
-64413
76351
-110529
65456
-64171
86736
38981
-156008
-106154
-66301
32493
17430
-145901
-60267
70492
10414
-69068
62258
75409
-109136
176807
128032
-21252
-14070
-19232
-79726
95202
-62546
35808
22259
-49344
-79827
42791
-51915
26898
5410
-91687
-168947
-28389
-35861
118511
-54355
-29378
59578
-15780
9097
142601
-183901
-32441
-77334
43820
-13254
-38049
61357
-105781
3417
-95489
89927
2824
27664
73945
-31904
88199
-22029
11826
-166588
51307
-47880
-29882
-78375
-107430
44013
-18053
89130
27358
60707
2205
2384
-35174
34416
-113990
18793
-33858
-47197
-58138
155209
-96640
-29226
9105
38479
107526
-82604
142571
1066
-53639
106272
11396
46889
-191015
-16553
-103989
38473
53579
-16773
68772
80264
4427
77965
-118516
-26824
-20943
-70394
45717
-64278
66075
-52144
-90533
3645
-95258
-68669
16124
-68063
-111247
56905
28257
-47679
109862
-68245
-28253
145053
70279
86538
-3522
-24508
41528
-36216
-15974
45484
90275
5079
-43204
28359
41116
-77083
57259
-78567
-12843
-99022
-146335
-46498
54281
-28451
-48193
53427
61686
-91131
117003
-41148
-103990
-149657
-56671
-7414
-7728
147601
-45843
-66406
-61453
57928
-10074
-73848
7048
-139289
-75627
-23883
-71744
5587
-52898
-143954
-24299
137527
33443
-34349
54398
76128
29276
15574
-215350
-59135
8155
-71894
-54249
72635
50947
-12250
-86804
-123346
-44905
-421
86974
5752
19752
23171
-109034
-156579
40341
-50932
-91992
-1359
23983
6892
16030
32410
36610
-100169
-40706
81792
-38456
-81774
-83919
26715
-197517
-71098
-25722
171237
-32943
-4711
-30912
35346
39781
35736
16453
-107528
-12511
-206075
56634
-36350
18973
128466
-42531
1782
-51668
-115731
-157131
-59520
-15857
-85111
106472
210000
48009
-94669
-21135
89539
128395
-171280
-84890
-142597
-77740
30271
-35936
51552
158729
68663
-5905
-127818
-126865
-43781
-22410
62848
73792
-55110
180304
44323
-234915
66653
164654
11920
131372
-18553
-4525
-74955
-116750
-65082
-3545
84539
63120
119860
-11498
2335
99525
59292
29307
51982
156258
-49774
42306
-88879
55790
-43263
151872
42454
225092
-6568
-24095
123868
37741
-93864
16796
80696
4977
-38042
-62618
37586
-78709
111283
90742
-57443
-83621
71024
159122
-147847
58977
4451
-95190
-18558
-50991
68065
62003
-76400
165312
-43688
-612
91486
-44582
-96367
-85284
8394
-42337
112340
67305
-15790
52689
2270
119893
32822
170567
180638
27404
4048
142905
63255
16754
3713
70856
-20072
104005
186176
-12063
-6460
-4545
-22104
38663
-79742
-20584
-114213
17062
18924
4997
-55058
-203724
7298
34105
187811
84351
139217
-16797
-8661
60539
38467
-49531
-16743
-75838
19474
-184215
13346
64771
-67761
64597
92899
26240
-30149
31739
48569
-1123
85155
32221
59331
-13151
87073
3265
9532
-70004
89645
44495
-7283
98777
93176
80120
55987
114064
28005
-65761
41698
29117
-21254
-4939
186424
57438
-59248
21121
55732
61790
-60643
14874
57644
7120
-26121
43699
79427
-31859
88183
-6668
133045
-6187
50199
90493
-34728
142474
58699
91046
7614
-16300
-102783
-42761
-80775
-158115
45942
-106462
-66406
-49513
-166574
-46292
-59357
95614
10543
44488
-95064
4103
-103890
-131403
36786
6293
-87446
33074
-27711
-183242
-29626
-40895
-31118
108755
-209663
-116565
35563
-156390
130847
-46510
-52589
92660
-28663
98905
-56531
-20618
-488
-155035
56506
-12030
39601
129943
-146343
100579
-203392
-32581
132669
67565
24854
32372
-53568
-150308
-57772
-4403
-1190
-3023
-84205
-60039
55855
55836
27925
16811
-39127
123365
-2983
3028
-14332
-47355
19609
-32956
30867
78472
43753
123469
37080
26432
119291
75616
106846
-4411
-81532
16754
-61436
-19879
-82373
71153
81715
-25006
172544
36833
33147
-66884
-3247
115580
99993
-9364
127755
16572
117794
81713
-159245
65756
165193
136269
-92532
-15837
-77222
-58410
-43818
-178982
104831
-110334
107368
-153994
-16104
-20868
-8285
-85204
50665
-3353
55133
-79482
46452
28705
-47924
55210
-103777
75443
62727
-3597
24068
-106809
-54939
52086
177688
104899
172152
14262
-40830
-16085
16767
-36891
-68589
40278
-26512
55312
-63791
-25831
21859
-64150
-81364
19334
-218183
-12398
177608
-82545
-144294
119845
11981
25028
116652
-27927
-104270
56091
68380
-15361
-54070
38541
8144
-32667
-95706
62919
-23757
57224
-82026
97535
-13543
-19715
9013
48037
-7345
-80656
-74754
34922
-25328
23628
-61770
-75970
-167458
-149988
-89918
45766
9946
30823
-70917
-17821
-6745
-107593
14940
-32928
-54680
11072
-43517
26143
111614
14137
-26864
75970
-52370
-70349
-52429
2880
101739
109573
-101018
-11384
-44496
14938
119011
29194
-139402
83867
37148
6779
47306
-9644
-37615
-135413
12629
-43035
-35515
49556
31426
-95531
23220
-4558
-33030
39463
-49115
34952
-1770
28138
-38069
45702
-78926
87998
-40727
11618
11866
14872
-62462
-22579
-10984
-2431
-95836
-96288
4524
70181
-19064
3868
-44008
96830
-39487
111997
31598
25813
-4359
123051
60103
-70614
20682
-71341
-68231
82173
-109995
8907
44262
-73848
10543
-66209
166566
30345
-53631
-31222
-130007
29922
-142048
79435
33989
-133997
69280
113330
-14899
21434
89696
34686
-45518
-96705
20349
32695
25928
157993
-140055
-24419
-23044
86028
94016
-199931
111992
167312
-184609
3205
6796
39646
-29272
24378
29707
82982
-57823
-52324
-23071
115926
86878
107048
25035
91750
-60237
-59881
115006
-8446
-97413
82176
-98265
-131305
-49397
-8676
50168
158746
-41197
-146598
107877
89496
86904
3047
113341
-9411
150330
83052
100393
-30096
38793
-93261
-40574
-67626
21332
-7295
-2591
49216
111383
-120495
-46587
78914
-12418
-11910
-37635
118923
185957
-69582
83336
73372
35418
-46520
-9719
-99547
-107626
-84795
-184492
7453
62164
-43714
-31169
52016
-109653
20701
-109186
-100763
190321
-47869
-14242
2989
71800
-32496
31963
22087
17581
-103529
226950
-120360
-174796
81242
46677
62914
-64336
13051
-40695
-40160
42314
-137666
60255
11800
-58925
139518
-96218
-13778
89140
25751
-15214
21286
-107826
84994
-127291
-20831
-155265
-151100
36216
4759
76195
-54547
-28677
113499
-51208
-2386
1727
16330
63743
-9084
108426
-63843
121644
10935
71600
63464
-5736
36009
38357
56187
-88918
94756
-55922
110830
-72614
58831
-18448
-80649
-68179
59282
45446
41506
99893
26557
-56451
5344
45792
120321
-150262
-55560
107993
7035
13075
-65691
-17755
22815
-58564
-11986
53660
-70338
29535
18226
-69029
-47283
-1156
-105948
90250
26725
2798
7246
38079
2703
-95901
908
35846
70656
36525
78243
-53196
-57897
76335
34445
-103357
-86038
40944
-193805
11138
-86581
-84933
20144
-69975
-123014
115096
-25303
-103940
-2365
-80421
-51936
-101114
80043
-50346
-40284
-10915
23765
-44594
-112052
44251
16590
-228003
-20077
-93189
12768
46696
-175695
-45785
63576
-80163
164251
67448
17590
43321
-59780
25833
66716
-118716
-66565
-31550
-9124
17532
-148170
36517
75122
41213
8109
81112
67757
104923
-149950
-101936
-20179
72086
-100525
-109166
14315
26538
-48600
-80708
-42393
-82344
165056
22092
-141203
-1597
134606
-63486
-14037
8957
-168998
-8084
-172151
9058
-63933
-151580
-91388
37644
-7354
-32415
38111
65556
11784
11905
-158198
-20897
63568
171088
-49118
34703
-74387
34639
45135
6929
-16075
-49758
-89352
-73409
10418
-100646
80931
-5306
-50143
-89035
-96416
84356
20200
-90849
-67835
-18608
85587
-89614
-1381
-42830
43302
-14910
77945
-14714
74753
-59079
58045
50465
-63337
-18559
118796
81265
-94573
-10460
137437
-127327
-62407
91940
101007
12684
150493
49444
28320
11317
9112
-63338
-95719
-51043
-68530
-40975
45158
-66427
-147929
-49284
-125447
1778
16391
-80620
-62948
-162363
67286
45971
94752
8144
105362
-27169
-89960
89704
54845
46402
-154036
35999
94559
107403
79660
-80308
-90311
59273
90549
-39679
-125909
-3732
-12279
-2126
102238
-117663
30353
73556
107549
85833
-35896
32755
-62790
-36017
-150657
48914
-18007
90936
-57044
-51354
-20284
25877
-39023
17107
-46600
124355
-121676
78639
-135652
-18025
95519
156150
2322
121918
-35627
-126483
121298
24057
-109866
-33103
10079
98303
133620
-46385
103487
89642
110829
114867
59926
16781
-5215
29827
56699
-65913
-75845
-7250
122136
35832
2612
-36579
-56845
-8083
109562
55873
-78737
-60557
-1617
18073
3812
76625
96094
-57457
75035
-3809
-87203
93583
30892
41952
67468
159968
-28910
84356
-67655
68705
-24158
-70325
90458
45459
-100807
-25773
30308
134399
-111608
-4051
27630
-126348
64108
-134383
-100057
-21441
-5982
118710
-5854
-106424
567
98693
152740
31485
-31160
-75389
33011
-73746
-36470
20807
60428
-198280
-38842
-24666
52886
-34607
90562
38413
5615
-138688
-123850
-100861
-140629
-24701
191239
-4557
-22035
-123115
-37072
94738
128510
-181512
-5764
120694
64951
111496
65388
-38135
-57941
40945
11172
21437
72290
-15099
14142
-119186
148580
-28652
117197
39620
57883
-11270
-18706
-504
17895
96244
8289
35824
-81262
13692
125021
30828
135647
-83085
-48739
8547
-167455
37829
-57707
47676
1917
66529
-74956
25007
-73732
-91966
7528
110292
58698
7618
-54328
5581
44954
-40448
-19125
51164
-51258
80942
13112
-7246
-132885
35176
8
-16233
46606
102895
-125741
-10536
38451
-56683
80209
11218
18259
31224
79477
17640
59464
91047
65220
8718
-41302
-98577
26411
34341
-9826
19869
205248
-66095
51511
-49471
-133830
-50838
-6250
60784
79588
-6339
29571
108791
-37184
-10801
-20389
54956
-50982
53029
58995
77818
97963
-82614
-47260
-117682
97817
58938
53200
-49179
15584
