#SpinCore Technologies, Inc.
#SF in MHz
#SW in Hz

[HEADER]
@CLASS=	RADIOPROCESSOR
@FIRMWARE= 3087
@SPINAPI= 20130917_x86_64
@POINTS= 3000
@SF= 0.000000
@SW= 100000.000000

[DATA]
1700207
-409631
1243476
-2840951
-1159608
-2402722
-2915601
-427237
-2289089
2299072
516730
3087773
2857513
1273221
2638346
-1556811
454043
-2940877
-2155119
-2104524
-2956575
504211
-1299209
2585599
1328991
2795004
3019011
544837
2050647
-2023187
-406040
-2958759
-2509623
-1431726
-2697584
1359391
-613234
2866904
1881708
2158875
2770521
-280447
1405717
-2438185
-1235322
-2674504
-2769720
-619625
-1948204
1848000
273265
2550040
2334022
1374006
2561764
-1045423
607107
-2685983
-1816774
-1991594
-2576843
274430
-1303091
2244322
1019265
2520962
2479467
511670
1888751
-1676153
-340932
-2508380
-2132303
-1223968
-2257368
971147
-563587
2457696
1731970
1758271
2283931
-255756
1192172
-1962355
-818557
-2213652
-2173092
-504730
-1660845
1605607
209910
2193991
1909285
1084967
2064940
-938737
442892
-2203227
-1379100
-1619035
-2075432
173703
-1181747
1855973
960908
1961575
1963235
613418
1638205
-1179644
-104789
-2138512
-1686578
-1046466
-1789810
845546
-497801
1820692
1335689
1528679
2172995
-230300
888120
-1728496
-795543
-1850301
-1832460
-365028
-1359866
1186746
269924
1877640
1667479
870297
1662482
-712233
452314
-1864220
-1196510
-1431461
-1732765
190214
-870454
1474660
764880
1550684
1657928
416988
1155431
-1139609
-235290
-1640291
-1542084
-997608
-1526602
806370
-160231
1680582
1198599
1179475
1665932
-248929
709467
-1480346
-633677
-1341083
-1577875
-300972
-1024023
1076861
228736
1611306
1393041
724559
1464521
-648480
332229
-1458468
-1095374
-1143066
-1585897
255273
-604777
1218547
744112
1294590
1526424
169172
1047145
-1017145
-139831
-1461709
-1212108
-601385
-1358540
660681
-222300
1582350
858427
1134067
1493143
-111254
763595
-1117483
-708830
-1235459
-1233195
-320912
-857381
887427
280894
1490353
1153888
757571
1133727
-640411
308826
-1422702
-993971
-879344
-1373491
111118
-665107
1102592
527057
1305597
1414702
313952
887855
-947111
31648
-1302883
-1052594
-659578
-1155802
615006
-213322
1270528
857155
954011
1278679
-68696
634383
-1023877
-430830
-1135678
-1321437
-251696
-913353
723390
96668
1109455
1115262
756863
1096078
-461297
244142
-1156480
-849409
-866962
-1140652
4150
-477937
972499
518388
1085274
969008
311130
878389
-874902
-93550
-1078234
-879749
-482952
-1097941
568272
-208574
1066848
676672
836081
1138282
-117660
558916
-1043254
-408861
-1138813
-929240
-155167
-828169
758135
-43353
1057563
903280
568704
1066485
-367387
257959
-1030166
-595672
-889997
-940301
167927
-565711
770599
380473
1145118
1148574
251696
819893
-707492
-46232
-1084209
-750077
-434379
-984199
422245
-171831
1016964
535101
702230
899647
55025
697560
-863057
-321154
-974801
-918856
-348124
-782081
734246
22463
884478
762872
418951
1025543
-341812
225788
-1058030
-585456
-694589
-864252
171304
-437355
703392
449752
878022
945859
400058
780428
-650752
-91294
-925983
-846170
-472484
-883094
404947
-250633
907376
447439
746677
935473
-104533
382714
-802462
-434583
-864713
-851522
-200181
-581724
578491
-99627
987232
688158
432736
776803
-334297
372917
-924320
-524901
-663760
-863589
43126
-600068
668458
312107
792811
794990
244336
717105
-576896
-61508
-806028
-689046
-353280
-706420
105556
-203374
828358
492092
643066
817102
90960
477327
-893045
-139891
-611150
-745397
-273464
-710266
667650
107029
836798
700360
484937
637801
-200614
242600
-724878
-569152
-616281
-849558
-62721
-378784
606467
297382
648357
752481
285841
521093
-573790
-113792
-786897
-620708
-429659
-786611
332267
-188642
743993
512748
594177
869198
-6252
484512
-707630
-363931
-802576
-688480
-295702
-632858
523248
172291
742237
655878
533343
521974
-311922
233576
-634858
-355819
-598596
-740547
90973
-384638
473607
232682
547264
612479
202163
565680
-309800
-161547
-745233
-542749
-374166
-745035
119246
-126730
637426
508917
736632
707557
39802
505828
-519700
-193265
-715127
-712908
-184035
-573806
426319
-41271
668358
561125
403082
501559
-117703
141387
-781106
-480583
-499099
-743270
-13000
-485338
536854
234245
788121
589732
331929
529916
-427598
39512
-749686
-508292
-396609
-558481
157262
-125882
589326
408623
474767
673373
182734
489271
-374850
-195202
-685300
-704861
-349183
-591562
387276
-99565
747902
575077
452883
588814
-94291
277139
-701421
-355923
-495753
-660524
-3300
-512200
522778
267169
479055
575760
276355
404084
-347793
23319
-659120
-502972
-506318
-701466
387558
-206803
591108
299026
618911
740924
-64471
396426
-497116
-136429
-633304
-631034
-259568
-604502
383544
9291
541282
443689
383070
593965
-40870
81180
-524846
-231658
-669925
-585231
-93222
-442937
460762
132863
580618
595096
398405
484165
-330630
20539
-542863
-397612
-485322
-651629
239724
-319768
453932
322820
509464
489430
137109
410335
-354643
-143973
-608173
-489780
-303905
-341892
306926
71756
565940
365772
343869
757225
-165353
333997
-477855
-337335
-420351
-603420
-108086
-295580
429297
26019
595352
454776
235528
615914
-191593
102812
-494120
-428304
-387589
-706808
117954
-302105
458873
315955
501905
643723
-8356
424940
-436221
-170638
-514381
-561245
-167592
-540014
294749
-181167
481192
335655
468356
478912
-142246
219673
-488198
-195472
-431529
-484736
-148427
-353495
245608
158266
422751
446217
280170
502139
-208520
19120
-544694
-260774
-278167
-599655
75763
-304328
375661
250386
456261
624297
182089
414807
-472036
-130801
-558826
-430376
-230886
-312418
196243
-48359
430550
374333
412573
583522
-116904
227512
-653464
-333646
-461281
-580845
-111684
-276053
305220
173432
444242
549288
196738
538912
-109229
177951
-441990
-427503
-369593
-526268
28173
-355769
318712
222386
355068
516390
224814
309869
-309816
9654
-384290
-533772
-243095
-428859
289544
-56206
422558
400725
505544
477390
10525
283495
-409916
-191231
-412925
-517662
-183894
-413951
347798
650
491196
438187
251233
440142
-194146
97452
-309821
-172850
-427542
-478400
18322
-288023
405258
126960
308685
420925
33347
309740
-269058
-133131
-351294
-370857
-158572
-188777
93689
-54417
220833
352595
471436
563386
-139572
261622
-491290
-204388
-427616
-298760
-135908
-395966
225116
76444
485497
427797
244411
343441
-180416
88814
-434809
-301771
-311822
-376530
-23879
-185085
293256
169399
475535
317432
40091
271839
-238114
45141
-397572
-255134
-215325
-566268
135972
11932
470177
165674
343551
371496
-101854
123713
-318374
-157084
-408455
-426163
-150617
-246207
372989
-8472
483312
405554
230104
388434
-196682
149722
-387214
-339420
-230457
-351145
-102045
-273165
384132
286315
296908
358894
200224
306661
-181320
75228
-418851
-477376
-251122
-438925
80664
-163043
471168
230894
375317
277599
-87232
255172
-439949
-138307
-393049
-435749
-250874
-277550
162037
4599
450261
343347
242712
354584
-109215
-3830
-260534
144
-329644
-337692
40943
-159037
440718
7511
481658
250319
127246
459261
-309605
66153
-415614
-244450
-181979
-454572
84075
-26169
415914
215025
233804
463617
-47060
229301
-291783
-157158
-355909
-303313
-153008
-300066
122443
-126704
356421
284887
223033
317188
-31535
50279
-319103
-228979
-292737
-416103
-71963
-106323
220687
214119
435892
426715
186482
232019
-166395
123517
-505436
-330203
-79300
-452691
104679
-267808
307762
92452
307431
265617
-69841
274202
-292094
-133618
-470376
-325982
-31212
-317081
189138
138449
497601
225408
271897
354323
-100531
160537
-363836
-343605
-375427
-394602
-43785
-243563
145228
179004
345896
399486
6570
372105
-179916
115736
-370050
-165177
-320371
-276097
181931
-112548
187309
226459
216106
207991
-11580
282628
-214477
-111844
-394802
-330678
-159623
-245494
138344
-150273
261801
343305
312959
264086
36833
72940
-482427
-165434
-248755
-287800
-12485
-282864
236329
-63553
346366
302457
224705
297813
-95752
51287
-396048
-331244
-169755
-283023
93153
-180666
225791
166821
176747
214854
109469
232786
-249681
-144186
-489342
-241850
-69378
-343446
173663
-58683
358901
321288
165891
290649
-52337
201634
-288854
-68528
-304568
-333145
75415
-197768
192204
35915
401171
218288
32696
433664
-62137
-19025
-388119
-259742
-319961
-361955
-58515
-195822
362527
189626
403046
284329
-52862
279897
-282111
-43099
-503826
-250496
-134993
-171961
228677
-46007
300091
198371
217325
435287
-91420
100891
-295489
-196249
-176600
-327311
-34057
-240776
266891
118591
253984
298489
151993
274511
-95506
64797
-143325
-185480
-188698
-340979
89715
-111566
221573
160362
323877
290698
5907
279820
-185453
-87610
-325880
-273606
-136417
-255042
227992
67996
182368
205904
246988
289083
70524
69061
-266218
-246785
-272942
-249541
48976
-198349
273504
64687
325911
153715
154145
199254
-150077
139634
-324004
-138861
-182209
-264285
-16555
-285879
225759
190444
286032
319668
-23036
310619
-132649
-82352
-354524
-369802
-189367
-167203
119315
-51978
312452
140942
190558
399423
65728
71759
-208407
-191358
-85926
-207540
-24630
-190693
244990
171236
356725
201723
228235
316160
-223085
43219
-388045
-133368
-297591
-231407
148366
-276845
411465
78274
232321
207095
84518
342031
-135015
-26275
-326977
-184299
-218954
-243476
35487
-126970
217075
91700
179780
182545
-75064
218935
-189962
-106968
-355045
-282808
-6332
-76680
187529
16437
250790
194949
256549
10026
-108107
115598
-262535
-113033
-230336
-152799
23949
-2422
265319
90227
177185
151688
163876
152952
-181460
-50309
-324047
-173411
-229476
-391720
101503
-83368
341582
96339
214928
303443
16328
257309
-193228
-141401
-183924
-250973
18660
-184120
100585
85176
248530
124124
193549
362741
-16564
-22763
-118031
-194809
-332902
-231142
-24431
-3717
102943
42641
278676
352643
86943
353572
-147005
-11964
-292280
-215177
-126635
-324461
68987
71175
343296
261754
294617
367908
131189
35811
-160733
42992
-297223
-317712
-114556
-200912
126945
-135129
366718
219589
218785
354450
-115007
189867
-320529
-88048
-30587
-330016
-126536
25561
244425
128613
307232
279362
114652
274094
-157044
-88612
-205894
-298100
-117137
-285864
95515
-14263
180681
112479
149600
237276
65071
148923
-91152
-62207
-282761
-269244
-156093
-189236
238498
74322
384142
106756
152586
203560
-89999
71648
-277262
-81741
-202171
-165783
24383
-282525
40876
186778
243598
321317
137971
229299
-172269
38738
-228973
-309362
-99017
-190561
98687
-55603
312792
96119
243860
283566
28889
87632
-252123
-51675
-218352
-338291
-38307
-154241
21436
-30379
224308
397417
180071
269197
21201
12703
-197629
-54824
-316189
-71263
106375
-120862
219944
101008
229563
215535
63208
101027
-26069
74147
-225354
-193304
-177792
-85945
35983
-178646
125150
47591
119835
193152
132875
239345
-109132
13129
-163074
-282450
-142369
-194234
226380
-25249
182664
59485
-280
337525
-95055
-936
-211132
-144041
-201639
-301564
-117688
-90099
175899
46925
284652
50732
95615
388760
-10760
64300
-303413
-278738
-9866
-250456
52721
-77970
296522
223209
89264
252701
-64024
119521
-157488
-154165
-210475
-138516
-15964
-296188
73092
-83065
330010
195471
119440
363102
4803
21543
-215822
-23139
-236605
-2624
-62087
-208421
92082
23617
326129
285589
109026
297379
-107481
171730
-133434
-250912
-104706
-319490
178704
-134362
196351
256855
233259
175898
94140
117641
-106565
94460
-260930
-196452
-104827
-141054
-23526
27594
222367
183281
118104
270951
-39615
55237
-285371
-214052
-191513
-265591
13067
-135631
53293
154445
113104
185785
43165
174489
-90189
-3187
-298083
-71348
-260875
-118685
-61632
-139653
239581
77106
118407
179513
42914
92349
-268236
-11486
-158939
-247999
-47312
-102061
95512
-154397
136102
277941
88686
122548
-21132
85306
-82960
-69033
-231401
-183515
9348
-184254
14059
-13912
189378
282646
217044
229047
79664
6152
-203634
-80446
-170405
-162734
97436
-47045
276157
18674
140096
318071
31259
145983
-135524
6093
-98080
-271806
-11112
-219741
88994
-116917
142185
201242
153040
278883
54815
84495
-174319
11105
-257350
-120579
-42821
-60879
103967
-49899
90617
186165
112794
218569
-24079
59442
-335617
-148719
-70759
-138987
-136853
-82267
175976
216208
255016
181848
-74559
138384
-43762
-119925
-314473
-106719
28767
-127437
39733
-123949
217098
118635
30642
214367
-74952
243395
-81347
-56320
-317066
-50369
88272
-272973
283994
45779
206437
218960
110218
256669
-4233
-159104
-195115
-109555
-184672
-199387
40208
-85435
180453
143520
183850
172267
-109451
199534
-141358
43745
-204038
-59048
-86139
-235181
147063
-31354
94744
129251
15215
174046
51770
141481
-71377
-127215
-194338
-251668
-109559
-76081
145328
-125473
90397
-46839
56779
420752
-9798
102440
31262
-85934
-20728
-260080
-96135
-115995
133810
-16307
221552
53681
140340
50041
-88701
88820
-258016
-196128
27700
-70750
77719
-28611
59141
94787
-538
109845
91072
82604
-136204
-86672
-125649
-103085
26356
-162850
127118
-220265
286815
131641
199468
233121
-166781
64008
-122309
-250494
-95172
-152348
66624
-137556
83007
105338
145721
76980
82461
140039
-123423
-8847
-160910
-187886
-126267
-185744
83315
-4662
9375
124546
78992
218159
-38946
186782
-36642
-129054
-189720
-81861
-51077
-149758
125288
-120379
235256
203022
-12442
139017
-58181
100553
-153579
-8102
-151307
-245761
-17458
-113392
-1037
-31430
174679
58729
184838
120697
-56635
-81964
-92005
-274283
-152633
-205542
71581
-30361
83734
96052
181669
130194
120198
-78774
-253269
-132518
-265733
-154816
-65975
-325807
-20038
-53779
97322
273793
177987
61325
-29352
-53378
-286512
-59917
-165337
-50054
24373
-70854
72805
1848
128778
154478
-625
217357
-204679
4609
-288549
-143222
-216901
-120499
76725
-225165
262190
116226
162976
99298
18229
183764
-120562
6680
-86879
-154628
-111096
-34276
26133
31125
168168
162914
18461
250311
-60914
47898
-172959
-148167
-255233
-143057
35573
-54254
148504
-1188
67868
214325
-24019
135602
-208891
-31978
-221607
-174653
-52259
-87645
178205
-516
120478
142011
64035
122928
35235
113910
-25360
-54161
-116515
-151439
-40264
-204654
68032
43943
84499
162287
183437
148482
-105699
95680
-169619
24520
-127787
-100097
-56195
-7078
116876
63030
-63931
139805
168576
107159
-123125
-33258
-259288
-172527
-79880
-92364
-10171
-124639
169415
-53067
123841
123770
12995
36441
-90484
-98814
-7346
-202654
-93158
57943
133191
28099
219518
174762
165452
193404
-65182
-76747
-105370
103136
-183315
-117554
128089
-105363
244705
-84469
57282
239426
21511
58892
-157570
-113598
-91688
-116459
-117795
-21218
81319
56626
196420
122326
107087
17249
-3687
-10508
-175347
-63458
-191860
-26776
-79061
-276456
67370
-10928
81338
250457
37221
160524
-71602
-67268
-114754
-130560
-71213
-96367
5702
-28769
219276
114653
18987
151775
154906
150795
-137055
20027
-244265
-155516
-36030
-175809
98068
-185126
235223
158874
153190
249098
24760
144124
-162813
-79892
-271225
-125084
-85533
-21925
104353
33217
163504
143708
237259
150006
-130059
102205
-243811
-44625
-82445
-166950
-72372
-74789
106805
-18104
99770
217622
107267
96300
-62373
3450
-203108
-175748
-75199
-282968
61441
-55420
47337
95937
271293
127124
47875
133808
-94519
-112469
-13461
-167825
-252111
-41111
136294
13683
155786
114527
34173
4659
-31546
81453
-149627
-133252
-62928
14770
-35428
-190288
257662
52391
91077
183398
24142
108236
-114564
-52306
-116446
6127
-129518
-30005
137928
-2703
68600
36736
155349
154446
111106
60968
-93004
-5390
-100808
-171014
-127672
-64513
152090
9186
116097
96348
146482
-58314
39213
23444
-31119
-90683
-173411
-104482
75290
-144845
129983
22578
125228
198498
138959
207670
34243
-27711
-105472
-155100
-110772
-103454
72674
-154374
108986
-71257
110777
180231
73875
132272
-172509
-61665
-145591
-81410
-48669
-5635
193535
-100899
124516
174549
-82214
135607
-102760
-29463
53617
-59753
-75325
-88936
-132923
-140383
119119
-51365
80284
103801
96181
177360
-180389
-28692
-188901
-127764
-29695
-241369
18854
-148167
-31241
-62417
65600
-9915
103974
83586
-182165
-3719
-75657
-189163
-112797
-187374
209151
-95528
244892
62625
187368
40743
102270
85676
-23854
28640
-185995
-168791
-305
-51839
284112
-3457
15403
37869
-170341
137236
51415
137189
-1636
-196188
-127199
-230045
-106808
-89744
54022
145690
129939
157702
-169992
24576
-47955
-68924
48651
-156982
91
-85825
154429
-171286
129058
-27169
-116361
141226
-117021
23203
-150709
-43998
-111987
-62890
-67319
58450
63612
18992
134548
124348
5439
185142
36497
-71867
1562
-59128
-31943
-3463
-99397
4585
157513
28313
158483
94949
-197791
66121
-38165
-96461
-113854
-214
-32027
-220688
60018
-156802
155989
50507
96512
222414
-104310
8091
-125120
3402
-231890
-125042
40614
-78496
144466
130611
134004
183552
124145
17590
28777
156207
-88849
-121798
-161948
-75907
135244
-99505
-35847
112076
177916
77250
22902
29230
-78532
12626
-105117
-186284
-22868
-123389
-59509
113270
49729
159621
51890
176391
15341
-13489
-148079
-80279
-124837
-157226
-209031
-77230
122894
105335
103530
90279
83830
133910
-243444
114104
-127441
-64473
-94017
-139837
18826
-14608
212495
117142
87252
223233
-80445
-73200
-167981
-21035
-136261
-109808
-191807
-137351
116857
4516
156926
-26959
25584
112829
3119
120098
-136154
-19292
-140883
-142722
105823
-100792
144057
25982
228215
-14002
31304
172212
-16042
71061
-31198
-21539
-128957
-171795
1606
-75244
83203
107433
125031
81685
26386
-44596
31077
15540
-94785
-46788
-69625
-52153
176156
-106236
137828
-3162
-877
113517
20685
-28331
-19435
-234430
-64026
-176014
77535
-98347
234690
-88941
169038
150611
111652
-20719
-323
4310
-91247
-68913
17027
-184189
41805
65575
161260
70499
75317
23161
-52853
176796
-109216
-21509
-66336
-151722
-23788
-197434
64490
41388
118856
96993
63525
235761
66477
129202
-50162
-76358
-163668
-152964
-8260
-107724
-77725
140429
187840
237634
143955
179950
-2164
40892
-31108
-126174
-154686
-178120
7284
-27474
-36444
150522
68990
115292
-33798
27297
-75232
-53294
56754
-32303
99745
-189330
75982
-43612
53130
82326
71302
77046
-106416
61151
41187
-47159
-91383
-173533
-202395
-143099
60574
104287
106686
4093
100601
114565
-59410
-89584
-49175
-136516
-163725
1342
-43410
2354
120338
85290
50052
82866
-76982
61884
17529
2117
-80912
3221
-70197
-207418
57126
-90563
-33438
74685
80311
178523
-35412
-12552
-23609
-30158
26820
-110267
-42471
52580
232696
-15996
145029
79703
17520
-18508
32243
130988
-184073
-25511
-103515
-2226
62864
-212721
14315
78769
144876
7997
134729
113075
-19188
-9948
-138951
-155115
-108090
-74785
190420
-68628
169491
98935
83349
197844
57968
45566
-106105
10579
-72768
-151375
-15854
-103544
-75412
72424
176283
119944
99562
-64184
64485
44687
-71035
-14068
-66689
-88410
121515
-200299
48895
64025
80296
73581
-26056
68817
44537
8674
-125694
-113697
27336
-1100
105553
60880
153284
14168
-898
216327
-43263
70142
-73353
-76093
51146
-58263
-85511
75730
79423
4875
209863
-21980
76145
152121
-123684
14630
-74376
-137662
-77627
-187857
-57832
-63259
39349
-97960
135895
7635
44421
-39274
-62880
-13288
-120914
-104924
-664
-13780
12388
-112265
262408
123266
107915
134142
-73935
17602
15276
65452
19696
-90517
-48077
-75002
29907
83710
192180
160436
12656
125106
52139
-72697
-86244
-49667
-93402
-89394
60208
-82432
169727
-30150
117214
750
-74563
191365
68672
-47197
-155780
-61621
-10062
-43889
99147
155350
120875
179798
127098
-38470
112067
18114
28326
-12829
-171493
-163107
-132980
141816
157112
101600
107562
-3825
52550
151568
-46815
-48960
-76865
20834
40203
29099
-76063
-17408
-114586
27064
83536
52111
37788
30419
-46058
-45603
-74789
163493
-8547
-27231
-75876
-65020
82703
63105
97886
253161
-94319
59334
-13595
33984
-25311
-38115
97011
-160952
130301
67097
142091
169060
87688
37034
42124
128199
-119874
17411
-31677
-44835
56122
-129223
-32709
-62426
-18564
158312
-47077
67205
217456
-115094
-57714
-114749
37858
-79922
81621
-32412
202809
98925
211722
46778
-41148
32863
-196777
-156742
-147430
-198029
-71131
-183012
25775
-30978
15277
-55182
93218
14259
39163
85612
-95855
21146
-165301
-210378
-24937
2774
21387
69203
417
162528
11053
74619
-215129
-116358
-16032
-49586
-105316
-133668
22296
-51993
35627
57862
175838
149716
32855
-76916
-84221
21437
33995
-43978
-21344
-8306
68592
-66693
109366
133995
-211
185839
13318
73170
-99343
-64983
-78342
-20020
64346
-140127
165536
-7101
259339
121546
-64439
51724
-51067
-10129
-1643
-122570
113085
-122725
-38284
-75503
49807
45903
-121916
120222
64747
125561
-115748
72178
1235
22498
-110062
-57445
-98577
-15790
105357
136748
81832
21846
-9953
39696
-111248
-22396
37047
-75859
-94073
-18054
127724
-6065
150767
158792
-8254
-132235
81519
-1
-4944
-96013
119300
-100688
26169
35304
71898
52213
108922
51654
-52372
157697
-124792
-79620
-81630
-173743
-57413
-145815
62491
-56928
199009
-40585
118576
-55697
76683
18522
-66759
-146672
69434
-19960
94838
-58420
52829
131793
67363
108865
104925
6653
68228
-11177
-5792
-40666
43070
-96864
-12681
8597
25638
-10579
154215
34669
72135
109298
-52879
-58583
-45366
-193724
-43611
-129550
28438
110481
55001
-27607
136725
-48126
2979
21723
-60167
-23164
95218
-145138
-76512
-86227
85153
-20367
10173
147784
-158869
133986
-30050
47053
-69735
-89773
-43288
-106455
-87568
-91610
155182
-57158
122006
69938
54749
64103
57811
100488
12550
-19302
85501
-31129
158912
47126
139808
239219
72866
170578
-43363
-12259
-65762
-141745
-95325
-125305
103222
-198092
104890
-28663
97424
29556
17910
-62559
-24269
223305
-112482
-30360
-93628
-180418
131575
-68868
65887
-117066
63675
275548
-104478
96698
-139780
-13410
-68768
41079
-123124
-39818
31825
-75901
162024
-118770
32723
-30661
-87601
82774
-96902
-25419
-51312
-260149
-25530
11737
6126
3512
126314
83031
-943
10935
-167495
-60351
-168667
-91892
-43266
-117293
11926
145914
57158
-32378
27977
-2098
3999
65934
-30229
-28832
-165744
-55989
-120681
88379
1830
-26561
61603
-70912
150570
-89331
-49708
-158022
-199869
10537
-143464
45599
116896
67013
118147
111484
57645
94628
60396
130348
25082
-57124
44840
-141215
-56967
-34048
94146
-180146
92005
59288
55625
92729
56253
33584
26114
-13475
-195619
99170
102201
-96525
-59743
98445
89443
143533
13217
167745
-113254
-66494
-55510
-28633
-77190
-19965
-96637
-43730
57995
148344
148505
59360
170568
47492
-105371
-36024
2267
-69977
-104586
-46510
32486
29528
138633
60166
-31783
205210
33807
-15651
-130053
62671
-37012
-114735
-26605
-131740
-37925
21094
-41564
33584
111218
40784
16854
157748
-8805
29330
-59184
-135551
31446
-158590
4453
3015
148794
161607
120892
108180
45008
-81531
-226189
-50365
81012
-73046
-29382
-42577
-163941
185282
146498
135202
-127114
-43821
-81027
23109
-98913
-86238
-47092
7748
90492
22316
27360
-65957
32966
168684
-67441
104498
-140377
44254
-166476
-20767
43056
91733
131283
-33615
127799
28029
-6284
13721
-70266
3800
-51679
-4088
101578
-217571
133375
-96934
79027
26415
82175
-3887
134359
51145
-130064
91973
-133289
-91190
-46280
-62711
78050
71088
118865
103597
91224
93901
30967
69544
-139259
23010
-8689
-117807
57975
-164949
-58059
159214
-70694
33719
171622
90718
70864
118491
-58547
7620
-13576
-9527
72323
-189185
41083
75934
114674
59607
-95123
-11105
-125503
-154021
-81602
-46126
-175615
3915
127832
34102
73106
37441
52934
36820
-126404
203035
-61784
-85283
-140696
-40425
-81228
-82926
3066
65514
-28906
164779
59302
130986
-122005
-95936
-170126
-105547
-20782
-103031
8408
53909
113415
27020
126312
64564
49898
210744
-28562
-137090
-47398
37141
-75630
-55625
-23751
93202
119867
134502
139521
79416
-153091
41689
98391
46075
-31382
-166413
-29564
-127341
122050
59706
230287
67244
108486
117538
-115543
68641
-59378
-60488
58802
-76620
118560
-82085
26698
79414
167296
61346
-87643
141975
-36965
58626
-59643
-92564
-106931
23511
190214
-128266
110703
-38102
-17313
4196
-14238
92864
-2621
27054
26946
85285
16198
-45297
106235
172386
-123942
43489
41699
-44102
-3735
80348
-101756
-29333
-73654
-101453
-58998
-20508
137676
-11139
108782
-27300
136293
12097
-59904
49385
-62613
51766
-71331
-18131
49067
14808
63667
82367
44649
-16323
-4168
87890
-150552
-15265
-184205
4327
-87585
-26754
3256
-19493
92945
136440
19974
52400
70904
89746
-115946
-119208
-50653
-117137
74149
-41206
-65553
105756
-60268
204497
23703
114328
-32125
-15863
-89895
-5577
-47841
-23145
-26796
-116
164732
63892
22710
11268
11515
-391
49759
97225
-136004
-171742
132485
-182434
19721
-26478
90799
50924
12081
214018
-8594
-20651
46474
-93299
-214613
-76207
31083
-1072
67235
-123956
19494
133425
12183
83299
-169901
18909
-91678
-117464
12863
-49755
72893
20327
-19136
37709
94041
10052
-73697
13995
-111311
-12239
-78526
-99057
-56659
-93540
104575
-37994
-26675
-29566
155183
99458
-82056
66230
-150504
-22828
-104790
-75499
-251676
50148
101531
4869
127290
130086
119098
-79991
25138
-11099
-2014
-107436
-36579
-35364
178863
-31896
-20682
175993
-32654
162942
-81148
190842
-62610
-72985
-6476
-54436
192111
-30963
-14132
-52586
101011
-46114
-61336
-34985
-54049
-4682
-202290
38647
135890
-29993
-32049
-45741
44239
2483
36942
178589
-90666
-9267
12883
27695
6074
-82318
16326
-27367
-30488
20947
103817
175639
-53454
71006
-16779
18049
-20751
-117444
-24232
122020
-58369
7758
97171
197699
166612
-6611
-5314
183953
-140875
-19486
-37446
12635
-147433
46494
-19729
-50148
6362
-14015
113163
18887
-48913
24880
41372
-26180
-10645
-8068
-120957
-26231
1941
-79071
280096
-123699
126286
-90842
-109284
85049
-37209
-93878
-6869
72087
-22375
26544
6801
34553
19062
115879
19767
-23761
-56561
68505
105509
-118158
-64719
-57054
-77374
-134702
76968
195973
60001
37855
74986
26659
-118956
-28699
-190366
-66945
-2568
38013
60421
-62870
78241
24326
31847
-7674
-50238
17891
-105829
-102485
-95574
-149886
83110
-84810
52220
-252897
101605
82897
-16868
-62998
-110236
74628
-52809
-37367
-124568
45859
-35759
53724
-108503
12156
146884
158401
43182
-15924
43577
-14617
1299
-25735
92877
-8853
96754
-28778
60867
-36077
40840
9517
390
116749
-102448
-156603
8719
-75921
-113274
19640
17682
44905
50340
339233
-60903
66601
-6507
147948
-48476
-88963
16978
-199277
-75336
87762
-97
57555
16374
34802
-111457
-13197
94441
-34257
-71380
-80644
-50
-154379
147121
204045
-132966
90688
87780
19776
33207
15886
69568
64400
8940
-104346
77936
12358
75497
-143405
-62150
66477
-71200
142243
-62447
111172
-22949
-38961
-98038
20844
24962
8644
35677
-86385
6860
140265
39790
125092
-39599
54984
-102396
-121661
74369
-52763
56783
80594
292433
76347
105092
25967
26456
21619
-146720
-34113
40490
-112562
-87392
26606
131194
-78452
78520
144456
104668
60006
-70655
-90948
2567
-47213
-58824
-179043
81469
158347
-48590
-16947
61211
72330
-58286
-49178
-102241
-3603
83954
-78805
-5262
-49318
8541
123986
43602
304064
232811
75450
-96515
74190
-7465
116330
-76300
-58103
37838
-5774
89596
131556
6850
41027
106406
99663
-37163
22978
-75271
-79920
4281
106491
-143947
101455
-27419
-97
21343
313003
70907
113242
45829
-116206
-154711
-181998
52019
17940
22459
-120545
93870
74437
115620
133645
-16611
36685
-66830
-66065
-142798
-11826
-13706
-178206
252473
-74848
67947
21053
-31140
-12506
68549
-3812
32047
-35460
-19952
73986
-116113
-79236
82376
80906
168121
70678
-111477
19755
-122566
78544
-11624
-35570
151099
-76669
-57620
-137336
68795
-11421
-43290
159783
25488
49043
-99757
-28775
-50073
-82528
-119551
19153
-5403
51590
108025
-1798
-73115
-25715
-115635
-56602
74934
-88386
-5032
-58746
89694
193684
119137
83984
46936
107476
135778
61017
-38349
-64582
31384
-11431
-32146
74011
31676
39647
77907
8130
72111
-13586
-42529
47226
-173047
14261
-67202
61470
56476
-6264
5403
86033
105672
11774
93783
78579
61140
-112834
-10011
-32633
-44714
-35880
55980
14674
68450
118279
-30367
36812
1555
169572
-122235
-52785
-105770
-52334
-141385
-81760
-26887
-29610
114802
51065
-68319
121878
29945
-1256
-19025
88077
-86846
-220463
13683
61662
69256
-138154
57674
35835
33688
78046
-147598
26271
-15323
67467
-10566
134905
-52069
2874
58225
46554
111052
131256
71812
14555
37316
-58284
15785
-169929
-11363
-37684
124533
-1207
73618
3648
9144
1228
72166
82335
-116051
-66713
-31176
-116435
2052
-54823
-82219
77978
-34167
114279
69006
25476
76359
13698
-112486
-104407
-33228
-104441
-2266
-86307
-23190
-133563
69479
-950
8465
-10838
52596
43861
126558
-180234
11836
-161546
-50101
55111
30690
27759
105136
53708
157271
102572
13422
-53033
-91871
-120038
64424
40868
78250
-11653
-84328
-31411
-85988
40948
7363
77102
49789
-7549
-36029
-18606
-121123
92371
-63119
66558
106656
52747
56598
69865
-194576
-72802
-59321
-146933
122770
-35622
92580
62509
95519
81540
-75369
236760
-98139
40256
-7602
-61190
-117804
-52558
-60944
-116909
-43539
9846
152183
41523
109010
108785
57389
81686
-28841
-166062
84557
-168447
-2504
-67642
80229
103042
78969
-30973
7386
17557
-17276
-139739
-79535
-38905
-153226
-69963
-75253
64513
52893
-3174
69674
6575
112333
-6189
62678
-90493
-106131
-48416
58630
91362
29875
-3146
-77767
133190
73547
-97095
-29846
-132038
-104707
7977
24089
-43452
-39617
56560
-33692
-91222
6326
-21834
-4536
46777
-112993
133566
1585
-124179
-61243
41633
103932
62936
100289
58717
105259
-43028
-93950
81651
-156109
-87426
-49544
-101907
-825
97680
-49451
-29161
-27063
96286
-23439
-43204
-27664
40637
-83761
-12926
-30351
-113940
2856
83274
25030
58319
-56949
34399
9847
66594
85227
-105073
-85409
-1051
-11268
-226475
8833
6829
-3634
-47324
66291
1087
77294
-9037
-8430
44109
3560
-141174
153715
-44584
12183
68239
69334
155031
-15828
3167
-92577
-121947
-30861
123612
-100603
-33536
3897
-50817
95109
12016
130770
178912
40932
140060
68989
48812
-19020
-102402
-22749
-56556
-103411
-22128
91417
2379
106919
-13356
145988
-24243
-69677
14292
-151715
-154315
-179411
28298
-31546
196974
165847
-65109
124136
56343
-60763
43479
-181042
-53026
-105335
-142199
92464
25627
18753
39347
4024
-73857
14123
-38099
-5277
-27146
-24396
-2520
-10089
102267
131645
96699
157299
72916
44805
-37889
-138829
79688
-23209
30837
-145414
4367
3767
56416
5963
-78518
157804
-70248
-17582
94327
70817
10819
-38986
-35035
-54189
34681
-110474
-25833
-56657
92847
10382
57862
3392
-25685
66331
47021
-142805
-44172
-7680
1074
-113956
-117338
64063
23139
13297
-148314
96651
221628
-29597
15305
-138082
41695
27750
112481
99426
-75988
43989
34221
-8808
53485
18470
23358
28630
-29644
-173667
-21199
3032
-29293
72349
72396
22049
114655
89351
-68956
-49901
-44873
-64209
87961
15096
-77882
-55321
94185
-17005
-3841
81497
101055
-11841
127474
-52019
-166584
-111900
-113189
-49028
-87750
21132
-53886
-43912
-19116
85109
25755
203954
-183387
-123718
65266
-60403
-39825
-29796
-69519
-24987
34725
81928
-20793
51498
-19477
-7029
-6241
-191136
61699
-88571
-23308
79748
60234
128855
26555
64399
156146
-17525
98134
65299
-4609
-150613
50996
45689
-176100
-642
51355
107044
-48395
81237
-30801
-130308
-37551
-43411
130494
62946
-52101
105535
-102716
10816
-13424
123589
-21874
20568
51171
-9150
106398
-119761
27863
-35232
-58183
45723
42594
68794
53353
85717
128046
-3919
34278
-50806
118447
36178
-36467
-29025
-110901
-90986
43876
126764
80976
-31025
20773
-40769
654
-135403
19785
-134142
-19407
-39969
-95781
167059
-39674
-16269
76884
107076
46702
-8998
8393
-37051
-72267
-185705
-156032
-63083
66248
38316
-32049
145674
-12147
39006
43909
5824
-159644
-124717
-197964
-80825
-66640
103344
-69507
-10433
-1940
67272
115902
-44625
75263
12868
37304
41322
-39808
107157
-28494
68033
-18967
116690
117024
93376
25197
-71695
17413
-177942
112425
-279328
24631
182306
-38950
87373
-47994
11229
15561
125623
86801
-3095
-102658
-85667
26930
82333
-175984
29083
88867
-99454
-113320
42465
170279
-87747
-1976
-126070
-2233
28285
-52145
-62390
-73834
-67271
12441
174174
57765
55971
-61896
-59604
-71095
-64750
34305
-202641
43126
4105
-72116
98866
108737
64368
75653
-84099
140847
70744
-9939
21676
49305
34728
-139898
8042
-29290
36317
53275
-165159
14404
17980
-58528
-41894
-73414
-66883
-59895
75137
-45735
11492
-39511
144815
120524
-64779
30747
-107454
-51696
174485
3448
7544
-143534
51138
63302
31471
45280
111465
204555
-59098
55649
38380
-58671
-130670
-120646
-139327
-49666
-104271
-45621
51394
110651
-108986
48639
13985
151263
-64377
-63835
35403
84066
108595
-104062
-11285
-51423
134461
41110
27631
-23861
-174840
81883
41467
-100595
38829
-119184
18273
-112301
-114870
-156376
19001
13926
102825
-32800
4094
72495
-78984
-83714
-68224
-105802
-45312
63651
66355
-73683
34279
28125
-41068
68054
39596
-15483
-116616
10328
-50372
-61901
50856
-31425
144507
-84075
3159
191721
4210
56982
-58386
-94403
-83518
-48933
-24928
-52834
34430
-84204
-65413
130939
49005
66290
34422
176116
154346
-75926
-52043
-65034
184071
-7799
-104065
-40275
4125
21092
-193531
156009
-67416
-10725
48220
-174399
-60204
61785
-16757
-14628
-52090
125727
60417
105174
-40150
-86145
76326
-49759
-184043
-20454
-46890
82782
70503
-66537
-13525
-68533
78027
52075
3499
61012
-32732
-89448
6224
-98226
30744
6770
-99615
19235
27671
49826
-23987
-7246
-52997
134574
-116123
-109634
-33295
6951
158013
-11283
-4410
156816
26047
67864
88456
-23474
-61391
-48163
47503
-135131
99952
-12110
2525
116302
23185
32459
-41965
58589
70068
13261
39805
-26605
-4988
-33118
24866
-2304
98466
84867
19721
27936
8030
-20429
-107514
73652
50295
-224815
-55819
-143255
93355
65365
106145
132024
-86550
-38685
-41981
-24165
148827
-3091
-72221
-101965
-164442
-33487
56690
-103991
52420
27675
82273
4399
-78459
37489
-108322
32614
90459
-15899
62908
-33429
-12408
126218
-46681
71041
-214058
106043
-72237
82287
-44960
-11467
-34442
-28404
16650
-77302
-46106
34017
-42770
169170
-80200
25170
-21317
-27939
7438
-161016
-18124
77119
-35133
83959
167692
42376
-46127
79890
-67402
15485
-14308
-56696
-76549
-104846
117872
-12065
121294
-43861
-179831
152187
-62386
-16708
-38250
-163024
-54281
-75786
-55447
36440
1195
-29055
88815
88405
95327
109603
-115717
20569
32564
-79187
-130203
18119
-33844
-107967
49286
22557
-76439
-71182
45863
110868
-39566
-6826
-88219
39292
-89265
-87621
9096
32198
137199
8201
124478
13199
-82360
-58186
81415
90685
-153694
90618
83885
-8748
31079
46355
-58492
-32106
-13090
13114
-27843
-13380
-71930
-19416
-218491
-93368
7566
16875
119701
-1329
139576
-63979
14578
26991
-56704
16125
-36543
-91219
-46887
11868
-69011
60446
85859
-30190
-10771
31990
43950
11593
-71466
-64795
16560
-80410
4850
30127
118444
-19394
17372
133034
-32247
-11326
-25675
-120981
-23275
-98067
24279
-43213
-17585
-56868
-500
-57312
-2793
150131
98584
-70341
-127423
-1805
-146899
-88286
31339
18253
-13959
-233433
164559
14962
41521
91994
76610
-26844
115943
22963
-39653
42191
77513
-67517
-3604
-36350
-9909
84183
1268
162578
727
-25877
91845
-100519
-190607
-94081
-54429
-84247
4722
61643
135119
90170
41134
-55477
21062
57992
4164
36825
-220295
-24264
54693
-12946
-39948
-151049
119691
180693
-163476
-106254
15059
-31079
-44759
46974
-18366
153698
-26998
53847
-8245
163058
148498
79688
-77328
22070
26294
-40721
44103
38749
-111095
9775
-84930
-573
137051
53223
70378
103201
-26065
76158
-20726
-42766
-204972
-99599
-23079
-117878
-105744
-1352
-12097
60640
59876
-7014
150870
48606
-20696
-228
-33441
42246
214670
60241
-3345
58707
34460
20379
-7650
46363
16296
-71702
-99497
38883
-43914
-123431
107374
65230
29329
-12332
-73897
61513
-12342
-97065
5543
31277
109802
-129679
66066
93768
36167
-30807
99166
49330
1397
13861
24309
-73530
-175606
-65394
-73373
48604
70358
-273566
39754
90678
103316
74211
-166099
-21715
-116944
-48674
-23102
-173540
16059
-74922
-79091
-55946
24211
-31250
42163
112024
114163
87273
45307
73699
13531
-36866
-16340
38381
-126069
88390
81583
-894
253
15622
8353
-4867
-7633
-106422
128883
-563
23081
-85209
70187
90135
-30459
111300
45020
-159892
100538
58876
-79763
52788
-55658
-92472
2351
126526
-32374
-26390
50969
-32757
17258
34065
-141828
103812
-60303
-22728
3351
-28809
119039
-129050
34971
19039
36492
82113
-88641
-97491
-17687
13550
-26745
16722
65180
-82788
-69106
202665
9792
65505
15677
-477
-36269
74794
98818
-123110
-31683
81034
108130
-16104
55573
47382
-29935
39394
13357
-41684
-16958
-31740
11300
-132063
50917
-65720
-39658
37126
-30420
167496
-154173
-48017
-60672
58940
34663
-66681
58621
114082
-35080
-22249
39145
11127
10639
103242
-84916
59436
-9431
47582
-74803
30290
6228
6958
-55483
116259
24399
-78333
71771
10194
144769
-104676
-27617
65536
-41791
19998
129576
-61354
60216
37298
-14481
56066
8098
56704
-44370
-41715
-127565
-104150
-9589
-21559
-117822
99383
188225
26746
-80435
145123
-7583
73137
-67080
-40850
-107396
-14903
72628
-83602
-276
94078
43343
68114
-40771
-41911
63172
13244
120392
110030
-114251
-16717
175194
-105300
28627
-21796
-54445
48006
-31694
-57123
112242
47729
32609
-116919
151354
-70557
-43761
38646
-97158
50808
34675
132292
125770
-134714
-14355
-91825
130567
92633
-22014
-85767
82113
60186
113256
-31511
27922
139801
-94285
-65884
50063
21024
143601
-66665
117895
-3134
-36378
136623
10195
149059
98044
-59700
28066
37374
70689
18552
-59088
-42279
-95644
-7563
53223
67092
8151
171205
-80811
122743
-9726
2424
21311
-30352
-8776
-72922
-18014
-119070
149170
-21928
138039
98874
-68711
95217
-84222
60372
-13264
-105265
61350
56472
87605
153426
160826
-19612
-19533
-27113
-19990
92991
-75155
-30205
-74593
-133207
-68792
-76039
-7131
37487
-90908
-63205
-53113
153789
-122063
-40658
-64229
-107245
14226
-143689
55044
82166
92188
-29808
20809
7839
56011
19402
-451
31691
73483
-98720
-93743
17366
207217
-140394
144612
-95418
-23706
94260
34950
-41169
-92443
-81595
-1424
17335
-61866
-147774
-35443
-7641
-93183
37322
72355
33665
-5475
-61779
-19903
-21461
-225215
-58998
73132
-67945
111604
-55708
71039
131890
-154310
128155
-15521
-106118
-13470
-156702
-165527
44005
58364
19738
208159
-27167
8169
-44864
-22294
72916
-33309
-89859
111621
-41917
53541
-106566
38684
-11372
82865
132996
-154002
114609
115697
-185815
-106389
119111
-6498
-69418
17478
32285
-104138
108080
-28691
-54112
-25038
37253
36533
99521
-80491
-10239
104181
-96406
65451
-17137
30229
52990
2980
-22966
2281
-77775
-141890
-48035
-61552
-8573
28099
-18635
-47358
-81251
-80494
-3805
-143424
-51310
-15950
-20728
-141108
-85438
-12150
-169498
-31027
60379
27091
26194
140365
24245
4311
-23947
-56765
177672
-52361
47117
51162
-28149
-19266
32487
34528
-45689
-90602
-65273
22353
-100865
138179
-77155
64933
-7775
114400
-85910
43714
-44198
55257
-177615
96016
114554
-86043
20320
-102094
11485
-138651
144649
-23147
176317
-34208
-43109
-36690
132523
-50735
-107482
-52443
19596
26746
-75298
32908
-73645
24487
6446
19263
52872
-55745
105043
20348
152107
-59719
-62454
40613
-10616
39226
133893
149942
46052
-23608
88715
-50846
-78
-11554
130331
-34782
13273
-68684
-86551
8334
15261
1631
-47855
-21014
-90587
93953
-101470
-7793
77905
-176909
-29236
-61995
19596
49308
57922
86316
806
-71432
233579
-22941
-32060
-172337
-14492
-28845
-109754
-51128
-102219
21026
-44329
24496
-47561
133878
-10581
139068
18838
-104288
87380
29555
4744
115402
33389
140577
159528
95862
23031
89095
124720
-80561
28185
-12976
-17752
114652
-45466
-8158
81704
-138833
-158516
-88711
84733
-60934
70086
35594
-94026
-106428
48894
88842
-115755
77217
5897
118056
60994
-91267
70680
28087
-27424
-88441
-157028
-50743
-131551
-61709
154498
162986
92378
-98512
-79484
-15274
-25219
-218058
-21681
-65613
-74059
4384
45427
124235
64108
61104
-94370
58041
17503
-83158
21843
-133784
-9309
-39397
-295
88954
-79247
77774
112349
43493
41047
-85362
7900
-6762
-80020
-215307
52691
3489
-24035
23484
52572
141136
11309
73365
3202
50773
-48549
8205
151142
-30696
60625
48522
64210
12634
7131
-20441
1982
110387
-82994
-14709
198287
58838
-66414
72375
-71039
40122
-11165
-105577
75234
50776
14416
144465
35261
42580
18242
-23014
58411
-26031
13738
-8321
17370
10202
-1236
58823
-13864
-87701
64916
-16100
-83774
-20335
-117971
-14110
7413
-51310
8036
51841
-18223
150298
-32433
-26583
-34703
-77500
-92739
-68197
34625
36999
-55336
22592
-854
22969
190283
89832
49028
-49650
-140905
-34525
-46845
118656
-20128
-65748
-346
98670
43999
-43530
-96740
34604
216248
-90228
31070
-45893
21156
-73796
-46793
-27142
64156
67216
-119224
30059
-109
4946
18495
15306
-81250
-30671
-121102
38186
-6953
44180
57559
119547
-40659
-59442
98906
-59909
34640
-85923
-15785
89033
-107152
-127278
-78058
9605
-34165
-132826
107302
-34561
69048
-5753
-8710
-19524
-207543
-27162
116899
30952
-23511
-23891
154404
48337
43497
-116430
124295
-42237
-30380
-72546
-49192
50472
-64873
13533
27821
31656
142048
-25671
118303
80041
-53981
36466
-37486
-5319
-26611
25753
21431
-79615
-42071
-132514
-1762
-36326
56560
-47981
66593
90442
27406
-74552
-3081
105598
-116122
102739
-339
47299
-35090
-101172
-98922
113408
-155386
-150864
-84774
106915
-55844
7651
-80352
94760
39081
-8422
-35109
-72698
23209
-26562
-130108
-16623
157442
18890
112896
187109
-40064
125522
19989
32000
990
89206
-79340
-83524
-62798
-138715
33650
-94129
70174
74401
147334
111262
101489
47181
-30217
38062
90655
-57129
-18969
-1931
-32511
100203
173014
80774
-29476
15104
269760
-155421
107185
-67373
2253
-15340
27383
52482
18605
124504
-18966
50855
58802
-81902
150773
15529
22662
-59765
-90626
-5370
-89756
-118815
-82511
47436
-35403
27305
46174
40200
73161
-134364
-178244
-55789
-118776
7783
-12581
38323
107078
69435
49560
-77321
32596
5962
8308
-7078
5658
-26744
-149082
57272
92606
-89755
-104358
89270
-332
-75996
40203
-12700
-25740
48688
17980
52058
49615
44993
-105477
22474
95150
-3219
-54279
49725
-47385
-75182
7485
-36321
89783
-69299
-121785
12346
-62592
-21393
47318
92894
10647
25912
-37239
56934
52666
45451
-43632
37122
-40060
-32258
95700
23530
-41273
16843
17011
112244
-35541
-75084
34967
-146441
-65762
-22704
-126528
90908
32413
-32743
190080
29934
-38042
55234
136534
11669
-65053
-50447
55863
44013
74683
128217
114206
-40086
-55334
-26124
118163
851
31311
-63671
18732
144965
-60464
124221
66894
-32829
62099
92414
656
11621
-42087
-144881
57726
-14590
