#SpinCore Technologies, Inc.
#SF in MHz
#SW in Hz

[HEADER]
@CLASS=	RADIOPROCESSOR
@FIRMWARE= 3087
@SPINAPI= 20130917_x86_64
@POINTS= 1000
@SF= 0.000000
@SW= 100000.000000

[DATA]
-51961
-321191
391887
-63960
-178902
287891
-53407
-128671
269270
33366
52912
92227
-232623
-221169
139386
-234181
-3028
211198
-161647
46626
102042
-57110
-75542
202229
-201384
-191140
135849
-205015
47461
88863
-77651
83870
127294
-98582
69659
114981
33963
324755
65211
-172806
27063
129432
-43040
111367
-32739
-75621
-58067
46732
-111035
22428
-82191
-137567
61519
55635
7219
41485
-58508
-123990
128008
-69403
46820
75332
-63436
-149313
97216
138339
-36921
143807
-22296
-164839
60325
-77356
18412
21730
-122082
33409
131504
43391
191454
147771
-126501
-14210
49595
-115070
50617
135793
-33399
95368
-20100
-306041
80733
-13287
32736
92500
-78982
10663
63708
111807
69327
95281
-74212
23216
-22161
37627
83433
-43909
-22152
89835
50245
-75694
35595
-73295
-21021
103510
-30778
-63642
25100
11795
-55478
-35009
18782
-30782
-36399
99032
51816
97387
-176959
-184276
66322
-40650
64169
94959
-6386
-16189
104511
-34206
-132639
104347
144740
84933
205055
74150
9175
146017
45724
103273
-78286
-38928
-12136
13215
-108481
83163
8065
-83816
-55951
12917
-98517
-15004
60344
12140
64935
48604
-27771
9462
75925
-56781
-67688
132620
108478
-9513
-48310
39747
24786
-69798
-35964
87330
7753
-92427
-47653
75204
-75182
58821
100835
67494
31791
-75305
-30850
46656
10265
72761
-63055
54120
-74397
-54615
-63353
-50117
82851
31389
47836
-12772
-40963
-95033
12920
169295
-63848
172366
-166041
38030
-9508
12455
-22363
37402
-29194
2926
-189245
20836
17145
-37913
-23003
61615
-9845
-149157
26485
-23159
12205
-72444
12038
33556
15594
89731
185064
81840
96962
37660
-110247
46298
65266
46494
152751
-30447
66197
2342
-70394
91838
81145
32080
-80667
168152
-26100
-68804
40980
16627
97051
25759
5777
98685
19991
61939
2025
78147
-11199
-25045
61175
-18607
-39975
138979
4196
59325
-23617
2502
53722
-23003
-8029
-34460
-83845
27708
48996
250990
31997
-26637
-67139
-14613
-5696
67979
69447
-61857
142964
-8015
13626
-46053
123460
9458
149225
51921
-73710
7298
64326
-4579
-109332
59717
9810
-100497
46765
32532
-14588
-121841
-102551
14218
101267
-34864
31860
-86468
-13798
91921
10752
-51973
36658
31263
-14411
85875
-5422
-7702
91371
-118335
8275
-8478
-112208
77597
29589
-16053
183844
-11862
53526
-123927
-148911
-44627
52595
-73391
59649
-60648
24460
-132925
-19285
-53028
151428
6976
-60621
78748
-69338
128933
12839
88320
-48579
26909
-62640
-15898
88940
22886
9841
-80089
5645
-48339
137672
-982
3433
-24432
8084
-27209
-28370
64372
233733
10686
-2676
18981
-15131
17948
-40380
90102
-70391
80397
15575
-17193
-19020
14963
59391
1203
-12190
-68551
76768
8092
23999
-59274
-22828
78328
69274
126969
68471
-37039
-100887
127770
72467
-35039
-20591
18247
-23283
-30076
13935
-77906
22077
182338
-126092
8872
-133209
-41728
74417
-7145
-88817
151834
34406
11977
-111165
-18850
67254
-48023
49975
77758
-45345
-25498
6742
66652
39375
-129368
-78558
36166
8974
-102196
156268
31150
-28729
-118307
95128
12472
150938
63474
53806
55618
-7375
34802
-181302
-14004
107050
-110779
-23692
62994
75091
42125
-15334
-106327
-49547
61998
94947
-41482
-37995
-54999
24660
-117854
-106999
14756
19127
-70894
67639
68917
25298
-16330
-66855
56879
13234
-30753
-13977
40602
59084
-110962
-10239
46655
53569
-97032
-31005
11402
35730
-1988
-84602
-94361
65405
98818
-55671
5007
16091
-52906
160368
-42588
25741
-65368
7537
-59910
69805
60696
13082
133361
100817
137684
102231
59835
63302
-70798
81139
40219
-31743
32123
127484
-80219
-34485
-55963
-127769
65889
49065
-42120
7303
-2826
152852
49320
-88841
128710
149043
-103388
-103989
-28464
79392
16559
67308
81840
-15430
-48380
24345
-282331
159964
96999
-121867
63044
73921
-65013
148390
42135
-24447
-51095
-96755
92309
147631
68118
52138
-7426
140815
-10145
-93715
-70389
55625
-74128
114689
-62765
63131
51017
-110612
-59121
31599
-64472
29362
-64
8583
21684
19735
-90720
-69931
-29707
-108231
-79601
21834
55651
44639
-141900
-1925
11933
-1283
22947
-89741
-2506
92140
7533
36578
132353
23058
-45841
63156
-199163
120708
-114514
42110
-82399
51375
14973
37171
-80624
-71853
70829
-88992
78204
-60960
-42760
-86891
-57794
30005
84827
97638
33727
-7315
-9057
-54710
-90854
87912
-42418
124087
-62090
58314
2442
50476
-74275
34470
25059
-73846
82393
69169
21194
-5387
-61875
25388
-81551
81310
38868
-79161
94237
-128260
87988
107934
-93441
52269
29316
-29335
108778
-66710
148541
-27900
-127721
-2407
57395
109153
-96908
-35628
41228
5112
-60361
26000
43228
27235
80819
-88917
75605
-172611
29437
23536
-43489
74501
27464
187538
-114488
-78580
-35085
-74687
-51461
-15284
43777
-94037
-73776
81363
-49963
76665
37597
-17038
178052
74931
29098
-62535
-174423
-26207
-39413
-42805
-15802
-126217
75004
-70063
-115084
-107112
-3480
-86237
30035
-95410
-26581
-145473
67766
83985
38863
-44418
-7834
-154660
-24836
-19507
32427
-141313
-63056
42022
208087
-54169
3166
27327
-63953
108428
-105230
69020
130015
121755
-77404
-5057
-30142
43053
50695
145372
-20671
-16713
36516
-2664
-96970
-76768
26247
-26270
-10323
34039
-211579
-30035
11811
118703
100271
26096
-33562
25534
-50052
-23616
-12945
27411
-99030
-144583
-33563
137384
-202044
-89705
127781
-99530
-105220
7333
103132
32440
-47100
-43569
-43657
4065
-24692
20485
57653
-60802
140491
-52475
-28303
118895
50051
5731
27641
-125944
-346
33921
-130752
54140
-151598
27913
-742
94675
34624
46294
49558
89066
-65351
14555
-171294
13111
108136
94417
53359
-60205
31566
-61272
36995
1716
-5674
-91268
33011
-61962
82873
112654
-17459
-7924
164001
-17844
12441
43286
26594
-38235
-26688
76271
-15711
66561
-12118
5157
-16504
-6512
-36647
140199
138730
16614
-32422
-123919
19675
-52906
4058
-46767
90949
13045
-68729
-26019
-50592
57795
-19680
7151
-105842
131465
-68276
-20692
51988
-37081
85330
22561
46960
8335
-10327
-27730
22050
97853
89531
26593
-72168
72590
-13123
52816
-82125
7371
-47590
-53118
92642
60399
67031
-32001
-88894
7332
61502
-127043
176263
-92490
68471
74821
-51666
-61632
120270
126135
-27478
-1267
-38500
23407
-39911
43285
-76468
-18634
15081
-51790
30832
-12424
60765
-30723
105017
134802
-169273
-9461
-115124
19581
-116707
38423
115580
-81075
5158
19803
62248
-136094
-41795
73718
12517
27033
14047
-40789
3166
4957
-114035
-11676
-67930
87066
62401
-26112
4730
-51606
-142943
-37114
-46954
-155432
-75182
-145953
-15135
63693
36471
-22299
-44114
86219
39852
5770
69281
-53221
-131362
49703
-68041
72238
115145
43793
13779
-54309
-170391
67176
14600
69552
18543
80585
-5312
-35337
-73218
94681
-96922
-23782
16125
-2875
71545
-112783
53950
-56237
-1957
39068
-46765
-60975
-29811
100732
36594
71093
-92082
16920
24713
-73106
20613
-79091
10900
-75101
-24999
45217
-74522
8451
112426
-7236
40114
54280
243
156929
-110163
78829
44148
-83552
-7929
-119766
-125100
57324
-197762
68890
2408
-115788
-9153
-3358
-136304
-17515
-25018
-6253
69961
-16314
-24175
-32842
44198
-3423
-164337
26916
-58442
-28477
111286
-97392
50199
114561
-50743
109835
98014
-19624
-33456
-41790
-24810
73249
-66232
-134722
122698
73183
-95269
265098
135300
9383
57350
92225
63326
230798
-39096
-13105
22716
-11641
-15828
-167971
-4385
45799
-108176
-12116
-5182
-17347
23839
65908
78742
42482
-47660
69994
57936
-41730
-20509
32217
-38290
1460
7791
944
3615
-171593
59509
-43761
-52879
13856
47243
56513
-34131
-126424
12291
-57854
22312
121094
39151
-53174
-17015
35788
-67446
-35243
-123414
54680
-21936
-4890
-57539
62086
13092
994
32370
-58191
36487
24645
-12501
-41494
90789
-91135
70188
63864
-28853
-69651
43122
74213
80456
130874
107554
-9869
-52523
84761
73157
-134602
113356
-67102
-70298
15993
-64919
6877
9946
-15218
-74685
148396
-71207
-146012
84474
2758
82043
-8855
-94088
232
-73046
72010
26233
-75268
63215
134840
-40623
-60579
-6380
-44809
10267
40910
11731
55162
-57509
37909
22414
127676
188506
63862
-45288
46666
-106634
28837
130962
-32599
7054
-135820
-191297
-25257
53828
-21969
121326
-38193
-765
15217
-80847
199134
61659
-60296
90414
-11704
-90422
-184349
117816
8030
-26006
24240
-17282
-29953
-50151
62155
-34451
-56540
29597
147949
-81353
77805
-13837
65966
93020
41865
76500
79174
-26091
-56693
45741
5594
-59549
29474
-115699
-31091
166328
21098
98491
129
152249
12840
-32971
-59325
-101800
70226
14779
51453
67661
37852
21484
-37381
-47805
30695
15040
-150784
-72690
-110909
-78785
12170
1585
37794
2979
23554
-16307
70558
17041
43371
-24994
-111220
918
-61451
-1054
-39957
-27413
37460
-93893
-19479
-44477
-60630
-61733
77206
15350
-10861
9303
6220
8596
70568
-19592
11529
110653
-77788
-68819
-17856
51330
-127816
-61908
15888
50191
-78877
-31028
101942
267628
39735
88617
-53085
-27452
31939
-26814
-48067
-4624
37687
-115362
151365
34760
-70264
14746
29157
222034
6928
-8839
-35765
-74380
564
-8403
-75063
-36780
88148
35021
140563
6742
17902
43010
37909
-178041
-59067
51576
-96716
133464
-17841
90978
-74420
-194556
-29915
-46686
-4074
124739
48493
-122116
71721
-52211
-103383
24393
21645
40230
-28827
64090
-38670
-30766
-33782
-5519
-23892
109440
-73247
-60736
-19947
-67628
-545
128216
-57438
1798
-35173
16130
-109675
123588
-144717
3283
125377
-63960
67384
-101070
31220
-7324
-73429
70848
-133819
48973
13840
-86412
34841
94200
-4055
-75450
-31002
-32774
-81390
78763
-118396
26565
23214
35153
1390
-162009
-3415
-8590
-50987
-32423
19125
-96153
49974
40683
95884
-34437
-84375
-25990
39731
117892
77820
46814
32407
139961
34499
-14775
73862
27939
112397
-80761
7990
-19866
-18558
-35856
78300
-6773
-14658
62822
-73252
708
-41618
74427
-35220
33178
158050
-118525
17671
-110054
-16385
-16851
3662
21825
-62729
-77564
35411
-84656
130769
-9667
57075
-10785
-100511
-86840
46877
-35794
-15614
-43489
-7470
141942
26349
-39913
47801
50306
10300
102655
-98069
42818
77654
11726
-71044
19102
-123495
86713
-120762
-55373
-40262
-4157
-8256
-16890
-24278
81568
228680
-82896
79970
-90396
-17814
80188
-5298
122323
-38974
-82183
-26499
-128468
14320
124916
22271
-38364
-30756
-60237
72336
134284
-41218
91393
-32037
55996
1078
10349
26844
-127958
124510
-53277
-55970
-54304
-14915
30674
19328
52835
86278
101138
43329
-32915
96328
22987
17742
106140
60425
10053
-73260
79709
110145
-45162
-24508
38279
-61390
24447
78185
-89994
-15921
89263
-51962
32810
-55099
57652
27606
-21021
154336
25148
-69186
-48853
-35822
-103353
50622
39702
94661
-6629
-162216
25645
-60514
35067
-63829
-50330
-49086
83387
118440
-55108
78666
9604
23440
127623
-20115
-36205
25053
-23220
8159
-73944
-42363
43186
27972
-198980
-81628
-96737
-33370
158860
-36601
-23408
-1090
70019
-37720
-30342
-2022
191511
108929
58697
-205474
-137661
-73370
-49382
-51016
21302
-106765
-89877
-122871
-67181
-84479
-148812
-38292
-34123
7832
47348
56178
-63102
-3505
-81339
-110404
-47288
-93060
45458
12553
-59894
18417
-17282
18437
55585
-19305
29055
-3824
-90758
77585
606
-31895
230788
-36877
108478
-103564
17315
12745
-73988
103987
35489
-93576
-43582
-103835
80929
61695
15429
-20604
48058
-141437
-32117
13490
-66774
52947
-116003
23038
-20234
-84394
-45291
-101641
37376
-31386
42136
-21062
-28991
44424
38596
1060
-13293
69856
-101040
1519
-47286
-91626
118066
-15568
22581
1718
-30263
130571
-96924
-224571
51039
68364
20228
-57935
-35007
31189
55021
-87670
110273
-14804
-54965
-115568
-93496
31440
56038
-34021
5273
107326
9389
104231
14843
97591
28285
6084
-46206
-67093
13681
-33396
64793
10076
-67996
-13621
46017
-101700
-21485
-26290
-48961
137133
41696
1041
50720
38411
21766
-2487
56767
-122477
-56044
-19519
16992
5430
-6983
-33195
65482
-104105
-107176
-23383
32143
55623
-8104
-11674
71506
-19646
107199
94062
162749
95005
18063
-31301
-46327
-184626
60759
86691
38622
-34949
-40351
152538
-99759
41499
32830
119548
-144239
-156799
-258589
56203
-14576
22712
139556
8968
-75958
22800
-68018
-21264
49850
-29031
47177
30816
95195
-76372
-67415
116222
51688
-16965
46468
49512
27241
106110
-65698
60485
128450
-63294
-42114
-80544
-740
153318
-57061
-34645
55564
-72157
63243
41790
-36885
-10141
92422
33033
120327
-27951
-79790
37583
76342
-1917
32280
-65248
4193
-4629
-18534
75846
181091
15808
105529
-80943
-156412
-11502
-95182
-110835
102247
-83422
-38003
28962
-117326
-60603
66150
-113085
94539
2210
16435
33158
-32998
-115572
8491
-20275
-125392
6603
-56787
-34120
754
-10535
86616
-83229
24041
91522
-112867
-13840
45644
-31253
28729
-94033
-55406
-33085
-1494
-145562
10949
-70092
10307
23262
-20594
-58866
7284
-43625
10979
-54243
-4199
56608
-32131
84729
-80352
53931
-6499
-43479
-53496
41378
99102
-20429
-10773
45071
-182501
54617
-55835
-61105
-29411
-167157
-50447
27792
87428
-114018
-16262
-61071
18494
18077
33666
-15747
18786
9158
49718
19583
-67418
112206
9519
-78803
-91453
-28816
-117797
143892
45485
-25678
-71620
-118637
-98350
-11623
73202
63418
108565
-116575
-101723
93556
-86299
-43676
84075
45882
-26931
-95183
71025
-119295
27710
-23465
-23074
61680
164658
26019
-77699
-72619
-82096
103346
-106770
-55261
160711
41522
-53740
11455
-22339
14027
-50915
20685
99003
17006
69371
129104
559
63423
-32630
-14165
4967
-44171
-92041
32854
24085
33047
-101252
-86696
37207
-32058
-3076
-68816
6187
76932
1536
7069
-31325
-23168
-27578
2383
64739
6230
-99097
-3467
-15791
-72441
36162
6179
-30774
43692
-27861
39172
-76912
-1784
34106
-23106
54368
91502
13810
49970
-98979
-7167
65432
