#SpinCore Technologies, Inc.
#SF in MHz
#SW in Hz

[HEADER]
@CLASS=	RADIOPROCESSOR
@FIRMWARE= 3087
@SPINAPI= 20130917_x86_64
@POINTS= 900
@SF= 0.000000
@SW= 30000.000000

[DATA]
-7127
2005351
211159
-2255335
-103825
2353636
10474
-2348030
96977
2364884
-249102
-2385848
409059
2468642
-512605
-2376092
529647
2383784
-659535
-2407446
773401
2348114
-821305
-2287454
989474
2368355
-1020011
-2257596
1078679
2205509
-1159501
-2105310
1299645
2006841
-1304518
-1934228
1415697
1892991
-1433378
-1785901
1564668
1712664
-1589492
-1689706
1677875
1488166
-1632578
-1517304
1703056
1382737
-1641742
-1349162
1672076
1205786
-1743605
-1199698
1733242
1131624
-1799409
-1059489
1767026
974248
-1787430
-851353
1791436
826948
-1761360
-722045
1775154
611428
-1801977
-607755
1637785
476164
-1694601
-472088
1734278
383089
-1769941
-356207
1740020
253353
-1699816
-217113
1683730
80630
-1610138
-28032
1594919
-39025
-1575837
82756
1552012
-90600
-1594653
216926
1515874
-244221
-1458232
305358
1413526
-342424
-1408129
346708
1369432
-439148
-1362747
496117
1320487
-424942
-1265326
463427
1295586
-564540
-1208696
588022
1178998
-703467
-1111668
616906
1091050
-759859
-1145146
826667
1010513
-788378
-1051339
750590
948580
-808230
-849736
767485
909174
-890858
-899011
841422
784507
-918374
-754352
944429
639187
-876929
-696445
966824
571579
-907485
-554514
941692
529594
-1010248
-495091
991735
432407
-1018512
-397145
946912
325572
-985447
-316812
949069
265131
-997762
-260889
1044623
251129
-973612
-151775
928751
123782
-1046844
-65937
997700
45186
-1008852
-57264
961847
-49980
-995691
39473
926407
-113900
-914883
149615
859012
-208751
-883929
199689
852286
-214511
-914598
194775
856571
-227483
-845307
331899
831982
-246641
-807378
299341
752384
-352720
-699752
385505
699322
-391659
-756297
404277
653665
-473953
-688390
540050
613795
-452480
-641712
497784
591581
-532560
-577614
556140
569493
-531900
-501690
548416
485933
-590513
-469746
587928
471966
-573121
-467434
588160
408380
-642529
-371044
656774
343728
-625534
-343583
577988
254785
-581942
-286437
667853
239452
-604387
-159392
625356
240930
-659191
-224420
683688
169413
-647040
-61176
689486
157291
-638905
-79386
682380
57690
-629456
-93924
625133
63482
-636488
-5792
603553
-67460
-632824
65149
623821
-55116
-547384
57122
611552
-88497
-577665
157883
611203
-140082
-587768
186441
624174
-191441
-547698
204646
527738
-217015
-466499
230668
514704
-235424
-576225
268144
511263
-264214
-384610
364153
463543
-318290
-521933
319789
402560
-345362
-373057
375804
392884
-366930
-340896
469709
336236
-406258
-354231
422813
310445
-398316
-294470
464143
284856
-492645
-306059
440321
250573
-441782
-243582
481803
169772
-491743
-193838
531422
193015
-500696
-133818
475575
152213
-462616
-103487
504699
113963
-435147
-88742
423901
125668
-508898
-66312
490255
32563
-488766
-4158
485754
6080
-513297
-1366
468220
-18864
-455458
61290
457071
-122189
-408003
103245
469021
-66758
-413048
88598
488830
-160826
-430031
189069
388940
-164265
-422813
170391
375240
-96627
-411239
201179
386939
-217482
-352364
221848
333834
-227356
-424150
264475
338163
-226347
-369005
255114
367823
-300861
-277274
293369
318392
-207936
-286563
318291
329161
-327988
-277234
318445
255572
-359133
-235358
382455
240920
-376420
-196498
397559
220968
-329966
-232642
352416
155662
-325892
-189734
381545
201523
-361429
-90450
335892
108481
-329957
-80348
399933
113018
-387299
-16737
371845
27473
-349367
4506
349391
428
-398957
30940
295561
-34618
-367721
10003
369033
-1617
-390791
79416
375119
-84505
-310175
45313
304162
-128062
-275939
51269
398732
-142607
-261398
132162
296642
-149401
-297403
135667
334393
-201304
-324879
138414
252117
-170340
-334615
250816
316523
-164079
-232290
212944
264809
-184260
-270605
236733
259686
-259927
-210672
177942
199883
-233390
-242583
222867
240215
-298766
-193245
268317
119665
-176998
-165293
261926
150725
-294963
-108621
257788
128910
-291077
-173102
287389
71581
-279638
-20024
271600
59921
-308406
-113759
306661
59311
-294039
-10802
306508
41902
-284538
-17402
281247
-46710
-302262
12391
236357
-1081
-298675
16945
263099
39596
-241262
33559
329469
-56151
-266638
53669
331803
-70475
-287516
107883
360294
-154813
-312069
169556
245952
-113523
-320758
23613
238070
-133674
-248980
121768
261915
-182574
-276694
251557
286809
-191988
-213010
192301
146503
-154348
-218150
185894
226311
-210143
-145087
241380
145649
-165511
-120770
273353
127048
-215753
-79535
203968
90657
-317559
-152386
201913
48009
-206703
-109495
306419
93775
-207123
-39962
169736
88020
-232039
-45339
207676
26364
-185214
-76502
218853
19040
-232626
-63625
280543
-18237
-260584
-46569
213179
14079
-240781
-78491
250100
-27140
-239561
-24481
263551
46006
-250563
119411
266071
-70516
-227783
51348
255267
-72316
-247368
94716
205407
-89226
-178681
141411
139660
-90816
-183491
83093
152393
-163369
-216496
147731
170625
-80479
-205960
161764
116426
-215615
-163611
137324
139961
-113754
-142118
158500
90077
-157413
-113503
147706
86832
-172623
-104402
164254
167438
-165508
-56119
165812
104288
-140209
-77475
213217
90803
-215682
-66359
222082
116267
-178774
-68447
235584
66849
-193670
26519
220194
23041
-159774
7432
187002
-39896
-122982
14167
214849
79457
-198568
-11405
205059
2922
-197597
13764
209009
7365
-147309
-23831
158574
-25161
-184939
7020
217278
-60336
-229572
41046
162456
-106389
-196045
35116
148016
-47122
-198280
97261
218261
-116085
-93130
137344
131393
-113801
-188180
126337
165764
-101692
-95921
119288
108629
-97430
-156250
198238
83211
-164368
-53198
211102
34071
-158371
-84265
151271
76519
-191165
-32528
93709
141550
-108622
-95239
118950
88024
-159637
-52484
148106
56449
-115006
-54376
153957
7524
-191410
41818
174554
18811
-167400
6795
147635
46789
-199267
-69478
129097
19254
-139414
-20023
120513
-47567
-145053
69287
107603
54756
-155093
48581
179993
-56337
-188833
63657
139016
-44756
-140017
77399
124173
-46430
-107385
82854
166041
-77758
-94930
386
129247
-82657
-176935
58450
129197
-114146
-78648
151495
42712
-112008
-12941
100857
98877
-127623
-33919
64266
97656
-74683
-97709
104058
68835
-77963
-142600
82206
96085
-141802
-72563
144078
21823
-147472
-34691
88171
44979
-149389
-57427
52128
69361
-35852
-33624
87872
-17893
-138157
-68302
139215
-2396
-175024
29921
92491
18892
-148063
27852
97162
37488
-102499
57928
95021
8079
-152867
27605
170052
-60595
-130839
48057
102198
-79581
-145278
32106
168838
-79553
-129143
131116
139358
-28938
-141192
80348
115908
-48389
-148465
85818
148436
-24742
-105946
77966
65615
-40168
-52808
74315
133559
-84650
-98402
90508
109116
-66903
-41692
72450
123341
-66964
-114576
100265
99742
-127136
-98641
100285
84560
-67992
-11781
116523
101186
-33630
-49534
114940
34286
-101027
-33597
117420
72336
-105904
-4502
125593
41206
-174890
-77936
179805
86034
-172300
22892
98077
30603
-115912
-6843
44985
-9117
-125086
-61451
133767
-10246
-116620
28384
92341
-3353
-109772
18863
148348
-360
-58003
46017
88141
6867
-62221
81193
117110
-37358
-50254
53209
148825
-64266
-60512
70359
86279
-6337
-101136
26883
67166
-34855
-92267
28481
97825
-120811
-79202
82344
127201
-30067
-74577
145823
125801
-43826
-144453
96972
56406
-97940
-84144
124823
29389
-83496
-84788
42689
94967
-97931
-104477
109428
43225
-112162
-86046
158057
5238
-171924
-65187
103992
26186
-98732
-83321
87655
70440
-98117
-37961
139330
-6537
-113147
12935
76785
35671
-88118
-18743
184604
46321
-99740
32120
115928
-167
-114229
6779
141547
-27503
-144853
39651
55386
-20228
-57067
15711
104268
-38285
-112914
11766
176937
-103487
-176337
40414
93014
-20895
-151932
91691
129945
-78957
-76877
86712
127708
-37320
-57747
12757
126734
-71653
-83635
83912
116563
-105852
-115225
74930
46798
-108692
-52021
44021
51365
-35384
-104900
78678
43977
-149536
-22042
107776
65605
-103314
-48837
72387
24549
-48017
-58037
97062
61976
-41572
-59860
130726
24930
-90671
-28331
98457
7136
-100309
34631
88953
-17004
-88144
-14916
142087
-50557
-43090
-38663
64546
6195
-102168
-45948
83328
-8489
-109311
3539
71105
-58244
-100862
77702
58914
-32417
-99413
-26015
193342
-73402
-40934
47565
118387
-74216
-2350
52636
78000
-38701
-108586
38192
105985
-10027
-137956
-8712
68414
-27460
-134993
52681
92520
-59520
-95043
50901
87280
-118693
-81005
66823
80089
-94405
-85225
35041
103757
-140356
-52684
111409
80156
-132568
-24155
142280
-22288
-113628
-25528
154919
57236
-72977
-16052
100153
90792
-126366
-57277
104047
35027
16806
41283
148553
38677
-109968
-6940
75391
-15310
-62386
-68681
156296
18596
-63202
23087
124878
-60149
-132242
32621
97372
-11133
-90565
59907
58358
-60804
-138344
82402
67009
-36794
-123397
42831
58724
-63351
-82137
54126
64304
-73179
-136691
59991
140544
-125143
-118120
73825
144565
-91175
-100839
119014
56879
-105410
-96055
49355
106992
-59365
-75258
84452
77091
-7709
-73512
92377
103329
-110701
27538
113452
56704
-88071
-23345
136235
61836
-81084
-73684
88299
-33079
-77966
800
116683
20604
-74364
-46884
46848
65178
-76822
-15481
111509
45166
-140605
-17509
58337
24503
-47524
-78942
107021
14129
-14697
46382
82679
-37588
-148541
6611
163819
-14953
-93499
9434
33841
28022
-122371
27737
96630
-32504
-57842
53012
136542
18916
-76636
18801
49050
10044
-121980
111107
65908
-8837
-75412
12408
87618
-70988
-105589
101724
108254
-85905
-115381
96027
159336
-111462
-131907
71798
118861
-84807
-140730
132686
38684
-66030
-49135
34631
101043
-46673
-74694
-23904
12909
-77706
-139712
78181
18832
-88770
-67249
40875
100763
-100465
34302
43620
28687
-146497
-35166
76263
13896
-114329
-47172
51147
21704
-105125
6624
102654
796
-143479
14732
70500
11805
-41667
3407
141801
-14474
-95544
74
32155
33754
-27337
-31337
58065
53446
-130805
6671
75399
16247
-105704
91688
112136
28708
-54797
10742
38043
-32708
-50436
52993
127957
-19452
-27572
45807
44022
56209
-127814
-1098
5531
-51861
-45307
66077
52106
5741
1824
75275
27210
-36529
-123587
66370
82241
-101306
-59975
105189
30626
-48746
-5
39131
14651
-38700
-55821
82712
47621
-20030
-23041
93428
-8204
-96198
-46577
54213
4315
-27470
25350
92916
29894
-85659
15913
35697
6045
-63098
66089
58762
5496
-62782
11777
30760
-17802
-98356
-5863
61202
-11456
-115252
20248
53634
6197
-98491
18078
85294
40347
-45919
-57579
140187
-51180
-79205
55242
67295
-105931
-76181
11668
110730
-35726
-72643
50484
103989
-75783
-57836
40313
58282
19071
-194034
48998
59320
-42076
-64487
43855
43464
-74551
-61063
79131
31100
-50023
442
2191
65208
-47821
-7748
79194
-5731
-145348
-78159
109345
50064
-75890
44745
78411
35602
-83028
-3273
134867
-14834
-75370
-54108
11479
48016
-50054
-27318
52130
10637
-103641
10003
119094
-37119
-42846
-14509
43558
27277
-75298
-4870
120002
6509
-110938
72165
69383
-9321
-19793
-6059
10272
-51069
37559
32322
64962
-24403
-132448
-27566
81045
2132
-58138
-15679
53336
7943
-76381
16041
133390
-12251
-116711
41769
101450
-39176
4565
76321
2898
-36044
-117856
70735
116247
-744
-35934
42975
76306
-71644
-41111
76105
15615
-58080
-27288
109213
39201
-64059
-44129
47468
-8160
-17852
-13761
84723
39087
-73742
-73478
28972
4855
-96778
13847
55814
-30806
-62678
-41189
68919
-8523
-24012
-49768
62904
37238
-30748
-40861
3666
-16305
-63144
9988
79128
22025
-36445
-5625
32934
12062
-62390
-7435
12899
-9531
-81446
-59900
51907
8404
-34474
11959
78283
-30690
-41879
22336
94977
20004
-33770
-47949
49158
34297
-59161
28257
80442
-88395
-89395
67816
40730
-76793
-48233
-41994
64765
-41413
-35678
52430
85225
-75747
-22653
11238
14746
-108312
-44435
70578
-7726
-27328
-37388
86836
15323
-49332
-7694
39554
81608
-65128
-70893
77890
48820
6784
-74693
42501
-5625
-36941
-9392
34185
-1638
10223
-16571
64186
-30809
-61704
7562
89125
39453
24297
25855
17344
39821
-89678
1187
38220
2111
-55177
-46345
99678
30417
-117091
-9284
45769
946
-75948
53191
35189
-3849
-80278
4397
84330
14566
-87848
19426
66262
6184
15498
-6665
105914
27936
-44453
31949
42425
12241
39660
14
45223
-36328
-111430
43950
78202
-96708
-60897
28391
33538
-48328
-13061
61340
-52954
-109313
-35709
-20289
59045
515
-38363
30761
20632
-43832
47748
62367
46739
23055
3778
48378
5662
-59039
-60986
120905
43574
-107638
-15324
64654
8657
-80980
-5295
44977
-9595
-39839
-47979
-7058
44011
-134792
33395
49546
-22912
13954
-731
-24558
-20582
-18053
32565
44044
12337
-58179
27211
125479
47122
-13089
4146
13247
-42639
-41681
-54234
76899
-2306
-22146
924
53406
-16518
-31629
88784
-4122
-65279
812
-8773
84650
-52036
-49851
-31919
11324
-41735
-95614
64913
103663
-29302
-55957
83375
46993
-57782
-21851
55070
7340
-74354
-43760
97049
-4048
-44268
-23401
62153
-56894
-46858
-52677
38012
7065
-109388
-38214
23332
65885
-94025
-23524
96638
69492
-30454
11879
2984
