#SpinCore Technologies, Inc.
#SF in MHz
#SW in Hz

[HEADER]
@CLASS=	RADIOPROCESSOR
@FIRMWARE= 3087
@SPINAPI= 20130917_x86_64
@POINTS= 3000
@SF= 0.000000
@SW= 100000.000000

[DATA]
1498966
-469720
1352370
-2596066
-934001
-2326606
-2832046
-421799
-1995114
2140757
475395
2772641
2596389
1191969
2558113
-1358750
314739
-2685612
-1916414
-1955397
-2682905
334847
-1237315
2447046
1258787
2407572
2756645
496846
1904573
-1800267
-417043
-2696672
-2362545
-1326903
-2431606
1164761
-540328
2620138
1877820
1843296
2690814
-226543
1308295
-2311476
-1068109
-2342325
-2459501
-539678
-2104655
1730271
388689
2505262
2186469
1384018
2222619
-896715
569304
-2295576
-1514325
-1751077
-2370599
240800
-1251465
2019075
827699
2197388
2249763
572733
1676967
-1489227
-115489
-2385396
-1835066
-1299522
-2073944
685891
-394322
2058883
1486435
1621002
2168760
-90491
1202400
-2003843
-824712
-1956997
-2085898
-525845
-1390646
1385757
81574
1936989
1540623
1194241
1867682
-748527
495767
-1915224
-1285599
-1527231
-1881410
-1758
-944406
1637088
743830
1812400
1903231
410974
1309524
-1209731
-32380
-1900938
-1458539
-894065
-1686952
848192
-430046
1657575
1075221
1238840
1838977
-219447
989596
-1467962
-758282
-1613058
-1675257
-245787
-1233782
1186292
100286
1768481
1321388
859824
1436356
-602156
431412
-1649664
-1041829
-1107723
-1605194
111047
-795561
1300496
530521
1347754
1438010
469267
1164886
-1069797
-283930
-1576113
-1291323
-791106
-1357686
593060
-214068
1404185
1041951
968239
1475843
-201627
664960
-1299368
-533446
-1272472
-1307129
-248651
-1061325
758718
201988
1595310
1261220
771360
1228893
-701876
307828
-1389286
-874558
-947798
-1286602
265967
-690548
1287590
545800
1002480
1161906
353028
981052
-822459
-149071
-1353651
-1025172
-608060
-1193916
618650
-243522
1224319
927301
950322
1155610
-193623
544953
-1052743
-611766
-1095247
-1138727
-202794
-919722
831312
31157
1257043
1079865
655308
1032818
-606101
324696
-1059116
-799361
-801829
-1229265
191951
-563861
1059890
459026
1079257
1375235
218001
883284
-854041
-103506
-1000575
-960436
-678308
-1110305
497095
-196593
1136154
676785
663851
927860
-157238
664102
-1018888
-424833
-1053634
-1132661
-293514
-887356
837993
76029
1164074
908325
588647
964814
-318186
294076
-1005125
-629962
-841894
-1086758
-32963
-579723
868406
337528
991478
1015556
279381
912036
-667716
-157604
-1032316
-717674
-563434
-1031948
327826
-225904
931933
524737
747428
913180
-14011
469859
-863152
-220002
-992951
-924545
-292842
-845981
644544
-134694
981811
856078
506586
760749
-410210
362834
-887698
-538663
-794895
-1008107
269027
-624319
755247
394717
857372
828424
301361
689850
-471367
-63836
-975660
-688461
-419975
-967381
300591
-216770
761909
558016
676009
840282
-103816
498710
-741944
-240611
-743222
-845176
-253140
-709038
548194
3676
805012
696060
556953
658457
-315215
142608
-803509
-555982
-710342
-872212
-5072
-314973
801269
316194
861596
715041
129751
676095
-520320
28827
-711568
-630482
-492149
-950862
370655
-299706
695105
472956
617308
841041
-6259
339571
-532734
-268427
-851080
-682102
-221125
-712538
522338
24506
910373
748101
426413
669449
-163567
381208
-760706
-384105
-667456
-765229
93266
-423628
661297
231863
729882
835702
250296
542333
-373175
-76601
-738235
-530390
-498102
-742609
353055
-314391
661109
495854
643750
630126
70903
308880
-723078
-247519
-780477
-650840
-306443
-601699
479054
2142
733440
557972
338025
736679
-284913
102812
-754439
-468471
-598525
-758149
-66622
-439700
589549
281191
570722
618036
251495
601350
-415537
58837
-707463
-580379
-420610
-797829
236420
-121749
495884
438004
530253
774563
2480
328749
-570880
-225819
-579419
-626871
-290580
-438873
225803
35374
683362
445832
279350
592552
-139106
337257
-657513
-404052
-552257
-634987
-16411
-352698
552323
287916
520748
623801
144096
451246
-460761
-50213
-590429
-439195
-472508
-566321
216445
-197896
553589
221121
458597
802362
115729
413393
-305300
-134510
-532149
-620928
-17041
-427868
247072
-34823
775829
493735
461930
458089
-243995
272645
-567745
-360528
-639299
-524815
35846
-316864
409902
245673
697586
531818
131958
503573
-279897
85136
-608585
-405393
-306161
-498044
42378
-190245
606815
137132
654325
516402
158185
436113
-438008
-80262
-514531
-658106
-182879
-413896
472092
-92708
551860
507812
386905
593314
-127475
116483
-513781
-146171
-458644
-579620
-213213
-422009
405314
38489
513278
530408
370553
505286
-318433
-11796
-492768
-424021
-463529
-461087
30318
-292794
417107
202800
474956
583335
70995
347259
-546587
-276318
-598918
-472415
-229131
-415292
241517
-64634
474665
330623
251326
462994
-125736
243789
-436117
-107820
-401531
-577924
-151119
-242966
478355
165310
637969
426040
252782
373043
-299417
-26143
-579535
-342048
-313374
-559724
23250
-170813
518097
185248
618587
634688
31599
446576
-289103
-69896
-523619
-481588
-198600
-445717
218300
2798
504666
361339
357275
513186
-94810
242193
-471131
-235232
-403932
-454175
-129958
-315291
392571
51869
475058
388303
299229
340586
-296638
-29206
-398928
-295792
-277644
-460984
46797
17879
417211
256401
535002
447204
28989
368812
-417025
-51729
-524638
-409160
-156181
-422631
300137
-14239
468288
266697
127573
553602
-109235
231750
-505837
-359457
-422637
-399271
-63705
-318187
289019
106094
564711
492269
195850
397522
-227957
7874
-524396
-351924
-284407
-390350
99932
-198140
497514
226491
383954
415484
-56785
235371
-219146
-35933
-487179
-409296
-312951
-373405
115910
-76403
456599
291265
359085
435324
150634
181220
-336630
-138828
-357603
-288268
-82793
-282961
248138
56732
315029
389710
262019
466611
7877
45592
-328715
-293408
-303290
-414667
20942
-32417
538156
60939
456290
471311
75395
342020
-294364
-29684
-349687
-279883
-222032
-375674
175230
-85708
540537
334226
310566
371252
-58165
137266
-325586
-153393
-492795
-514749
-47818
-298653
244608
-36121
427635
268830
282705
388601
-239289
134993
-447429
-150165
-303377
-330602
-29524
-210024
347202
63574
452469
353089
215836
268020
-232405
20140
-306068
-363072
-97083
-551353
-17038
-85825
275535
171364
318057
527494
-41716
160850
-436524
-149811
-259399
-349515
-116716
-350585
323802
88461
423509
382686
225596
294060
-127966
136646
-384903
-108511
-199352
-497885
23348
-149549
167648
90997
422695
354515
32454
373935
-270182
40308
-352162
-256722
-243776
-337634
84338
-18930
196990
225172
356088
355599
23812
167596
-245267
-121983
-385461
-257451
-61447
-291785
353316
-128635
420181
273063
174936
384039
-71367
96252
-265199
-124406
-200726
-389947
100163
-288925
247307
82125
372624
305766
104563
433330
-150974
3369
-312124
-207134
-272373
-398680
47470
-66391
340744
261074
224817
338999
160109
157353
-230677
-105992
-219225
-232970
-102211
-203703
144248
70164
394601
147553
312144
371121
-27834
43321
-369098
-209911
-311067
-397864
-68020
-265811
219945
56265
373042
268741
312469
325447
-230784
68364
-385241
-248095
-273954
-292612
-78374
-62507
315583
186595
286890
423766
-26376
266619
-201944
-164799
-388020
-219148
-125011
-305356
63670
102896
416677
320166
160010
346773
-156266
175414
-362346
-59630
-349640
-323543
-80144
-332860
272428
-34924
266178
167261
285392
273104
-70169
28574
-274466
-159690
-91327
-442716
86541
-127942
250694
94315
230553
334941
6633
188072
-166018
-80919
-347249
-273471
-102017
-265704
184743
-34025
433075
244619
225868
403062
-103210
320570
-301394
-255728
-326183
-370800
-12172
-254759
227825
-13375
308122
347763
268069
379535
-155472
51835
-337321
-190308
-199535
-337333
55073
-7121
315852
265830
334016
256924
40481
211106
-81803
-31742
-354125
-342156
-41212
-348126
135661
44478
323514
178027
238851
326302
-114586
175387
-255523
-89653
-414656
-319816
-234528
-275069
208429
56051
233477
348799
103074
342753
-150863
116371
-340830
-213440
-166054
-258557
90571
-167847
289764
104688
248875
341495
53351
217320
-57967
-10515
-497379
-285507
-134889
-265888
53566
-168680
259159
154903
222538
357482
72412
90124
-163491
-245929
-282693
-321085
-57912
-204574
102184
-160809
240962
205388
147314
211546
-182015
222842
-210394
-305217
-190150
-204998
-47882
-78068
243877
84255
342619
185961
71567
302773
-124616
-50566
-210266
-202837
-171711
-235365
83944
-49010
291989
194075
121689
211801
-68810
222474
-163301
-255419
-234896
-271101
-100542
-219416
218801
-183575
349344
285592
108680
258770
-169431
-5045
-277977
-208842
-232605
-254681
85774
-221864
84514
27517
167148
64077
42232
102471
-117383
-33450
-355980
-336531
-238726
-209964
100836
-26784
360650
171579
78013
158828
-72496
216051
-220618
-150845
-124990
-231665
-150896
-263543
91395
-31826
276146
301101
157670
258385
-95092
139197
-182312
-144901
-234966
-193819
164624
-243998
218327
129474
282116
74994
32198
155933
-156654
-20517
-167047
-73008
-145202
-379257
21731
-68833
161318
384474
163286
186474
40504
145418
-265575
-84864
-170590
-190920
-110639
-214647
124114
79917
164524
315084
266514
308787
-57409
43844
-281127
-108020
-255729
-178928
65743
-154154
175747
150979
178934
73485
57134
275452
-39722
49104
-267757
-140357
-129240
-224112
-47111
-53278
263297
192730
331698
119360
-38809
94222
-162823
-96140
-239104
-146490
-136715
-252085
151382
22959
280572
141659
51924
286966
-101571
150974
-173501
-35559
-143616
-220577
100615
-137533
19394
-140016
321204
183056
25611
175039
-165867
-12566
-321601
-234296
-199663
-309776
92136
30988
271840
-6381
197433
151576
-42749
266175
-266220
8299
-241532
-253182
43556
-240377
-12221
-109553
217579
380192
42754
335256
-85831
182334
-86541
-147821
-301025
-248893
-71579
-93831
112512
-1528
192363
236673
39436
167829
-168521
95518
-211821
-135900
-191432
-107889
-42119
-37552
184442
159427
138791
354165
33152
148933
-338729
58342
-100405
-270259
-14346
-124441
174838
-7151
258410
110535
11247
227828
-72897
72866
-211807
-180499
-338701
-247170
48786
-95866
163164
-1543
262291
149226
139000
79015
-49638
-17448
-242697
-168538
-180554
-323226
161078
-42898
222690
-26416
48746
294550
-42513
14105
-155338
-107623
-97257
-160381
-109752
-173566
123485
-26345
275338
139392
196766
57007
-130006
79643
-193754
-150688
-269378
-228249
14554
-253762
236401
97872
106806
303295
170405
209267
-94230
247476
-311787
-203532
-184950
-172423
112020
-227004
141580
-13758
96675
186937
70110
208024
-186455
125699
-272708
-70192
40387
-207294
71994
29675
-11518
169302
141969
292544
-28428
93170
-379380
-153280
-205837
-198321
-28706
-175402
25694
12041
177493
116368
-64292
124086
-145345
-18781
-274219
-41312
-17926
-402393
10975
-128119
184847
96049
163270
233206
219763
179625
-167034
-95103
-344566
-242221
67094
-226643
-18478
-32050
263162
36254
83027
152128
1827
30650
-109283
-112851
-107115
-191176
37610
-234172
258350
120881
115504
225173
-69937
195786
-29666
158138
-378241
-151738
-341382
-183965
105841
-129465
95380
61113
248623
225232
-24843
181883
-261749
-4692
-242728
-171434
-27209
-83545
114753
-127091
216650
132543
118063
119405
23642
170416
-221775
-69916
-271018
-90056
-3522
-220996
134860
98873
286233
48175
51541
189570
-139260
90195
-203186
-117403
-87523
-301029
100404
-52901
232812
82753
76306
215989
25791
99363
-94068
29043
-105068
-116303
-54804
-113484
44736
-20482
211687
44744
208091
181540
-30724
122410
-76572
-52499
-117468
-158576
-111243
-110585
60822
-1754
55284
198845
232473
136156
-155095
-56748
-170349
-136836
-204239
-231340
97169
-64831
196871
30451
139999
190781
9421
127805
-40410
110666
-19980
-74388
-209694
-140938
14085
-61552
309541
127658
152578
263964
-24293
67985
-108311
-1756
-255791
-171702
-118669
-158085
173445
-71095
84653
178447
-5032
81090
-11452
28712
-120926
-218985
-123446
-144985
85
44888
102463
29149
71837
126721
98588
83340
-58658
-72521
-321513
-199401
-27371
-151792
98364
-76382
260889
143764
100892
123394
-119457
111759
-46469
-31961
-129165
-105748
-36871
-113002
32643
79879
214828
125590
129720
292176
-126899
-33277
-208842
-32193
-113296
-156927
65517
-94878
108406
68985
162787
96200
88155
203134
-59330
-10165
-182996
-93438
-102243
-121062
61929
-48842
175985
163977
134050
101739
-65131
136031
-197676
141217
-196038
-124080
9181
-138082
141312
47023
108732
174227
124814
203000
10027
-7622
-106441
-134198
912
-67489
30754
-91085
141875
119973
65454
125431
33634
129167
-38721
28936
-223790
-212178
-139159
-167177
136487
15973
218847
87874
116552
50924
-63078
201277
2215
-39860
-261486
-163846
-66582
-92452
203657
-79978
95143
183428
-18348
176091
-86799
83820
-97061
-163433
-79183
-190387
62216
87713
129255
32310
268210
191999
250914
103919
-50825
130973
-173407
-64051
11773
-134746
93457
-35206
320562
104507
104682
86054
-80155
27243
-74689
-118748
-118535
-146732
12601
-134656
48398
47797
104981
281013
178131
282062
1412
52333
-73957
-163849
-149307
-22360
57461
-164091
197975
-19257
144797
284329
-37492
191926
-203566
43921
24528
-118649
-102576
-194642
-82805
-76410
88012
155726
-13273
169221
-105218
62687
-67639
-131915
-183830
-76187
-54780
-102795
-35944
-110577
228560
191665
219132
238622
14511
128585
-70765
-20327
-79198
-287085
65736
-85742
235082
88573
152440
219887
6199
60996
-128204
169311
-266914
-96993
-25598
-149908
55929
-82504
137420
218162
174309
84075
20328
121115
-223726
39647
-229128
-28919
-41700
-227180
213620
10559
181277
-3868
123543
244077
38666
56805
-98457
59783
-125120
-66966
48706
-252455
38265
123211
181919
241109
42661
50725
-26549
107344
-199609
-172204
-135948
-159361
30574
94245
65350
14863
115735
154529
-56554
89499
-161493
-27864
-66880
-118119
-14566
-95350
131591
4367
207567
174525
191574
78624
77833
178215
-279378
-272614
-114105
-383992
89633
-49587
71154
87213
136778
177125
58339
66711
-160516
17486
34425
-54239
16913
-32481
35056
-104550
98814
171439
9466
55334
-56586
-22929
-243069
99496
-126864
-213474
-100692
-6214
5914
-98496
135426
140491
127748
168206
51564
-116456
-204244
-51656
33573
-105192
-20619
-67431
-49410
142179
146468
57399
-57309
60662
-7167
-40738
-98784
-134485
-76432
-190530
54187
10124
47247
158713
244653
120314
-36168
111441
-134558
-63212
-93706
-169237
3733
-62791
143053
14611
85927
150709
119169
84094
95869
140092
-54958
34715
-120333
-133284
-114766
-81291
215855
-17313
162937
206655
61208
4438
-109915
68802
-50331
-144914
-75923
-180729
-28712
-80577
36857
-8001
131638
109501
60431
209300
-73061
-135001
-216715
-177697
-204534
-230634
-23738
53063
191181
135377
6934
28470
-35202
88358
-222179
-194347
-170784
-106069
34563
-136100
106229
-19515
120791
248317
6912
72941
-16281
16698
-200110
-124774
-49802
-129848
-39190
-3369
67784
122786
80461
170407
44059
33997
-101895
-44737
-129533
-113624
-139235
-26475
-54433
-57160
57275
137791
217764
152830
-130945
-12338
-172835
-47099
-233493
-264470
119045
-256554
170449
45655
107576
164457
118845
106335
47903
83481
-119518
-28975
-133486
-103653
62214
-90025
99266
-12979
112321
109716
108763
-11503
-193621
1823
-153795
-136503
-233165
2957
8921
60687
22372
57976
134603
129360
24345
-21570
-186729
-65757
-163817
-33831
61855
66460
116601
-61378
156457
66048
110403
99415
-48300
113256
-46673
71369
-69609
-131811
81870
-37517
90036
95925
125849
119268
-225217
108773
-51279
10841
-209929
-263841
-69534
-160455
-32138
-125036
144657
65809
210123
145110
-55448
-30787
-153614
-65247
-79152
-13747
-40112
-50801
79756
149629
169968
98595
72493
92758
-141663
80014
-155260
-160519
-38431
-135304
101335
-32915
150749
83436
96304
59701
167564
153948
43153
-147565
-167533
18080
13510
-76054
92586
40119
183964
135409
94718
-38698
-93639
49088
-246223
84456
-37921
-108622
7066
17402
177527
-57256
111610
32146
44742
147850
44495
-7438
-124588
-163851
-122158
-230648
34105
-103109
97219
105992
199532
78916
48537
29845
-59304
-54954
-32393
-96156
1680
-71839
39493
31764
225793
-21911
-39567
201742
13420
-62538
-100779
14397
38108
34836
-8310
-24648
188946
38674
97764
186354
10093
137497
-94292
67091
-113971
-59804
-45409
-41443
92506
-59850
156393
144396
147732
58382
2919
86471
68019
69610
-204263
-211898
-69971
-23003
-25538
6959
169831
89057
9662
348882
31691
97659
-231151
-142175
-72415
-182746
59390
-75032
21551
93583
107307
-65984
-50998
79981
49470
-16379
-184629
31916
34869
-1217
55202
-82133
-5317
173073
131544
82168
54564
70291
-132601
-22403
-190493
-8508
-9113
-151951
13509
-109395
70045
50717
179058
54303
-60759
-2272
-145742
6978
-46999
-209908
-124840
-84850
157056
175253
51736
195013
80948
138891
-118533
34011
-134467
-211303
-106822
-18387
-72497
19407
270570
50414
100469
25745
73331
9997
-36161
37389
-37023
-42321
8404
-70725
-8557
-27341
165436
19547
23166
93908
-133022
167130
-69946
-153257
-60735
-80251
-19163
-184070
133697
-39824
44969
-74552
-38431
121332
55787
109314
-101304
48848
-153898
-114036
85939
-115854
212754
186939
-6206
80627
87926
163418
-29540
-83362
-140298
-4836
19920
157668
34007
-48971
38499
-391
-65457
41425
-30525
23749
-73890
-5845
-22606
-129947
-46620
-80698
-37134
95209
162695
232734
65238
328
132243
11053
-230224
4524
-164447
-107471
61936
10451
78313
-67555
72240
32797
-59127
207184
-11316
-44368
-16441
-105288
-5492
-254333
13012
47970
-2824
83795
214235
77939
109958
75784
-76918
-9502
-101089
-16022
41988
-136713
97197
51261
-2150
62188
83794
50347
56170
43022
-154430
-51009
-76296
-75356
9872
-72625
72267
25622
129475
54326
-36326
58029
-8707
98949
17752
114821
43446
-160632
24595
9091
23019
146985
120242
129717
-169095
53379
-116342
-55505
-92549
-79661
-88419
-3653
173390
94634
172071
30606
-942
127055
-17244
13110
6121
-69638
-7330
-31680
50666
-23611
107979
161400
179328
-3577
-4745
162765
-89273
-84414
-105955
-146056
-64089
-172364
88687
11238
178105
135334
73089
57466
-84047
-265
23422
68192
-165171
-238070
-3349
-84475
13931
83415
94426
159895
125895
-121205
-166616
43345
-100387
-111266
-90537
462
-106476
93128
137160
-46987
165254
165755
20661
65502
-162129
33838
-19049
-28355
-19335
-123493
13392
-39987
202721
92157
125689
113627
51822
-17007
29714
-158635
-114560
-139350
-72301
-23468
33712
-82738
-11041
52779
134929
54353
-131938
58667
-124341
-84773
-112253
-121187
-50248
-118912
-74379
-40742
6427
83098
219756
27718
-87036
-47757
-16817
17026
-130686
16685
83154
41479
126277
31187
99936
57106
-19582
-24708
-130626
-17593
-37718
-76309
-23835
-36706
66621
-50079
-83702
119838
128510
10884
20967
-40714
-45729
-146250
-172098
-40226
-23007
20601
63576
-54422
-25722
176791
11048
-61282
-50332
-33362
-27229
66012
32357
-47020
-10298
11730
59915
92010
44584
-5032
-711
133003
56569
19107
-40437
-11997
-13656
-232581
33942
11617
20381
189744
116999
134584
60880
26527
-38547
122076
-99343
-237812
49478
-29765
99413
6038
-26257
41109
25847
138511
-44636
-58155
-63258
3451
-99229
-130645
126943
74655
-65168
120362
39289
34505
61811
6815
13044
117428
23120
-206850
-86483
31696
-17904
4826
106853
73092
25183
152186
-130203
110590
-3567
67269
-50703
-20905
72261
-101104
-125077
3730
64126
137526
61038
103129
28137
171225
95856
-44256
79251
197285
-53017
-6950
59431
-5409
120162
58277
-3761
47672
-151660
69096
98034
-359
66185
-105257
83559
32288
-222
-2351
38418
54313
-195309
-105746
-64372
-38463
10180
-151072
-86016
-7532
72420
34399
103094
32443
25074
127455
-46218
73427
-159094
-11469
16512
-35361
-6778
9531
121242
53683
-4676
162462
42457
46992
-53610
-66815
21654
-56645
-152904
152369
-160452
22613
59119
12166
144665
104213
-84742
71611
-138805
-206128
-90611
-367
-16993
-15968
-58474
-48100
-47944
243639
9267
-68193
-60728
-91728
-79421
-166873
-54479
-18859
-15400
104677
58722
-15605
38049
55216
-59255
6223
27480
-16742
-160552
-234197
78819
-9070
28478
-40521
40413
53995
145515
193765
-79196
-81159
40429
-40886
-108697
-43869
41586
11115
10934
22007
72657
-169336
3215
-64905
-89756
42445
-108506
-148915
58643
-135618
212510
-26993
62233
94540
145554
136119
17488
227055
-52256
-95504
-152124
-126032
35164
-10639
24548
45879
39603
154146
14857
98634
-55024
-48088
110100
-113461
-44285
12247
-6232
-11562
87688
-66632
2629
-94746
-17030
78977
-12398
-22977
-101959
-71712
-31455
15494
44070
-46745
77849
18351
47202
71514
38668
39271
139809
-41631
-232863
17645
-148635
25224
-22446
48658
101109
37578
160713
148469
-45984
-33133
-1292
26094
-122156
4660
68201
-33674
130678
17548
51931
-47333
-166490
-25003
-92586
16824
-25116
-46344
-25948
-14952
55746
-14404
89023
13203
157837
127565
71422
-40652
-166027
-9198
43619
-20755
-76177
-16920
-73883
-80704
128002
90460
49164
221060
-72734
30956
-75896
121412
-237459
-187846
-52792
20539
-41297
66470
87387
149135
126950
112744
-49773
52076
-179282
207
-50605
-75617
57010
54797
7066
125019
103478
122890
17929
109185
77808
-6442
-127451
41735
-152913
-39534
101425
-38899
90865
-38404
36539
151594
-100226
230306
68654
-121976
53056
-25926
-110907
-8019
19399
12010
-34484
17266
157251
99957
-195541
63709
-116014
-35029
110752
-119946
164094
-177055
72205
18761
87444
139194
92685
58136
87642
-58363
-2115
-153716
-42507
-129495
-29830
-131540
117699
5635
-4772
1243
-55465
8347
-59469
-29417
-73563
-219444
106737
-48560
-33524
96530
134742
81384
11079
170588
-27381
-107708
-41476
22681
-49017
-163651
109131
65480
68758
47154
76701
163741
31464
-77238
33737
96636
-10273
-18717
103298
-164207
7913
-67506
23991
71792
104315
-4431
-2444
-37706
-18105
64669
-80449
-138274
-9658
-106365
54104
120464
145634
78928
34699
111500
11723
19637
51830
-29967
-1649
53448
-88151
205090
92149
41242
71924
83870
-29407
88327
72575
-21048
-68454
-158939
-19319
-6564
97346
85910
140776
72495
19445
192680
-25655
200031
20030
25857
-135555
132971
75913
-127334
-474
71066
92269
-20809
52203
52948
-95493
54303
-179654
36343
6173
-150162
-23886
62818
196087
37619
32748
-64909
-24456
9654
23055
-31867
-118457
369
-189614
-156660
87872
-80565
50003
45350
-207067
34416
-65058
6464
-47113
76677
-87122
-137229
-21673
40279
-23839
31298
-69736
7712
163249
-51366
70283
33798
8405
-20727
22406
-34492
33200
-77420
120093
95596
127496
93109
-109899
-40493
-13947
106610
-119594
-153098
57905
-19241
63366
9442
2571
-6856
140781
93977
-70847
115342
-207323
-72022
-96610
42620
181607
-94370
105796
89026
198744
12295
-46646
116538
-124968
55414
3039
-16704
-20126
-149048
3173
-124748
83318
-86372
-24651
75114
-45867
-122830
-13585
-52437
93034
-150284
-11066
-44716
-140280
-28679
258988
16757
91150
-4726
-23780
155376
-165799
-59243
-64306
-144292
-7141
-34441
11054
-52511
27509
90673
111847
30525
3502
78426
-10610
-149652
30365
-43938
-15101
119148
61838
32115
56130
157026
-11176
-12423
-78836
-135685
-83890
-47734
-138784
-52557
115496
-17352
83624
-156732
56495
45747
126256
31581
10736
-42658
-117977
41255
-7694
-91028
144384
-48796
105387
121962
70362
128854
-7604
-21081
-61576
-67836
-150348
37465
-16269
-16313
112448
93962
192188
144038
82096
128256
-127778
-73908
-32551
50348
18825
-29250
115403
-1377
-7583
-18552
27334
-32537
-110950
70020
-33164
-114138
-39271
-42689
-43354
-175988
96354
99579
127320
-52811
-34944
200959
-54542
-8552
-164601
61040
32567
-77151
52741
48815
27018
-16179
95464
120781
182
48899
-61515
8226
-170331
-74728
-104138
149639
-99958
33803
90500
94171
31673
30145
-107829
-91230
23089
-87764
-54467
-87309
2560
-138525
-3516
92652
78876
11520
84486
61369
77252
93638
-14902
-8982
-91805
8057
-13119
-117468
77869
-96462
93872
39806
19381
-100778
18076
48128
-120236
-139611
-1456
-46754
37374
-69180
45638
39498
50474
131735
3510
62588
-173928
83454
-133928
-2082
38478
-90087
-4366
-44553
-36023
127804
-452
196690
93146
77705
33568
-79223
-72148
-174321
-12188
-46640
-49151
48314
70045
199901
43923
46440
-87554
-104017
-244315
-180157
-26632
-66674
22152
3173
49892
100721
42577
44640
-46216
61835
-34757
18484
-1532
135061
-105878
-15295
-41667
48186
144271
73265
87915
2008
-62970
-113388
26583
-33973
-158381
-41139
-56597
-77193
15411
16957
-45670
129741
-17991
98100
-52989
85146
-96077
-59164
25004
-7848
20784
-24243
38957
58047
63560
14386
57618
-36254
-34601
-152843
-1671
83475
108257
49679
-46809
22669
58861
-50633
48442
201145
50303
-101364
-69762
-29537
27860
-208904
-71962
74464
-81816
3745
37704
51947
164462
168443
18796
-82188
-125971
14435
-100758
-109292
-32525
-101370
78514
33598
-65429
155736
-106743
-1805
98338
-81896
-28534
-142333
127755
23235
-34575
36636
134261
71003
66529
162999
-67871
-37987
-87287
-28428
-524
35306
-83348
-12371
78245
-85342
157865
94414
-52718
17924
-14613
297
87315
-22844
11016
-68271
34753
-142855
77162
133477
74626
-2193
30524
82296
-86184
-91227
-29667
-15064
15459
-130051
153723
-49311
97018
-12658
67198
49996
-12431
-85359
-87685
-71922
-7295
-66827
19879
-23001
48960
-990
87226
165859
4297
181730
-98432
-77330
119403
-1616
38937
-67512
-75143
-113935
24193
-60998
-131
-20079
41663
42717
62703
-24273
-188302
19823
46316
-165245
-4254
-50391
114437
58827
-93286
43788
-49208
139564
-11692
37196
-94072
-151002
-150064
-29992
81151
-4594
-78432
160422
148055
-7887
36856
62494
-38562
-4754
-70208
-31878
11111
83237
165168
50761
-28760
-43731
-12446
78594
138566
68284
-54892
-66199
14925
30513
50928
39446
144205
60764
57877
11357
-72414
-32003
-97021
36290
-62566
-140380
-19333
-144755
114027
117059
127604
58681
47464
67997
30458
-49054
90039
-36600
-106173
53113
26280
-92128
-72007
1067
48760
75527
33851
183015
-26723
-59667
-58318
-113892
56409
64409
-82226
-81891
65669
-22643
-12471
158269
75971
-109967
-255418
2185
-30839
-67424
90323
11215
155905
-16808
-18159
-24711
208974
32957
-61427
-97546
-33039
-87714
-58441
-46501
76479
24339
-19973
115338
31675
182020
-46654
56184
-156030
49249
10029
-55587
147675
-40664
-43937
19650
57874
21884
233479
84074
-178
84062
-63696
-140795
26975
-75427
49578
-21019
98084
7196
31891
-7253
25863
-65476
95170
-28500
2315
-164343
-74272
-60740
134292
-119432
163
142204
-1043
7823
39527
33597
30382
-72917
-72908
-120579
-140653
-115151
114646
39530
302861
35226
40536
3537
-42452
17342
-52588
-36017
-123834
-84824
-144737
-89166
43024
-2067
-43332
133651
71124
2870
20776
-90969
-116993
76900
-26444
-169501
-10737
58980
347
-45472
102114
-20261
-73396
94621
-2721
57688
-93516
57637
-73285
-163935
91071
125845
-19687
248
186789
157346
-6566
-16508
86585
-83444
22162
-113708
-227124
45664
53080
136575
189591
8525
82770
-41554
22647
89958
-34731
-27574
31299
7428
-15703
-9362
-96189
5508
158826
88729
-2150
135450
-50811
45292
17382
-4762
-67107
-14275
18913
100227
36640
55183
195300
-60570
-77557
102232
-53406
-81240
-101343
-134334
-61461
-67870
48777
37694
-30661
76993
168263
-37625
-39851
9070
-95903
98121
-67485
-40173
-15970
-142330
125977
62476
90865
-25827
-73122
98563
63171
-68221
-85685
-53995
55586
-243460
58168
31364
150400
113822
116010
172409
59505
76502
26324
-41347
-38758
13049
-66494
-70989
132208
-97951
19458
-53859
106162
61333
-52722
79732
-118298
-85175
42574
-48680
-68074
-37476
18063
50033
160444
-1235
36961
157858
-17733
-126036
109130
-72443
-105342
-138902
-86537
-120925
-68986
99451
-7843
76024
-26808
-39635
-5094
-51602
-21897
-30407
-37639
5823
68447
29096
162845
97694
21062
-10662
26631
67481
-55349
-142346
118267
14489
113562
-27093
54311
-85362
140691
-66820
56398
14887
-7025
72200
46634
-3832
57851
-117885
-48029
52446
191249
34525
72524
-26917
-8347
86114
-28781
-14854
-102768
-157623
33310
-176188
15306
2456
135436
13246
-35742
123170
38014
-95446
-19385
-84089
-52207
-79848
-40967
-97835
173382
137456
73068
66269
44188
106195
-123686
-49649
-127698
-73768
21373
6874
-126873
-119368
68745
107666
89276
123128
-14522
-67205
107546
-183383
122946
-98314
-29080
-151927
15933
127129
39099
157646
16118
26141
-13194
79177
15094
-87812
6084
-65831
59173
21817
-45930
156670
11487
38021
36589
124837
-60787
4857
-11727
155100
131600
-128979
-3118
-72180
-91128
188316
17261
49115
129226
-34124
159666
-11353
-153669
-4542
-36230
-100565
-81582
-13891
-1009
22519
5869
18642
-120149
105189
19239
-52923
-74694
-52210
-65886
-133001
19
37845
98490
26266
-48980
166289
34734
-2973
-55988
-2592
15409
-4874
-51790
97860
103179
-39059
79258
-49090
35803
57470
-91187
-10169
-108440
-161698
-82770
-120346
22914
50382
179631
129686
47226
-21123
-3256
120750
-103026
18895
66269
-162170
-51985
66333
30681
-37593
215968
32970
43011
11211
-51158
-194863
-216614
94391
-4537
-94329
-24268
83450
72707
31690
78791
115129
-5045
788
48945
51858
94426
22419
50531
-62916
24730
72478
133840
103798
1632
8245
60124
-45353
-122153
-23525
5351
126339
-62886
-110405
-21670
107210
172286
-44041
38330
22792
-116538
-73344
-68912
-31397
29503
-71240
148757
79278
-2260
38409
18805
83870
-112457
-28471
-17177
53356
30658
-114426
-19185
-89777
-57234
542
14645
114013
107903
35474
31060
-46385
-26328
-146591
-34052
-23379
20462
21121
4090
-13132
123854
-140942
66260
-106250
-22909
-99588
-90363
-68536
-110357
-101270
55812
-50091
62616
103024
13068
161436
78119
-35406
-201961
50183
-86466
99863
-29047
-55790
-2550
-100976
53397
40393
55528
106510
75712
40019
-11515
-67694
-9358
2087
68766
-68793
-22431
190905
93241
20463
54777
-55904
43742
17735
-208035
103041
-137255
-72091
-104499
76098
114796
-18087
-38465
35153
43566
90726
4899
57114
-17833
-101559
-45959
-57437
43034
-122391
40725
16250
75783
-50523
21925
128233
-111585
-72767
-149311
-145715
88975
-88160
112990
26280
-144863
67786
-138434
162872
53614
-35197
-6288
38302
-100031
-199797
-50837
49459
218864
-5091
170435
94040
-3293
104270
42919
52841
-41066
-3912
64094
-156441
222775
-72167
-2419
-3932
53961
-117837
116369
141798
-48941
14929
-124133
-99413
-2763
39029
-6218
208110
12044
78544
27636
137342
17368
-56639
-21465
-3808
-47128
-66712
-170946
22302
-70413
12794
-14556
86670
111694
80927
29628
-13745
-149663
-98546
-100820
145009
50960
-96527
136510
150014
83474
26572
77956
40842
-95032
-144893
2338
-71233
2576
23657
90602
32286
141690
-67017
-133380
50301
41856
44403
-254361
3805
-111816
106732
116745
-49639
84692
97306
27491
202220
-19628
75491
-94541
63618
43309
-122702
-26325
4328
33727
3471
141413
141797
112581
68287
16338
51821
-135312
-89511
56841
-100842
7381
-19289
66279
-12119
77723
-22690
31577
134614
66431
-106924
-70646
-247499
-169067
-44260
-150437
79316
101545
42220
236598
-14464
-51602
-61397
-92571
137060
123573
-141089
-8529
-54362
44135
128089
187507
84844
36951
49604
-54645
180277
105189
32834
712
-150493
3468
-26432
53060
-103651
-11976
101772
-77371
-24899
21235
-35274
-61313
-49893
-128567
47144
9935
23207
51329
50639
41290
82720
31635
53106
-85767
20865
-109305
-57629
74835
-142157
86354
28957
-44908
63459
162150
48259
63464
167044
-68994
-82043
-97271
-15583
34089
-3707
48993
-139430
-56879
60558
157106
121491
-57219
-11220
-76100
82120
51413
-27199
11244
-15554
172118
6769
31869
-21529
-53511
13492
-56904
94499
-44973
-51056
-139200
132697
118687
65876
71982
129760
14922
183982
-57233
149541
-222167
16297
-51135
14093
-36892
-133682
18413
-47724
-17302
-11075
107689
2824
-75781
-2622
-194785
-8723
106425
-73403
-43382
71570
77572
-57929
43390
71455
40497
-1764
58069
44943
-143392
26146
-121159
-47792
92031
-106770
-865
10766
139553
78808
-162348
18359
-36400
-57979
-38603
-89
47933
-204965
66076
-73952
-48059
47183
93718
-170538
81385
95832
-86630
40760
66030
-85
-167690
-9922
87194
67908
25759
26436
43058
46236
34595
-43383
-153421
14984
-53370
-87943
83646
-169435
-39218
-38256
-40313
-3866
-11521
33676
-17903
-78964
-9218
-189932
-51286
-134348
-3694
9689
-17555
-3108
181016
98657
83129
34901
-92139
-6946
-72465
22480
-96558
-12427
10288
47393
-82791
10093
26118
-54375
-73195
-34268
51244
-95715
97893
-60387
47801
12718
59945
57552
17327
127389
155925
46889
-67401
-20008
-148919
-59813
-49757
22049
111049
-38236
-58564
72205
-27057
133396
-68253
-124098
-155770
23916
-147897
-162765
78095
14573
-24810
96998
141399
147140
75147
58637
19084
-84562
29653
-24995
46743
-167318
22929
-21521
86953
59981
85173
-57025
-98292
-47237
-93379
-241403
-91199
-163271
8975
25184
-2581
101276
-55030
6480
-11662
8726
-64697
4052
59290
10553
46185
39496
-66738
-22824
45500
-25098
105186
85458
-17827
58544
-44891
-133887
92809
-60786
-48441
6174
14102
166528
-27865
-72127
104261
-43594
1641
184532
8455
30110
-56349
29977
-32036
-78980
-25474
137130
-73070
-3792
-152331
-6784
-89400
83268
-50036
-55591
49317
-47349
112842
56605
-7323
69176
118385
37627
-93310
10652
-10739
-86904
23930
-12858
30049
-65088
-41029
12168
21763
-25861
34508
33929
99302
23198
-119111
-68583
-27748
46663
84258
22064
8503
118534
129947
97955
-18263
155964
-78651
10952
15402
4837
-8860
-51222
-18252
57127
4197
2026
43984
-43673
59363
104320
-40323
-83136
-27743
-16838
-21415
100949
44586
-13888
-2679
-34937
125165
-189531
13710
-49742
24086
-35621
-130034
86954
141075
-69276
32922
-30317
89896
8850
-150980
-29811
-117789
-123145
18236
16379
-60190
-42669
100697
-82256
-76510
3149
83751
163267
50543
-3765
-31887
-57715
-70274
-48076
-74643
-129032
158
23159
27315
-32999
29199
61549
-24373
200802
2443
24634
50346
-56084
-120151
-129644
-35998
29170
88659
28830
-82448
-55865
78335
117694
57970
-24183
-89214
-14986
59423
-64395
-81308
-13795
21842
-33276
-84363
-113201
103364
3081
-208496
-52449
-64078
-4533
9389
76129
47259
31492
-46269
-32956
-39908
128391
-19662
98921
-33308
146039
86884
-117994
-60956
-142582
62574
10047
25774
24870
-158334
112874
-101522
-30676
-20188
37974
63076
-12803
166575
-138949
54711
-40504
42590
-109619
66452
-27822
-59759
-80040
-60494
-63289
70757
-2345
2510
113294
159436
-74712
136876
-15327
-47125
-46649
-48195
-122745
-111676
3155
43619
-203341
71139
-38341
39642
53899
-121779
-87182
-10025
-98362
-53461
-19428
28772
-33234
33258
-23932
-64778
-40206
-16044
20567
-37260
28415
-69090
-35916
-26455
-63629
131397
-60315
29575
-64268
19871
-2984
28895
63440
-22773
9594
-4290
-18566
-95452
49031
-6285
-64573
69315
-12443
173537
195273
50883
-56814
-26299
-57732
-78706
26137
24904
103558
-65433
189131
55453
131942
-25409
24785
33129
164911
55841
144623
-64614
-25550
-122181
25390
-3161
33079
72419
47874
-49442
12527
-165969
-65553
-72263
-64418
86722
-94171
23583
32030
-42768
3804
68326
124471
25854
21398
-56278
-33718
-93336
-65680
-111810
-45959
-5914
40039
97822
15243
93043
29228
-35102
1195
13841
-88815
2206
122606
65379
-176565
20921
-12040
22463
-56460
45344
39345
-14734
-86842
14533
-105404
-10904
-173021
-234879
-114587
141832
109782
60656
77665
166572
-15131
-28104
-89334
-153080
-65388
-12486
-82196
9877
-46782
13286
104275
58583
-26591
27792
-31092
10997
987
23384
-50567
-12981
-165073
86361
27889
92837
34786
37885
-37982
93219
31836
77604
19396
-35876
86192
-82139
6439
50472
-75930
64654
-176057
57570
43093
13596
36708
-81020
-41738
-53794
27197
-50860
162108
-11269
-375
-111654
-99004
-2132
-45274
-150962
10579
-53029
-21295
-56283
166494
11283
-25538
139119
110885
-84287
43028
-143578
29127
-140661
-75402
25689
-48937
90111
-40711
67467
57066
53029
58831
-16933
48747
-24158
-156839
-10662
-20354
-13851
-2001
-159432
24376
-29544
1870
-5157
86792
-16989
-65314
48679
202742
52521
24731
-120254
-21277
-3781
-29250
31307
-68145
-153700
66693
-38488
128336
-49340
-80404
-19163
-48039
-62586
-97252
242520
6135
171028
-50332
84423
-69340
-98694
-46821
-35816
49289
87006
142760
23185
102950
-25112
60462
148324
179270
-18619
-7242
41877
7369
28071
27157
-66933
-37057
-72148
-93665
88462
13412
67070
-124945
41857
21488
-79610
-41606
1598
-6257
30949
118334
88057
-137379
3475
115676
27471
-88173
-74283
-98474
4138
-3884
37207
-141051
-4386
-105439
58444
-977
-25346
111586
-61883
31123
30781
-76480
-99333
-95956
64302
-23015
110249
-47440
140259
49840
39679
-42795
-92384
18601
84271
-54817
47602
-56537
-1798
60977
170914
19834
48404
-29797
-101243
-68375
-30724
-3857
-53137
-9603
-68165
-41789
-64781
-44196
10482
113901
91915
190461
-3091
55440
-24166
-57322
-30949
-35519
-96337
12437
71187
-3084
182677
-87273
73497
-42175
64564
103634
19487
-35057
25547
-154307
-27124
10995
61348
-56922
11967
152062
17544
35081
-49005
-45393
-146222
2504
-77782
58943
88752
-29573
5744
61244
-39649
-10510
-64304
46684
-98815
-77458
-73296
196446
-38672
-126133
-67323
-54911
-31220
79919
81697
50553
13823
25728
25438
97037
-73948
60960
-19179
-150033
215854
-47432
123939
15122
-64429
-88043
33756
163691
-81793
-110892
-114720
52391
37097
8271
124276
130872
31449
-105808
58261
45539
-167034
-113136
65979
149631
-82412
-21546
163979
8474
33988
-4254
-15132
27304
-92399
59367
35734
-29313
115614
-12712
18068
91223
12163
50660
24188
-3963
-66190
60588
-30139
-15828
5052
-96951
-51624
20214
34828
-64172
-28948
28459
-56169
-77466
-112736
73017
-60740
96888
19937
-102082
-133183
-121924
1575
760
-105444
102607
-13101
123697
46954
17397
-234385
40381
-64683
-10291
193317
-34686
62480
104366
59540
16334
-123300
16032
-2860
58580
48554
-47203
14371
15994
55564
-45720
-12885
71630
50575
-20673
-81945
84965
95877
-54872
1026
-126986
42144
-67599
46046
-12436
-14654
-3809
-26146
54589
36447
-104555
-3946
-89308
-25194
-68394
2541
152391
90523
12396
-29476
63195
-45356
80273
91383
-6970
-69918
173968
84987
-356
54363
-56999
36477
31105
-1655
99391
10518
143766
-50386
12538
-143676
42107
-95065
-109
-105894
-12612
113819
16868
-195488
12577
15381
39671
-50420
17723
114892
-60102
-9518
-85377
94703
-31466
7113
121920
-19926
67656
-84069
-187822
-15805
28626
34352
-38871
67005
52598
140367
-29069
56552
19832
48018
14482
-10486
-33925
29991
-60384
-170864
-34920
69132
80660
1423
68213
-2331
-12306
-122704
28858
-59686
-84860
-15536
-9100
68445
26098
-64472
-41616
12624
104072
-22378
-30950
-74669
-39907
-34568
-43251
-125045
-13182
-164017
36296
10505
211874
17552
64876
33287
63018
-80328
-25626
-81752
71958
93230
33052
64584
-17501
-13457
213233
43529
44732
-46857
13297
-69555
-63899
-118267
23759
-135634
30428
-32711
35742
66536
67409
88600
-42862
20662
-26527
-83301
25704
-46908
-86850
-28717
-136646
40647
40152
34887
-60473
41667
-35021
2101
-12959
-99869
-59374
12933
-45207
-29348
27874
101215
-50163
45884
-5778
60804
7122
-15974
-55951
-5169
-88627
1465
71893
-809
78092
72463
-45834
81778
42235
-32229
-95854
14484
133345
21913
45429
120151
-175369
151183
62652
-85606
165243
-40429
28188
135121
-71507
-28230
-55111
36689
122580
12996
141885
155823
-85025
24394
-55432
44997
86084
5182
130244
-86690
-101806
96547
-123385
113266
138204
29698
23816
-60976
177084
62380
-19492
200
-87656
-20153
65826
70756
43915
86917
-40375
57993
957
-84093
90515
-119259
-17738
-99239
-85329
194090
86772
149490
97820
-61884
24995
37429
-21186
-32306
25212
-88237
-82595
14082
-163850
8555
-40637
-83753
-111889
27612
59613
75622
-118167
-17389
-58622
10503
-120194
20164
2610
92160
-18232
127728
91744
5929
45621
4902
82946
61705
-62286
1972
-144028
-50671
-88262
33239
-80632
76450
58051
40663
-49115
-68175
-82594
-184503
-20249
79554
27092
9740
-46638
39084
-117392
-48335
-93814
36598
118707
-59004
24804
193094
4377
-30246
-51608
-42569
4435
53537
-62857
-18336
52525
-103237
22252
-93221
-123795
91133
54139
-1068
22654
45643
-29508
85300
41750
29097
65015
-16285
54807
-53477
-38774
-2122
67076
19755
-6526
-56760
-11270
-33464
97041
-25421
64729
25594
-62084
49158
-91164
-37071
62908
-35890
537
167008
28810
-22343
129521
41013
91053
-99473
13435
34038
78286
-38464
4067
-64843
124949
100438
-102630
-82700
-131087
-33791
30503
10908
115477
-63655
-54955
-4501
-27505
47670
14751
-7509
52379
-59450
-30459
-106347
22541
-8562
64167
-14617
-124243
-18159
-23569
45838
-85736
75893
139836
-81564
23513
-94306
-15693
-7872
-6068
84417
-93281
35395
68014
-31874
-67952
11519
-64736
50481
121817
37168
54043
178943
-149078
74692
15541
187511
-33698
42049
23540
219041
161122
120090
-102869
-66298
-90429
41477
25304
186156
-4769
-44771
-30077
-31272
71446
187829
28822
-18897
-65161
6948
-14611
-39866
-2903
53180
-128537
107902
-18193
36915
-41068
63384
-13233
-76188
-75620
31356
45016
48850
-42387
34072
18060
-26528
75744
127148
45050
35477
-53014
-120626
19551
95235
-162434
12728
126010
39884
15585
87412
31995
90072
123657
12068
90639
-75350
25210
-26879
-42762
67020
-31407
-53705
11485
47981
70499
-49826
10912
-68951
1688
-17338
25390
-2744
-21681
156523
-40495
-146083
100460
-108098
-57593
86813
-65940
40579
-50503
-183380
33423
1000
31233
-72511
37384
62527
-98809
-69896
39695
-176521
22764
-103634
74029
68978
-110850
37879
147506
-138156
-30578
-158668
21465
159824
-80421
-171270
62198
28737
1686
-67313
52608
-83895
-35974
-18367
-264659
-147377
115115
93078
40800
-81526
29997
-84198
22609
39443
48366
125134
62346
-112579
-166079
91524
118342
122229
-63361
-15157
-30105
-137277
-80512
-38523
-17758
9501
181635
-21
9045
-160341
67511
-87754
79895
36050
-30636
-43759
43122
-61959
-17126
-78489
40891
40148
-17606
-11711
25868
-630
-63178
-48029
-2960
-16405
95372
67389
-42399
-7381
16873
-33365
135203
-54968
-13365
-74475
-6280
1957
63557
-61174
35825
-119672
133209
63305
-59985
2630
-83695
-3354
-85836
26843
-114288
-32781
102580
-37095
-64960
47092
80458
-10271
33584
39738
3320
-67938
-8291
38218
123354
42757
37584
25183
25250
45809
156628
-62995
40139
-79286
-90046
-119018
-37189
94092
71176
79845
84210
27401
13867
-24569
57052
1901
4470
-30954
30355
51608
-4632
43696
38092
55518
-3685
6344
8865
50693
18344
40764
67120
-16233
-95840
-16202
-28448
67012
-131599
133024
78319
-24753
20760
15150
114627
-63918
25667
-84119
116272
-21583
55396
144614
1298
43489
-40897
89820
3407
-70267
-10101
-44280
68039
8125
-200107
-11123
-34486
7076
-126057
-135482
108009
-116251
67924
-44207
-20398
295
-62973
-40555
