#SpinCore Technologies, Inc.
#SF in MHz
#SW in Hz

[HEADER]
@CLASS=	RADIOPROCESSOR
@FIRMWARE= 3087
@SPINAPI= 20130917_x86_64
@POINTS= 600
@SF= 0.000000
@SW= 30000.000000

[DATA]
32244
131755
-43175
-108617
23591
126532
-7151
-126670
22415
94264
11412
-135959
2941
73031
-29598
-104507
-737
179801
13701
-66310
-73463
110626
16866
-99995
-67319
48184
4846
-72478
-75902
95612
72111
-127038
-67026
127858
63817
-11232
-101578
102442
79377
-91144
-15544
126213
109306
-124774
-127080
21026
147173
-72998
-96240
51157
136435
-38292
-193201
26696
139591
-101220
-160792
-40050
131897
-44661
-93826
-48595
137773
58640
-141696
25556
137080
-55047
-89344
-58072
116221
75255
-172824
-58473
93788
37292
-137581
-79614
152751
51027
-84840
20039
189933
118673
-44361
-49636
61518
93421
-51966
-135013
65074
108478
-24070
-104508
103847
97578
-43286
-139620
51638
72701
-39521
-91528
1018
124355
20569
-120376
19052
132119
-38776
-191594
-32044
186813
-47554
-186931
18351
144104
-12528
-157664
-21220
141879
89447
-111630
-62169
138745
97336
-103753
-33011
111116
114911
-65774
-43928
126358
142073
-73873
-125332
131870
115426
-17610
-104155
142646
145154
-117878
-185896
126708
196695
-72610
-117871
23901
131036
10613
-221997
13278
159487
-10465
-234678
45282
186387
-705
-153141
-37781
185660
75719
-129221
-15947
38127
111776
-133782
-43419
110105
109702
-135637
-80896
143550
176345
-118206
-130889
101643
161261
-97477
-163809
133168
189595
-27895
-187053
49838
159309
-56058
-198375
83704
174775
-26854
-182345
56403
179428
-79466
-153189
97161
170343
8514
-255117
17925
236862
9292
-174412
-19741
130561
9693
-172174
-73259
160729
32717
-243779
-54136
165705
55353
-146035
-132191
197326
146953
-179330
-162634
143799
159755
-182737
-177540
130125
213445
-160200
-223566
91686
216010
-111629
-162344
116351
141946
-107765
-250828
62036
175986
-63530
-244723
28242
201374
-26475
-212994
-20003
231808
15081
-200694
12947
232586
22780
-275416
-85821
232880
91358
-210261
-103232
259460
85511
-214217
-129454
205334
76622
-257217
-141641
178342
145989
-143226
-118604
177337
279306
-167353
-223555
127911
146209
-253117
-189975
103833
208048
-45306
-230900
88590
229323
-82412
-258078
59469
297807
-37855
-282364
15427
288660
27764
-345846
16409
290197
81336
-271861
-37631
239465
24174
-285357
-82487
227443
179711
-194827
-83844
271162
138871
-287358
-187643
230087
217505
-244282
-191038
206788
255139
-219931
-252499
156719
280706
-196174
-256327
159822
283224
-118893
-295034
115442
276034
-196106
-299973
94495
349579
-67158
-375003
81892
309030
-81356
-301305
4063
397466
4383
-337225
970
367420
113008
-362727
-107173
278109
132722
-251157
-147218
316299
161214
-292244
-172682
287528
167041
-267201
-192519
318864
268436
-255561
-282075
226100
264857
-207685
-353251
211591
278368
-205295
-303465
166491
372065
-131597
-334743
32300
362885
-125171
-340879
48201
379243
-51392
-406792
-6655
384706
26120
-426513
-70203
347616
71699
-381233
-134620
354944
175406
-339075
-57077
315811
143319
-345901
-236042
291893
218024
-278349
-256008
320567
271567
-309861
-294594
296518
288443
-248236
-289630
241581
392848
-300938
-374554
210295
352665
-204520
-389941
186024
372958
-169483
-437917
96274
438998
-111311
-381120
24283
472559
17751
-431871
-61340
434977
57492
-435093
-53264
443184
88934
-428472
-16855
452392
146716
-371186
-165039
386612
207874
-422087
-225944
369001
278165
-371724
-326923
344919
334333
-367977
-336233
350349
372034
-237870
-349299
252925
376324
-234151
-367359
203356
419042
-143815
-510145
152525
483473
-72315
-402087
60446
552814
-59093
-471117
20077
554872
22789
-503551
-8651
489867
103016
-458830
-84809
509921
144245
-532182
-190849
468781
208264
-406358
-219301
434344
299425
-482004
-324460
421488
299922
-434973
-320655
386104
402019
-301407
-428307
383193
369616
-285816
-436609
261967
451668
-185304
-442877
226989
535405
-234989
-493837
190881
517597
-81386
-500905
44395
526609
18451
-477855
38297
544393
-17754
-489425
-13600
593795
105940
-504598
-168125
509999
175901
-526472
-230154
452282
251693
-494379
-259910
420313
275851
-416776
-384406
470328
369447
-371678
-436410
387820
419925
-305827
-447982
280476
448612
-264247
-499364
237296
521253
-208462
-522389
162262
541895
-207110
-617110
64787
568202
-49876
-569904
38375
568580
-1878
-548145
-71950
636327
90275
-535050
-102675
523012
151553
-578164
-197371
522347
212091
-522347
-302101
483327
353221
-449230
-283323
433518
398413
-455437
-333674
382087
470606
-372811
-448074
306922
473532
-379993
-532156
371894
476596
-322681
-502402
179771
560031
-169573
-591634
182375
551296
-78955
-578350
112995
567341
-61680
-528918
-22477
559702
9074
-556186
-55590
564703
156420
-544153
-129365
538480
152425
-534804
-234382
527547
237650
-527347
-236881
503208
331710
-381685
-396201
423798
341283
-373296
-390089
375204
443294
-315810
-470461
264550
467307
-317591
-441497
261165
467554
-223288
-480661
124525
607877
-90042
-462239
122261
517309
-74826
-504490
33310
517888
12474
-560987
-38558
493213
97126
-536458
-92736
524762
156724
-475841
-163214
487422
187344
-437104
-260051
403588
264326
-448826
-252127
453695
357097
-426693
-365947
409958
364624
-366551
-378303
279575
371499
-274125
-382678
264916
428736
-259654
-488791
258811
434104
-118345
-481458
143480
493239
-102312
-480219
95772
391834
-39037
-469437
48168
531975
-6687
-433792
-2053
489730
54249
-485433
-166869
432311
145750
-437414
-175904
429622
193788
-407818
-204200
354678
223053
-345800
-271676
381381
344507
-319087
-343483
340378
342124
-276764
-339103
254782
412115
-236904
-430245
215565
400637
-189915
-434114
134524
362687
-129810
-402576
100897
456505
-110002
-394334
89050
473969
-30820
-344766
-8908
393751
112652
-472384
-49303
406922
115102
-433678
-132943
388561
133564
-416655
-214542
379260
193050
-325394
-240805
325766
255456
-298597
-355482
262018
334858
-292165
-296653
314535
269701
-201601
-305505
213546
309018
-160325
-300245
170878
309643
-98627
-326247
91015
346646
-79932
-333836
45170
371991
-6267
-332764
15052
379832
-24194
-361454
-45449
334465
66795
-249849
-93387
327959
185209
-325394
-98057
318088
145044
-334133
-118818
314569
101189
-316751
-178622
262739
238763
-269568
-238220
202752
217495
-217263
-252602
192020
279491
-193759
-315299
167519
342730
-124296
-330428
137097
308242
-43651
-367217
42790
282917
15335
-366093
2434
311368
-31630
-280204
-50784
292256
15710
-370769
-52648
268252
37410
-285838
-102103
306988
128028
-234302
-71138
280316
147181
-255665
-132317
223993
158829
-243262
-218262
177540
171278
-154971
-246751
207312
263172
-160616
-262589
159563
207664
-145050
-293762
154264
261995
-119725
-251263
100996
271485
-37649
-305642
56383
304326
5578
-246526
15770
275309
-69141
-272634
-25530
257787
2597
-267427
-91335
215719
110875
-227962
-59439
215589
88112
-169643
-145627
125566
108492
-189344
-138590
164559
153607
-203520
-184656
131833
179137
-130217
-159415
117622
171624
-134986
-156679
115898
250419
-46388
-219907
85028
194211
-30272
-258525
60734
203360
-57619
-197823
3709
267355
-10819
-221667
6994
232587
45345
-260977
-70217
222660
78085
-195488
-89547
187104
48637
-196507
-129082
205744
75143
-136036
-94150
153390
67437
-115246
-136833
179574
160367
-170167
-84280
105916
193205
-107080
-145623
58744
151083
-70387
-146404
95161
205694
-120423
-123696
78031
194099
-26555
-192474
28904
229048
4369
-227864
23443
204043
34829
-81173
-46413
187612
-26770
-145147
-39349
125535
124870
-204259
-100726
162591
37971
-94459
-77511
136479
110497
-75625
-110948
99587
124934
-112888
-156772
108260
149955
-108811
-108427
57974
194460
-65478
-164562
84575
130837
32731
-168563
67097
211870
46385
-123900
21639
180222
7818
-157561
-22591
144685
42336
-224998
14697
172263
25059
-181283
-45853
161460
22044
-168144
-41514
145691
87402
-157185
-60085
147308
95271
-104475
-74737
83142
126318
-91239
-146923
83917
161736
-76601
-189532
53324
166167
-71171
-121949
56056
60544
-59621
-134287
71599
109007
-50016
-160337
-24199
164755
68705
-130469
-1530
195706
-13788
-168186
-43229
143432
72745
-136055
-32902
150114
45979
-104309
-56857
183036
60853
-108609
-3511
69406
127037
-145693
-71380
142231
74741
-71770
-115861
82188
113947
-129893
-82060
42022
84383
-65870
-92229
75808
130629
-40799
-112133
21903
148630
-21354
-129577
4558
153110
-18690
-97710
-9599
219965
72777
-170857
-26802
121451
19863
-125309
-46524
129974
-42836
-141094
-56312
128047
53291
-149432
-17458
177617
69606
-74499
-72420
129360
84898
-52658
-46906
106513
61397
-91789
-101733
90570
117582
-10272
-108947
34478
89654
-92015
-71746
49321
138740
-41871
-123232
19503
143912
-4203
-173769
-50437
57953
-29681
-180513
27698
161406
33505
-104073
-18701
83298
-28713
-72368
-13402
153466
22234
-78328
-68899
86819
50882
-101598
-36390
99520
138214
