#SpinCore Technologies, Inc.
#SF in MHz
#SW in Hz

[HEADER]
@CLASS=	RADIOPROCESSOR
@FIRMWARE= 3087
@SPINAPI= 20130917_x86_64
@POINTS= 600
@SF= 0.000000
@SW= 30000.000000

[DATA]
-10630
61131
-19403
-179473
102264
115638
-50477
-104559
4694
128205
27622
-149071
-10941
154894
-14323
-159758
-45663
186159
-14043
-104664
-52080
138033
86411
-192621
-25767
129256
-4526
-176782
-68544
43846
96463
-88188
-80069
98120
67007
-120267
-93907
76728
100813
-140906
-106828
161771
164078
-48335
-98939
94189
124480
-46475
-117873
61784
162046
-104283
-117847
7800
153830
650
-163343
14161
186369
-30283
-161652
-3021
130077
6718
-114649
8199
161249
54602
-134331
-7344
155985
65009
-140519
-14198
133713
41336
-141441
-58385
99832
14540
-166736
-38334
108816
73489
-139417
-120600
95363
186306
-84329
-111258
46466
129504
-52730
-107457
78510
187783
-116156
-137641
57215
129351
10900
-143033
74457
109168
-27154
-202995
-30469
140961
-44451
-103920
23592
142200
6725
-147911
-54631
185458
57316
-129651
-95990
122897
121036
-123645
-87316
201233
98768
-134526
-117137
206101
122474
-117790
-148749
72774
127383
-64795
-147064
88104
134410
-108875
-133825
97326
179249
-48730
-216389
103091
174011
-96058
-155258
65610
116440
-35915
-131344
26975
133940
-10428
-191365
30499
175121
31132
-239180
-22907
138888
61359
-204109
-123879
185959
21223
-143634
-106440
221954
110993
-83878
-106308
146077
105707
-109413
-147316
122055
146678
-108639
-138220
159354
177350
-80616
-133090
131138
123975
-61819
-141631
102548
222057
-106817
-159806
37676
105458
-33700
-239206
27851
231887
29496
-242914
57570
179478
68333
-190449
-42449
193124
112405
-202271
-44342
233222
46221
-291379
-64612
163329
98653
-220233
-118951
177905
137529
-169406
-96809
194184
185795
-193564
-208310
176605
284694
-152529
-248376
185523
293224
-163922
-171981
116807
190453
-40827
-266914
50076
225877
13339
-246397
81572
207701
-9062
-220987
-63219
280215
-4101
-257402
-39599
252675
34283
-264144
-84983
236387
67291
-248996
-99456
201992
134305
-264961
-179967
253061
157411
-253647
-221138
177106
158370
-163363
-134585
130032
250647
-179183
-206533
190112
265471
-121745
-180873
112907
238737
-135689
-226885
40116
297799
-85874
-244893
63527
323738
-624
-272316
23108
287487
27819
-347147
-28673
303635
59184
-283933
6828
261735
30064
-307921
-166199
306357
167114
-254026
-196857
257679
196967
-270113
-85707
260765
163002
-221397
-150620
230248
233345
-218015
-269303
236402
284495
-151150
-344311
177820
321783
-124937
-274330
129740
344816
-88719
-314798
147418
394000
-28464
-343010
37217
316093
-55048
-344049
-8284
365816
27513
-355993
-18717
394920
79428
-315737
-53946
363662
108319
-385889
-166951
341939
137178
-305871
-193792
274057
210630
-258420
-184562
303757
252649
-196843
-293977
241696
333745
-289095
-318639
199176
325218
-251181
-349683
173930
383501
-122054
-340760
103798
338358
-73691
-421020
17019
409326
-61790
-445028
-25758
461203
29355
-437219
-36375
397653
124850
-412077
-186156
450065
163629
-410670
-116562
407819
209904
-379292
-235235
371162
252146
-407318
-288298
389823
373982
-340764
-287968
298078
396752
-232645
-383738
268288
371996
-248171
-416956
241812
423578
-152402
-360846
167460
426416
-130120
-466376
109450
498655
-80782
-469710
69727
475506
3126
-552259
10679
470628
23716
-469947
-65913
482362
98774
-494442
-91041
531367
185051
-441485
-225574
459395
236498
-445908
-271312
404849
333464
-433190
-322998
335765
334572
-334265
-389485
410362
388451
-309520
-406662
275823
490903
-261762
-403767
231373
470900
-205829
-491645
158171
537040
-168731
-545147
93836
557109
-84964
-532411
-41939
574840
-20887
-553789
-53338
582731
76451
-546399
-169446
556950
165709
-483519
-215694
557072
243006
-527543
-288874
544544
335452
-497511
-362009
474430
352419
-464095
-435777
455093
419006
-360979
-469873
324045
486304
-398024
-495767
275359
527872
-279886
-529998
283987
553153
-213035
-618048
148371
592939
-119837
-612356
60272
651827
-71285
-606638
51654
642958
9322
-592633
-52270
635413
145912
-583083
-116789
544256
142582
-588009
-247867
626663
318958
-565615
-352320
511248
368898
-443294
-402993
514029
387740
-419813
-462908
424205
442119
-405800
-482596
386005
542928
-306551
-541425
302950
582391
-261932
-587615
241405
644029
-142996
-680679
166099
650970
-96927
-572163
49508
661611
-46268
-655765
-9891
708238
68982
-640131
-150539
622298
220735
-656013
-199636
585442
305101
-654485
-317796
603835
348525
-474091
-384162
555473
401498
-470314
-497910
466253
484105
-457932
-553973
395988
582811
-379005
-572028
341109
570740
-285638
-590872
251461
637238
-217190
-670761
205520
687183
-192529
-600655
69586
623522
-105808
-673120
-1288
637378
1720
-631199
-36843
589289
90333
-650171
-137225
597422
146380
-626058
-271060
587157
228046
-610993
-330720
499935
316418
-569810
-353059
493716
395070
-484002
-351661
457554
456738
-405540
-488566
386687
560434
-363537
-575027
258834
556214
-253939
-553656
200550
627121
-190211
-590613
79072
591910
-72972
-628477
11455
566942
37622
-625493
-70970
563392
103701
-575828
-130877
589102
140173
-622624
-204124
585546
245305
-506333
-268758
501119
272777
-508385
-318695
477629
365729
-456546
-361955
395606
392401
-426214
-436564
361130
466370
-343075
-479081
248278
457183
-259777
-537682
229021
539211
-281673
-460316
118697
541291
-112806
-527672
57356
552066
-80813
-508666
77588
580173
-36895
-525651
-89950
522439
109639
-524327
-133206
468878
127689
-506832
-152171
501997
190640
-439027
-255891
489094
257377
-467680
-295918
456349
289069
-365000
-363547
287656
426975
-302099
-367250
295127
438811
-251534
-411409
237927
422967
-202826
-428920
117816
503668
-160325
-445173
94813
511615
-73681
-444883
34774
472031
-11558
-383743
-68170
432600
17608
-473779
-52401
450850
86425
-477405
-196970
453285
153268
-391305
-231228
375912
290436
-364637
-242724
405220
269662
-350944
-281449
295122
284552
-300618
-341235
354300
407611
-242662
-386554
223057
341190
-223470
-354052
198530
395687
-76638
-360856
117930
451306
-46399
-424361
43962
406954
-48830
-454297
-48887
415258
22119
-329307
5660
381087
28104
-380286
-93609
398969
64085
-322397
-115983
363582
153697
-356746
-151301
301937
231899
-300196
-174299
260312
268311
-263796
-259903
225714
215163
-252276
-271681
240696
326694
-188249
-356139
206376
299448
-115118
-311016
101758
327530
-179312
-315348
45440
290157
-70806
-400041
53066
364382
20080
-335525
-3371
351227
50982
-368842
-90506
232193
74000
-255739
-120085
295478
113980
-350567
-150411
305958
156779
-307510
-226332
249318
153763
-284312
-179793
259469
198986
-160318
-239446
247842
213444
-191910
-264415
160514
238998
-131247
-260236
91058
281943
-68416
-275496
91273
163167
-48344
-307660
5692
260538
-18431
-250371
-18866
272983
-31916
-345821
-7925
232091
44165
-330026
-85527
299844
70462
-266487
-54230
191445
56954
-211896
-128437
273687
126341
-276860
-142792
181132
169727
-204969
-113992
110553
222247
-149327
-244942
169408
198973
-126788
-145756
113560
218977
-52836
-184366
84832
258472
-21741
-240962
52945
228212
-46194
-261457
38936
192279
11039
-288432
-42759
166001
56775
-247473
-44219
220982
83319
-216131
-70481
224118
87095
-221256
-164556
273068
41349
-181940
-129078
184890
138306
-169370
-189592
132931
158975
-70724
-132095
176970
204940
-80305
-180490
67582
208890
-103405
-237459
95582
224850
-95425
-172730
79224
185786
-47875
-180438
59465
173665
-15960
-189632
-25611
151524
59367
-178595
-12348
168600
-6239
-184734
-24839
178647
62750
-224916
-51706
103208
12420
-192729
-94141
136638
117436
-207616
-92103
153736
108822
-131527
-148398
65124
174687
-86849
-189159
90714
157387
-158228
-183631
14520
160930
-103434
-165683
91205
128844
-32495
-115945
92832
183562
-10211
-194869
37071
182683
-9955
-134684
-23042
190890
72595
-188728
-17703
153021
51768
-195484
-99680
217433
132563
-147074
-114368
201037
58232
-162118
-46611
100804
137559
-137056
-169380
147320
134902
-43169
-75497
57619
172069
-59621
-121993
83254
197524
-56581
-139605
885
137947
-32309
-132422
-33832
51902
5298
-111444
-53523
175647
39414
-202121
-3293
133450
85201
-159586
-46951
169224
80607
-138404
-84233
155113
84559
-104643
-134070
127145
63424
-112256
-101916
99618
83265
-126716
519
113600
127579
-85494
-135484
100463
99277
-73156
-77783
40305
39990
-56279
-139957
-14694
144489
-61143
-162491
69722
124156
-22931
-167794
-48998
122653
31914
-147885
18435
92055
107430
-164074
-53841
140983
74536
-168520
-94836
99417
92762
-152615
-98941
131070
103840
-135872
-50744
99894
107479
-86102
-47612
82052
73178
-90117
-91535
111422
123841
-82079
-108168
65656
95856
-33916
-81682
33691
140899
-13642
-135781
19244
147142
44338
-129833
-6575
150197
4939
-117735
38237
156082
-19242
-115214
-37947
156878
44264
-125257
-828
118187
77156
-52889
-138745
113753
116537
-144572
-109714
97671
43040
