#SpinCore Technologies, Inc.
#SF in MHz
#SW in Hz

[HEADER]
@CLASS=	RADIOPROCESSOR
@FIRMWARE= 3087
@SPINAPI= 20130917_x86_64
@POINTS= 600
@SF= 0.000000
@SW= 30000.000000

[DATA]
151835
77431
-86723
-98244
79159
142630
-62859
-102982
73862
82504
-132511
-109836
51542
112400
-69329
-118138
91203
205902
-95304
-161083
44997
145529
3617
-140412
-9091
133346
-30220
-154521
-55933
147653
30358
-160898
40266
251824
-24168
-185415
-45523
148547
104412
-87804
-54833
170076
70431
-81468
-67380
157650
98357
-108905
-115763
112385
114460
-71652
-138618
110498
82164
-101994
-112761
145973
68802
-88159
-173672
8566
163028
-62776
-156596
16635
150913
20056
-150382
47998
146517
-4792
-187306
-36029
218701
17948
-120720
-9350
209980
-586
-178227
-53144
124753
25144
-159180
-74473
157432
77409
-92439
-70775
130968
81635
-129769
-92553
119164
129354
-141278
-136485
121601
163833
-34406
-196278
102448
139606
-72790
-182816
77601
150615
-26217
-212081
52569
172179
-17280
-106126
20003
234263
-9934
-246381
-1053
225563
-18128
-210839
-11050
170958
133823
-207145
-36427
211280
96801
-197261
-115956
129502
89342
-172826
-58954
202125
126425
-137021
-89230
133115
109104
-116466
-151363
74001
180333
-121069
-158258
147334
148539
-78486
-228245
63522
221545
-115552
-211443
99772
200660
-19478
-239824
22814
187332
-47826
-215837
29757
227920
70680
-220223
-57899
184612
68443
-201431
-71738
152976
101800
-182154
-121107
182054
123823
-171419
-96051
196449
109344
-204355
-211442
222918
183437
-209215
-197121
172920
173809
-126090
-224734
161723
233340
-145072
-143071
58456
208928
-118489
-253202
50210
260439
-66290
-266913
34420
258131
-35231
-247340
24269
264922
46521
-171409
-130249
304333
21848
-244627
-25768
266590
121934
-301265
-43844
217448
153490
-219493
-134600
220614
175479
-184299
-192927
207568
190676
-175763
-148402
207170
255963
-123707
-290197
163436
256317
-157685
-236854
155403
295318
-101366
-206605
80287
241548
-88803
-301871
9854
320030
-73042
-293297
-5015
293975
34941
-273575
51959
286039
45261
-288964
-130640
279662
162141
-330038
-129351
266958
140196
-287493
-144733
237967
231192
-279364
-133156
270624
255175
-231578
-322884
154363
264026
-137600
-213687
231499
243850
-187560
-319400
159125
359319
-143537
-319595
104334
384494
-45455
-386962
51899
342921
-12875
-377854
-25111
376079
6322
-315800
-49188
348604
71916
-371462
-122471
374894
101085
-323320
-194564
366748
198341
-333811
-236204
369986
273238
-287279
-253179
347819
239176
-346825
-275173
252516
358968
-254709
-358609
221918
284130
-173151
-362174
227527
400180
-153291
-356664
101442
435599
-89753
-397752
127478
408530
-64831
-420079
22626
482966
1247
-436741
-34876
447805
31280
-446542
-101722
429918
123654
-439746
-292601
448391
178460
-370707
-272848
410488
276000
-382714
-312664
350375
321223
-392210
-361552
347940
375024
-282749
-399925
297851
402851
-255393
-411086
223967
503104
-172975
-536054
207316
547291
-146458
-552998
55090
517369
-67682
-515935
11137
541499
22292
-568020
-72496
573872
114404
-523161
-133290
556710
209524
-571531
-200192
549274
250391
-542694
-360402
512428
319629
-495937
-332246
513608
409786
-509122
-441050
405636
452005
-373755
-516819
407569
503988
-353188
-544284
333272
545807
-294918
-621765
255402
657849
-225496
-664411
146022
687997
-96144
-734759
3271
669715
-12360
-712106
-28402
741096
75716
-685382
-176270
704130
203590
-670392
-252426
740624
331362
-650875
-371141
615534
430672
-596812
-455155
597543
500929
-538477
-528651
573155
600262
-512511
-630127
500084
683592
-408770
-706375
429636
766666
-301748
-806158
242747
839968
-276749
-861313
202065
845148
-116348
-838146
33429
938883
12677
-960256
-45251
951917
138289
-948404
-210969
974876
277609
-945795
-328821
937447
437198
-919859
-479651
919933
653339
-953385
-668389
925331
685544
-727583
-804088
769420
859170
-720942
-947462
737999
983074
-630305
-953595
575682
1065671
-518900
-1102609
444422
1174416
-324153
-1206213
281918
1219674
-211034
-1289911
52053
1322364
37799
-1322906
-86150
1328167
163104
-1320050
-302359
1383393
375966
-1252540
-455833
1357430
553855
-1323041
-640100
1262899
771037
-1228245
-846324
1202869
980570
-1129359
-982301
1037231
1126205
-1039882
-1188176
1001320
1285717
-881997
-1385051
899308
1396994
-717005
-1537186
622763
1545429
-472973
-1582710
464068
1654332
-311428
-1691095
214501
1773761
-56279
-1812732
-14591
1839430
140851
-1829837
-200166
1776862
396205
-1758715
-476545
1767898
592275
-1732174
-737864
1744221
820357
-1668338
-996953
1645700
1062173
-1496769
-1174529
1490350
1261671
-1396538
-1359440
1402829
1425364
-1249619
-1493888
1226074
1544951
-1082753
-1635279
1003992
1660185
-890363
-1747178
773080
1789103
-684384
-1770877
574164
1769879
-445389
-1810936
271255
1753562
-237623
-1847089
138414
1737876
119902
-1802310
-146702
1791072
260740
-1654117
-306900
1676176
483862
-1562042
-562015
1493686
685961
-1441759
-740310
1358993
787414
-1287643
-848708
1268232
942252
-1157824
-1043757
1085611
1095653
-1032879
-1119085
849354
1152561
-827142
-1235898
696932
1233531
-584926
-1220127
539088
1301827
-401800
-1266346
295667
1340074
-250700
-1378510
108526
1264071
-32882
-1328620
-89754
1214150
166632
-1297913
-181401
1266374
293601
-1195919
-382333
1121763
441242
-1108332
-575592
1015332
684744
-1003371
-624044
962273
649627
-858626
-726053
821841
751770
-766871
-793890
657792
872045
-604319
-899839
546606
916492
-481234
-960343
381928
928224
-367576
-930253
269358
895484
-159078
-915710
88241
949538
-28398
-875297
-61422
885932
110028
-913310
-166512
841500
198752
-919793
-258870
780862
297914
-750344
-343254
810162
388075
-685112
-464482
641919
451850
-674743
-478969
534322
559046
-548136
-607773
520577
644569
-342516
-612558
336497
693971
-406070
-745122
267651
713433
-197729
-719273
174692
688074
-178452
-710277
93397
713517
-35461
-732908
23474
739699
58533
-718090
-82417
668522
169594
-663846
-209009
678418
254769
-638942
-275558
551085
325618
-545682
-318237
518352
450704
-438372
-387678
450330
388865
-446466
-426636
372413
492113
-396405
-516171
308021
482603
-278733
-560141
272753
554753
-277010
-505266
191725
552020
-149120
-566819
57078
490717
9689
-602595
-5745
568778
58438
-519950
-57393
520678
73627
-541325
-122265
515228
184842
-454523
-149916
444280
275553
-462299
-257674
462901
299651
-383826
-352722
365877
369278
-391895
-344972
328104
346767
-325077
-394449
263919
477317
-183022
-397265
209736
391466
-125699
-458138
169018
509522
-136960
-407459
95975
504248
-93276
-428858
-20740
454130
47653
-401779
-23633
407211
50986
-436258
-102437
409210
229335
-468926
-175211
402138
205116
-408358
-179596
401255
270313
-357377
-242980
281886
282808
-287759
-279966
267535
333756
-251922
-308448
253209
296429
-228976
-324527
172661
402239
-184574
-351844
124770
362464
-118480
-364533
102962
343667
-62524
-370043
-2114
410747
85872
-415459
-6205
381016
-29490
-349451
-112594
298770
61248
-357459
-160966
363262
144464
-279308
-216348
295359
214670
-266804
-147231
247138
208539
-221735
-235569
277130
307593
-238495
-331638
195503
284487
-53217
-264227
96929
320036
-114228
-287614
174311
309187
-69719
-279464
24162
202151
41605
-308855
-88901
348752
29121
-300981
-48502
265736
70533
-337114
-72468
333999
91124
-254427
-170654
283521
125233
-311212
-128304
287708
205726
-195447
-135092
262509
190191
-221499
-219568
206596
245838
-157923
-257371
187753
245370
-158140
-196317
142209
248442
-75608
-209776
105287
314984
-41901
-273375
48905
271290
-55113
-302836
44152
290518
-1604
-259709
-7263
286554
83866
-198626
-16890
254824
156244
-218315
-82380
221391
136647
-213538
-85945
193506
93074
-180733
-133403
123734
171499
-153059
-165434
124221
206708
-85336
-185121
137812
214766
-80158
-249946
130423
176039
-89951
-202766
125875
219332
-68855
-174603
31507
243861
-24938
-254049
-20403
258259
-6184
-205898
-75592
204266
95752
-175958
-34345
210047
105638
-154582
-161405
169479
76725
-250323
-141636
166833
142073
-152303
-142648
136977
151965
-139906
-189938
145321
213232
-108901
-120257
144022
195716
-109162
-132147
101971
130537
-124867
-177405
57744
200404
-89534
-175489
43366
157353
7355
-190856
31119
145223
16163
-200176
38310
79706
-15179
-231584
-19876
170801
20770
-274533
-96104
216379
66839
-153557
-121563
168870
116768
-153250
-181205
153398
126742
-143066
-64685
134701
161052
-73289
-159481
62126
99495
-118401
-149709
90925
187239
-86594
-154887
35505
166571
-83034
-193360
82187
122421
-14237
-156892
69731
171182
-49881
-208719
-44682
141569
31663
-120472
-19295
178086
72264
-166911
-91129
151228
54049
-120198
-145057
157938
92628
-146937
-69299
137919
27378
-113899
-165053
154766
58966
-130086
-114738
141487
127388
-88459
-92479
73001
176517
-50818
-94281
108933
144300
-48043
-195982
57082
172437
-17339
-122067
67650
134114
-32013
-155981
-34111
106947
-53220
-159078
-8945
160348
19641
-96470
-75106
210773
82284
-91346
-64639
164464
78164
-145429
-45298
90520
50980
-73402
-74357
70319
90123
-126308
-114145
89208
80970
-91457
-103183
93536
68828
