#SpinCore Technologies, Inc.
#SF in MHz
#SW in Hz

[HEADER]
@CLASS=	RADIOPROCESSOR
@FIRMWARE= 3087
@SPINAPI= 20130917_x86_64
@POINTS= 600
@SF= 0.000000
@SW= 30000.000000

[DATA]
79705
153004
-51036
-99195
138836
139488
-38793
-139741
110672
108659
-95373
-108086
64011
157708
-38992
-113379
9480
158407
55714
-110793
-21820
107526
8363
-106748
-48509
142987
-44152
-111274
-52545
193687
100292
-189379
-59974
206589
19531
-119323
-84144
84375
102564
-60297
-90359
82843
87638
-77866
-135443
91941
108653
-91020
-113857
97417
167334
-80944
-166753
84231
158786
-114266
-147449
13725
197428
-18603
-166916
59592
96659
-32997
-146320
-16337
188508
22334
-143712
4744
157897
15195
-159398
-81831
180103
15095
-138669
-79827
188505
102142
-195066
-59797
164174
134387
-140786
-108967
49442
62395
-127800
-155412
123233
157874
-63719
-127136
93734
122057
-145759
-140697
75089
143286
-82957
-174334
67562
214882
-74694
-114385
83577
211876
-27057
-198811
33686
172915
-50042
-179460
-31703
225417
56723
-262246
-23912
152657
11634
-115789
-98619
252173
35178
-200748
-62708
209972
80244
-165028
-150783
101537
103654
-219847
-129349
107382
161524
-121012
-144272
108329
150919
-116771
-109054
128227
166282
-128738
-208176
80042
233149
-117505
-158204
94017
148796
-38542
-198654
8
218017
7007
-217915
10403
152497
-20866
-210183
-12492
204977
38687
-210516
-24152
214724
131151
-174930
-24762
142846
88282
-172696
-106201
191992
145792
-223386
-152269
154464
185052
-114407
-152674
167660
172212
-177373
-169219
191259
211666
-113665
-234137
57482
209630
-161723
-229172
18081
163757
-104306
-227079
22732
242070
-36803
-259514
48166
250054
21098
-163667
-28694
250985
32791
-284153
-128030
165348
68667
-246481
-131454
186454
126488
-257884
-177650
220912
147716
-178219
-149531
185907
241774
-209833
-193182
146822
187493
-147992
-209650
136224
213138
-168973
-203615
108908
238404
-129837
-296148
100528
236781
-89716
-244027
73180
247986
-39503
-212709
-8630
264419
24081
-336014
30242
291195
31586
-295857
-33280
299282
56756
-297580
-123750
296496
119735
-227625
-135266
289313
151033
-312471
-202754
226567
197984
-165512
-248928
221279
168495
-208188
-284463
213474
264536
-125030
-260960
147228
243723
-160118
-358561
140380
318593
-42431
-301700
131322
345342
-39385
-324855
6587
332776
-4564
-347147
-40590
408691
42367
-338230
-101379
334680
92718
-312964
-94219
287239
132080
-306374
-139517
322815
232355
-342727
-230313
364885
311876
-344949
-214495
223691
311206
-253057
-312493
257424
334926
-198892
-334946
135998
380581
-129185
-359537
98612
359896
-63996
-344472
64471
485249
-86236
-399979
19294
402571
44877
-394313
-48296
481535
36909
-440749
-49514
373902
140599
-400350
-93802
502882
179581
-372780
-178636
353420
175731
-317382
-234845
330019
295791
-363979
-308825
374937
317145
-337385
-300501
273286
362009
-289812
-381970
253745
415134
-190637
-466718
132903
459060
-142318
-424762
134403
496444
-115639
-505685
-1871
496284
-33543
-533378
-24185
492356
90813
-497747
-102425
519300
158954
-551917
-173355
554657
222545
-574744
-284390
534920
290586
-483471
-322959
450556
375550
-478744
-365250
409415
437709
-423843
-487984
376044
500902
-352367
-438904
284835
505243
-227877
-616893
252401
600317
-252197
-558688
258627
592780
-120131
-609815
33003
654151
-67578
-632669
-19764
640966
-24475
-703600
-67947
687140
174479
-634620
-127581
594274
204969
-640286
-280214
573242
282755
-574283
-353557
616445
392990
-575206
-404587
562872
469646
-504094
-458486
499096
586505
-482566
-578421
370108
624496
-357616
-621348
331726
643675
-209801
-713151
226012
729984
-160651
-779980
112682
769720
-137682
-779780
18814
806593
47631
-800907
-121987
812315
116133
-831453
-171845
810545
251383
-798481
-321519
785728
438739
-775120
-425412
722983
477366
-716818
-588339
700915
565536
-676890
-644403
640493
670875
-635137
-709397
524032
778854
-508597
-778530
547027
895599
-425674
-883251
404249
889040
-313236
-912289
286893
969156
-194566
-1030399
125475
1024223
-49469
-1069802
-31644
1007502
26168
-1048612
-188763
1021293
212333
-1002568
-225175
1013220
378646
-998414
-429198
904652
535372
-915571
-590103
893540
577955
-833302
-791241
818543
752477
-791620
-823460
764593
887333
-678797
-944363
585171
953828
-556686
-995109
458099
1045079
-354436
-1091539
277817
1135927
-199375
-1177003
171289
1145910
-32771
-1194456
37092
1195625
48262
-1166562
-157716
1214175
162041
-1216673
-327521
1145214
350526
-1134579
-420910
1244228
502435
-1070714
-576980
1039588
593180
-1007852
-640045
1002648
782739
-906575
-857082
873507
883712
-831898
-971966
759023
946218
-724568
-1018622
634034
1056505
-533181
-1143660
449566
1059987
-437936
-1070147
334339
1169055
-313448
-1169839
171488
1206953
-103190
-1228951
23914
1158597
19006
-1182589
-95895
1106869
182610
-1142774
-219249
1077212
345341
-1083263
-415573
1021129
485316
-968078
-557804
987274
555792
-928875
-638689
842065
679942
-796905
-708894
742334
808424
-700686
-895055
631032
834007
-483843
-872543
483362
924985
-421784
-974839
359526
944592
-307776
-1008040
209309
1001223
-148660
-997609
134034
991498
-53326
-978891
-17668
1067577
104315
-968013
-116704
942424
263269
-945154
-268480
913264
349436
-843583
-333812
801632
546755
-818934
-461820
788664
520845
-734921
-639878
653867
646428
-585315
-670915
633755
690659
-484769
-757850
469386
759079
-459563
-814832
311346
758691
-299518
-762769
227322
759448
-183210
-826355
174265
821626
-31088
-831996
-5938
818728
11191
-762873
-61675
701990
130575
-798022
-169181
706138
193611
-717474
-288022
714779
292143
-681493
-380748
571592
370132
-547449
-404460
542840
402489
-532896
-500863
456613
533975
-453930
-453352
389773
519909
-328690
-644616
277426
574347
-250755
-595428
296966
596136
-135462
-653353
133999
665683
-63277
-693411
17769
663122
-33
-698350
-34723
638549
42149
-609537
-143182
616123
188180
-568840
-219988
566300
255097
-508781
-267685
509229
380803
-440159
-302096
486737
348403
-414804
-385336
422297
442157
-357408
-479407
342072
483360
-311732
-502484
301656
489301
-266429
-522929
194783
532903
-97592
-514924
124768
494027
-82337
-472350
40815
550401
-35694
-487257
8088
546351
49265
-470905
-100073
489295
135097
-427277
-164587
474528
224412
-464314
-203060
447980
273551
-373634
-222913
376676
258334
-352912
-270622
356253
308399
-292760
-365852
322577
344908
-249667
-380785
292071
410971
-209522
-398496
149572
372789
-127734
-411052
51647
426882
-48746
-448232
33526
445629
-44962
-392066
-234
423114
25771
-401720
-43997
348991
115066
-393918
-84395
421453
149706
-358491
-145165
312902
185916
-347650
-202634
327307
231319
-261964
-240282
259053
284539
-250609
-322250
220386
274215
-219327
-334813
226868
271819
-173908
-269198
160877
301265
-15650
-290440
124974
293467
-46728
-302182
135538
343876
-25928
-381999
9207
346516
-14488
-323448
-14408
291027
110593
-321093
-72759
335722
152256
-312903
-177961
293138
116423
-272889
-170247
251281
147882
-305757
-166540
212862
197837
-247616
-212164
179491
227605
-230825
-195352
191081
272691
-152540
-244080
139102
227488
-155472
-237419
100280
316896
-49015
-278161
55245
291868
-8310
-274932
12462
287515
11901
-338815
-53129
261180
75177
-246231
1953
259549
119573
-256439
-89758
274549
182552
-266237
-203601
259557
85785
-245631
-133432
156565
152062
-225235
-196323
161894
158676
-163804
-203686
88641
193884
-122553
-233057
89927
252484
-39536
-250034
76765
210577
-27752
-234956
62559
239772
-16874
-261801
-16014
180198
21751
-225170
6438
153675
54979
-246157
-80151
191262
96104
-207285
-71571
177181
70158
-139965
-64326
244297
62552
-135672
-60175
163344
149434
-189165
-154712
167896
152196
-117849
-158303
65126
214715
-108036
-238623
93874
189644
-69519
-175382
114966
232831
-127246
-226196
64746
219859
-25789
-203622
-35913
175406
-25526
-212043
64085
185677
31243
-168835
-70407
188915
36358
-205735
-101948
145196
35760
-177292
-66458
109871
49168
-242735
-100274
166548
70836
-186473
-126431
106314
189166
-159386
-201758
138594
170225
-117670
-190175
127130
194960
-153321
-173265
75980
216981
-89878
-176668
57368
197842
-34412
-259894
-13612
174783
55054
-153212
-9003
134317
71377
-159710
-63977
162152
30425
-212357
-53529
205280
45312
-163632
-61732
128014
32865
-132372
-78174
66671
135276
-136242
-148204
98376
145662
-137773
-131516
73733
148465
-92270
-155970
96447
144335
-80551
-124152
91779
183160
-65752
-168322
50172
193980
-43226
-161471
56770
181196
-28971
-149293
8659
126383
3690
-146869
-15332
163463
-1130
-132715
-23147
172518
97454
-94967
-16415
145964
92497
-147511
-74602
93040
129534
-104835
-94485
131135
95220
-72448
-109741
55994
162458
-105732
-143543
62597
105318
-106588
-112006
54261
147802
19195
-131468
37278
137078
-61117
-158366
18187
165016
-26040
-118283
-17589
133412
-30886
-186425
-8174
149816
13518
-150099
-19637
120043
-2373
-188036
-83890
185195
46270
-103947
-107389
110863
48073
-145520
-70615
73519
83631
-76383
-93382
134565
102290
