#SpinCore Technologies, Inc.
#SF in MHz
#SW in Hz

[HEADER]
@CLASS=	RADIOPROCESSOR
@FIRMWARE= 3087
@SPINAPI= 20130917_x86_64
@POINTS= 600
@SF= 0.000000
@SW= 30000.000000

[DATA]
74587
69503
-65999
-157658
57298
83712
-5769
-91410
49721
159582
-33220
-145824
1016
161734
-73417
-133134
54765
133919
50905
-69133
-27496
90436
69588
-200618
739
122004
58164
-121414
-80664
177061
37781
-122213
-30859
158151
104580
-145265
-104495
42353
81337
-98654
-72842
112440
145361
-74417
-98706
73829
49628
-120446
-144986
36232
133888
-87749
-141463
17365
188942
34312
-155111
67759
126240
-18014
-120853
23364
111984
13332
-146792
81648
118908
34464
-205166
19435
166681
8422
-99449
-24443
180478
53651
-164043
-33875
90490
85848
-123598
-98293
101490
86706
-100250
-82178
127659
70584
-173424
-107995
86747
115187
-133754
-178695
54643
79755
-96156
-93896
115522
151294
-46612
-116599
12970
171429
39957
-162026
70421
176928
18455
-121350
-10340
129927
10263
-96546
13348
203444
24972
-142621
-32936
90353
29574
-120648
-33088
162883
128331
-127769
-137311
133360
73832
-143338
-24164
89840
183033
-100015
-112905
110186
110865
-107826
-190936
118569
139909
-91530
-137714
101035
188073
-42019
-217424
38766
164618
-40208
-189426
24597
185514
-3557
-166290
-27271
164927
-6611
-150202
-23091
200220
68443
-205013
-32430
128162
43923
-139260
-61905
175748
84187
-132426
-114327
169700
89366
-155338
-184765
137070
23970
-142528
-140209
166767
57877
-89306
-190103
89424
170729
-96559
-208693
58504
215994
-68138
-215833
79771
209127
-41193
-228056
27540
249846
53139
-203078
-13511
208062
-37835
-285406
-20883
189171
33635
-225570
-24648
224672
96826
-225070
-112515
217341
102964
-237519
-164634
213266
64972
-153016
-150045
191387
56104
-153458
-127559
188340
74767
-110887
-202554
158021
213788
-121529
-187867
164554
309084
-102825
-268551
114041
269955
-96561
-199045
83475
219297
-46071
-285162
32189
230302
-28876
-255625
-3643
228539
2989
-292649
-47382
364878
76792
-268022
-98537
274499
143168
-213302
-164200
225941
144533
-245574
-182827
222507
118522
-222890
-142374
264169
139953
-194724
-181831
189183
186428
-86313
-270073
124156
241088
-133712
-288052
136389
302537
-77879
-263313
170485
233028
-13000
-241196
35316
309484
33158
-327423
312
319285
43087
-275160
-38096
385345
81001
-321450
-107687
316514
70043
-327301
-168228
341130
174708
-308887
-138569
214899
191930
-255891
-182739
267405
285604
-211031
-304845
251421
260860
-235099
-272655
152481
291057
-206987
-360039
102730
380911
-167720
-346922
108273
348124
-44769
-295273
72983
360237
-22359
-383662
22313
388364
-38606
-381218
10612
414683
43089
-385029
-118426
388781
108357
-383228
-158863
355848
162857
-285078
-220018
326585
203680
-297162
-269108
296317
271993
-268723
-277599
321586
253675
-259218
-342008
281504
352390
-240665
-355742
211140
396080
-179690
-373592
98780
368322
-101007
-426070
109202
475185
-45213
-451410
33128
434503
21672
-411319
-39185
488931
26511
-485067
-126489
452547
112224
-423635
-184240
400188
183957
-410300
-189449
411537
281761
-419056
-274466
432355
307109
-411960
-357947
341796
319873
-314037
-381771
255511
367580
-265497
-400629
215534
444751
-217350
-501876
177237
531150
-126844
-480412
87262
497353
-112963
-533234
53431
501750
-11142
-529360
4284
555024
79220
-511316
-44181
571128
106356
-565355
-126989
507531
234556
-455180
-260473
471832
223550
-441916
-355011
503250
360972
-430163
-336755
414248
401538
-412921
-337639
346633
459539
-340246
-424505
299223
506050
-272348
-566905
271761
571812
-160855
-590807
160905
605908
-95664
-576251
109782
703159
-91145
-634116
-4803
556376
113904
-631305
-77759
584633
72690
-583707
-164085
598509
162456
-630899
-189583
631367
248711
-600823
-286227
617575
344106
-551051
-387027
530882
449795
-511999
-433762
491325
499810
-474648
-511396
440952
560457
-327215
-645103
327230
669342
-349266
-661004
277106
670773
-252136
-659401
175637
704561
-90563
-647906
122471
708100
-32218
-696119
8071
661113
36853
-761416
-104958
669688
118628
-665005
-257396
651919
248808
-683172
-276622
692535
343700
-588591
-379338
614640
419852
-557241
-488623
503278
501557
-542412
-578434
443000
503167
-447711
-595441
435151
623766
-349160
-695019
301622
637557
-299001
-621551
255895
716852
-172301
-785103
186374
799873
-73506
-762531
7761
760544
72006
-661668
20284
772961
154693
-707906
-193214
760829
222297
-760072
-262103
731721
284600
-754841
-393317
672889
439977
-615037
-435096
632441
561928
-585947
-585400
551056
609835
-521187
-643422
456820
631138
-456085
-687051
310030
697460
-356233
-695489
295502
709671
-201667
-738404
219843
746013
-199827
-741631
187290
784890
-70741
-745000
38974
792263
-35220
-727151
-3823
769791
242475
-722624
-159988
710394
224097
-698855
-261885
720377
344812
-680861
-319064
661816
472011
-657756
-400600
578972
446456
-548488
-552760
508416
484825
-497034
-578216
423589
571603
-354829
-600479
350231
645436
-342520
-611339
232116
688305
-186117
-655639
173531
661258
-124588
-698939
17632
707079
-4954
-651417
-40362
703799
122743
-676367
-107729
645686
133902
-663690
-230187
704160
276443
-599272
-242977
640643
345451
-610637
-423462
490256
434372
-442876
-410268
499672
465336
-491789
-509942
407653
563919
-395509
-574812
355406
530861
-325117
-547700
266508
581252
-222975
-636797
251319
630617
-190705
-612751
99257
525271
-62675
-648803
56648
620681
-3655
-568690
-62449
570772
114038
-614922
-146789
629099
199917
-542252
-189417
576399
280567
-524235
-320570
468637
339783
-428680
-335941
483805
380284
-393285
-362838
374156
442121
-344911
-421243
317576
450629
-273209
-482047
250897
438307
-197537
-504286
186443
500813
-137719
-511490
102797
565467
-64497
-503546
95993
563589
1849
-502656
-69803
508042
64288
-505813
-86664
476642
64986
-460814
-144220
435747
176682
-471812
-246370
468288
183643
-427308
-220842
432011
329605
-331794
-307885
330121
303582
-284379
-358096
348584
362835
-238666
-347114
249710
435091
-217547
-420991
221088
399050
-142425
-388553
135072
432244
-89667
-429025
104427
431678
-12626
-464535
18194
435544
-35547
-437422
-51870
425108
49968
-408226
-28737
425620
108244
-384217
-159328
467008
158229
-318985
-171066
301487
203281
-338958
-252624
302360
275398
-283797
-318173
318827
284913
-176348
-341954
248615
307641
-219564
-366373
202438
318344
-74633
-255209
117343
373903
-37678
-389577
106020
366894
-46270
-341830
-34722
360247
-34957
-386870
-36050
433740
-4657
-399813
-67896
342994
94905
-321214
-130351
281907
122792
-347187
-161514
336167
171760
-280225
-121457
292179
209202
-253827
-237893
163614
253038
-272135
-194337
164445
265617
-185211
-308771
191769
284764
-172173
-284511
186747
260012
-64850
-312572
133952
273035
-110420
-276787
17272
276747
-26201
-247121
7535
317009
23565
-257828
-85643
338985
82810
-268922
-68391
289299
67863
-258864
-155699
258850
116101
-233057
-120356
238223
121795
-190883
-187297
213946
186298
-143892
-188643
170249
215283
-164378
-157217
153643
228591
-190851
-260637
111857
189821
-116126
-246292
44191
189895
-17909
-297230
47876
217969
-13506
-226145
-345
208654
51476
-211178
4041
281160
68587
-239560
-82068
229150
31796
-240132
-118882
212074
152488
-225784
-90268
128269
207928
-175717
-204616
207916
146401
-239702
-204278
166238
130263
-147245
-168931
78654
118938
-155515
-177067
107821
190739
-70463
-264539
83295
254905
28846
-202692
11937
232763
40144
-185981
3909
195722
17305
-229686
-36776
157911
26276
-183954
-22815
226717
59849
-192459
-68483
212243
32453
-132617
-83640
174664
138957
-163425
-124835
200666
136190
-142472
-106167
118773
77541
-61122
-126655
163717
202899
-97612
-167645
46707
171324
-91442
-113678
22370
160985
-19299
-154859
46289
72581
11486
-180226
-24211
140950
-11136
-220478
-27205
181799
12149
-198904
-63535
162204
16658
-154730
-64484
143264
50002
-123334
-80891
208997
141042
-141331
-76926
127126
77105
-161919
-95976
82289
114481
-125569
-113505
106555
154755
-43144
-39584
111292
115613
-5550
-134183
118113
109608
-81231
-230129
90420
171012
-12355
-158724
12390
146917
42603
-216041
-51570
163488
52408
-176567
-2999
199130
49077
-120464
-3225
186322
7146
-162861
18574
174819
103663
-118549
-124944
104254
84129
-84513
-52134
83693
111415
-65851
-82009
96744
70420
-129610
-125864
39658
181564
-49264
-161201
58841
216098
-74803
-157492
32467
94651
12910
-125946
8392
185426
22818
-129303
-16325
168125
6735
-172628
81595
138925
38083
-114810
-58857
146899
85876
-151990
-9393
97163
49366
-70165
-60036
168997
105742
-85131
-139725
135713
67385
-16845
-124997
70127
110875
-153201
-92447
75890
96693
-74677
-112300
62919
165581
-82304
-73909
67551
144450
-48944
-112085
-42084
164833
4888
-166277
33567
124053
-76838
-118584
24703
166557
-9115
-110660
-19736
72745
46642
-99229
-92581
160799
39152
-122897
-95896
139268
137199
5975
-102604
87470
107495
