#SpinCore Technologies, Inc.
#SF in MHz
#SW in Hz

[HEADER]
@CLASS=	RADIOPROCESSOR
@FIRMWARE= 3087
@SPINAPI= 20130917_x86_64
@POINTS= 600
@SF= 0.000000
@SW= 30000.000000

[DATA]
88196
86266
15460
-77033
103590
87477
-42663
-122877
49402
141244
-51320
-155432
20256
121987
-113817
-88415
51028
115720
68793
-183173
-16733
128733
32023
-139098
11933
120251
-22590
-164072
-65843
112018
27365
-126743
-76648
113815
107905
-149522
-77531
106388
160459
-110434
-103701
114556
172821
-42863
-84964
75333
143124
-103229
-127455
54150
108116
-73842
-176626
97795
84950
1062
-86977
19592
145641
-32167
-169523
13505
161470
7855
-148116
25577
184181
16224
-86746
1310
144306
67218
-181131
-35870
138091
-26412
-105603
-54546
152244
78053
-165754
-42458
107714
85861
-112060
-108541
52965
134350
-54939
-127906
100913
92130
-118911
-155597
134003
167448
-28694
-122708
66531
189165
-59350
-112746
-854
142157
-7460
-203800
54694
205840
11772
-200737
-81158
185300
-7488
-187014
-57388
206860
33151
-158781
-20711
167344
59344
-146496
-68456
126014
12209
-83453
-54572
171789
126426
-144635
-162180
141817
89024
-59050
-121467
152223
95251
-186689
-85885
125238
159747
-109994
-124792
84690
166610
-90681
-173104
92304
190668
-21238
-250580
71177
189580
-88163
-184350
28777
161939
-27538
-209273
33366
152098
-20374
-147531
-34941
196564
95197
-174333
-150227
211409
74081
-153682
-153852
143812
37948
-135917
-99442
143832
69456
-149837
-90350
119579
174050
-99297
-176841
134841
154909
-78642
-183253
69448
165517
-82647
-235926
81886
226147
-73243
-173979
2260
175917
-33577
-187478
-15662
248728
-30670
-218243
-37907
231027
18786
-241118
-9025
240091
86736
-186070
-120463
285855
128635
-301964
-105534
175672
185673
-208129
-161117
207358
194219
-163968
-127500
175587
175286
-190340
-211624
180880
138007
-113233
-194043
133011
217139
-156322
-110440
103448
284141
-91708
-241415
53484
258674
-52695
-228866
64448
310476
-57181
-209382
-20102
262993
-4729
-266848
-721
346522
58463
-309434
-48745
257379
149228
-199071
-108238
281472
141740
-212839
-87037
222696
198701
-197153
-203465
227118
196067
-160845
-219936
178282
232653
-176116
-280531
130947
313998
-161576
-262860
198256
304497
-75996
-310707
99522
333327
-67376
-339672
63309
319111
-16620
-287685
-50538
338541
-59991
-320601
-36418
369835
65691
-330380
-88036
321338
137231
-347999
-99640
306920
192793
-270369
-170134
254521
200220
-345467
-214771
259316
209311
-283169
-258433
231539
246675
-185204
-270963
215952
316630
-187805
-363839
194587
278167
-98119
-414436
151038
324001
-86377
-306370
57755
358079
-58225
-359577
42307
378083
36137
-443603
-64543
409707
31409
-395112
-85616
380294
109429
-414643
-165459
340299
151463
-350989
-170241
318343
175024
-363772
-229970
320616
334238
-311806
-298886
300345
396623
-241163
-270697
287945
360296
-242079
-400110
162633
345392
-229561
-425832
37645
465650
-92543
-423405
54135
503135
16668
-492708
73617
484855
15543
-538646
-30699
443651
77728
-477926
-45723
437284
95886
-503266
-294333
419280
182762
-475760
-208150
498544
218738
-492575
-249919
390808
343997
-400511
-334532
380745
292736
-296689
-429171
383607
423380
-342308
-458484
344990
500418
-222194
-425884
213416
428018
-230217
-581967
138980
550207
-135327
-582340
98255
556647
-3536
-561518
-25356
560397
23343
-556518
-37486
658175
66502
-603003
-138792
553966
206656
-653731
-246851
558477
297589
-564094
-277715
441612
358191
-538814
-399088
461717
423199
-535051
-456621
456148
489706
-375072
-476060
331386
516287
-266973
-520044
320643
557149
-229833
-642268
221533
620608
-150349
-704117
159729
663731
-68262
-775556
89197
698852
14081
-710480
-3092
711323
114136
-648496
-224250
639119
171333
-731783
-266712
664721
258647
-664498
-283791
615571
395811
-659793
-395113
646473
478375
-584007
-497608
606272
583361
-492796
-571354
440181
588915
-442486
-692563
361507
628645
-381740
-734140
266017
785110
-231519
-722586
203533
767019
-153953
-796638
133006
742713
-102043
-833236
31369
804980
73547
-845857
-75582
855432
116795
-802253
-202015
806105
282587
-766252
-269014
754091
365041
-690700
-416830
659507
434176
-720664
-532958
628045
563619
-613773
-700114
579404
680117
-509735
-622123
479904
710795
-419188
-746079
321812
773164
-302072
-816972
241759
813689
-193914
-857013
133976
888848
-85426
-836576
87725
898010
71509
-903567
-92175
865771
133617
-846152
-167281
834916
272659
-868889
-380651
865898
384940
-806458
-359440
806689
477174
-723172
-467872
733958
560203
-657567
-563924
632920
642834
-610746
-698734
621476
706355
-536827
-791050
527932
787377
-455460
-811276
375695
827312
-287869
-850147
286643
845711
-228588
-877606
186325
895510
-76820
-873443
22587
834490
90210
-901940
-63054
840405
134166
-852571
-252104
828074
233060
-843093
-274119
778530
303154
-739579
-388820
726681
435583
-679270
-500847
632940
554108
-621734
-552405
570355
628769
-496059
-603198
465796
631653
-417960
-765826
386172
728256
-297185
-753408
287977
801851
-279542
-806324
126401
751545
-52782
-782899
45372
761400
4014
-734476
-81533
798442
104421
-774247
-161039
764780
191522
-738031
-237715
797880
309604
-717444
-326661
671675
360005
-605002
-369565
577813
439927
-615895
-537993
596683
533772
-564890
-478936
446739
599259
-388884
-561961
412498
565697
-355054
-649665
297001
663510
-294909
-604353
182266
776567
-202326
-659677
118015
672610
-59185
-664437
62814
612608
-2026
-643038
-95113
637295
126570
-644787
-195071
585170
87737
-591520
-253425
629313
282636
-592057
-338374
575150
384034
-549477
-394321
462370
436618
-465485
-404854
398027
532639
-398563
-438545
354533
504403
-279891
-520431
227575
531469
-221371
-611465
216536
573560
-159059
-565922
66408
601012
-47282
-563418
86859
540691
-11517
-509692
-12516
489504
130951
-509952
-114117
526654
85403
-441242
-191177
497638
214062
-469883
-241378
508291
318896
-452213
-257435
439576
312740
-367492
-280233
443825
427270
-373187
-340039
297349
400069
-274257
-359581
270206
484005
-226757
-355204
203935
409170
-159125
-442111
128992
450149
-103109
-406112
97578
471320
-94221
-410979
1251
422676
35036
-463856
66961
507277
156036
-442581
-128849
458355
155580
-443856
-187106
388647
223915
-419297
-189769
343265
267633
-365778
-237906
294701
307945
-311320
-358854
289983
303851
-253739
-332549
289809
356909
-151975
-386564
160855
385143
-138617
-378431
128288
356227
-107824
-394000
66631
393185
-48194
-354365
-16983
381753
28712
-450479
-35449
398782
93562
-364167
-86788
351680
111203
-296289
-174024
335503
96808
-364812
-183087
318544
217688
-299996
-238427
294024
252432
-257265
-237580
272287
237807
-210611
-258172
207686
279573
-113460
-366211
136608
312011
-145812
-327338
89497
293966
-30966
-297685
50065
351632
-41958
-319785
27248
315214
-31977
-296191
-50227
289501
26828
-313555
-72876
243447
64105
-325387
-121842
301901
75154
-240580
-162657
266260
183363
-291831
-152366
244315
125448
-236418
-190036
217511
226218
-119657
-238195
187740
197012
-177349
-239066
81447
201913
-101971
-268551
77055
306025
-120299
-214218
48377
253430
-88984
-260541
83849
232379
38691
-262618
-65118
227712
34633
-247889
-53317
282774
19127
-312213
-98926
220977
28155
-305419
-43924
164220
163401
-174631
-110483
177602
150307
-219412
-215948
155846
102838
-190903
-170980
115566
192484
-185851
-229455
150834
204640
-142153
-202809
17248
267728
-82430
-196388
63754
225995
-66224
-173796
-33763
166589
-1755
-232623
-44173
218226
8859
-145628
-22741
242315
21552
-245520
-93188
239959
81347
-176976
-133554
244496
124109
-154111
-120304
216890
168228
-156375
-119412
154298
199531
-189719
-182608
120783
204419
-152221
-151832
65793
130291
-116644
-136909
101181
127047
-26973
-220769
48216
139005
10642
-134210
31656
170156
-30227
-195422
39717
208929
23060
-187899
-36582
150321
41635
-149202
-33497
212929
78128
-165419
-120084
135468
129629
-171239
-83640
90447
30794
-122667
-123210
106861
127710
-182834
-172499
103051
140531
-154910
-186870
111643
178338
-103185
-135832
74735
109974
-67372
-152764
27154
120402
-22754
-189480
48664
191112
7138
-176166
5057
223851
-73427
-104117
9713
205805
-29501
-169771
-22928
157597
78139
-153177
-24218
173393
66994
-90418
-75822
65403
53854
-187831
-125593
109616
149220
-68993
-104328
132140
132936
-71396
-135655
90953
131784
-16793
-195758
127728
68212
-35231
-129929
80265
110749
-61993
-215543
42884
121199
-9410
-111888
39420
185862
-56309
-141711
-31869
130819
-9784
-176168
-32781
151172
55561
-142195
-56714
151867
55705
-79619
-30249
139594
79709
-102150
-77109
154910
55853
-60518
-101152
65967
141033
-65107
-78825
54562
102664
-100415
-113304
92384
152601
-16568
-120578
11895
187126
-47988
-218439
26933
103167
-16065
-132180
-4025
127532
77949
-108907
-29795
175367
37340
-115070
-10581
98020
54007
-78031
-71163
87150
69283
-114753
-63240
95669
72261
-127098
-101396
101179
101617
-58547
-88993
99794
89431
