#SpinCore Technologies, Inc.
#SF in MHz
#SW in Hz

[HEADER]
@CLASS=	RADIOPROCESSOR
@FIRMWARE= 3087
@SPINAPI= 20130917_x86_64
@POINTS= 600
@SF= 0.000000
@SW= 30000.000000

[DATA]
122301
102291
-124638
-83776
91358
128029
-67087
-112515
107661
184567
-117703
-136294
75600
137405
-46085
-165378
48618
131003
40634
-148960
52558
144101
-49742
-89942
-52930
156564
29418
-122302
16903
106504
75827
-106541
-36942
158409
70285
-112398
-66000
135854
101281
-85877
-51438
112997
75346
-74670
-111973
162949
151075
-71834
-151120
173497
142163
-51541
-142565
130954
113608
-101920
-128437
74553
168580
-74469
-106032
55097
107355
-26955
-167545
46273
129931
-41912
-223004
-30090
174464
-37080
-175745
-56813
169051
17963
-132696
7189
152898
106762
-187695
-131787
140566
68163
-163424
-77898
174351
55820
-128914
-129326
121875
101172
-75426
-101379
47931
150038
-124914
-118940
161141
133723
-53305
-134351
-19253
198900
-10168
-120689
65777
132446
-15473
-172270
-9913
223161
-35779
-208921
-31709
228837
-55951
-174203
-63854
213051
26010
-241804
-85788
161495
95018
-167886
-56004
229076
124113
-179604
-133706
195890
95121
-168787
-97276
124134
143228
-148719
-161554
148403
172869
-161429
-144712
108430
172183
-90225
-154461
130268
188719
-73331
-190461
69764
178939
24782
-196000
-28324
233097
-265
-220043
31460
200734
18729
-208979
-40228
141505
32025
-256922
-70054
205879
83824
-164671
-117130
234614
74700
-155038
-103782
219917
175696
-209967
-89148
150416
149386
-198325
-185663
125764
173287
-50216
-198031
155004
184615
-69314
-248322
111467
204554
-24058
-215002
83734
251859
-39755
-249715
82518
244476
-59692
-238483
9732
254933
-13377
-275516
-19669
302050
47511
-206163
-90201
313460
62812
-278871
-119830
168547
125593
-258990
-155187
246376
186161
-223942
-166379
240635
180283
-219470
-178380
110362
212220
-208671
-218194
177079
220981
-120694
-218436
84375
266144
-71565
-330207
72734
256621
-98110
-258724
59933
261769
-42463
-331086
32356
324423
-1965
-282253
-25818
296448
8848
-266660
-54249
281765
104534
-305432
-114587
243236
113123
-321024
-172617
300942
216531
-206052
-210987
215749
246283
-192708
-233901
156564
258633
-225105
-251254
138780
273879
-177272
-340942
159973
357585
-203536
-288570
101771
312281
-106067
-332115
95510
372627
-64909
-316951
15515
424684
57432
-363433
-74781
347596
37208
-376746
-109492
339378
73166
-381808
-128949
358653
160038
-351617
-147917
305512
219993
-322584
-239866
294648
309306
-310397
-180050
282446
340092
-259950
-305844
235691
322441
-166046
-354022
179146
417884
-194307
-388802
141717
461001
-136979
-374407
35970
435941
-67254
-439968
73513
409477
-9111
-455143
-29818
373897
36119
-448597
-90626
412177
93714
-430506
-85541
440699
191406
-456590
-178573
419262
255734
-355137
-280480
393277
264746
-397588
-297342
348574
374618
-276588
-428489
299979
348468
-298257
-419830
245407
470956
-232638
-482387
182003
413692
-210507
-465566
135605
424377
-90851
-553368
7540
509201
-9587
-547037
-522
508927
48220
-519378
-76122
604104
153431
-552038
-137531
548649
202356
-549553
-209304
483362
276613
-509229
-357068
542376
396031
-432708
-384955
497294
429837
-418525
-447293
420115
465726
-351955
-440277
321161
549487
-337887
-524551
311866
572874
-237784
-628777
157225
626664
-108822
-614909
104004
633230
-79904
-683684
7408
706505
53336
-652982
-41738
717763
118314
-618206
-128946
688660
221984
-667217
-227995
695563
278025
-584998
-301932
540375
392079
-560778
-485850
539102
475302
-575151
-557001
522233
573344
-464646
-626721
448129
671165
-411588
-686128
324933
694706
-271092
-744055
224630
790286
-222965
-744647
141089
769427
-74500
-866169
41211
896986
36473
-847534
-52274
901016
158775
-924787
-249618
867647
284585
-871931
-349669
831409
402272
-854247
-436562
812278
534917
-799417
-641991
797157
644462
-742652
-671622
648839
734246
-620441
-800703
616349
811174
-522793
-917939
531777
889105
-455192
-944189
412546
1039582
-329517
-1051024
254060
1050333
-158078
-1112195
163194
1051723
-41766
-1112373
-33878
1120775
40444
-1129054
-151311
1084222
304627
-1061534
-329828
1069290
449435
-1037404
-443633
1073618
548634
-1054233
-632965
999888
747791
-928819
-760737
912585
819705
-904747
-898487
826117
947006
-727666
-973957
644178
1096012
-592793
-1098926
587526
1145147
-449918
-1242987
342624
1227928
-341085
-1290046
187503
1271893
-94509
-1350103
20866
1350326
83866
-1300323
-97693
1274471
206203
-1275215
-269578
1326765
400920
-1217035
-463820
1222789
586862
-1248389
-595953
1141587
739855
-1153622
-858290
1142861
877190
-1070907
-976912
1021242
966236
-883133
-998260
905140
1075940
-854981
-1121657
722846
1204794
-672909
-1290693
555247
1257864
-447317
-1284924
436838
1338623
-283524
-1299336
239132
1341887
-113769
-1333302
60050
1368410
37914
-1366864
-122839
1328647
206791
-1244725
-327001
1277790
368688
-1252980
-423139
1145759
492253
-1175412
-566698
1058090
666452
-1012926
-686343
994901
754707
-869072
-844935
865153
863494
-801842
-943949
711916
948904
-628859
-984062
616640
1093182
-542144
-1051330
398723
1115084
-345449
-1114113
277598
1073141
-125110
-1079224
165086
1078917
-38464
-1085618
-78631
1089302
100064
-1082464
-169219
1060814
275539
-988922
-359516
960736
344182
-909576
-426615
925351
462548
-934235
-565403
838018
567198
-802772
-646412
725804
649426
-717529
-716858
636176
715589
-587465
-721446
513978
793117
-504599
-869448
444702
819879
-298925
-807380
234384
865876
-214390
-866895
183862
919866
-65649
-837219
17738
811182
32976
-860647
-51107
847392
113760
-850942
-211158
803641
219739
-779989
-329880
690767
328229
-634517
-356533
651795
339488
-588301
-444990
571126
381961
-521605
-520272
542069
582678
-428063
-531645
364692
641276
-378903
-539700
335025
611553
-231866
-630647
242773
615944
-201198
-639901
170487
649185
-392
-657128
6874
660315
-2073
-657670
-46076
688263
108562
-635771
-130006
641613
178766
-596177
-238634
566629
299076
-537408
-264716
536422
351169
-524744
-299976
484736
390929
-510176
-430604
441730
413473
-407531
-457586
285286
496047
-348588
-459312
290787
518131
-256165
-445850
202080
502738
-154064
-457519
141981
504257
-72217
-527988
90081
490994
-51451
-560644
24389
500003
109286
-475552
-54391
496506
122182
-465765
-141883
506053
181219
-489819
-142161
373110
231732
-440868
-263162
432546
270057
-350911
-315814
280206
386659
-359932
-344806
265727
332185
-200435
-341547
262737
400737
-180349
-418910
111187
419976
-124811
-420404
74648
455651
-108265
-397786
99975
476322
29881
-405518
-7366
417211
42458
-409529
-65758
442737
68386
-360849
-91641
428463
153704
-407721
-180660
321654
214489
-373971
-206514
311996
275526
-308115
-269402
261580
311226
-302842
-295627
285494
297324
-241832
-326389
278713
299119
-177282
-341870
157504
340685
-133005
-341837
48018
330560
-97155
-321408
65364
329270
9659
-329689
26220
296543
-1246
-285600
-73209
316182
97831
-328089
-110155
290123
102746
-316183
-102211
323883
191931
-315671
-148310
271390
283505
-229960
-206787
264639
241987
-248509
-183330
245226
226714
-152156
-264997
102257
210830
-148321
-350701
158755
297183
-178823
-261181
90739
247338
-86078
-335235
51426
298397
-76705
-260418
56009
250255
-16989
-293019
69316
278739
53713
-250175
-63238
271983
58575
-245978
-116870
250775
121384
-212179
-95566
220723
101760
-226746
-129380
202526
163977
-219143
-230900
184260
208327
-162624
-219470
138226
220856
-139684
-219528
105422
245668
-171069
-191477
58836
251577
-100577
-217183
25978
303516
-93258
-255579
8936
202413
41867
-228839
-77423
242673
3272
-244254
3523
209009
62529
-268770
-76007
214663
72773
-179921
-108402
213730
165706
-213825
-143293
192955
176146
-206550
-191101
141525
226550
-171710
-118905
137319
178790
-71126
-123195
103724
184068
-32730
-159830
124343
166279
-87396
-214866
64827
148416
-16548
-207775
51120
212076
30568
-189104
-28062
200015
95077
-236429
-98462
267423
24169
-183767
-49311
195668
95011
-135988
-52069
190813
86209
-148552
-92580
202688
97188
-177661
-128647
154982
125399
-116273
-136379
118499
170594
-85546
-125194
84020
160493
-84297
-165686
85299
160752
-75494
-152400
35719
149797
-29050
-199303
57385
189437
6834
-164985
22639
178949
16509
-157106
-53486
192703
103325
-138891
-16348
197541
68904
-209310
-85641
144599
98796
-150026
-111262
68862
85474
-111798
-152970
121423
89277
-136786
-105602
57343
117450
-165946
-137298
130605
106057
-71041
-198490
132889
118555
-59826
-128173
48735
207152
-12877
-99976
-43028
193417
25565
-107296
9164
247902
-23221
-183460
-104833
264476
-13465
-155878
-66254
190221
112769
-143463
-83661
169743
51153
-107738
-116438
150744
53168
-108778
-97037
132998
57085
-93409
-96393
150870
188105
-109932
-227884
31532
106906
-88570
-221124
69921
192571
-23364
-64433
51832
135402
24622
-154900
52849
129405
-23688
-216218
9643
150902
31949
-82755
-2558
161302
9949
-163786
-34466
133570
48310
-165610
-50784
109043
93917
-131608
-68148
117401
84794
-100357
-79483
114331
93934
-137634
-130451
93211
113835
