#SpinCore Technologies, Inc.
#SF in MHz
#SW in Hz

[HEADER]
@CLASS=	RADIOPROCESSOR
@FIRMWARE= 3087
@SPINAPI= 20130917_x86_64
@POINTS= 600
@SF= 0.000000
@SW= 30000.000000

[DATA]
69024
55622
-51190
-106637
73539
113436
-77158
-105739
59304
123089
-24711
-144662
28208
150282
9946
-112498
-3307
165594
-29937
-129462
-55042
97448
5876
-106387
15142
73830
15924
-107921
-36977
172726
-30369
-113808
11451
144405
54473
-111356
-37912
140064
66971
-113169
-91527
111222
72917
-64785
-62018
57182
21025
-88670
-166931
80078
100245
-52630
-126672
47998
107606
-19189
-162964
71281
117465
-25363
-180978
45705
84582
33059
-194499
3814
191880
-31249
-165781
17567
170428
16307
-139561
-16408
140533
24695
-169915
-46518
192265
29498
-152017
-72609
186594
117097
-132565
-103681
137100
66403
-116371
-120560
82460
124271
-95608
-149318
78700
124754
-102807
-166283
41533
184695
-81739
-131415
80748
136190
-53300
-205328
133370
176301
-9778
-170193
40576
205035
2891
-183220
-30388
214851
-6630
-210529
-80862
153871
95462
-167083
-53368
170237
68193
-137147
-44485
208090
78080
-155958
-118295
145990
133900
-209279
-72141
103111
130738
-123753
-162296
73843
153142
-83708
-214738
100474
199082
-90878
-190907
22476
127485
-93490
-202809
5181
243003
-40105
-217285
-61998
203767
24701
-225407
-30424
154800
13966
-235358
-66404
220558
66289
-206670
-30324
190045
67056
-183720
-84920
100245
61253
-143009
-49936
188259
139264
-197929
-105869
143343
128979
-158146
-187752
87920
173066
-120414
-131365
108273
122279
-116773
-255490
85237
190933
-26824
-173304
74283
222932
-83332
-214760
73042
242791
-22426
-234727
61628
172800
-18954
-237649
-56247
204244
15653
-197275
-87281
199255
50457
-207079
-63522
283264
174826
-174781
-187195
215742
119191
-114824
-89244
190637
165444
-131886
-101099
180301
153217
-173905
-196026
134214
329988
-94204
-263127
162538
252391
-89576
-312219
97383
295725
-45547
-229866
35698
319404
-8573
-306161
38795
274384
-11250
-216646
12972
307298
92996
-300925
-110805
267061
83198
-271911
-127664
244564
201877
-202324
-86654
234635
122242
-263952
-226922
115180
143476
-197064
-236932
205396
220689
-185896
-177879
130457
297025
-151524
-285260
85536
282331
-115587
-309908
93568
321535
-21877
-310415
9397
376756
-85335
-315924
26990
337648
17078
-279266
-49506
329954
26269
-293041
-108857
353256
96453
-308309
-101970
309575
135515
-336301
-196201
288870
249900
-319898
-251661
226212
272821
-319170
-209255
262433
300731
-249065
-256922
242381
347343
-225293
-315470
191319
330112
-172979
-329770
132073
375733
-58691
-338340
68650
313557
-101788
-374919
11865
381211
38060
-437694
-53338
414045
91029
-405209
-107063
429576
155523
-366093
-206210
371048
174398
-443396
-218849
348159
291347
-381637
-218368
345184
280169
-268177
-317730
314144
326221
-284090
-393827
253617
376633
-217351
-326069
198516
339577
-184359
-427452
168455
402118
-134756
-439805
138273
425739
-80931
-486214
57146
415523
6463
-469527
-27723
485659
113802
-447605
-83555
524932
115646
-508634
-100516
497420
319966
-456937
-221099
459580
279281
-410571
-238999
465113
344159
-396372
-331778
420585
455573
-387650
-411202
345533
408862
-340838
-482190
362957
518238
-249079
-513346
254330
518709
-191254
-525841
175293
569411
-100273
-559331
86208
592035
-80358
-568961
48490
608022
39806
-569800
-111123
596038
99541
-569415
-195139
575204
188956
-629399
-210929
616437
257636
-517132
-352938
503721
277995
-519930
-399767
507099
499239
-495768
-471120
452480
515433
-381984
-568310
381218
584775
-290218
-643843
305888
629607
-253388
-647865
225303
663823
-203794
-742877
94138
731099
-78256
-750204
16879
719185
6353
-795638
-61675
753932
163318
-793711
-167626
760553
202617
-778930
-270240
765382
346496
-730224
-397916
738190
424588
-684694
-492710
653582
557100
-650100
-531534
674171
636470
-568445
-657836
503635
684407
-472747
-661104
422881
747832
-380683
-746956
343698
785770
-294848
-874759
249000
938761
-177532
-895714
151290
890245
-71263
-939402
-5781
923733
71480
-882943
-128593
876960
151479
-877319
-266268
870779
280851
-888941
-350659
839536
444599
-836079
-451759
816979
589253
-727671
-569747
696693
662644
-668869
-660494
586572
750897
-589626
-778062
598051
836223
-455627
-920023
529636
866609
-391839
-941595
310241
947911
-216024
-936683
175801
965553
-50321
-974925
16444
986202
16434
-961915
-120768
960683
190164
-1010602
-193457
997159
297870
-955748
-395551
1008468
418606
-868888
-410557
920378
539695
-885635
-597963
859106
608814
-801990
-695719
758399
724430
-729084
-803461
704875
854797
-623819
-859082
535876
915964
-486824
-898595
437736
924587
-326901
-957959
384210
945380
-198791
-1015816
194603
1001450
-131103
-1043770
35316
1053330
61743
-999206
-118129
1018660
204454
-967945
-215645
997174
327983
-965469
-387811
858878
362327
-776208
-502282
815245
524453
-785951
-521693
732204
535877
-688429
-592643
649817
722617
-582988
-691259
499612
748541
-524319
-793264
407958
796427
-381090
-846262
349250
894768
-221559
-806800
205909
927076
-119356
-912767
94213
880951
-76175
-888127
-9204
867885
52484
-920564
-151609
802910
253565
-840898
-172107
779004
354519
-816668
-334734
748830
503469
-729080
-451857
691503
539495
-651004
-578638
572931
552302
-555282
-669443
570544
646203
-468449
-596693
463094
701444
-351614
-711531
363375
731246
-275743
-722819
212159
796512
-109822
-740166
167463
739010
-81320
-767235
74789
737788
69562
-743601
-45974
730830
128344
-648691
-143711
626861
180415
-650554
-201887
611021
319031
-614999
-372337
607456
396923
-534457
-425706
525662
384314
-509043
-450834
464960
472625
-434965
-478208
377028
494606
-314706
-521749
238046
558244
-241785
-539684
212526
514667
-174478
-545733
109383
651252
-61383
-545507
75019
600633
81809
-572997
-70218
630234
35011
-617088
-141831
551370
161922
-575619
-129652
498554
223333
-524567
-289879
507211
371273
-447721
-312953
414229
342013
-484992
-350493
373707
372691
-385618
-374013
356408
439711
-327631
-454028
254253
445982
-212659
-437922
228687
448673
-158526
-436374
158013
472511
-108017
-503982
57592
475467
30276
-487061
26771
497890
-30049
-413642
-61520
445316
119622
-471357
-129305
455029
213147
-380490
-202188
520047
180108
-378921
-216779
383419
239864
-374674
-282343
356387
245565
-332000
-246651
289077
316358
-258723
-376078
299984
360542
-120635
-391342
154640
369182
-143496
-372393
130784
373459
-40001
-373148
56715
372603
-30602
-377153
24599
427320
-5067
-388073
-88895
441556
56288
-365752
-123088
405797
181565
-295921
-148569
362775
177009
-369585
-242261
321678
174149
-312937
-268846
260151
255399
-253491
-266835
263727
245227
-272712
-260517
211946
327988
-184227
-310246
197256
329332
-137251
-325915
149668
322336
-70546
-329274
85364
377774
29682
-350787
-36519
295561
10673
-322544
-77663
311957
139358
-299657
-12833
294411
90119
-251892
-156039
290517
156191
-229891
-188137
260442
171414
-244546
-134225
215975
185031
-249664
-197413
176682
216972
-171282
-158354
159913
241587
-142405
-244761
170709
268279
-112953
-244631
61674
290631
2565
-298618
21850
347694
-91350
-297499
698
287969
-26098
-297942
-28177
252613
36527
-255124
-42631
302114
13548
-262365
-107274
255117
83398
-215364
-87599
191776
160839
-218682
-101636
207218
170004
-221014
-207260
132057
194378
-141604
-171934
219109
209416
-108280
-220343
68751
205882
-106509
-310885
108221
220948
-54512
-264662
39354
201912
-6170
-275307
23837
260944
-20915
-210657
-44922
219389
19257
-238556
-51659
205941
33694
-233826
-75710
187276
91302
-175222
-76008
260590
54778
-137942
-118959
112025
126642
-127385
-136078
125334
54193
-137834
-129254
136338
151377
-14023
-129442
107098
130131
-74966
-217479
73669
160288
-44649
-194887
61880
218273
-39392
-226323
-1857
185630
-39457
-150661
-23801
158379
14121
-204913
-10440
170229
19303
-178566
8415
147948
121833
-159383
-58436
147747
101700
-205600
-86856
200715
165443
-119348
-154593
104269
129517
-74470
-144132
108960
123274
-94259
-229958
91447
128819
-91683
-170223
71175
182064
-11660
-174356
50361
184619
-77330
-212221
45382
182016
-56127
-154061
-19301
205936
20538
-137244
-10469
140855
-29535
-133557
-40287
177528
39871
-151952
-68410
156899
101203
-155690
-105537
99517
87434
-135689
-123622
89993
143081
-58437
-111731
99603
68017
-100737
-154594
102060
104129
-118280
-123263
95759
133498
-140072
-164659
85898
183360
16419
-139166
-1813
148838
-25433
-147204
-37405
113657
10474
-111414
-11298
119051
70052
-190640
19728
158662
36001
-151615
-84763
96494
72330
-129497
-76266
122976
136731
-143389
-102603
163494
67920
-78808
-124396
46957
159123
-89641
-100009
36238
76251
-25752
-86177
149557
116157
-50820
-86751
122297
199892
11833
-181418
31647
166446
-29428
-110207
10116
89493
11605
-160214
12467
154174
1608
-140322
50719
89255
93710
-141136
-53816
155193
34697
-110161
-126905
49811
100119
-104091
-32039
118182
33521
-97266
-68800
42801
85429
