131071,4:38:11 PM,74,97,0,101,0,0,0,0
131072,4:38:11 PM,67,80,0,105,0,0,0,0
131073,4:38:21 PM,75,80,0,120,0,0,0,0
131074,4:38:21 PM,79,76,0,100,0,0,0,0
131075,4:38:21 PM,71,81,0,97,0,0,0,0
131076,4:38:21 PM,69,87,0,99,0,0,0,0
131077,4:38:21 PM,63,84,0,98,0,0,0,0
131078,4:38:21 PM,74,76,0,103,0,0,0,0
131079,4:38:21 PM,91,89,0,87,0,0,0,0
131080,4:38:21 PM,81,79,0,95,0,0,0,0
131081,4:38:21 PM,77,95,0,104,0,0,0,0
131082,4:38:21 PM,78,98,0,114,0,0,0,0
131083,4:38:21 PM,66,90,0,106,0,0,0,0
131084,4:38:21 PM,76,85,0,121,0,0,0,0
131085,4:38:21 PM,98,87,0,97,0,0,0,0
131086,4:38:21 PM,80,78,0,90,0,0,0,0
131087,4:38:21 PM,85,85,0,107,0,0,0,0
131088,4:38:21 PM,70,102,0,91,0,0,0,0
131089,4:38:21 PM,78,85,0,109,0,0,0,0
131090,4:38:21 PM,75,84,0,103,0,0,0,0
131091,4:38:21 PM,63,89,0,108,0,0,0,0
131092,4:38:21 PM,78,96,0,95,0,0,0,0
131093,4:38:21 PM,69,82,0,101,0,0,0,0
131094,4:38:21 PM,84,105,0,97,0,0,0,0
131095,4:38:21 PM,77,85,0,120,0,0,0,0
131096,4:38:21 PM,81,78,0,120,0,0,0,0
131097,4:38:21 PM,77,102,0,89,0,0,0,0
131098,4:38:21 PM,60,81,0,110,0,0,0,0
131099,4:38:21 PM,68,76,0,120,0,0,0,0
131100,4:38:21 PM,92,73,0,105,0,0,0,0
131101,4:38:21 PM,96,57,0,108,0,0,0,0
131102,4:38:21 PM,69,96,0,88,0,0,0,0
131103,4:38:21 PM,69,91,0,99,0,0,0,0
131104,4:38:21 PM,55,90,0,87,0,0,0,0
131105,4:38:21 PM,78,85,0,109,0,0,0,0
131106,4:38:21 PM,48,83,0,114,0,0,0,0
131107,4:38:21 PM,66,98,0,108,0,0,0,0
131108,4:38:21 PM,87,90,0,102,0,0,0,0
131109,4:38:21 PM,83,68,0,122,0,0,0,0
131110,4:38:21 PM,71,95,0,97,0,0,0,0
131111,4:38:21 PM,73,89,0,99,0,0,0,0
131112,4:38:21 PM,79,83,0,110,0,0,0,0
131113,4:38:21 PM,73,82,0,116,0,0,0,0
131114,4:38:21 PM,63,81,0,110,0,0,0,0
131115,4:38:21 PM,82,76,0,111,0,0,0,0
131116,4:38:21 PM,89,75,0,114,0,0,0,0
131117,4:38:21 PM,73,83,0,113,0,0,0,0
131118,4:38:21 PM,75,93,0,115,0,0,0,0
131119,4:38:21 PM,70,78,0,95,0,0,0,0
131120,4:38:21 PM,75,87,0,101,0,0,0,0
131121,4:38:21 PM,77,93,0,97,0,0,0,0
131122,4:38:21 PM,88,87,0,92,0,0,0,0
131123,4:38:21 PM,85,93,0,113,0,0,0,0
131124,4:38:21 PM,61,81,0,103,0,0,0,0
131125,4:38:21 PM,68,91,0,107,1,0,0,0
131126,4:38:21 PM,70,98,0,110,0,0,0,0
131127,4:38:21 PM,82,80,0,117,0,0,0,0
131128,4:38:21 PM,74,78,0,114,0,0,0,0
131129,4:38:21 PM,78,96,0,98,0,0,0,0
131130,4:38:21 PM,81,89,0,87,0,0,0,0
131131,4:38:21 PM,71,71,0,94,0,0,0,0
131132,4:38:21 PM,73,90,0,89,0,0,0,0
131133,4:38:21 PM,64,82,0,106,0,0,0,0
131134,4:38:21 PM,76,87,0,103,0,0,0,0
131135,4:38:21 PM,72,87,0,95,0,0,0,0
131136,4:38:21 PM,74,99,0,108,0,0,0,0
131137,4:38:21 PM,73,79,0,120,0,0,0,0
131138,4:38:21 PM,77,90,0,101,0,0,0,0
131139,4:38:21 PM,70,92,0,101,0,0,0,0
131140,4:38:21 PM,74,94,0,86,0,0,0,0
131141,4:38:21 PM,79,91,0,117,0,0,0,0
131142,4:38:21 PM,98,83,0,100,0,0,0,0
131143,4:38:21 PM,72,80,0,121,0,0,0,0
131144,4:38:21 PM,73,86,0,97,0,0,0,0
131145,4:38:21 PM,79,85,0,89,0,0,0,0
131146,4:38:21 PM,80,91,0,110,0,0,0,0
131147,4:38:21 PM,69,91,0,110,0,0,0,0
131148,4:38:21 PM,96,97,0,120,0,0,0,0
131149,4:38:21 PM,86,90,0,95,0,0,0,0
131150,4:38:21 PM,82,85,0,108,0,0,0,0
131151,4:38:21 PM,70,92,0,113,0,0,0,0
131152,4:38:21 PM,74,88,0,106,0,0,0,0
131153,4:38:21 PM,101,94,0,98,0,0,0,0
131154,4:38:21 PM,67,65,0,107,0,0,0,0
131155,4:38:21 PM,69,79,0,108,0,0,0,0
131156,4:38:21 PM,66,90,0,98,0,0,0,0
131157,4:38:21 PM,82,86,0,94,0,1,0,0
131158,4:38:21 PM,100,92,0,107,0,0,0,0
131159,4:38:21 PM,85,79,0,132,0,0,0,0
131160,4:38:21 PM,63,101,0,101,0,0,0,0
131161,4:38:21 PM,98,90,0,110,0,0,0,0
131162,4:38:21 PM,71,80,0,83,0,0,0,0
131163,4:38:21 PM,77,87,0,104,0,0,0,0
131164,4:38:21 PM,83,85,0,89,0,0,0,0
131165,4:38:21 PM,70,96,0,106,0,0,0,0
131166,4:38:21 PM,68,79,0,109,0,0,0,0
131167,4:38:21 PM,85,70,0,121,0,0,0,0
131168,4:38:21 PM,74,81,0,105,0,0,0,0
131169,4:38:21 PM,64,85,0,106,0,0,0,0
131170,4:38:21 PM,57,88,0,104,0,0,0,0
131171,4:38:21 PM,84,89,0,89,0,0,0,0
131172,4:38:21 PM,87,80,0,92,0,0,0,0
131173,4:38:21 PM,79,82,0,100,0,0,0,0
131174,4:38:21 PM,68,92,0,103,0,0,0,0
131175,4:38:21 PM,89,74,0,98,0,0,0,0
131176,4:38:21 PM,64,80,0,102,0,0,0,0
131177,4:38:21 PM,69,107,0,99,0,0,0,0
131178,4:38:21 PM,73,102,0,109,0,0,0,0
131179,4:38:21 PM,91,97,0,105,0,0,0,0
131180,4:38:21 PM,67,68,0,94,0,0,0,0
131181,4:38:21 PM,61,77,0,96,0,0,0,0
131182,4:38:21 PM,95,80,0,99,0,0,0,0
131183,4:38:21 PM,76,88,0,80,0,0,0,0
131184,4:38:21 PM,84,94,0,118,0,0,0,0
131185,4:38:21 PM,75,97,0,126,0,0,0,0
131186,4:38:21 PM,65,75,0,106,0,0,0,0
131187,4:38:21 PM,77,85,0,88,0,0,0,0
131188,4:38:21 PM,76,72,0,102,0,0,0,0
131189,4:38:21 PM,81,77,0,103,0,0,0,0
131190,4:38:21 PM,99,74,0,116,0,0,0,0
131191,4:38:21 PM,65,70,0,97,0,0,0,0
131192,4:38:21 PM,84,79,0,102,0,0,0,0
131193,4:38:21 PM,76,86,0,100,0,0,0,0
131194,4:38:21 PM,92,69,0,84,0,0,0,0
131195,4:38:21 PM,72,77,0,102,0,0,0,0
131196,4:38:21 PM,68,94,0,92,0,0,0,0
131197,4:38:21 PM,69,91,0,106,0,0,0,0
131198,4:38:21 PM,76,93,0,93,0,0,0,0
131199,4:38:21 PM,65,83,0,103,0,0,0,0
131200,4:38:21 PM,61,82,0,113,0,0,0,0
131201,4:38:31 PM,86,84,0,116,0,0,0,0
131202,4:38:31 PM,75,92,0,97,0,0,0,0
131203,4:38:31 PM,85,78,0,101,0,0,0,0
131204,4:38:31 PM,68,84,0,106,0,0,0,0
131205,4:38:31 PM,74,81,0,114,0,0,0,0
131206,4:38:31 PM,66,81,0,98,0,0,0,0
131207,4:38:31 PM,83,83,0,94,0,0,0,0
131208,4:38:31 PM,70,83,0,95,0,0,0,0
131209,4:38:31 PM,87,78,0,112,0,0,0,0
131210,4:38:31 PM,81,91,0,100,0,0,0,0
131211,4:38:31 PM,64,90,0,127,0,0,0,0
131212,4:38:31 PM,86,79,0,105,0,0,0,0
131213,4:38:31 PM,86,74,0,103,0,0,0,0
131214,4:38:31 PM,76,85,0,105,0,0,0,0
131215,4:38:31 PM,63,87,0,109,0,0,0,0
131216,4:38:31 PM,81,91,0,110,0,0,0,0
131217,4:38:31 PM,62,100,0,117,0,0,0,0
131218,4:38:31 PM,68,78,0,122,0,0,0,0
131219,4:38:31 PM,69,83,0,95,0,0,0,0
131220,4:38:31 PM,90,67,0,111,0,0,0,0
131221,4:38:31 PM,76,86,0,102,0,0,0,0
131222,4:38:31 PM,74,99,0,98,0,0,0,0
131223,4:38:31 PM,68,87,0,97,0,0,0,0
131224,4:38:31 PM,67,101,0,85,0,0,0,0
131225,4:38:31 PM,83,80,0,104,0,0,0,0
131226,4:38:31 PM,76,87,0,110,0,0,0,0
131227,4:38:31 PM,68,85,0,117,0,0,0,0
131228,4:38:31 PM,78,80,0,96,0,0,0,0
131229,4:38:31 PM,69,89,0,90,0,0,0,0
131230,4:38:31 PM,77,82,0,105,0,0,0,0
131231,4:38:31 PM,55,79,0,111,0,0,0,0
131232,4:38:31 PM,65,85,0,105,0,0,0,0
131233,4:38:31 PM,60,82,0,89,0,0,0,0
131234,4:38:31 PM,64,94,0,87,0,0,0,0
131235,4:38:31 PM,63,76,0,120,0,0,0,0
131236,4:38:31 PM,64,88,0,124,0,0,0,0
131237,4:38:31 PM,67,93,0,105,0,0,0,0
131238,4:38:31 PM,77,83,0,105,0,0,0,0
131239,4:38:31 PM,90,74,0,98,0,0,0,0
131240,4:38:31 PM,71,77,0,94,0,0,0,0
131241,4:38:31 PM,77,83,0,93,0,0,0,0
131242,4:38:31 PM,71,82,0,116,0,0,0,0
131243,4:38:31 PM,85,71,0,102,0,0,0,0
131244,4:38:31 PM,68,95,0,89,0,0,0,0
131245,4:38:31 PM,67,74,0,101,0,0,0,0
131246,4:38:31 PM,78,79,0,98,0,0,0,0
131247,4:38:31 PM,91,90,0,125,0,0,0,0
131248,4:38:31 PM,94,89,0,95,0,0,0,0
131249,4:38:31 PM,87,78,0,81,0,0,0,0
131250,4:38:31 PM,79,110,0,104,0,0,0,0
131251,4:38:31 PM,81,80,0,111,0,0,0,0
131252,4:38:31 PM,76,77,0,99,0,0,0,0
131253,4:38:31 PM,70,84,0,106,0,0,0,0
131254,4:38:31 PM,82,89,0,96,0,0,0,0
131255,4:38:31 PM,73,76,0,95,0,0,0,0
131256,4:38:31 PM,73,89,0,104,0,0,0,0
131257,4:38:31 PM,75,78,0,117,0,0,0,0
131258,4:38:31 PM,68,66,0,112,0,0,0,0
131259,4:38:31 PM,75,78,0,97,0,0,0,0
131260,4:38:31 PM,96,70,0,114,0,0,0,0
131261,4:38:31 PM,79,99,0,98,0,0,0,0
131262,4:38:31 PM,68,72,0,116,0,0,0,0
131263,4:38:31 PM,83,85,0,100,0,0,0,0
131264,4:38:31 PM,70,87,0,120,0,0,0,0
131265,4:38:31 PM,83,89,0,103,0,0,0,0
131266,4:38:31 PM,97,80,0,107,0,0,0,0
131267,4:38:31 PM,82,96,0,107,0,0,0,0
131268,4:38:31 PM,68,84,0,106,0,0,0,0
131269,4:38:31 PM,65,92,0,96,0,0,0,0
131270,4:38:31 PM,59,86,0,105,0,0,0,0
131271,4:38:31 PM,68,91,0,100,0,0,0,0
131272,4:38:31 PM,79,97,0,97,0,0,0,0
131273,4:38:31 PM,80,90,0,99,0,0,0,0
131274,4:38:31 PM,73,77,0,114,0,0,0,0
131275,4:38:31 PM,73,85,0,95,0,0,0,0
131276,4:38:31 PM,77,88,0,106,0,0,0,0
131277,4:38:31 PM,78,78,0,104,0,0,0,0
131278,4:38:31 PM,74,71,0,99,0,0,0,0
131279,4:38:31 PM,80,90,0,89,0,0,0,0
131280,4:38:31 PM,85,82,0,101,0,0,0,0
131281,4:38:31 PM,78,81,0,105,0,0,0,0
131282,4:38:31 PM,73,88,0,106,0,0,0,0
131283,4:38:31 PM,72,82,0,112,0,0,0,0
131284,4:38:31 PM,79,103,0,110,0,0,0,0
131285,4:38:31 PM,79,72,0,102,0,0,0,0
131286,4:38:31 PM,66,83,0,104,0,0,0,0
131287,4:38:31 PM,79,78,0,101,0,0,0,0
131288,4:38:31 PM,79,87,0,86,0,0,0,0
131289,4:38:31 PM,82,63,0,105,0,0,0,0
131290,4:38:31 PM,77,85,0,109,0,0,0,0
131291,4:38:31 PM,81,84,0,105,0,0,0,0
131292,4:38:31 PM,61,65,0,110,0,0,0,0
131293,4:38:31 PM,89,92,0,115,0,0,0,0
131294,4:38:31 PM,77,69,0,100,0,0,0,0
131295,4:38:31 PM,57,79,0,94,0,0,0,0
131296,4:38:31 PM,78,76,0,121,0,0,0,0
131297,4:38:31 PM,88,90,0,101,0,0,0,0
131298,4:38:31 PM,86,97,0,104,0,0,0,0
131299,4:38:31 PM,66,84,0,116,0,0,0,0
131300,4:38:31 PM,70,101,0,115,0,0,0,0
131301,4:38:31 PM,70,92,0,99,0,0,0,0
131302,4:38:31 PM,93,73,0,102,0,0,0,0
131303,4:38:31 PM,71,96,0,98,0,0,0,0
131304,4:38:31 PM,83,74,0,118,0,0,0,0
131305,4:38:31 PM,81,69,0,122,0,0,0,0
131306,4:38:31 PM,85,85,0,111,0,0,0,0
131307,4:38:31 PM,75,78,0,119,0,0,0,0
131308,4:38:31 PM,82,65,0,120,0,0,0,0
131309,4:38:31 PM,68,91,0,96,0,0,0,0
131310,4:38:31 PM,90,76,0,101,0,0,0,0
131311,4:38:31 PM,71,73,0,112,0,0,0,0
131312,4:38:31 PM,70,93,0,101,0,0,0,0
131313,4:38:31 PM,65,95,0,113,0,0,0,0
131314,4:38:31 PM,80,75,0,120,0,0,0,0
131315,4:38:31 PM,70,83,0,120,0,0,0,0
131316,4:38:31 PM,75,78,0,99,0,0,0,0
131317,4:38:31 PM,79,93,0,119,0,0,0,0
131318,4:38:31 PM,73,96,0,90,0,0,0,0
131319,4:38:31 PM,74,88,0,95,0,0,0,0
131320,4:38:31 PM,88,79,0,95,0,0,0,0
131321,4:38:31 PM,83,88,0,111,0,0,0,0
131322,4:38:31 PM,86,98,0,110,0,0,0,0
131323,4:38:31 PM,63,89,0,118,0,0,0,0
131324,4:38:31 PM,66,82,0,113,0,0,0,0
131325,4:38:31 PM,82,96,0,103,0,0,0,0
131326,4:38:31 PM,74,83,0,101,0,0,0,0
131327,4:38:31 PM,78,74,0,98,0,0,0,0
131328,4:38:31 PM,75,75,0,91,0,0,0,0
131329,4:38:41 PM,88,81,0,121,0,0,0,0
131330,4:38:41 PM,72,70,0,108,0,0,0,0
131331,4:38:41 PM,74,70,0,110,0,0,0,0
131332,4:38:41 PM,71,90,0,96,0,0,0,0
131333,4:38:41 PM,82,82,0,85,0,0,0,0
131334,4:38:41 PM,87,89,0,99,0,0,0,0
131335,4:38:41 PM,83,91,0,99,0,0,0,0
131336,4:38:41 PM,80,95,0,99,0,0,0,0
131337,4:38:41 PM,70,80,0,107,0,0,0,0
131338,4:38:41 PM,86,87,0,118,0,0,0,0
131339,4:38:41 PM,69,70,0,95,0,0,0,0
131340,4:38:41 PM,77,81,0,105,0,0,0,0
131341,4:38:41 PM,99,103,0,108,0,0,0,0
131342,4:38:41 PM,93,90,0,88,0,0,0,0
131343,4:38:41 PM,101,99,0,116,0,0,0,0
131344,4:38:41 PM,63,81,0,97,0,0,0,0
131345,4:38:41 PM,75,88,0,82,0,0,0,0
131346,4:38:41 PM,63,90,0,104,0,0,0,0
131347,4:38:41 PM,78,75,0,91,0,0,0,0
131348,4:38:41 PM,73,84,0,100,0,0,0,0
131349,4:38:41 PM,64,76,0,106,0,0,0,0
131350,4:38:41 PM,67,90,0,115,0,0,0,0
131351,4:38:41 PM,76,74,0,92,0,0,0,0
131352,4:38:41 PM,90,66,0,104,0,0,0,0
131353,4:38:41 PM,74,84,0,87,0,0,0,0
131354,4:38:41 PM,80,88,0,129,0,0,0,0
131355,4:38:41 PM,79,87,0,99,0,0,0,0
131356,4:38:41 PM,90,69,0,85,0,0,0,0
131357,4:38:41 PM,60,95,0,89,0,0,0,0
131358,4:38:41 PM,71,89,0,118,0,0,0,0
131359,4:38:41 PM,72,92,0,100,0,0,0,0
131360,4:38:41 PM,65,84,0,80,0,0,0,0
131361,4:38:41 PM,79,88,0,103,0,0,0,0
131362,4:38:41 PM,72,91,0,103,0,0,0,0
131363,4:38:41 PM,79,77,0,104,0,0,0,0
131364,4:38:41 PM,69,90,0,122,0,0,0,0
131365,4:38:41 PM,67,82,0,101,0,0,0,0
131366,4:38:41 PM,73,92,0,129,0,0,0,0
131367,4:38:41 PM,76,87,0,113,0,0,0,0
131368,4:38:41 PM,90,74,0,121,0,0,0,0
131369,4:38:41 PM,89,71,0,107,0,0,0,0
131370,4:38:41 PM,78,71,0,100,0,0,0,0
131371,4:38:41 PM,82,75,0,87,0,0,0,0
131372,4:38:41 PM,62,72,0,93,0,0,0,0
131373,4:38:41 PM,83,80,0,100,0,0,0,0
131374,4:38:41 PM,76,73,0,104,0,0,0,0
131375,4:38:41 PM,72,79,0,90,0,0,0,0
131376,4:38:41 PM,88,98,0,116,0,0,0,0
131377,4:38:41 PM,85,72,0,94,0,0,0,0
131378,4:38:41 PM,76,82,0,108,0,0,0,0
131379,4:38:41 PM,68,90,0,106,0,0,0,0
131380,4:38:41 PM,84,97,0,111,0,0,0,0
131381,4:38:41 PM,72,83,0,112,0,0,0,0
131382,4:38:41 PM,74,87,0,98,0,0,0,0
131383,4:38:41 PM,80,83,0,99,0,0,0,0
131384,4:38:41 PM,75,88,0,98,0,0,0,0
131385,4:38:41 PM,77,92,0,100,0,0,0,0
131386,4:38:41 PM,79,79,0,115,0,0,0,0
131387,4:38:41 PM,77,101,0,115,0,0,0,0
131388,4:38:41 PM,99,91,0,113,0,0,0,0
131389,4:38:41 PM,72,92,0,108,0,0,0,0
131390,4:38:41 PM,64,102,0,96,0,0,0,0
131391,4:38:41 PM,77,87,0,108,0,0,0,0
131392,4:38:41 PM,89,78,0,94,0,0,0,0
131393,4:38:41 PM,84,89,0,110,0,0,0,0
131394,4:38:41 PM,94,85,0,117,0,0,0,0
131395,4:38:41 PM,73,106,0,117,0,0,0,0
131396,4:38:41 PM,70,91,0,115,0,0,0,0
131397,4:38:41 PM,70,72,0,103,0,0,0,0
131398,4:38:41 PM,67,77,0,110,0,0,0,0
131399,4:38:41 PM,80,82,0,117,0,0,0,0
131400,4:38:41 PM,64,83,0,96,0,0,0,0
131401,4:38:41 PM,83,91,0,92,0,0,0,0
131402,4:38:41 PM,66,73,0,123,0,0,0,0
131403,4:38:41 PM,71,105,0,103,0,0,0,0
131404,4:38:41 PM,74,77,0,98,0,0,0,0
131405,4:38:41 PM,70,95,0,106,0,0,0,0
131406,4:38:41 PM,76,63,0,106,0,0,0,0
131407,4:38:41 PM,89,82,0,105,0,0,0,0
131408,4:38:41 PM,81,81,0,93,0,0,0,0
131409,4:38:41 PM,78,86,0,83,0,0,0,0
131410,4:38:41 PM,72,85,0,107,0,0,0,0
131411,4:38:41 PM,76,72,0,98,0,0,0,0
131412,4:38:41 PM,91,73,0,113,0,0,0,0
131413,4:38:41 PM,82,99,0,115,0,0,0,0
131414,4:38:41 PM,72,84,0,95,0,0,0,0
131415,4:38:41 PM,82,77,0,97,0,0,0,0
131416,4:38:41 PM,85,82,0,91,0,0,0,0
131417,4:38:41 PM,79,75,0,96,0,0,0,0
131418,4:38:41 PM,97,78,0,104,0,0,0,0
131419,4:38:41 PM,79,76,0,83,0,0,0,0
131420,4:38:41 PM,84,67,0,113,0,0,0,0
131421,4:38:41 PM,65,84,0,122,0,0,0,0
131422,4:38:41 PM,62,88,0,105,0,0,0,0
131423,4:38:41 PM,71,82,0,123,0,0,0,0
131424,4:38:41 PM,71,82,0,109,0,0,0,0
131425,4:38:41 PM,80,66,0,103,0,0,0,0
131426,4:38:41 PM,77,100,0,95,0,0,0,0
131427,4:38:41 PM,95,80,0,108,0,0,0,0
131428,4:38:41 PM,81,83,0,100,0,0,0,0
131429,4:38:41 PM,89,87,0,104,0,0,0,0
131430,4:38:41 PM,76,80,0,83,0,0,0,0
131431,4:38:41 PM,97,85,0,111,0,0,0,0
131432,4:38:41 PM,72,80,0,107,0,0,0,0
131433,4:38:41 PM,67,86,0,109,0,0,0,0
131434,4:38:41 PM,93,95,0,98,0,0,0,0
131435,4:38:41 PM,80,85,0,96,0,0,0,0
131436,4:38:41 PM,74,86,0,114,0,0,0,0
131437,4:38:41 PM,60,78,0,90,0,0,0,0
131438,4:38:41 PM,75,89,0,106,0,0,0,0
131439,4:38:41 PM,80,89,0,108,0,0,0,0
131440,4:38:41 PM,68,93,0,104,0,0,0,0
131441,4:38:41 PM,85,89,0,87,0,0,0,0
131442,4:38:41 PM,75,108,0,104,0,0,0,0
131443,4:38:41 PM,62,96,0,102,0,0,0,0
131444,4:38:41 PM,68,98,0,104,0,0,0,0
131445,4:38:41 PM,70,85,0,129,0,0,0,0
131446,4:38:41 PM,66,88,0,102,0,0,0,0
131447,4:38:41 PM,79,99,0,103,0,0,0,0
131448,4:38:41 PM,87,73,0,101,0,0,0,0
131449,4:38:41 PM,79,77,0,110,0,0,0,0
131450,4:38:41 PM,77,88,0,102,0,0,0,0
131451,4:38:41 PM,72,78,0,100,0,0,0,0
131452,4:38:41 PM,87,73,0,109,0,0,0,0
131453,4:38:41 PM,97,93,0,81,0,0,0,0
131454,4:38:41 PM,90,72,0,101,0,0,0,0
131455,4:38:41 PM,67,89,0,112,0,0,0,0
131456,4:38:41 PM,85,86,0,100,0,0,0,0
131457,4:38:51 PM,69,108,0,105,0,0,0,0
131458,4:38:51 PM,97,73,0,123,0,0,0,0
131459,4:38:51 PM,70,102,0,116,0,0,0,0
131460,4:38:51 PM,98,91,0,110,0,0,0,0
131461,4:38:51 PM,70,81,0,109,0,0,0,0
131462,4:38:51 PM,79,72,0,89,0,0,0,0
131463,4:38:51 PM,74,83,0,110,0,0,0,0
131464,4:38:51 PM,63,84,0,99,0,0,0,0
131465,4:38:51 PM,85,100,0,98,0,0,0,0
131466,4:38:51 PM,75,65,0,122,0,0,0,0
131467,4:38:51 PM,74,83,0,88,0,0,0,0
131468,4:38:51 PM,76,81,0,121,0,0,0,0
131469,4:38:51 PM,61,77,0,100,0,0,0,0
131470,4:38:51 PM,71,76,0,104,0,0,0,0
131471,4:38:51 PM,75,87,0,96,0,0,0,0
131472,4:38:51 PM,61,77,0,110,0,0,0,0
131473,4:38:51 PM,62,100,0,108,0,0,0,0
131474,4:38:51 PM,69,74,0,106,0,0,0,0
131475,4:38:51 PM,64,89,0,107,0,0,0,0
131476,4:38:51 PM,66,73,0,96,0,0,0,0
131477,4:38:51 PM,83,63,0,94,0,0,0,0
131478,4:38:51 PM,69,77,0,97,0,0,0,0
131479,4:38:51 PM,82,85,0,115,0,0,0,0
131480,4:38:51 PM,96,85,0,106,0,0,0,0
131481,4:38:51 PM,95,100,0,107,0,0,0,0
131482,4:38:51 PM,83,72,0,105,0,0,0,0
131483,4:38:51 PM,74,96,0,114,0,0,0,0
131484,4:38:51 PM,88,86,0,84,0,0,0,0
131485,4:38:51 PM,77,97,0,100,0,0,0,0
131486,4:38:51 PM,82,92,0,94,0,0,0,0
131487,4:38:51 PM,68,69,0,100,0,0,0,0
131488,4:38:51 PM,72,79,0,118,0,0,0,0
131489,4:38:51 PM,75,81,0,95,0,0,0,0
131490,4:38:51 PM,85,86,0,98,0,0,0,0
131491,4:38:51 PM,76,89,0,117,0,0,0,0
131492,4:38:51 PM,100,79,0,96,0,0,0,0
131493,4:38:51 PM,80,86,0,119,0,0,0,0
131494,4:38:51 PM,81,79,0,112,0,0,0,0
131495,4:38:51 PM,54,97,0,88,0,0,0,0
131496,4:38:51 PM,78,86,0,103,0,0,0,0
131497,4:38:51 PM,82,86,0,101,0,0,0,0
131498,4:38:51 PM,68,97,0,100,0,0,0,0
131499,4:38:51 PM,85,76,0,100,0,0,0,0
131500,4:38:51 PM,72,101,0,113,0,0,0,0
131501,4:38:51 PM,75,80,0,100,0,0,0,0
131502,4:38:51 PM,75,94,0,117,0,0,0,0
131503,4:38:51 PM,81,78,0,94,0,0,0,0
131504,4:38:51 PM,95,70,0,85,0,0,0,0
131505,4:38:51 PM,82,85,0,92,0,0,0,0
131506,4:38:51 PM,80,98,0,111,0,0,0,0
131507,4:38:51 PM,86,85,0,86,0,0,0,0
131508,4:38:51 PM,81,69,0,102,0,0,0,0
131509,4:38:51 PM,58,86,0,96,0,0,0,0
131510,4:38:51 PM,73,98,0,111,0,0,0,0
131511,4:38:51 PM,86,75,0,103,0,0,0,0
131512,4:38:51 PM,72,81,0,105,0,0,0,0
131513,4:38:51 PM,71,80,0,96,0,0,0,0
131514,4:38:51 PM,77,64,0,112,0,0,0,0
131515,4:38:51 PM,79,95,0,103,0,0,0,0
131516,4:38:51 PM,59,97,0,102,0,0,0,0
131517,4:38:51 PM,78,86,0,90,0,0,0,0
131518,4:38:51 PM,74,86,0,101,0,0,0,0
131519,4:38:51 PM,73,101,0,96,0,0,0,0
131520,4:38:51 PM,87,79,0,108,0,0,0,0
131521,4:38:51 PM,78,99,0,81,0,0,0,0
131522,4:38:51 PM,82,74,0,91,0,0,0,0
131523,4:38:51 PM,82,106,0,83,0,0,0,0
131524,4:38:51 PM,82,84,0,99,0,0,0,0
131525,4:38:51 PM,77,73,0,104,0,0,0,0
131526,4:38:51 PM,91,63,0,113,0,0,0,0
131527,4:38:51 PM,85,96,0,94,0,0,0,0
131528,4:38:51 PM,77,71,0,110,0,0,0,0
131529,4:38:51 PM,72,71,0,120,0,0,0,0
131530,4:38:51 PM,78,78,0,96,0,0,0,0
131531,4:38:51 PM,87,75,0,115,0,0,0,0
131532,4:38:51 PM,86,79,0,97,0,0,0,0
131533,4:38:51 PM,79,65,0,104,0,0,0,0
131534,4:38:51 PM,83,85,0,96,0,0,0,0
131535,4:38:51 PM,83,72,0,93,0,0,0,0
131536,4:38:51 PM,61,91,0,139,0,0,0,0
131537,4:38:51 PM,83,92,0,118,0,0,0,0
131538,4:38:51 PM,71,67,0,110,0,0,0,0
131539,4:38:51 PM,77,99,0,110,0,0,0,0
131540,4:38:51 PM,80,110,0,82,0,0,0,0
131541,4:38:51 PM,74,82,0,85,0,0,0,0
131542,4:38:51 PM,79,71,0,109,0,0,0,0
131543,4:38:51 PM,75,88,0,85,0,0,0,0
131544,4:38:51 PM,71,80,0,107,0,0,0,0
131545,4:38:51 PM,67,83,0,93,0,0,0,0
131546,4:38:51 PM,63,93,0,95,0,0,0,0
131547,4:38:51 PM,70,78,0,90,0,0,0,0
131548,4:38:51 PM,72,83,0,111,0,0,0,0
131549,4:38:51 PM,74,107,0,93,0,0,0,0
131550,4:38:51 PM,70,85,0,124,0,0,0,0
131551,4:38:51 PM,76,80,0,99,0,0,0,0
131552,4:38:51 PM,78,84,0,103,0,0,0,0
131553,4:38:51 PM,84,75,0,115,0,0,0,0
131554,4:38:51 PM,77,88,0,99,0,0,0,0
131555,4:38:51 PM,88,92,0,112,0,0,0,0
131556,4:38:51 PM,74,77,0,118,0,0,0,0
131557,4:38:51 PM,75,90,0,87,0,0,0,0
131558,4:38:51 PM,73,80,0,114,0,0,0,0
131559,4:38:51 PM,80,87,0,106,0,0,0,0
131560,4:38:51 PM,75,91,0,97,0,0,0,0
131561,4:38:51 PM,78,83,0,104,0,0,0,0
131562,4:38:51 PM,73,89,0,91,0,0,0,0
131563,4:38:51 PM,74,87,0,108,0,0,0,0
131564,4:38:51 PM,74,92,0,114,0,0,0,0
131565,4:38:51 PM,82,76,0,106,0,0,0,0
131566,4:38:51 PM,59,69,0,87,0,0,0,0
131567,4:38:51 PM,85,90,0,119,0,0,0,0
131568,4:38:51 PM,78,79,0,84,0,0,0,0
131569,4:38:51 PM,83,84,0,86,0,0,0,0
131570,4:38:51 PM,56,69,0,111,0,0,0,0
131571,4:38:51 PM,83,101,0,88,0,0,0,0
131572,4:38:51 PM,85,86,0,115,0,0,0,0
131573,4:38:51 PM,77,88,0,104,0,0,0,0
131574,4:38:51 PM,93,88,0,83,0,0,0,0
131575,4:38:51 PM,90,87,0,92,0,0,0,0
131576,4:38:51 PM,68,90,0,114,0,0,0,0
131577,4:38:51 PM,75,84,0,111,0,0,0,0
131578,4:38:51 PM,65,94,0,90,0,0,0,0
131579,4:38:51 PM,67,99,0,118,0,0,0,0
131580,4:38:51 PM,83,94,0,98,0,0,0,0
131581,4:38:51 PM,72,80,0,105,0,0,0,0
131582,4:38:51 PM,62,91,0,121,0,0,0,0
131583,4:38:51 PM,72,87,0,98,0,0,0,0
131584,4:38:51 PM,67,75,0,104,0,0,0,0
131585,4:39:02 PM,67,82,0,134,0,0,0,0
131586,4:39:02 PM,68,76,0,93,0,0,0,0
131587,4:39:02 PM,73,69,0,123,0,0,0,0
131588,4:39:02 PM,73,98,0,108,0,0,0,0
131589,4:39:02 PM,75,82,0,117,0,0,0,0
131590,4:39:02 PM,81,80,0,119,0,0,0,0
131591,4:39:02 PM,76,90,0,98,0,0,0,0
131592,4:39:02 PM,76,86,0,113,0,0,0,0
131593,4:39:02 PM,91,76,0,93,0,0,0,0
131594,4:39:02 PM,83,72,0,95,0,0,0,0
131595,4:39:02 PM,79,85,0,114,0,0,0,0
131596,4:39:02 PM,77,94,0,114,0,0,0,0
131597,4:39:02 PM,91,90,0,104,0,0,0,0
131598,4:39:02 PM,76,83,0,91,0,0,0,0
131599,4:39:02 PM,71,96,0,85,0,0,0,0
131600,4:39:02 PM,76,90,0,114,0,0,0,0
131601,4:39:02 PM,75,72,0,107,0,0,0,0
131602,4:39:02 PM,67,72,0,100,0,0,0,0
131603,4:39:02 PM,82,92,0,73,0,0,0,0
131604,4:39:02 PM,83,88,0,97,0,0,0,0
131605,4:39:02 PM,71,80,0,113,0,0,0,0
131606,4:39:02 PM,91,72,0,105,0,0,0,0
131607,4:39:02 PM,86,74,0,91,0,0,0,0
131608,4:39:02 PM,83,83,0,101,0,0,0,0
131609,4:39:02 PM,85,89,0,84,0,0,0,0
131610,4:39:02 PM,74,88,0,114,0,0,0,0
131611,4:39:02 PM,83,87,0,114,0,0,0,0
131612,4:39:02 PM,74,83,0,98,0,0,0,0
131613,4:39:02 PM,97,93,0,93,0,0,0,0
131614,4:39:02 PM,73,78,0,119,0,0,0,0
131615,4:39:02 PM,84,101,0,101,0,0,0,0
131616,4:39:02 PM,65,89,0,119,0,0,0,0
131617,4:39:02 PM,72,78,0,101,0,0,0,0
131618,4:39:02 PM,73,87,0,96,0,0,0,0
131619,4:39:02 PM,64,78,0,109,0,0,0,0
131620,4:39:02 PM,77,72,0,105,0,0,0,0
131621,4:39:02 PM,89,95,0,108,0,0,0,0
131622,4:39:02 PM,72,95,0,110,0,0,0,0
131623,4:39:02 PM,73,83,0,116,0,0,0,0
131624,4:39:02 PM,85,78,0,115,0,0,0,0
131625,4:39:02 PM,74,95,0,112,0,0,0,0
131626,4:39:02 PM,83,81,0,100,0,0,0,0
131627,4:39:02 PM,79,76,0,94,0,0,0,0
131628,4:39:02 PM,77,77,0,95,0,0,0,0
131629,4:39:02 PM,72,87,0,99,0,0,0,0
131630,4:39:02 PM,58,69,0,94,0,0,0,0
131631,4:39:02 PM,77,70,0,100,0,0,0,0
131632,4:39:02 PM,78,80,0,113,0,0,0,0
131633,4:39:02 PM,89,84,0,98,0,0,0,0
131634,4:39:02 PM,65,88,0,102,0,0,0,0
131635,4:39:02 PM,80,92,0,113,0,0,0,0
131636,4:39:02 PM,75,84,0,96,0,0,0,0
131637,4:39:02 PM,75,83,0,90,0,0,0,0
131638,4:39:02 PM,73,83,0,104,0,0,0,0
131639,4:39:02 PM,92,74,0,113,0,0,0,0
131640,4:39:02 PM,69,85,0,105,0,0,0,0
131641,4:39:02 PM,65,80,0,94,0,0,0,0
131642,4:39:02 PM,71,98,0,94,0,0,0,0
131643,4:39:02 PM,78,82,0,96,0,0,0,0
131644,4:39:02 PM,81,88,0,99,0,0,0,0
131645,4:39:02 PM,71,105,0,97,0,0,0,0
131646,4:39:02 PM,81,80,0,120,0,0,0,0
131647,4:39:02 PM,72,105,0,99,0,0,0,0
131648,4:39:02 PM,74,83,0,98,0,0,0,0
131649,4:39:02 PM,79,78,0,110,0,0,0,0
131650,4:39:02 PM,74,80,0,116,0,0,0,0
131651,4:39:02 PM,85,85,0,96,0,0,0,0
131652,4:39:02 PM,85,80,0,111,0,0,0,0
131653,4:39:02 PM,79,74,0,106,0,0,0,0
131654,4:39:02 PM,45,82,0,107,0,0,0,0
131655,4:39:02 PM,71,92,0,110,0,0,0,0
131656,4:39:02 PM,77,94,0,87,0,0,0,0
131657,4:39:02 PM,67,80,0,78,0,0,0,0
131658,4:39:02 PM,75,84,0,100,0,0,0,0
131659,4:39:02 PM,78,93,0,102,0,0,0,0
131660,4:39:02 PM,67,73,0,106,0,0,0,0
131661,4:39:02 PM,71,95,0,110,0,0,0,0
131662,4:39:02 PM,75,89,0,92,0,0,0,0
131663,4:39:02 PM,78,90,0,123,0,0,0,0
131664,4:39:02 PM,81,85,0,110,0,0,0,0
131665,4:39:02 PM,86,91,0,86,0,0,0,0
131666,4:39:02 PM,68,95,0,96,0,0,0,0
131667,4:39:02 PM,75,71,0,111,0,0,0,0
131668,4:39:02 PM,76,87,0,98,0,0,0,0
131669,4:39:02 PM,85,87,0,96,0,0,0,0
131670,4:39:02 PM,79,77,0,103,0,0,0,0
131671,4:39:02 PM,88,77,0,111,0,0,0,0
131672,4:39:02 PM,71,74,0,108,0,0,0,0
131673,4:39:02 PM,71,85,0,100,0,0,0,0
131674,4:39:02 PM,88,88,0,102,0,0,0,0
131675,4:39:02 PM,64,74,0,120,0,0,0,0
131676,4:39:02 PM,69,89,0,110,0,0,0,0
131677,4:39:02 PM,69,86,0,127,0,0,0,0
131678,4:39:02 PM,76,86,0,111,0,0,0,0
131679,4:39:02 PM,72,95,0,102,0,0,0,0
131680,4:39:02 PM,94,102,0,119,0,0,0,0
131681,4:39:02 PM,86,88,0,94,0,0,0,0
131682,4:39:02 PM,80,88,0,93,0,0,0,0
131683,4:39:02 PM,64,76,0,124,0,0,0,0
131684,4:39:02 PM,75,75,0,104,0,0,0,0
131685,4:39:02 PM,84,81,0,105,0,0,0,0
131686,4:39:02 PM,88,96,0,86,0,0,0,0
131687,4:39:02 PM,95,87,0,106,0,0,0,0
131688,4:39:02 PM,68,79,0,99,0,0,0,0
131689,4:39:02 PM,97,94,0,96,0,0,0,0
131690,4:39:02 PM,95,86,0,103,0,0,0,0
131691,4:39:02 PM,77,91,0,112,0,0,0,0
131692,4:39:02 PM,77,90,0,117,0,0,0,0
131693,4:39:02 PM,69,92,0,97,0,0,0,0
131694,4:39:02 PM,73,88,0,101,0,0,0,0
131695,4:39:02 PM,84,76,0,92,0,0,0,0
131696,4:39:02 PM,80,85,0,94,0,0,0,0
131697,4:39:02 PM,78,70,0,93,0,0,0,0
131698,4:39:02 PM,79,67,0,102,0,0,0,0
131699,4:39:02 PM,74,81,0,108,0,0,0,0
131700,4:39:02 PM,70,84,0,103,0,0,0,0
131701,4:39:02 PM,72,88,0,85,0,0,0,0
131702,4:39:02 PM,80,84,0,122,0,0,0,0
131703,4:39:02 PM,78,70,0,108,0,0,0,0
131704,4:39:02 PM,79,79,0,105,0,0,0,0
131705,4:39:02 PM,84,77,0,90,0,0,0,0
131706,4:39:02 PM,82,88,0,107,0,0,0,0
131707,4:39:02 PM,93,83,0,98,0,0,0,0
131708,4:39:02 PM,72,85,0,93,0,0,0,0
131709,4:39:02 PM,48,73,0,112,0,0,0,0
131710,4:39:02 PM,75,85,0,108,0,0,0,0
131711,4:39:02 PM,72,104,0,113,0,0,0,0
131712,4:39:02 PM,80,66,0,105,0,0,0,0
131713,4:39:12 PM,76,84,0,102,0,0,0,0
131714,4:39:12 PM,62,80,0,106,0,0,0,0
131715,4:39:12 PM,67,94,0,91,0,0,0,0
131716,4:39:12 PM,83,92,0,93,0,0,0,0
131717,4:39:12 PM,68,73,0,113,0,0,0,0
131718,4:39:12 PM,95,96,0,103,0,0,0,0
131719,4:39:12 PM,71,80,0,89,0,0,0,0
131720,4:39:12 PM,68,98,0,99,0,0,0,0
131721,4:39:12 PM,81,70,0,92,0,0,0,0
131722,4:39:12 PM,81,99,0,127,0,0,0,0
131723,4:39:12 PM,75,71,0,82,0,0,0,0
131724,4:39:12 PM,82,84,0,103,0,0,0,0
131725,4:39:12 PM,84,95,0,91,0,0,0,0
131726,4:39:12 PM,65,88,0,100,0,0,0,0
131727,4:39:12 PM,62,85,0,97,0,0,0,0
131728,4:39:12 PM,66,86,0,115,0,0,0,0
131729,4:39:12 PM,86,93,0,83,0,0,0,0
131730,4:39:12 PM,67,92,0,103,0,0,0,0
131731,4:39:12 PM,55,82,0,104,0,0,0,0
131732,4:39:12 PM,74,67,0,94,0,0,0,0
131733,4:39:12 PM,84,81,0,99,0,0,0,0
131734,4:39:12 PM,99,90,0,102,0,0,0,0
131735,4:39:12 PM,77,89,0,120,0,0,0,0
131736,4:39:12 PM,61,79,0,109,0,0,0,0
131737,4:39:12 PM,73,82,0,105,0,0,0,0
131738,4:39:12 PM,79,72,0,115,0,0,0,0
131739,4:39:12 PM,81,89,0,89,0,0,0,0
131740,4:39:12 PM,79,76,0,112,0,0,0,0
131741,4:39:12 PM,76,80,0,96,0,0,0,0
131742,4:39:12 PM,64,86,0,72,0,0,0,0
131743,4:39:12 PM,62,106,0,125,0,0,0,0
131744,4:39:12 PM,77,92,0,95,0,0,0,0
131745,4:39:12 PM,88,98,0,125,0,0,0,0
131746,4:39:12 PM,69,92,0,108,0,0,0,0
131747,4:39:12 PM,64,86,0,105,1,0,0,0
131748,4:39:12 PM,74,81,0,107,0,0,0,0
131749,4:39:12 PM,66,77,0,104,0,0,0,0
131750,4:39:12 PM,74,83,0,82,0,0,0,0
131751,4:39:12 PM,84,99,0,105,0,0,0,0
131752,4:39:12 PM,97,85,0,124,0,0,0,0
131753,4:39:12 PM,90,101,0,120,0,0,0,0
131754,4:39:12 PM,88,98,0,94,0,0,0,0
131755,4:39:12 PM,65,76,0,114,0,0,0,0
131756,4:39:12 PM,84,92,0,115,0,0,0,0
131757,4:39:12 PM,85,100,0,95,0,0,0,0
131758,4:39:12 PM,68,87,0,96,0,0,0,0
131759,4:39:12 PM,75,100,0,103,0,0,0,0
131760,4:39:12 PM,70,90,0,97,0,0,0,0
131761,4:39:12 PM,75,61,0,101,0,0,0,0
131762,4:39:12 PM,72,88,0,112,0,0,0,0
131763,4:39:12 PM,69,87,0,94,0,0,0,0
131764,4:39:12 PM,86,103,0,102,0,0,0,0
131765,4:39:12 PM,66,88,0,103,0,0,0,0
131766,4:39:12 PM,77,82,0,91,0,0,0,0
131767,4:39:12 PM,76,92,0,109,0,0,0,0
131768,4:39:12 PM,84,100,0,120,0,0,0,0
131769,4:39:12 PM,68,76,0,114,0,0,0,0
131770,4:39:12 PM,75,91,0,110,0,0,0,0
131771,4:39:12 PM,81,93,0,117,0,0,0,0
131772,4:39:12 PM,85,90,0,96,0,0,0,0
131773,4:39:12 PM,70,72,0,105,0,0,0,0
131774,4:39:12 PM,83,86,0,97,0,0,0,0
131775,4:39:12 PM,66,85,0,112,0,0,0,0
131776,4:39:12 PM,79,89,0,95,0,0,0,0
131777,4:39:12 PM,84,84,0,115,0,0,0,0
131778,4:39:12 PM,79,85,0,98,0,0,0,0
131779,4:39:12 PM,75,82,0,97,0,0,0,0
131780,4:39:12 PM,91,81,0,116,0,0,0,0
131781,4:39:12 PM,78,97,0,101,0,0,0,0
131782,4:39:12 PM,79,96,0,89,0,0,0,0
131783,4:39:12 PM,68,85,0,115,0,0,0,0
131784,4:39:12 PM,61,102,0,105,0,0,0,0
131785,4:39:12 PM,82,89,0,92,0,0,0,0
131786,4:39:12 PM,73,97,0,99,0,0,0,0
131787,4:39:12 PM,82,97,0,105,0,0,0,0
131788,4:39:12 PM,79,76,0,101,0,0,0,0
131789,4:39:12 PM,61,73,0,110,0,0,0,0
131790,4:39:12 PM,87,87,0,96,0,0,0,0
131791,4:39:12 PM,79,81,0,113,0,0,0,0
131792,4:39:12 PM,82,84,0,91,0,0,0,0
131793,4:39:12 PM,84,93,0,98,0,0,0,0
131794,4:39:12 PM,74,79,0,110,0,0,0,0
131795,4:39:12 PM,78,86,0,116,0,0,0,0
131796,4:39:12 PM,60,85,0,105,0,0,0,0
131797,4:39:12 PM,86,73,0,92,0,0,0,0
131798,4:39:12 PM,70,77,0,105,0,0,0,0
131799,4:39:12 PM,76,78,0,106,0,0,0,0
131800,4:39:12 PM,78,72,0,78,0,0,0,0
131801,4:39:12 PM,81,80,0,94,0,0,0,0
131802,4:39:12 PM,81,74,0,102,0,0,0,0
131803,4:39:12 PM,90,73,0,100,0,0,0,0
131804,4:39:12 PM,78,85,0,97,0,0,0,0
131805,4:39:12 PM,86,81,0,95,0,0,0,0
131806,4:39:12 PM,85,84,0,94,0,0,0,0
131807,4:39:12 PM,74,77,0,81,0,0,0,0
131808,4:39:12 PM,84,85,0,100,0,0,0,0
131809,4:39:12 PM,67,105,0,95,0,0,0,0
131810,4:39:12 PM,81,82,0,126,0,0,0,0
131811,4:39:12 PM,99,76,0,111,0,0,0,0
131812,4:39:12 PM,73,90,0,100,0,0,0,0
131813,4:39:12 PM,75,90,0,113,0,0,0,0
131814,4:39:12 PM,69,87,0,117,0,0,0,0
131815,4:39:12 PM,75,90,0,108,0,0,0,0
131816,4:39:12 PM,77,82,0,93,0,0,0,0
131817,4:39:12 PM,85,82,0,100,0,0,0,0
131818,4:39:12 PM,83,86,0,123,0,0,0,0
131819,4:39:12 PM,75,83,0,99,0,0,0,0
131820,4:39:12 PM,69,92,0,94,0,0,0,0
131821,4:39:12 PM,69,84,0,75,0,0,0,0
131822,4:39:12 PM,81,71,0,105,0,0,0,0
131823,4:39:12 PM,73,75,0,111,0,0,0,0
131824,4:39:12 PM,65,72,0,105,0,0,0,0
131825,4:39:12 PM,72,73,0,109,0,0,0,0
131826,4:39:12 PM,78,70,0,105,0,0,0,0
131827,4:39:12 PM,64,83,0,95,0,0,0,0
131828,4:39:12 PM,84,71,0,109,0,0,0,0
131829,4:39:12 PM,72,91,0,106,0,0,0,0
131830,4:39:12 PM,63,88,0,138,0,0,0,0
131831,4:39:12 PM,61,92,0,120,0,0,0,0
131832,4:39:12 PM,85,87,0,80,0,0,0,0
131833,4:39:12 PM,70,83,0,112,0,0,0,0
131834,4:39:12 PM,64,91,0,113,0,0,0,0
131835,4:39:12 PM,72,97,0,119,0,0,0,0
131836,4:39:12 PM,96,88,0,95,0,0,0,0
131837,4:39:12 PM,74,67,0,113,0,0,0,0
131838,4:39:12 PM,79,80,0,110,0,0,0,0
131839,4:39:12 PM,94,104,0,98,0,0,0,0
131840,4:39:12 PM,67,82,0,106,0,0,0,0
131841,4:39:22 PM,82,84,0,87,0,0,0,0
131842,4:39:22 PM,81,91,0,98,0,0,0,0
131843,4:39:22 PM,75,78,0,113,1,0,0,0
131844,4:39:22 PM,74,83,0,83,0,0,0,0
131845,4:39:22 PM,65,81,0,88,0,0,0,0
131846,4:39:22 PM,61,86,0,83,0,0,0,0
131847,4:39:22 PM,98,101,0,101,0,0,0,0
131848,4:39:22 PM,83,85,0,114,0,0,0,0
131849,4:39:22 PM,77,82,0,109,0,0,0,0
131850,4:39:22 PM,78,77,0,108,0,0,0,0
131851,4:39:22 PM,89,75,0,106,0,0,0,0
131852,4:39:22 PM,95,95,0,104,0,0,0,0
131853,4:39:22 PM,72,77,0,105,0,0,0,0
131854,4:39:22 PM,75,85,0,91,0,0,0,0
131855,4:39:22 PM,69,80,0,99,0,0,0,0
131856,4:39:22 PM,69,99,0,108,0,0,0,0
131857,4:39:22 PM,91,88,0,97,0,0,0,0
131858,4:39:22 PM,92,88,0,113,0,0,0,0
131859,4:39:22 PM,84,73,0,107,0,0,0,0
131860,4:39:22 PM,78,92,0,100,0,0,0,0
131861,4:39:22 PM,59,80,0,93,0,0,0,0
131862,4:39:22 PM,96,65,0,111,0,0,0,0
131863,4:39:22 PM,95,89,0,117,0,0,0,0
131864,4:39:22 PM,50,85,0,122,0,0,0,0
131865,4:39:22 PM,81,95,0,103,0,0,0,0
131866,4:39:22 PM,61,89,0,105,0,0,0,0
131867,4:39:22 PM,93,74,0,88,0,0,0,0
131868,4:39:22 PM,74,74,0,111,0,0,0,0
131869,4:39:22 PM,68,68,0,109,0,0,0,0
131870,4:39:22 PM,72,85,0,117,0,0,0,0
131871,4:39:22 PM,63,84,0,96,0,0,0,0
131872,4:39:22 PM,87,84,0,86,0,0,0,0
131873,4:39:22 PM,95,82,0,102,0,0,0,0
131874,4:39:22 PM,87,95,0,93,0,0,0,0
131875,4:39:22 PM,82,81,0,85,0,0,0,0
131876,4:39:22 PM,75,86,0,106,0,0,0,0
131877,4:39:22 PM,77,74,0,109,0,0,0,0
131878,4:39:22 PM,72,96,0,96,0,0,0,0
131879,4:39:22 PM,67,75,0,101,0,0,0,0
131880,4:39:22 PM,74,79,0,97,0,0,0,0
131881,4:39:22 PM,88,78,0,100,0,0,0,0
131882,4:39:22 PM,67,85,0,110,0,0,0,0
131883,4:39:22 PM,58,87,0,117,0,0,0,0
131884,4:39:22 PM,81,92,0,121,0,0,0,0
131885,4:39:22 PM,77,81,0,89,0,0,0,0
131886,4:39:22 PM,87,96,0,101,0,0,0,0
131887,4:39:22 PM,59,94,0,98,0,0,0,0
131888,4:39:22 PM,76,94,0,97,0,0,0,0
131889,4:39:22 PM,86,84,0,105,0,0,0,0
131890,4:39:22 PM,64,92,0,133,0,0,0,0
131891,4:39:22 PM,82,83,0,110,0,0,0,0
131892,4:39:22 PM,86,89,0,129,0,0,0,0
131893,4:39:22 PM,60,79,0,107,0,0,0,0
131894,4:39:22 PM,93,92,0,116,0,0,0,0
131895,4:39:22 PM,83,104,0,89,0,0,0,0
131896,4:39:22 PM,79,82,0,108,0,0,0,0
131897,4:39:22 PM,85,76,0,95,0,0,0,0
131898,4:39:22 PM,74,80,0,102,0,0,0,0
131899,4:39:22 PM,68,72,0,75,0,0,0,0
131900,4:39:22 PM,76,88,0,101,0,0,0,0
131901,4:39:22 PM,80,101,0,105,0,0,0,0
131902,4:39:22 PM,65,74,0,99,0,0,0,0
131903,4:39:22 PM,68,82,0,99,0,0,0,0
131904,4:39:22 PM,83,75,0,106,0,0,0,0
131905,4:39:22 PM,71,81,0,110,0,0,0,0
131906,4:39:22 PM,89,88,0,96,0,0,0,0
131907,4:39:22 PM,57,81,0,111,0,0,0,0
131908,4:39:22 PM,78,77,0,109,0,0,0,0
131909,4:39:22 PM,72,86,0,108,0,0,0,0
131910,4:39:22 PM,76,83,0,127,0,0,0,0
131911,4:39:22 PM,76,94,0,110,0,0,0,0
131912,4:39:22 PM,85,97,0,110,0,0,0,0
131913,4:39:22 PM,80,86,0,89,0,0,0,0
131914,4:39:22 PM,85,91,0,93,0,0,0,0
131915,4:39:22 PM,70,87,0,90,0,0,0,0
131916,4:39:22 PM,78,93,0,103,0,0,0,0
131917,4:39:22 PM,84,85,0,102,0,0,0,0
131918,4:39:22 PM,78,90,0,91,0,0,0,0
131919,4:39:22 PM,61,84,0,104,0,0,0,0
131920,4:39:22 PM,73,82,0,92,0,0,0,0
131921,4:39:22 PM,78,81,0,103,0,0,0,0
131922,4:39:22 PM,73,108,0,85,0,0,0,0
131923,4:39:22 PM,74,93,0,105,0,0,0,0
131924,4:39:22 PM,64,74,0,96,0,0,0,0
131925,4:39:22 PM,67,77,0,108,0,0,0,0
131926,4:39:22 PM,78,84,0,110,0,0,0,0
131927,4:39:22 PM,90,89,0,91,0,0,0,0
131928,4:39:22 PM,59,82,0,108,0,0,0,0
131929,4:39:22 PM,75,92,0,106,0,0,0,0
131930,4:39:22 PM,88,76,0,91,0,0,0,0
131931,4:39:22 PM,87,69,0,106,0,0,0,0
131932,4:39:22 PM,84,89,0,111,0,0,0,0
131933,4:39:22 PM,83,96,0,99,0,0,0,0
131934,4:39:22 PM,79,87,0,116,0,0,0,0
131935,4:39:22 PM,75,82,0,102,0,0,0,0
131936,4:39:22 PM,80,84,0,95,0,0,0,0
131937,4:39:22 PM,66,91,0,102,0,0,0,0
131938,4:39:22 PM,74,71,0,101,0,0,0,0
131939,4:39:22 PM,85,75,0,101,0,0,0,0
131940,4:39:22 PM,78,76,0,98,0,0,0,0
131941,4:39:22 PM,65,97,0,100,0,0,0,0
131942,4:39:22 PM,78,91,0,102,0,0,0,0
131943,4:39:22 PM,83,88,0,110,0,0,0,0
131944,4:39:22 PM,97,77,0,106,0,0,0,0
131945,4:39:22 PM,80,87,0,110,0,0,0,0
131946,4:39:22 PM,69,87,0,140,0,0,0,0
131947,4:39:22 PM,63,90,0,101,0,0,0,0
131948,4:39:22 PM,84,90,0,91,0,0,0,0
131949,4:39:22 PM,84,87,0,104,0,0,0,0
131950,4:39:22 PM,65,83,0,95,0,0,0,0
131951,4:39:22 PM,83,90,0,89,0,0,0,0
131952,4:39:22 PM,85,84,0,103,0,0,0,0
131953,4:39:22 PM,84,70,0,110,0,0,0,0
131954,4:39:22 PM,74,96,0,125,0,0,0,0
131955,4:39:22 PM,65,89,0,92,0,0,0,0
131956,4:39:22 PM,75,96,0,120,0,0,0,0
131957,4:39:22 PM,79,90,0,85,0,0,0,0
131958,4:39:22 PM,84,82,0,95,0,0,0,0
131959,4:39:22 PM,79,79,0,120,0,0,0,0
131960,4:39:22 PM,72,78,0,105,0,0,0,0
131961,4:39:22 PM,72,74,0,135,0,0,0,0
131962,4:39:22 PM,67,101,0,90,0,0,0,0
131963,4:39:22 PM,75,88,0,105,0,0,0,0
131964,4:39:22 PM,57,80,0,87,0,0,0,0
131965,4:39:22 PM,67,84,0,108,0,0,0,0
131966,4:39:22 PM,88,80,0,105,0,0,0,0
131967,4:39:22 PM,82,87,0,125,0,0,0,0
131968,4:39:22 PM,81,84,0,121,0,0,0,0
131969,4:39:32 PM,66,78,0,97,0,0,0,0
131970,4:39:32 PM,82,80,0,101,0,0,0,0
131971,4:39:32 PM,80,89,0,92,0,0,0,0
131972,4:39:32 PM,77,82,0,93,0,0,0,0
131973,4:39:32 PM,73,84,0,119,0,0,0,0
131974,4:39:32 PM,97,84,0,108,0,0,0,0
131975,4:39:32 PM,64,88,0,110,0,0,0,0
131976,4:39:32 PM,74,90,0,89,0,0,0,0
131977,4:39:32 PM,68,80,0,120,0,0,0,0
131978,4:39:32 PM,62,74,0,83,0,0,0,0
131979,4:39:32 PM,81,80,0,103,0,0,0,0
131980,4:39:32 PM,71,78,0,106,0,0,0,0
131981,4:39:32 PM,75,94,0,100,0,0,0,0
131982,4:39:32 PM,70,76,0,124,0,0,0,0
131983,4:39:32 PM,78,75,0,88,0,0,0,0
131984,4:39:32 PM,76,89,0,102,0,0,0,0
131985,4:39:32 PM,72,84,0,94,0,0,0,0
131986,4:39:32 PM,82,82,0,100,0,0,0,0
131987,4:39:32 PM,91,87,0,107,0,0,0,0
131988,4:39:32 PM,77,79,0,83,0,0,0,0
131989,4:39:32 PM,58,87,0,97,0,0,0,0
131990,4:39:32 PM,71,75,0,92,0,0,0,0
131991,4:39:32 PM,100,75,0,104,0,0,0,0
131992,4:39:32 PM,76,90,0,115,0,0,0,0
131993,4:39:32 PM,68,77,0,102,0,0,0,0
131994,4:39:32 PM,76,93,0,112,0,0,0,0
131995,4:39:32 PM,80,97,0,117,0,0,0,0
131996,4:39:32 PM,70,84,0,106,0,0,0,0
131997,4:39:32 PM,61,82,0,124,0,0,0,0
131998,4:39:32 PM,71,77,0,103,0,0,0,0
131999,4:39:32 PM,69,90,0,120,0,0,0,0
132000,4:39:32 PM,74,87,0,83,0,0,0,0
132001,4:39:32 PM,72,95,0,83,0,0,0,0
132002,4:39:32 PM,73,82,0,108,0,0,0,0
132003,4:39:32 PM,91,91,0,116,0,0,0,0
132004,4:39:32 PM,78,75,0,120,0,0,0,0
132005,4:39:32 PM,97,96,0,90,0,0,0,0
132006,4:39:32 PM,86,85,0,113,0,0,0,0
132007,4:39:32 PM,73,85,0,100,0,0,0,0
132008,4:39:32 PM,65,69,0,110,0,0,0,0
132009,4:39:32 PM,81,69,0,104,0,0,0,0
132010,4:39:32 PM,59,92,0,123,0,0,0,0
132011,4:39:32 PM,71,88,0,108,0,0,0,0
132012,4:39:32 PM,75,88,0,133,0,0,0,0
132013,4:39:32 PM,71,81,0,98,0,0,0,0
132014,4:39:32 PM,78,95,0,119,0,0,0,0
132015,4:39:32 PM,55,86,0,94,0,0,0,0
132016,4:39:32 PM,67,71,0,106,0,0,0,0
132017,4:39:32 PM,71,91,0,100,0,0,0,0
132018,4:39:32 PM,75,68,0,100,0,0,0,0
132019,4:39:32 PM,75,93,0,99,0,0,0,0
132020,4:39:32 PM,75,77,0,110,0,0,0,0
132021,4:39:32 PM,88,80,0,93,0,0,0,0
132022,4:39:32 PM,73,88,0,97,0,0,0,0
132023,4:39:32 PM,70,74,0,106,0,0,0,0
132024,4:39:32 PM,82,97,0,101,0,0,0,0
132025,4:39:32 PM,81,88,0,100,0,0,0,0
132026,4:39:32 PM,74,77,0,92,0,0,0,0
132027,4:39:32 PM,65,82,0,104,0,0,0,0
132028,4:39:32 PM,68,75,0,93,0,0,0,0
132029,4:39:32 PM,78,86,0,90,0,0,0,0
132030,4:39:32 PM,88,90,0,77,0,0,0,0
132031,4:39:32 PM,100,91,0,97,0,0,0,0
132032,4:39:32 PM,86,88,0,113,0,0,0,0
132033,4:39:32 PM,69,96,0,113,0,0,0,0
132034,4:39:32 PM,69,103,0,98,0,0,0,0
132035,4:39:32 PM,75,83,0,98,0,0,0,0
132036,4:39:32 PM,76,109,0,109,0,0,0,0
132037,4:39:32 PM,74,91,0,109,0,0,0,0
132038,4:39:32 PM,74,71,0,91,0,0,0,0
132039,4:39:32 PM,81,89,0,106,0,0,0,0
132040,4:39:32 PM,76,80,0,88,0,0,0,0
132041,4:39:32 PM,81,72,0,95,0,0,0,0
132042,4:39:32 PM,74,77,0,119,0,0,0,0
132043,4:39:32 PM,71,87,0,98,0,0,0,0
132044,4:39:32 PM,88,98,0,93,0,0,0,0
132045,4:39:32 PM,79,94,0,116,0,0,0,0
132046,4:39:32 PM,77,82,0,107,0,0,0,0
132047,4:39:32 PM,69,85,0,95,0,0,0,0
132048,4:39:32 PM,99,99,0,99,0,0,0,0
132049,4:39:32 PM,85,81,0,99,0,0,0,0
132050,4:39:32 PM,69,80,0,105,0,0,0,0
132051,4:39:32 PM,80,85,0,112,0,0,0,0
132052,4:39:32 PM,86,89,0,109,0,0,0,0
132053,4:39:32 PM,80,86,0,101,0,0,0,0
132054,4:39:32 PM,70,77,0,109,0,0,0,0
132055,4:39:32 PM,72,77,0,111,0,0,0,0
132056,4:39:32 PM,75,81,0,110,0,0,0,0
132057,4:39:32 PM,82,81,0,85,0,0,0,0
132058,4:39:32 PM,63,81,0,100,0,0,0,0
132059,4:39:32 PM,77,101,0,107,0,0,0,0
132060,4:39:32 PM,55,88,0,99,0,0,0,0
132061,4:39:32 PM,95,97,0,91,0,0,0,0
132062,4:39:32 PM,73,99,0,97,0,0,0,0
132063,4:39:32 PM,74,92,0,90,0,0,0,0
132064,4:39:32 PM,70,78,0,106,0,0,0,0
132065,4:39:32 PM,73,73,0,108,0,0,0,0
132066,4:39:32 PM,63,87,0,98,0,0,0,0
132067,4:39:32 PM,76,79,0,104,0,0,0,0
132068,4:39:32 PM,55,96,0,116,0,0,0,0
132069,4:39:32 PM,77,84,0,120,0,0,0,0
132070,4:39:32 PM,81,92,0,97,0,0,0,0
132071,4:39:32 PM,81,94,0,99,0,0,0,0
132072,4:39:32 PM,85,85,0,116,0,0,0,0
132073,4:39:32 PM,73,71,0,94,0,0,0,0
132074,4:39:32 PM,70,107,0,87,0,0,0,0
132075,4:39:32 PM,90,88,0,95,0,0,0,0
132076,4:39:32 PM,68,83,0,90,0,0,0,0
132077,4:39:32 PM,68,76,0,110,0,0,0,0
132078,4:39:32 PM,81,80,0,85,0,0,0,0
132079,4:39:32 PM,89,92,0,84,0,0,0,0
132080,4:39:32 PM,67,87,0,89,0,0,0,0
132081,4:39:32 PM,84,91,0,115,0,0,0,0
132082,4:39:32 PM,83,87,0,114,0,0,0,0
132083,4:39:32 PM,98,77,0,89,0,0,0,0
132084,4:39:32 PM,92,79,0,102,0,0,0,0
132085,4:39:32 PM,80,91,0,99,0,0,0,0
132086,4:39:32 PM,80,84,0,99,0,0,0,0
132087,4:39:32 PM,93,83,0,88,0,0,0,0
132088,4:39:32 PM,59,67,0,112,0,0,0,0
132089,4:39:32 PM,89,81,0,99,0,0,0,0
132090,4:39:32 PM,109,83,0,106,0,0,0,0
132091,4:39:32 PM,81,85,0,88,0,0,0,0
132092,4:39:32 PM,83,75,0,99,0,0,0,0
132093,4:39:32 PM,82,96,0,102,0,0,0,0
132094,4:39:32 PM,84,83,0,105,0,0,0,0
132095,4:39:32 PM,71,74,0,112,0,0,0,0
132096,4:39:32 PM,66,77,0,84,0,0,0,0
132097,4:39:43 PM,76,70,0,101,0,0,0,0
132098,4:39:43 PM,75,80,0,92,0,0,0,0
132099,4:39:43 PM,77,100,0,119,0,0,0,0
132100,4:39:43 PM,80,87,0,104,0,0,0,0
132101,4:39:43 PM,78,90,0,94,0,0,0,0
132102,4:39:43 PM,64,82,0,104,0,0,0,0
132103,4:39:43 PM,70,95,0,100,0,0,0,0
132104,4:39:43 PM,67,92,0,101,0,0,0,0
132105,4:39:43 PM,69,90,0,97,0,0,0,0
132106,4:39:43 PM,74,84,0,100,0,0,0,0
132107,4:39:43 PM,70,87,0,96,0,0,0,0
132108,4:39:43 PM,81,84,0,116,0,0,0,0
132109,4:39:43 PM,75,81,0,123,0,0,0,0
132110,4:39:43 PM,67,84,0,106,0,0,0,0
132111,4:39:43 PM,75,81,0,130,0,0,0,0
132112,4:39:43 PM,82,81,0,111,0,0,0,0
132113,4:39:43 PM,74,84,0,106,0,0,0,0
132114,4:39:43 PM,78,97,0,89,0,0,0,0
132115,4:39:43 PM,74,99,0,89,0,0,0,0
132116,4:39:43 PM,87,89,0,130,0,0,0,0
132117,4:39:43 PM,75,71,0,103,0,0,0,0
132118,4:39:43 PM,73,83,0,111,0,0,0,0
132119,4:39:43 PM,84,82,0,103,0,0,0,0
132120,4:39:43 PM,60,88,0,102,0,0,0,0
132121,4:39:43 PM,88,85,0,123,0,0,0,0
132122,4:39:43 PM,81,79,0,94,0,0,0,0
132123,4:39:43 PM,72,84,0,100,0,0,0,0
132124,4:39:43 PM,66,78,0,100,0,0,0,0
132125,4:39:43 PM,64,95,0,98,0,0,0,0
132126,4:39:43 PM,77,76,0,98,0,0,0,0
132127,4:39:43 PM,73,91,0,119,0,0,0,0
132128,4:39:43 PM,70,89,0,91,0,0,0,0
132129,4:39:43 PM,78,82,0,100,0,0,0,0
132130,4:39:43 PM,81,100,0,97,0,0,0,0
132131,4:39:43 PM,69,89,0,100,0,0,0,0
132132,4:39:43 PM,83,83,0,99,0,0,0,0
132133,4:39:43 PM,78,76,0,90,0,0,0,0
132134,4:39:43 PM,79,104,0,89,0,0,0,0
132135,4:39:43 PM,86,86,0,100,0,0,0,0
132136,4:39:43 PM,78,85,0,112,0,0,0,0
132137,4:39:43 PM,82,85,0,96,0,0,0,0
132138,4:39:43 PM,81,84,0,105,0,0,0,0
132139,4:39:43 PM,76,88,0,118,0,0,0,0
132140,4:39:43 PM,78,79,0,95,0,0,0,0
132141,4:39:43 PM,73,72,0,105,0,0,0,0
132142,4:39:43 PM,71,85,0,110,0,0,0,0
132143,4:39:43 PM,72,79,0,114,0,0,0,0
132144,4:39:43 PM,70,98,0,98,0,0,0,0
132145,4:39:43 PM,90,109,0,128,0,0,0,0
132146,4:39:43 PM,64,82,0,130,0,0,0,0
132147,4:39:43 PM,79,89,0,97,0,0,0,0
132148,4:39:43 PM,77,81,0,86,0,0,0,0
132149,4:39:43 PM,75,84,0,102,0,0,0,0
132150,4:39:43 PM,78,76,0,108,0,0,0,0
132151,4:39:43 PM,81,76,0,85,0,0,0,0
132152,4:39:43 PM,61,95,0,96,0,0,0,0
132153,4:39:43 PM,93,101,0,81,0,0,0,0
132154,4:39:43 PM,72,90,0,89,0,0,0,0
132155,4:39:43 PM,68,88,0,116,0,0,0,0
132156,4:39:43 PM,77,90,0,108,0,0,0,0
132157,4:39:43 PM,79,80,0,108,0,0,0,0
132158,4:39:43 PM,56,95,0,93,0,0,0,0
132159,4:39:43 PM,93,93,0,103,0,0,0,0
132160,4:39:43 PM,83,71,0,119,0,0,0,0
132161,4:39:43 PM,84,84,0,96,0,0,0,0
132162,4:39:43 PM,84,67,0,107,0,0,0,0
132163,4:39:43 PM,58,77,0,105,0,0,0,0
132164,4:39:43 PM,78,80,0,80,0,0,0,0
132165,4:39:43 PM,66,71,0,106,0,0,0,0
132166,4:39:43 PM,67,88,0,102,0,0,0,0
132167,4:39:43 PM,75,82,0,92,0,0,0,0
132168,4:39:43 PM,58,71,0,99,0,0,0,0
132169,4:39:43 PM,56,94,0,101,0,0,0,0
132170,4:39:43 PM,89,90,0,99,0,0,0,0
132171,4:39:43 PM,67,86,0,96,0,0,0,0
132172,4:39:43 PM,71,93,0,113,0,0,0,0
132173,4:39:43 PM,69,87,0,86,0,0,0,0
132174,4:39:43 PM,67,92,0,108,0,0,0,0
132175,4:39:43 PM,75,91,0,113,0,0,0,0
132176,4:39:43 PM,84,94,0,86,0,0,0,0
132177,4:39:43 PM,66,91,0,90,0,0,0,0
132178,4:39:43 PM,81,95,0,103,0,0,0,0
132179,4:39:43 PM,90,78,0,102,0,0,0,0
132180,4:39:43 PM,81,76,0,106,0,0,0,0
132181,4:39:43 PM,66,95,0,100,0,0,0,0
132182,4:39:43 PM,69,73,0,98,0,0,0,0
132183,4:39:43 PM,85,74,0,110,0,0,0,0
132184,4:39:43 PM,90,104,0,87,0,0,0,0
132185,4:39:43 PM,76,77,0,93,0,0,0,0
132186,4:39:43 PM,71,100,0,121,0,0,0,0
132187,4:39:43 PM,86,89,0,109,0,0,0,0
132188,4:39:43 PM,79,67,0,100,0,0,0,0
132189,4:39:43 PM,78,87,0,108,0,0,0,0
132190,4:39:43 PM,73,100,0,102,0,0,0,0
132191,4:39:43 PM,79,70,0,110,0,0,0,0
132192,4:39:43 PM,82,85,0,102,0,0,0,0
132193,4:39:43 PM,68,86,0,90,0,0,0,0
132194,4:39:43 PM,77,80,0,105,0,0,0,0
132195,4:39:43 PM,92,88,0,94,0,0,0,0
132196,4:39:43 PM,78,85,0,115,0,0,0,0
132197,4:39:43 PM,86,69,0,96,0,0,0,0
132198,4:39:43 PM,71,102,0,107,0,0,0,0
132199,4:39:43 PM,66,87,0,102,0,0,0,0
132200,4:39:43 PM,80,79,0,101,0,0,0,0
132201,4:39:43 PM,83,90,0,84,0,0,0,0
132202,4:39:43 PM,78,76,0,99,0,0,0,0
132203,4:39:43 PM,80,67,0,109,0,0,0,0
132204,4:39:43 PM,69,74,0,110,0,0,0,0
132205,4:39:43 PM,68,81,0,119,0,0,0,0
132206,4:39:43 PM,88,73,0,98,0,0,0,0
132207,4:39:43 PM,52,102,0,96,0,0,0,0
132208,4:39:43 PM,96,76,0,111,0,0,0,0
132209,4:39:43 PM,71,95,0,97,0,0,0,0
132210,4:39:43 PM,88,91,0,104,0,0,0,0
132211,4:39:43 PM,75,80,0,120,0,0,0,0
132212,4:39:43 PM,61,72,0,87,0,0,0,0
132213,4:39:43 PM,84,88,0,115,0,0,0,0
132214,4:39:43 PM,66,80,0,102,0,0,0,0
132215,4:39:43 PM,82,88,0,91,0,0,0,0
132216,4:39:43 PM,83,93,0,83,0,0,0,0
132217,4:39:43 PM,66,91,0,111,0,0,0,0
132218,4:39:43 PM,83,85,0,113,0,0,0,0
132219,4:39:43 PM,100,88,0,125,0,0,0,0
132220,4:39:43 PM,93,79,0,104,0,0,0,0
132221,4:39:43 PM,84,83,0,92,0,0,0,0
132222,4:39:43 PM,69,86,0,106,0,0,0,0
132223,4:39:43 PM,89,87,0,105,0,0,0,0
132224,4:39:43 PM,65,73,0,104,0,0,0,0
132225,4:39:53 PM,90,83,0,110,0,0,0,0
132226,4:39:53 PM,98,86,0,93,0,0,0,0
132227,4:39:53 PM,68,89,0,96,0,0,0,0
132228,4:39:53 PM,58,92,0,106,0,0,0,0
132229,4:39:53 PM,95,84,0,108,0,0,0,0
132230,4:39:53 PM,63,77,0,94,0,0,0,0
132231,4:39:53 PM,88,84,0,108,0,0,0,0
132232,4:39:53 PM,89,98,0,107,0,0,0,0
132233,4:39:53 PM,63,88,0,94,0,0,0,0
132234,4:39:53 PM,68,86,0,92,0,0,0,0
132235,4:39:53 PM,77,98,0,108,0,0,0,0
132236,4:39:53 PM,77,88,0,108,0,0,0,0
132237,4:39:53 PM,72,100,0,111,0,0,0,0
132238,4:39:53 PM,67,80,0,119,0,0,0,0
132239,4:39:53 PM,84,99,0,120,0,0,0,0
132240,4:39:53 PM,68,93,0,116,0,0,0,0
132241,4:39:53 PM,71,102,0,104,0,0,0,0
132242,4:39:53 PM,73,70,0,104,0,0,0,0
132243,4:39:53 PM,67,70,0,96,0,0,0,0
132244,4:39:53 PM,77,72,0,106,0,0,0,0
132245,4:39:53 PM,73,74,0,108,0,0,0,0
132246,4:39:53 PM,81,80,0,101,0,0,0,0
132247,4:39:53 PM,72,82,0,94,0,0,0,0
132248,4:39:53 PM,65,84,0,106,0,0,0,0
132249,4:39:53 PM,93,97,0,96,0,0,0,0
132250,4:39:53 PM,80,74,0,101,0,0,0,0
132251,4:39:53 PM,60,92,0,92,0,0,0,0
132252,4:39:53 PM,68,93,0,104,0,0,0,0
132253,4:39:53 PM,72,91,0,98,0,0,0,0
132254,4:39:53 PM,77,86,0,95,0,0,0,0
132255,4:39:53 PM,68,76,0,106,0,0,0,0
132256,4:39:53 PM,72,84,0,117,0,0,0,0
132257,4:39:53 PM,95,83,0,107,0,0,0,0
132258,4:39:53 PM,67,87,0,96,0,0,0,0
132259,4:39:53 PM,63,95,0,105,0,0,0,0
132260,4:39:53 PM,86,66,0,98,0,0,0,0
132261,4:39:53 PM,92,88,0,118,0,0,0,0
132262,4:39:53 PM,80,91,0,92,0,0,0,0
132263,4:39:53 PM,60,82,0,101,0,0,0,0
132264,4:39:53 PM,95,76,0,90,0,0,0,0
132265,4:39:53 PM,78,85,0,112,0,0,0,0
132266,4:39:53 PM,72,80,0,113,0,0,0,0
132267,4:39:53 PM,81,77,0,107,0,0,0,0
132268,4:39:53 PM,75,88,0,116,0,0,0,0
132269,4:39:53 PM,80,86,0,115,0,0,0,0
132270,4:39:53 PM,95,96,0,102,0,0,0,0
132271,4:39:53 PM,86,71,0,103,0,0,0,0
132272,4:39:53 PM,76,88,0,121,0,0,0,0
132273,4:39:53 PM,72,83,0,85,0,0,0,0
132274,4:39:53 PM,77,87,0,81,0,0,0,0
132275,4:39:53 PM,88,99,0,115,0,0,0,0
132276,4:39:53 PM,79,98,0,89,0,0,0,0
132277,4:39:53 PM,68,84,0,105,0,0,0,0
132278,4:39:53 PM,90,95,0,99,0,0,0,0
132279,4:39:53 PM,86,100,0,117,0,0,0,0
132280,4:39:53 PM,80,88,0,74,0,0,0,0
132281,4:39:53 PM,79,104,0,119,0,0,0,0
132282,4:39:53 PM,68,91,0,85,0,0,0,0
132283,4:39:53 PM,83,84,0,111,0,0,0,0
132284,4:39:53 PM,74,92,0,103,0,0,0,0
132285,4:39:53 PM,69,89,0,99,0,0,0,0
132286,4:39:53 PM,79,88,0,87,0,0,0,0
132287,4:39:53 PM,80,86,0,105,0,0,0,0
132288,4:39:53 PM,79,93,0,113,0,0,0,0
132289,4:39:53 PM,81,90,0,119,0,0,0,0
132290,4:39:53 PM,83,85,0,111,0,0,0,0
132291,4:39:53 PM,67,84,0,91,0,0,0,0
132292,4:39:53 PM,71,71,0,117,0,0,0,0
132293,4:39:53 PM,87,76,0,112,0,0,0,0
132294,4:39:53 PM,97,94,0,113,0,0,0,0
132295,4:39:53 PM,78,102,0,112,0,0,0,0
132296,4:39:53 PM,69,86,0,126,0,0,0,0
132297,4:39:53 PM,81,90,0,110,0,0,0,0
132298,4:39:53 PM,74,89,0,104,0,0,0,0
132299,4:39:53 PM,85,88,0,112,0,0,0,0
132300,4:39:53 PM,82,83,0,105,0,0,0,0
132301,4:39:53 PM,75,83,0,96,0,0,0,0
132302,4:39:53 PM,72,81,0,91,0,0,0,0
132303,4:39:53 PM,89,86,0,96,0,0,0,0
132304,4:39:53 PM,82,94,0,131,0,0,0,0
132305,4:39:53 PM,61,105,0,115,0,0,0,0
132306,4:39:53 PM,86,68,0,105,0,0,0,0
132307,4:39:53 PM,82,61,0,115,0,0,0,0
132308,4:39:53 PM,75,82,0,105,0,0,0,0
132309,4:39:53 PM,72,83,0,87,0,0,0,0
132310,4:39:53 PM,83,103,0,103,0,0,0,0
132311,4:39:53 PM,66,77,0,105,0,0,0,0
132312,4:39:53 PM,83,91,0,95,0,0,0,0
132313,4:39:53 PM,86,79,0,103,0,0,0,0
132314,4:39:53 PM,75,96,0,112,0,0,0,0
132315,4:39:53 PM,87,78,0,113,0,0,0,0
132316,4:39:53 PM,74,70,0,99,0,0,0,0
132317,4:39:53 PM,73,81,0,88,0,0,0,0
132318,4:39:53 PM,76,87,0,110,0,0,0,0
132319,4:39:53 PM,74,77,0,105,0,0,0,0
132320,4:39:53 PM,95,73,0,96,0,0,0,0
132321,4:39:53 PM,66,81,0,119,0,0,0,0
132322,4:39:53 PM,74,84,0,100,0,0,0,0
132323,4:39:53 PM,71,91,0,94,0,0,0,0
132324,4:39:53 PM,67,74,0,130,0,0,0,0
132325,4:39:53 PM,65,90,0,110,0,0,0,0
132326,4:39:53 PM,86,104,0,105,0,0,0,0
132327,4:39:53 PM,83,69,0,92,0,0,0,0
132328,4:39:53 PM,83,78,0,132,0,0,0,0
132329,4:39:53 PM,58,102,0,90,0,0,0,0
132330,4:39:53 PM,73,79,0,99,0,0,0,0
132331,4:39:53 PM,87,88,0,96,0,0,0,0
132332,4:39:53 PM,91,70,0,95,0,0,0,0
132333,4:39:53 PM,79,102,0,91,0,0,0,0
132334,4:39:53 PM,70,89,0,100,0,0,0,0
132335,4:39:53 PM,68,90,0,98,0,0,0,0
132336,4:39:53 PM,83,92,0,123,0,0,0,0
132337,4:39:53 PM,75,63,0,77,0,0,0,0
132338,4:39:53 PM,69,88,0,89,0,0,0,0
132339,4:39:53 PM,73,80,0,121,0,0,0,0
132340,4:39:53 PM,68,68,0,91,0,0,0,0
132341,4:39:53 PM,51,78,0,94,0,0,0,0
132342,4:39:53 PM,75,77,0,95,0,0,0,0
132343,4:39:53 PM,98,76,0,117,0,0,0,0
132344,4:39:53 PM,76,92,0,105,0,0,0,0
132345,4:39:53 PM,85,69,0,92,0,0,0,0
132346,4:39:53 PM,68,83,0,96,0,0,0,0
132347,4:39:53 PM,76,98,0,94,0,0,0,0
132348,4:39:53 PM,84,95,0,113,0,0,0,0
132349,4:39:53 PM,70,95,0,103,0,0,0,0
132350,4:39:53 PM,84,76,0,121,0,0,0,0
132351,4:39:53 PM,74,91,0,104,0,0,0,0
132352,4:39:53 PM,58,95,0,112,0,0,0,0
132353,4:40:03 PM,80,81,0,119,0,0,0,0
132354,4:40:03 PM,79,91,0,96,0,0,0,0
132355,4:40:03 PM,92,88,0,99,0,0,0,0
132356,4:40:03 PM,86,75,0,105,0,0,0,0
132357,4:40:03 PM,74,89,0,106,0,0,0,0
132358,4:40:03 PM,86,79,0,111,0,0,0,0
132359,4:40:03 PM,74,110,0,83,0,0,0,0
132360,4:40:03 PM,63,94,0,129,0,0,0,0
132361,4:40:03 PM,71,88,0,118,0,0,0,0
132362,4:40:03 PM,80,68,0,100,0,0,0,0
132363,4:40:03 PM,76,86,0,115,0,0,0,0
132364,4:40:03 PM,75,116,0,111,0,0,0,0
132365,4:40:03 PM,60,86,0,97,0,0,0,0
132366,4:40:03 PM,68,82,0,123,0,0,0,0
132367,4:40:03 PM,85,84,0,90,0,0,0,0
132368,4:40:03 PM,87,84,0,102,0,0,0,0
132369,4:40:03 PM,59,61,0,96,0,0,0,0
132370,4:40:03 PM,86,107,0,107,0,0,0,0
132371,4:40:03 PM,81,84,0,103,0,0,0,0
132372,4:40:03 PM,85,76,0,91,0,0,0,0
132373,4:40:03 PM,69,88,0,88,0,0,0,0
132374,4:40:03 PM,77,72,0,90,0,0,0,0
132375,4:40:03 PM,72,86,0,102,0,0,0,0
132376,4:40:03 PM,77,63,0,93,0,0,0,0
132377,4:40:03 PM,90,96,0,93,0,0,0,0
132378,4:40:03 PM,101,79,0,78,0,0,0,0
132379,4:40:03 PM,75,84,0,107,0,0,0,0
132380,4:40:03 PM,77,83,0,80,0,0,0,0
132381,4:40:03 PM,69,98,0,101,0,0,0,0
132382,4:40:03 PM,74,83,0,97,0,0,0,0
132383,4:40:03 PM,64,94,0,115,0,0,0,0
132384,4:40:03 PM,79,86,0,111,0,0,0,0
132385,4:40:03 PM,79,77,0,98,0,0,0,0
132386,4:40:03 PM,81,79,0,97,0,0,0,0
132387,4:40:03 PM,78,83,0,110,0,0,0,0
132388,4:40:03 PM,62,75,0,105,0,0,0,0
132389,4:40:03 PM,70,96,0,92,0,0,0,0
132390,4:40:03 PM,73,88,0,89,0,0,0,0
132391,4:40:03 PM,58,80,0,97,0,0,0,0
132392,4:40:03 PM,73,86,0,94,0,0,0,0
132393,4:40:03 PM,80,85,0,100,0,0,0,0
132394,4:40:03 PM,73,78,0,92,0,0,0,0
132395,4:40:03 PM,82,90,0,113,0,0,0,0
132396,4:40:03 PM,80,74,0,110,0,0,0,0
132397,4:40:03 PM,65,82,0,99,0,0,0,0
132398,4:40:03 PM,82,93,0,91,0,0,0,0
132399,4:40:03 PM,81,101,0,99,0,0,0,0
132400,4:40:03 PM,83,73,0,116,0,0,0,0
132401,4:40:03 PM,85,85,0,106,0,0,0,0
132402,4:40:03 PM,78,79,0,112,0,0,0,0
132403,4:40:03 PM,55,97,0,95,0,0,0,0
132404,4:40:03 PM,72,71,0,91,0,0,0,0
132405,4:40:03 PM,69,82,0,106,0,0,0,0
132406,4:40:03 PM,68,78,0,96,0,0,0,0
132407,4:40:03 PM,93,75,0,130,0,0,0,0
132408,4:40:03 PM,75,96,0,87,0,0,0,0
132409,4:40:03 PM,75,64,0,107,0,0,0,0
132410,4:40:03 PM,64,82,0,92,0,0,0,0
132411,4:40:03 PM,74,74,0,104,0,0,0,0
132412,4:40:03 PM,66,103,0,103,0,0,0,0
132413,4:40:03 PM,78,97,0,98,0,0,0,0
132414,4:40:03 PM,72,99,0,104,0,0,0,0
132415,4:40:03 PM,79,90,0,104,0,0,0,0
132416,4:40:03 PM,61,102,0,104,0,0,0,0
132417,4:40:03 PM,70,89,0,113,0,0,0,0
132418,4:40:03 PM,87,83,0,109,0,0,0,0
132419,4:40:03 PM,79,85,0,110,0,0,0,0
132420,4:40:03 PM,80,89,0,107,0,0,0,0
132421,4:40:03 PM,61,89,0,131,0,0,0,0
132422,4:40:03 PM,92,85,0,105,0,0,0,0
132423,4:40:03 PM,72,89,0,92,0,0,0,0
132424,4:40:03 PM,66,69,0,103,0,0,0,0
132425,4:40:03 PM,75,66,0,101,0,0,0,0
132426,4:40:03 PM,71,90,0,97,0,0,0,0
132427,4:40:03 PM,71,83,0,124,0,0,0,0
132428,4:40:03 PM,69,87,0,91,0,0,0,0
132429,4:40:03 PM,67,94,0,102,0,0,0,0
132430,4:40:03 PM,83,73,0,120,0,0,0,0
132431,4:40:03 PM,76,81,0,86,0,0,0,0
132432,4:40:03 PM,80,83,0,125,0,0,0,0
132433,4:40:03 PM,71,81,0,109,0,0,0,0
132434,4:40:03 PM,80,81,0,100,0,0,0,0
132435,4:40:03 PM,60,91,0,127,0,0,0,0
132436,4:40:03 PM,76,78,0,96,0,0,0,0
132437,4:40:03 PM,70,74,0,113,0,0,0,0
132438,4:40:03 PM,79,81,0,101,0,0,0,0
132439,4:40:03 PM,73,90,0,97,0,0,0,0
132440,4:40:03 PM,86,83,0,113,0,0,0,0
132441,4:40:03 PM,78,81,0,119,0,0,0,0
132442,4:40:03 PM,71,79,0,103,0,0,0,0
132443,4:40:03 PM,78,88,0,98,0,0,0,0
132444,4:40:03 PM,92,86,0,103,0,0,0,0
132445,4:40:03 PM,67,92,0,130,0,0,0,0
132446,4:40:03 PM,90,69,0,105,0,0,0,0
132447,4:40:03 PM,83,82,0,98,0,0,0,0
132448,4:40:03 PM,82,93,0,77,0,0,0,0
132449,4:40:03 PM,68,82,0,124,0,0,0,0
132450,4:40:03 PM,79,90,0,84,0,0,0,0
132451,4:40:03 PM,73,67,0,102,0,0,0,0
132452,4:40:03 PM,88,83,0,101,0,0,0,0
132453,4:40:03 PM,85,100,0,119,0,0,0,0
132454,4:40:03 PM,89,91,0,103,0,0,0,0
132455,4:40:03 PM,81,82,0,90,0,0,0,0
132456,4:40:03 PM,80,87,0,92,0,0,0,0
132457,4:40:03 PM,79,83,0,111,0,0,0,0
132458,4:40:03 PM,70,92,0,99,0,0,0,0
132459,4:40:03 PM,64,73,0,93,0,0,0,0
132460,4:40:03 PM,88,78,0,100,0,0,0,0
132461,4:40:03 PM,85,74,0,105,0,0,0,0
132462,4:40:03 PM,78,81,0,102,0,0,0,0
132463,4:40:03 PM,69,89,0,110,0,0,0,0
132464,4:40:03 PM,79,90,0,115,0,0,0,0
132465,4:40:03 PM,79,67,0,117,0,0,0,0
132466,4:40:03 PM,65,95,0,108,0,0,0,0
132467,4:40:03 PM,76,91,0,96,0,0,0,0
132468,4:40:03 PM,78,84,0,99,0,0,0,0
132469,4:40:03 PM,85,87,0,84,0,0,0,0
132470,4:40:03 PM,70,80,0,101,0,0,0,0
132471,4:40:03 PM,68,99,0,102,0,0,0,0
132472,4:40:03 PM,72,87,0,107,0,0,0,0
132473,4:40:03 PM,74,93,0,98,0,0,0,0
132474,4:40:03 PM,82,84,0,93,0,0,0,0
132475,4:40:03 PM,84,91,0,100,0,0,0,0
132476,4:40:03 PM,89,90,0,100,0,0,0,0
132477,4:40:03 PM,78,85,0,84,0,0,0,0
132478,4:40:03 PM,83,85,0,117,0,0,0,0
132479,4:40:03 PM,69,76,0,102,0,0,0,0
132480,4:40:03 PM,65,88,0,109,0,0,0,0
132481,4:40:13 PM,97,90,0,99,0,0,0,0
132482,4:40:13 PM,69,79,0,107,0,0,0,0
132483,4:40:13 PM,74,93,0,103,0,0,0,0
132484,4:40:13 PM,84,89,0,100,0,0,0,0
132485,4:40:13 PM,83,86,0,91,0,0,0,0
132486,4:40:13 PM,69,99,0,111,0,0,0,0
132487,4:40:13 PM,79,89,0,113,0,0,0,0
132488,4:40:13 PM,78,94,0,106,0,0,0,0
132489,4:40:13 PM,77,82,0,101,0,0,0,0
132490,4:40:13 PM,91,91,0,101,0,0,0,0
132491,4:40:13 PM,74,70,0,78,0,0,0,0
132492,4:40:13 PM,84,78,0,87,0,0,0,0
132493,4:40:13 PM,95,109,0,95,0,0,0,0
132494,4:40:13 PM,69,78,0,129,0,0,0,0
132495,4:40:13 PM,72,87,0,116,0,0,0,0
132496,4:40:13 PM,63,71,0,113,0,0,0,0
132497,4:40:13 PM,73,79,0,100,0,0,0,0
132498,4:40:13 PM,69,61,0,96,0,0,0,0
132499,4:40:13 PM,76,80,0,107,0,0,0,0
132500,4:40:13 PM,81,89,0,98,0,0,0,0
132501,4:40:13 PM,82,96,0,106,0,0,0,0
132502,4:40:13 PM,78,80,0,118,0,0,0,0
132503,4:40:13 PM,85,81,0,109,0,0,0,0
132504,4:40:13 PM,77,85,0,109,0,0,0,0
132505,4:40:13 PM,74,88,0,117,0,0,0,0
132506,4:40:13 PM,80,74,0,107,0,0,0,0
132507,4:40:13 PM,84,84,0,139,0,0,0,0
132508,4:40:13 PM,86,61,0,109,0,0,0,0
132509,4:40:13 PM,74,95,0,102,0,0,0,0
132510,4:40:13 PM,69,91,0,98,0,0,0,0
132511,4:40:13 PM,74,75,0,119,0,0,0,0
132512,4:40:13 PM,69,78,0,116,0,0,0,0
132513,4:40:13 PM,71,84,0,100,0,0,0,0
132514,4:40:13 PM,66,88,0,99,0,0,0,0
132515,4:40:13 PM,79,80,0,104,0,0,0,0
132516,4:40:13 PM,74,78,0,107,0,0,0,0
132517,4:40:13 PM,65,81,0,96,0,0,0,0
132518,4:40:13 PM,64,94,0,95,0,0,0,0
132519,4:40:13 PM,64,91,0,97,0,0,0,0
132520,4:40:13 PM,80,86,0,108,0,0,0,0
132521,4:40:13 PM,78,98,0,100,0,0,0,0
132522,4:40:13 PM,63,90,0,119,0,0,0,0
132523,4:40:13 PM,76,83,0,105,0,0,0,0
132524,4:40:13 PM,78,69,0,124,0,0,0,0
132525,4:40:13 PM,62,88,0,89,0,0,0,0
132526,4:40:13 PM,84,88,0,94,0,0,0,0
132527,4:40:13 PM,78,90,0,88,0,0,0,0
132528,4:40:13 PM,93,88,0,93,0,0,0,0
132529,4:40:13 PM,96,77,0,86,0,0,0,0
132530,4:40:13 PM,84,102,0,93,0,0,0,0
132531,4:40:13 PM,64,85,0,106,0,0,0,0
132532,4:40:13 PM,88,97,0,106,0,0,0,0
132533,4:40:13 PM,78,73,0,106,0,0,0,0
132534,4:40:13 PM,72,108,0,95,0,0,0,0
132535,4:40:13 PM,82,85,0,106,0,0,0,0
132536,4:40:13 PM,72,89,0,107,0,0,0,0
132537,4:40:13 PM,82,83,0,78,0,0,0,0
132538,4:40:13 PM,75,88,0,108,0,0,0,0
132539,4:40:13 PM,87,102,0,102,0,0,0,0
132540,4:40:13 PM,87,98,0,101,0,0,0,0
132541,4:40:13 PM,72,89,0,92,0,0,0,0
132542,4:40:13 PM,78,77,0,91,0,0,0,0
132543,4:40:13 PM,77,67,0,105,0,0,0,0
132544,4:40:13 PM,95,86,0,114,0,0,0,0
132545,4:40:13 PM,63,89,0,95,0,0,0,0
132546,4:40:13 PM,68,88,0,115,0,0,0,0
132547,4:40:13 PM,71,73,0,117,0,0,0,0
132548,4:40:13 PM,75,98,0,103,0,0,0,0
132549,4:40:13 PM,75,84,0,118,0,0,0,0
132550,4:40:13 PM,79,71,0,116,0,0,0,0
132551,4:40:13 PM,77,72,0,106,0,0,0,0
132552,4:40:13 PM,65,83,0,96,0,0,0,0
132553,4:40:13 PM,73,89,0,100,0,0,0,0
132554,4:40:13 PM,70,72,0,123,0,0,0,0
132555,4:40:13 PM,67,96,0,88,0,0,0,0
132556,4:40:13 PM,88,81,0,109,0,0,0,0
132557,4:40:13 PM,75,95,0,100,0,0,0,0
132558,4:40:13 PM,65,73,0,109,0,0,0,0
132559,4:40:13 PM,73,78,0,109,0,0,0,0
132560,4:40:13 PM,75,84,0,114,0,0,0,0
132561,4:40:13 PM,94,77,0,106,0,0,0,0
132562,4:40:13 PM,79,81,0,105,0,0,0,0
132563,4:40:13 PM,76,80,0,106,0,0,0,0
132564,4:40:13 PM,71,84,0,110,0,0,0,0
132565,4:40:13 PM,83,91,0,120,0,0,0,0
132566,4:40:13 PM,64,94,0,107,0,0,0,0
132567,4:40:13 PM,83,79,0,103,0,0,0,0
132568,4:40:13 PM,80,92,0,97,0,0,0,0
132569,4:40:13 PM,69,75,0,107,0,0,0,0
132570,4:40:13 PM,90,92,0,112,0,0,0,0
132571,4:40:13 PM,86,80,0,93,0,0,0,0
132572,4:40:13 PM,81,87,0,109,0,0,0,0
132573,4:40:13 PM,63,94,0,100,0,0,0,0
132574,4:40:13 PM,63,85,0,105,0,0,0,0
132575,4:40:13 PM,81,92,0,92,0,0,0,0
132576,4:40:13 PM,76,99,0,109,0,0,0,0
132577,4:40:13 PM,75,84,0,110,0,0,0,0
132578,4:40:13 PM,82,74,0,103,0,0,0,0
132579,4:40:13 PM,67,74,0,103,0,0,0,0
132580,4:40:13 PM,86,82,0,100,0,0,0,0
132581,4:40:13 PM,84,70,0,87,0,0,0,0
132582,4:40:13 PM,57,82,0,100,0,0,0,0
132583,4:40:13 PM,94,85,0,81,0,0,0,0
132584,4:40:13 PM,83,92,0,94,0,0,0,0
132585,4:40:13 PM,79,93,0,93,0,0,0,0
132586,4:40:13 PM,85,90,0,103,0,0,0,0
132587,4:40:13 PM,75,93,0,109,0,0,0,0
132588,4:40:13 PM,69,76,0,111,0,0,0,0
132589,4:40:13 PM,70,69,0,112,0,0,0,0
132590,4:40:13 PM,77,91,0,100,0,0,0,0
132591,4:40:13 PM,101,102,0,96,0,0,0,0
132592,4:40:13 PM,72,83,0,107,0,0,0,0
132593,4:40:13 PM,72,76,0,103,0,0,0,0
132594,4:40:13 PM,77,91,0,115,0,0,0,0
132595,4:40:13 PM,79,86,0,121,0,0,0,0
132596,4:40:13 PM,85,107,0,102,0,0,0,0
132597,4:40:13 PM,70,96,0,106,0,0,0,0
132598,4:40:13 PM,79,97,0,104,0,0,0,0
132599,4:40:13 PM,78,90,0,89,0,0,0,0
132600,4:40:13 PM,74,83,0,104,0,0,0,0
132601,4:40:13 PM,75,95,0,110,0,0,0,0
132602,4:40:13 PM,74,74,0,89,0,0,0,0
132603,4:40:13 PM,79,92,0,91,0,0,0,0
132604,4:40:13 PM,85,87,0,91,0,0,0,0
132605,4:40:13 PM,95,93,0,90,0,0,0,0
132606,4:40:13 PM,82,89,0,85,0,0,0,0
132607,4:40:13 PM,90,77,0,100,0,0,0,0
132608,4:40:13 PM,66,80,0,111,0,0,0,0
132609,4:40:24 PM,67,72,0,108,0,0,0,0
132610,4:40:24 PM,77,96,0,96,0,0,0,0
132611,4:40:24 PM,65,75,0,115,0,0,0,0
132612,4:40:24 PM,69,83,0,110,0,0,0,0
132613,4:40:24 PM,77,103,0,101,0,0,0,0
132614,4:40:24 PM,62,108,0,113,0,0,0,0
132615,4:40:24 PM,89,86,0,94,0,0,0,0
132616,4:40:24 PM,79,70,0,93,0,0,0,0
132617,4:40:24 PM,70,93,0,114,0,0,0,0
132618,4:40:24 PM,76,104,0,115,0,0,0,0
132619,4:40:24 PM,85,64,0,122,0,0,0,0
132620,4:40:24 PM,75,81,0,113,0,0,0,0
132621,4:40:24 PM,84,89,0,116,0,0,0,0
132622,4:40:24 PM,74,83,0,111,0,0,0,0
132623,4:40:24 PM,85,76,0,118,0,0,0,0
132624,4:40:24 PM,73,94,0,101,0,0,0,0
132625,4:40:24 PM,80,93,0,99,0,0,0,0
132626,4:40:24 PM,68,81,0,93,0,0,0,0
132627,4:40:24 PM,89,101,0,117,0,0,0,0
132628,4:40:24 PM,81,88,0,106,0,0,0,0
132629,4:40:24 PM,59,79,0,100,0,0,0,0
132630,4:40:24 PM,77,83,0,101,0,0,0,0
132631,4:40:24 PM,59,94,0,107,0,0,0,0
132632,4:40:24 PM,85,82,0,101,0,0,0,0
132633,4:40:24 PM,70,95,0,103,0,0,0,0
132634,4:40:24 PM,68,83,0,118,0,0,0,0
132635,4:40:24 PM,83,90,0,105,0,0,0,0
132636,4:40:24 PM,55,100,0,99,0,0,0,0
132637,4:40:24 PM,83,89,0,108,0,0,0,0
132638,4:40:24 PM,74,66,0,114,0,0,0,0
132639,4:40:24 PM,66,82,0,106,0,0,0,0
132640,4:40:24 PM,84,70,0,118,0,0,0,0
132641,4:40:24 PM,76,74,0,96,0,0,0,0
132642,4:40:24 PM,85,89,0,132,0,0,0,0
132643,4:40:24 PM,68,79,0,97,0,0,0,0
132644,4:40:24 PM,70,98,0,121,0,0,0,0
132645,4:40:24 PM,72,80,0,90,0,0,0,0
132646,4:40:24 PM,70,86,0,106,0,0,0,0
132647,4:40:24 PM,85,79,0,104,0,0,0,0
132648,4:40:24 PM,77,98,0,99,0,0,0,0
132649,4:40:24 PM,88,100,0,116,0,0,0,0
132650,4:40:24 PM,67,78,0,92,0,0,0,0
132651,4:40:24 PM,75,94,0,107,0,0,0,0
132652,4:40:24 PM,97,72,0,92,0,0,0,0
132653,4:40:24 PM,77,70,0,96,0,0,0,0
132654,4:40:24 PM,69,83,0,122,0,0,0,0
132655,4:40:24 PM,69,85,0,106,0,0,0,0
132656,4:40:24 PM,79,102,0,106,0,1,0,0
132657,4:40:24 PM,67,92,0,116,0,0,0,0
132658,4:40:24 PM,65,83,0,89,0,0,0,0
132659,4:40:24 PM,60,89,0,123,0,0,0,0
132660,4:40:24 PM,82,74,0,97,0,0,0,0
132661,4:40:24 PM,92,80,0,108,0,0,0,0
132662,4:40:24 PM,78,81,0,90,0,0,0,0
132663,4:40:24 PM,66,92,0,119,0,0,0,0
132664,4:40:24 PM,80,100,0,86,0,0,0,0
132665,4:40:24 PM,88,86,0,91,0,0,0,0
132666,4:40:24 PM,61,74,0,88,0,0,0,0
132667,4:40:24 PM,75,102,0,103,0,0,0,0
132668,4:40:24 PM,56,60,0,114,0,0,0,0
132669,4:40:24 PM,74,99,0,117,0,0,0,0
132670,4:40:24 PM,64,82,0,99,0,0,0,0
132671,4:40:24 PM,90,86,0,119,0,0,0,0
132672,4:40:24 PM,73,88,0,100,0,0,0,0
132673,4:40:24 PM,67,80,0,106,0,0,0,0
132674,4:40:24 PM,80,100,0,99,0,0,0,0
132675,4:40:24 PM,82,83,0,102,0,0,0,0
132676,4:40:24 PM,76,77,0,103,0,0,0,0
132677,4:40:24 PM,63,93,0,103,0,0,0,0
132678,4:40:24 PM,76,89,0,111,0,0,0,0
132679,4:40:24 PM,55,72,0,102,0,0,0,0
132680,4:40:24 PM,62,84,0,110,0,0,0,0
132681,4:40:24 PM,86,79,0,83,0,0,0,0
132682,4:40:24 PM,53,85,0,118,0,0,0,0
132683,4:40:24 PM,64,91,0,110,0,0,0,0
132684,4:40:24 PM,83,76,0,93,0,0,0,0
132685,4:40:24 PM,100,82,0,110,0,0,0,0
132686,4:40:24 PM,59,82,0,103,0,0,0,0
132687,4:40:24 PM,86,75,0,121,0,0,0,0
132688,4:40:24 PM,72,94,0,79,0,0,0,0
132689,4:40:24 PM,77,89,0,92,0,0,0,0
132690,4:40:24 PM,83,93,0,121,0,0,0,0
132691,4:40:24 PM,81,80,0,110,0,0,0,0
132692,4:40:24 PM,86,91,0,99,0,0,0,0
132693,4:40:24 PM,80,89,0,97,0,0,0,0
132694,4:40:24 PM,95,99,0,103,0,0,0,0
132695,4:40:24 PM,60,64,0,92,0,0,0,0
132696,4:40:24 PM,75,81,0,100,0,0,0,0
132697,4:40:24 PM,70,79,0,84,0,0,0,0
132698,4:40:24 PM,80,87,0,124,0,0,0,0
132699,4:40:24 PM,78,81,0,92,0,0,0,0
132700,4:40:24 PM,90,74,0,76,0,0,0,0
132701,4:40:24 PM,79,86,0,90,0,0,0,0
132702,4:40:24 PM,71,107,0,112,0,0,0,0
132703,4:40:24 PM,68,85,0,108,0,0,0,0
132704,4:40:24 PM,88,81,0,104,0,0,0,0
132705,4:40:24 PM,100,70,0,117,0,0,0,0
132706,4:40:24 PM,72,82,0,103,0,0,0,0
132707,4:40:24 PM,71,80,0,91,0,0,0,0
132708,4:40:24 PM,90,83,0,110,0,0,0,0
132709,4:40:24 PM,76,83,0,113,0,0,0,0
132710,4:40:24 PM,69,78,0,97,0,0,0,0
132711,4:40:24 PM,72,95,0,113,0,0,0,0
132712,4:40:24 PM,81,72,0,111,0,0,0,0
132713,4:40:24 PM,73,69,0,106,0,0,0,0
132714,4:40:24 PM,74,87,0,112,0,0,0,0
132715,4:40:24 PM,58,76,0,99,0,0,0,0
132716,4:40:24 PM,85,104,0,115,0,0,0,0
132717,4:40:24 PM,72,89,0,102,0,0,0,0
132718,4:40:24 PM,73,83,0,111,0,0,0,0
132719,4:40:24 PM,67,90,0,92,0,0,0,0
132720,4:40:24 PM,68,94,0,103,0,0,0,0
132721,4:40:24 PM,87,93,0,107,0,0,0,0
132722,4:40:24 PM,72,80,0,86,0,0,0,0
132723,4:40:24 PM,68,98,0,107,0,0,0,0
132724,4:40:24 PM,72,99,0,104,0,0,0,0
132725,4:40:24 PM,90,91,0,92,0,0,0,0
132726,4:40:24 PM,84,89,0,99,0,0,0,0
132727,4:40:24 PM,64,89,0,99,0,0,0,0
132728,4:40:24 PM,79,89,0,106,0,0,0,0
132729,4:40:24 PM,75,79,0,119,0,0,0,0
132730,4:40:24 PM,81,76,0,102,0,0,0,0
132731,4:40:24 PM,95,82,0,100,0,0,0,0
132732,4:40:24 PM,95,76,0,88,0,0,0,0
132733,4:40:24 PM,87,87,0,109,0,0,0,0
132734,4:40:24 PM,67,84,0,97,0,0,0,0
132735,4:40:24 PM,73,100,0,117,0,0,0,0
132736,4:40:24 PM,96,95,0,90,0,0,0,0
132737,4:40:34 PM,82,83,0,117,0,0,0,0
132738,4:40:34 PM,88,92,0,120,0,0,0,0
132739,4:40:34 PM,95,82,0,123,0,0,0,0
132740,4:40:34 PM,88,73,0,125,0,0,0,0
132741,4:40:34 PM,86,89,0,99,0,0,0,0
132742,4:40:34 PM,90,90,0,90,0,0,0,0
132743,4:40:34 PM,84,90,0,107,0,0,0,0
132744,4:40:34 PM,99,97,0,113,0,0,0,0
132745,4:40:34 PM,91,97,0,87,0,0,0,0
132746,4:40:34 PM,91,86,0,113,0,0,0,0
132747,4:40:34 PM,94,93,0,90,0,0,0,0
132748,4:40:34 PM,91,93,0,108,0,0,0,0
132749,4:40:34 PM,94,109,0,114,0,0,0,0
132750,4:40:34 PM,80,97,0,105,0,0,0,0
132751,4:40:34 PM,70,90,0,117,0,0,0,0
132752,4:40:34 PM,87,103,0,105,0,0,0,0
132753,4:40:34 PM,91,83,0,114,0,0,0,0
132754,4:40:34 PM,79,78,0,108,0,0,0,0
132755,4:40:34 PM,95,107,0,100,0,0,0,0
132756,4:40:34 PM,87,99,0,114,0,0,0,0
132757,4:40:34 PM,85,88,0,115,0,0,0,0
132758,4:40:34 PM,63,94,0,109,0,0,0,0
132759,4:40:34 PM,74,88,0,91,0,0,0,0
132760,4:40:34 PM,92,74,0,104,0,0,0,0
132761,4:40:34 PM,77,89,0,111,0,0,0,0
132762,4:40:34 PM,93,111,0,91,0,0,0,0
132763,4:40:34 PM,83,87,0,113,0,0,0,0
132764,4:40:34 PM,69,75,0,88,0,0,0,0
132765,4:40:34 PM,85,80,0,112,0,0,0,0
132766,4:40:34 PM,88,78,0,85,0,0,0,0
132767,4:40:34 PM,77,93,0,105,0,0,0,0
132768,4:40:34 PM,66,74,0,87,0,0,0,0
132769,4:40:34 PM,71,91,0,107,0,0,0,0
132770,4:40:34 PM,87,94,0,92,0,0,0,0
132771,4:40:34 PM,79,82,0,93,0,0,0,0
132772,4:40:34 PM,72,66,0,101,0,0,0,0
132773,4:40:34 PM,76,91,0,102,0,0,0,0
132774,4:40:34 PM,66,82,0,113,0,0,0,0
132775,4:40:34 PM,66,87,0,112,0,0,0,0
132776,4:40:34 PM,79,59,0,103,0,0,0,0
132777,4:40:34 PM,72,84,0,120,0,0,0,0
132778,4:40:34 PM,80,86,0,99,0,0,0,0
132779,4:40:34 PM,65,78,0,127,0,0,0,0
132780,4:40:34 PM,80,88,0,95,0,0,0,0
132781,4:40:34 PM,71,91,0,107,0,0,0,0
132782,4:40:34 PM,79,94,0,99,0,0,0,0
132783,4:40:34 PM,88,91,0,118,0,0,0,0
132784,4:40:34 PM,79,101,0,107,0,0,0,0
132785,4:40:34 PM,80,96,0,104,0,0,0,0
132786,4:40:34 PM,74,83,0,108,0,0,0,0
132787,4:40:34 PM,86,73,0,93,0,0,0,0
132788,4:40:34 PM,70,87,0,110,0,0,0,0
132789,4:40:34 PM,82,88,0,102,0,0,0,0
132790,4:40:34 PM,75,77,0,105,0,0,0,0
132791,4:40:34 PM,79,85,0,109,0,0,0,0
132792,4:40:34 PM,83,85,0,101,0,0,0,0
132793,4:40:34 PM,81,81,0,108,0,0,0,0
132794,4:40:34 PM,86,95,0,105,0,0,0,0
132795,4:40:34 PM,82,93,0,115,0,0,0,0
132796,4:40:34 PM,93,77,0,103,0,0,0,0
132797,4:40:34 PM,68,92,0,93,0,0,0,0
132798,4:40:34 PM,81,75,0,93,0,0,0,0
132799,4:40:34 PM,74,89,0,96,0,0,0,0
132800,4:40:34 PM,84,70,0,134,0,0,0,0
132801,4:40:34 PM,65,85,0,105,0,0,0,0
132802,4:40:34 PM,68,82,0,92,0,0,0,0
132803,4:40:34 PM,68,79,0,110,0,0,0,0
132804,4:40:34 PM,79,93,0,129,0,0,0,0
132805,4:40:34 PM,86,91,0,113,0,0,0,0
132806,4:40:34 PM,90,82,0,112,0,0,0,0
132807,4:40:34 PM,88,74,0,118,0,0,0,0
132808,4:40:34 PM,93,85,0,107,0,0,0,0
132809,4:40:34 PM,70,93,0,95,0,0,0,0
132810,4:40:34 PM,81,71,0,89,0,0,0,0
132811,4:40:34 PM,80,86,0,100,0,0,0,0
132812,4:40:34 PM,103,81,0,96,0,0,0,0
132813,4:40:34 PM,92,76,0,109,0,0,0,0
132814,4:40:34 PM,55,55,0,113,0,0,0,0
132815,4:40:34 PM,94,83,0,102,0,0,0,0
132816,4:40:34 PM,65,76,0,110,0,0,0,0
132817,4:40:34 PM,88,81,0,111,0,0,0,0
132818,4:40:34 PM,54,88,0,109,0,0,0,0
132819,4:40:34 PM,67,88,0,102,0,0,0,0
132820,4:40:34 PM,74,89,0,107,0,0,0,0
132821,4:40:34 PM,89,101,0,100,0,0,0,0
132822,4:40:34 PM,68,80,0,103,0,0,0,0
132823,4:40:34 PM,79,78,0,97,0,0,0,0
132824,4:40:34 PM,81,102,0,102,0,0,0,0
132825,4:40:34 PM,81,103,0,109,0,0,0,0
132826,4:40:34 PM,53,96,0,101,0,0,0,0
132827,4:40:34 PM,81,88,0,105,0,0,0,0
132828,4:40:34 PM,79,76,0,113,0,0,0,0
132829,4:40:34 PM,102,95,0,120,0,0,0,0
132830,4:40:34 PM,83,97,0,100,0,0,0,0
132831,4:40:34 PM,66,69,0,119,0,0,0,0
132832,4:40:34 PM,69,89,0,101,0,0,0,0
132833,4:40:34 PM,72,89,0,97,0,0,0,0
132834,4:40:34 PM,68,86,0,126,0,0,0,0
132835,4:40:34 PM,71,85,0,110,0,0,0,0
132836,4:40:34 PM,66,91,0,107,0,0,0,0
132837,4:40:34 PM,67,74,0,120,0,0,0,0
132838,4:40:34 PM,77,90,0,95,0,0,0,0
132839,4:40:34 PM,64,74,0,98,0,0,0,0
132840,4:40:34 PM,82,88,0,106,0,0,0,0
132841,4:40:34 PM,68,91,0,101,0,0,0,0
132842,4:40:34 PM,68,90,0,86,0,0,0,0
132843,4:40:34 PM,68,74,0,106,0,0,0,0
132844,4:40:34 PM,79,89,0,122,0,0,0,0
132845,4:40:34 PM,73,85,0,102,0,0,0,0
132846,4:40:34 PM,81,83,0,96,0,1,0,0
132847,4:40:34 PM,70,82,0,110,0,0,0,0
132848,4:40:34 PM,75,83,0,98,0,0,0,0
132849,4:40:34 PM,88,111,0,93,0,0,0,0
132850,4:40:34 PM,78,98,0,97,0,0,0,0
132851,4:40:34 PM,94,95,0,89,0,0,0,0
132852,4:40:34 PM,71,90,0,98,0,0,0,0
132853,4:40:34 PM,83,82,0,105,0,0,0,0
132854,4:40:34 PM,94,94,0,107,0,0,0,0
132855,4:40:34 PM,79,87,0,107,0,0,0,0
132856,4:40:34 PM,68,83,0,96,0,0,0,0
132857,4:40:34 PM,82,92,0,102,0,0,0,0
132858,4:40:34 PM,76,76,0,107,0,0,0,0
132859,4:40:34 PM,69,85,0,103,0,0,0,0
132860,4:40:34 PM,61,77,0,106,0,0,0,0
132861,4:40:34 PM,77,84,0,124,0,0,0,0
132862,4:40:34 PM,92,102,0,107,0,0,0,0
132863,4:40:34 PM,67,74,0,87,0,0,0,0
132864,4:40:34 PM,70,76,0,100,0,0,0,0
132865,4:40:44 PM,88,81,0,104,0,0,0,0
132866,4:40:44 PM,71,91,0,102,0,0,0,0
132867,4:40:44 PM,77,91,0,88,0,0,0,0
132868,4:40:44 PM,81,78,0,86,0,0,0,0
132869,4:40:44 PM,81,73,0,101,0,0,0,0
132870,4:40:44 PM,85,110,0,90,0,0,0,0
132871,4:40:44 PM,72,72,0,106,0,0,0,0
132872,4:40:44 PM,93,89,0,91,0,0,0,0
132873,4:40:44 PM,74,89,0,98,0,0,0,0
132874,4:40:44 PM,70,87,0,80,0,0,0,0
132875,4:40:44 PM,86,77,0,76,0,0,0,0
132876,4:40:44 PM,89,81,0,81,0,0,0,0
132877,4:40:44 PM,73,88,0,95,0,0,0,0
132878,4:40:44 PM,68,82,0,103,0,0,0,0
132879,4:40:44 PM,94,68,0,102,0,0,0,0
132880,4:40:44 PM,64,81,0,104,0,0,0,0
132881,4:40:44 PM,77,89,0,94,0,0,0,0
132882,4:40:44 PM,76,100,0,102,0,0,0,0
132883,4:40:44 PM,72,91,0,97,0,0,0,0
132884,4:40:44 PM,79,88,0,91,0,0,0,0
132885,4:40:44 PM,75,81,0,117,0,0,0,0
132886,4:40:44 PM,85,75,0,105,0,0,0,0
132887,4:40:44 PM,74,70,0,98,0,0,0,0
132888,4:40:44 PM,78,77,0,101,0,0,0,0
132889,4:40:44 PM,71,97,0,94,0,0,0,0
132890,4:40:44 PM,82,89,0,88,0,0,0,0
132891,4:40:44 PM,64,73,0,103,0,0,0,0
132892,4:40:44 PM,85,71,0,116,0,0,0,0
132893,4:40:44 PM,82,61,0,101,0,0,0,0
132894,4:40:44 PM,70,91,0,101,0,0,0,0
132895,4:40:44 PM,63,89,0,107,0,0,0,0
132896,4:40:44 PM,76,68,0,118,0,0,0,0
132897,4:40:44 PM,82,79,0,79,0,0,0,0
132898,4:40:44 PM,73,86,0,103,0,0,0,0
132899,4:40:44 PM,70,86,0,102,0,0,0,0
132900,4:40:44 PM,65,74,0,95,0,0,0,0
132901,4:40:44 PM,71,78,0,105,0,0,0,0
132902,4:40:44 PM,66,85,0,126,0,0,0,0
132903,4:40:44 PM,100,76,0,106,0,0,0,0
132904,4:40:44 PM,60,88,0,119,0,0,0,0
132905,4:40:44 PM,82,86,0,89,0,0,0,0
132906,4:40:44 PM,80,96,0,111,0,0,0,0
132907,4:40:44 PM,76,87,0,96,0,0,0,0
132908,4:40:44 PM,75,91,0,89,0,0,0,0
132909,4:40:44 PM,75,76,0,87,0,0,0,0
132910,4:40:44 PM,74,81,0,104,0,0,0,0
132911,4:40:44 PM,77,80,0,111,0,0,0,0
132912,4:40:44 PM,71,89,0,102,0,0,0,0
132913,4:40:44 PM,62,83,0,97,0,0,0,0
132914,4:40:44 PM,82,79,0,104,0,0,0,0
132915,4:40:44 PM,77,75,0,95,0,0,0,0
132916,4:40:44 PM,86,79,0,105,0,0,0,0
132917,4:40:44 PM,84,73,0,99,0,0,0,0
132918,4:40:44 PM,78,85,0,113,0,0,0,0
132919,4:40:44 PM,88,75,0,106,0,0,0,0
132920,4:40:44 PM,82,73,0,106,0,0,0,0
132921,4:40:44 PM,70,71,0,101,0,0,0,0
132922,4:40:44 PM,83,81,0,116,0,0,0,0
132923,4:40:44 PM,71,83,0,97,0,0,0,0
132924,4:40:44 PM,82,83,0,118,0,0,0,0
132925,4:40:44 PM,78,102,0,107,0,0,0,0
132926,4:40:44 PM,87,90,0,120,0,0,0,0
132927,4:40:44 PM,70,78,0,81,0,0,0,0
132928,4:40:44 PM,77,87,0,110,0,0,0,0
132929,4:40:44 PM,85,75,0,91,0,0,0,0
132930,4:40:44 PM,96,98,0,96,0,0,0,0
132931,4:40:44 PM,87,94,0,104,0,0,0,0
132932,4:40:44 PM,81,100,0,89,0,0,0,0
132933,4:40:44 PM,77,86,0,110,0,0,0,0
132934,4:40:44 PM,73,95,0,96,0,0,0,0
132935,4:40:44 PM,79,93,0,96,0,0,0,0
132936,4:40:44 PM,85,99,0,98,0,0,0,0
132937,4:40:44 PM,78,88,0,105,0,0,0,0
132938,4:40:44 PM,75,82,0,73,0,0,0,0
132939,4:40:44 PM,79,97,0,95,0,0,0,0
132940,4:40:44 PM,79,88,0,104,0,0,0,0
132941,4:40:44 PM,74,85,0,100,0,0,0,0
132942,4:40:44 PM,83,85,0,111,0,0,0,0
132943,4:40:44 PM,87,97,0,123,0,0,0,0
132944,4:40:44 PM,108,83,0,124,0,0,0,0
132945,4:40:44 PM,74,101,0,103,0,0,0,0
132946,4:40:44 PM,83,86,0,112,0,0,0,0
132947,4:40:44 PM,77,93,0,110,0,0,0,0
132948,4:40:44 PM,81,91,0,92,0,0,0,0
132949,4:40:44 PM,84,107,0,105,0,0,0,0
132950,4:40:44 PM,79,90,0,125,0,0,0,0
132951,4:40:44 PM,99,85,0,107,0,0,0,0
132952,4:40:44 PM,83,81,0,102,0,0,0,0
132953,4:40:44 PM,65,79,0,99,0,0,0,0
132954,4:40:44 PM,92,87,0,101,0,0,0,0
132955,4:40:44 PM,86,79,0,109,0,0,0,0
132956,4:40:44 PM,86,94,0,111,0,0,0,0
132957,4:40:44 PM,85,78,0,106,0,0,0,0
132958,4:40:44 PM,76,105,0,106,0,0,0,0
132959,4:40:44 PM,104,87,0,102,0,0,0,0
132960,4:40:44 PM,87,77,0,99,0,0,0,0
132961,4:40:44 PM,83,90,0,110,0,0,0,0
132962,4:40:44 PM,90,83,0,110,0,0,0,0
132963,4:40:44 PM,85,87,0,124,0,0,0,0
132964,4:40:44 PM,78,97,0,129,0,0,0,0
132965,4:40:44 PM,84,99,0,114,0,0,0,0
132966,4:40:44 PM,86,97,0,104,0,0,0,0
132967,4:40:44 PM,64,77,0,124,0,0,0,0
132968,4:40:44 PM,70,81,0,132,0,0,0,0
132969,4:40:44 PM,73,74,0,100,0,0,0,0
132970,4:40:44 PM,84,89,0,109,0,0,0,0
132971,4:40:44 PM,73,78,0,107,0,0,0,0
132972,4:40:44 PM,83,95,0,117,0,0,0,0
132973,4:40:44 PM,79,85,0,119,0,0,0,0
132974,4:40:44 PM,84,98,0,113,0,0,0,0
132975,4:40:44 PM,95,96,0,112,0,0,0,0
132976,4:40:44 PM,78,85,0,99,0,0,0,0
132977,4:40:44 PM,80,86,0,121,0,0,0,0
132978,4:40:44 PM,85,90,0,130,0,0,0,0
132979,4:40:44 PM,88,90,0,105,0,0,0,0
132980,4:40:44 PM,71,85,0,129,0,0,0,0
132981,4:40:44 PM,79,102,0,112,0,0,0,0
132982,4:40:44 PM,88,80,0,105,0,0,0,0
132983,4:40:44 PM,69,82,0,121,0,0,0,0
132984,4:40:44 PM,88,86,0,116,0,0,0,0
132985,4:40:44 PM,74,96,0,110,0,0,0,0
132986,4:40:44 PM,108,86,0,109,0,0,0,0
132987,4:40:44 PM,71,101,0,127,0,0,0,0
132988,4:40:44 PM,68,93,0,119,0,0,0,0
132989,4:40:44 PM,85,71,0,128,0,0,0,0
132990,4:40:44 PM,82,84,0,96,0,0,0,0
