#SpinCore Technologies, Inc.
#SF in MHz
#SW in Hz

[HEADER]
@CLASS=	RADIOPROCESSOR
@FIRMWARE= 3087
@SPINAPI= 20130917_x86_64
@POINTS= 600
@SF= 0.000000
@SW= 30000.000000

[DATA]
65749
180687
-58867
-175683
11888
245525
-13903
-157899
-11045
220721
-43300
-214689
22003
222701
-343
-192969
-37353
256203
36872
-190625
-26416
211908
137822
-185644
-87998
238963
98433
-184260
-90912
169644
135230
-161987
-104895
189985
128853
-162072
-173355
174963
191249
-155371
-134863
109964
132330
-160336
-230433
64011
171627
-122950
-195093
94012
176969
-74380
-250201
69967
165469
-59042
-211268
24087
187813
-3916
-271953
44467
251594
8699
-202137
-32157
271241
80397
-198806
-67714
220878
70159
-188242
-64784
208069
46510
-191535
-121210
204790
116559
-193950
-129502
260482
148123
-163105
-138638
243561
120765
-135378
-173597
102641
206235
-112390
-237700
116099
252821
-91765
-278267
109475
206724
-110834
-205949
-1840
210062
-54250
-324031
85656
291430
37957
-222644
-43772
332147
1524
-270125
-46072
249394
99062
-223779
-147171
243432
110575
-313445
-99786
224503
183702
-261544
-102796
236633
137774
-128421
-139440
143490
207319
-187093
-174408
184168
259627
-157080
-235593
189726
227165
-165279
-258276
141584
319700
-116010
-290949
124411
264953
-144905
-265215
67091
272596
-125304
-325810
77769
318134
-1679
-261042
-5723
309376
23668
-353979
-27823
270896
110160
-325312
-70977
261696
66288
-295687
-156765
264506
122826
-250088
-206808
257532
172006
-221812
-188504
236334
276047
-176992
-222022
173788
289719
-188640
-292368
175578
305852
-208624
-352938
89413
327185
-113412
-281194
94611
304663
-43610
-325969
49273
310731
31850
-304840
-61558
360214
26742
-378260
-66717
301720
20478
-309890
-85469
382128
129345
-368794
-163927
351194
164981
-293965
-211487
296076
240873
-251403
-241920
273458
254768
-251485
-305743
294114
332355
-241413
-312015
171708
312195
-147465
-393731
151425
314035
-98010
-311083
85517
321362
-105516
-438718
58806
400893
-710
-366688
3511
363192
15933
-416971
-57067
350765
88217
-430065
-96534
397889
79882
-345142
-119742
318389
168342
-335925
-131243
354128
155049
-297960
-209436
322204
268523
-325335
-280864
257417
270048
-252428
-269569
264837
321866
-243386
-312613
201804
355191
-165516
-374478
191176
407289
-119793
-360150
99944
435039
-75072
-418241
46875
392273
43435
-422800
-48752
435654
35543
-408697
-100554
414417
38080
-440312
-178643
414095
174719
-427336
-167476
448827
288282
-355154
-213510
371468
312066
-409482
-254147
352349
328815
-334308
-317315
313357
373902
-275032
-346557
221010
347441
-235410
-407727
206436
427500
-189466
-477178
177657
450580
-191235
-486254
79271
500268
-26317
-454961
41107
458617
-12289
-477595
-68356
483351
27661
-432326
-167661
470513
111527
-484528
-111993
400128
236871
-478115
-286459
423444
251676
-370568
-242635
363278
300662
-290100
-274043
364256
317545
-307707
-370976
256311
389241
-255527
-381565
277313
456666
-220034
-450776
219433
490848
-202809
-514810
80327
470030
-131867
-459867
-4230
509787
33088
-430832
-80536
509615
57887
-536270
-135266
565680
104452
-494850
-156523
536625
201328
-498941
-252375
469717
326731
-473727
-313386
421689
328681
-445784
-432314
300204
365656
-323045
-422384
313366
421997
-292087
-462196
311912
503609
-288815
-513353
249177
440424
-137587
-509876
144402
518704
-141463
-500044
100927
571513
11827
-533030
28798
511786
17147
-519187
-53847
566231
94306
-523000
-155155
511293
159439
-522622
-246644
486168
242374
-458871
-295772
458122
357284
-391012
-404259
407328
414308
-422678
-409558
384652
413092
-338053
-507209
287181
444754
-267400
-491318
275886
533031
-216706
-480975
211939
550243
-162044
-571005
77231
614298
-7834
-627652
72144
580358
2031
-534425
-58812
608125
104864
-460679
-135584
508536
134705
-594905
-209456
555412
261404
-530391
-324936
440734
276232
-430415
-342799
477041
418719
-457424
-392670
402759
417035
-408597
-504710
378220
580026
-263200
-548288
277550
551242
-213604
-618325
192801
549079
-196577
-586450
176470
581801
-131286
-601355
104706
607732
24703
-610921
-3546
639676
25763
-606767
-59100
563883
96948
-579674
-154980
585514
176723
-584391
-257335
530769
248495
-533688
-408637
465655
432970
-499724
-415792
461192
381934
-396402
-439987
352328
487089
-376953
-479659
292511
570191
-218645
-515426
255522
573586
-197783
-586290
111574
592487
-103227
-572243
172478
610372
-9029
-664863
15667
584762
44773
-586198
-129770
542080
143482
-603522
-240857
647735
265556
-617565
-235580
593152
279726
-556062
-362252
543027
345894
-544801
-454517
467110
446842
-395256
-461166
414995
503107
-377503
-496191
321531
554184
-268969
-527314
320225
602942
-231729
-593380
147439
570617
-143977
-589385
121771
617126
-29549
-602206
68143
613999
-99
-649542
-75592
635983
136468
-625160
-215871
582717
182714
-556738
-239166
521028
314534
-491920
-268346
517224
297070
-493664
-321714
505785
354896
-436972
-363412
423101
454598
-360536
-470128
303609
466644
-291488
-530167
279536
475507
-224758
-474601
212971
551718
-161247
-567709
153605
583211
-42474
-618052
39417
610957
40550
-613842
-104410
589807
60835
-593482
-151676
588668
119465
-537635
-235989
546265
286112
-590854
-258006
533314
336365
-498019
-349525
468325
390270
-426348
-392520
448783
452984
-383812
-525542
377363
481954
-362317
-476907
326613
494980
-278570
-518514
272331
581382
-181243
-628038
198922
599292
-80157
-575337
45202
568275
-70116
-556527
22331
575027
12071
-584688
-39727
570259
108091
-531115
-156717
514196
206313
-436103
-237887
473803
266937
-471342
-236410
494044
253650
-439907
-367407
429249
378621
-405211
-434066
344057
394025
-323268
-433182
268445
464966
-285525
-469657
201443
509842
-153051
-486362
101971
479584
-157268
-506323
87629
535600
-21970
-571469
-12821
561727
49681
-550735
-39579
532657
90439
-486669
-194600
508577
145270
-495946
-168390
498931
237202
-387297
-203963
429459
314494
-482246
-265543
418073
376918
-357281
-345395
355375
354158
-376856
-370645
267169
405744
-268311
-425614
216899
496823
-239975
-443109
194976
486882
-165915
-502571
61599
465538
-59070
-496431
5987
509089
-42213
-499573
-12152
536636
21777
-486278
-147875
417244
135721
-525024
-115584
411469
205231
-419107
-169666
398264
277025
-421418
-247375
376202
344756
-253910
-304121
376274
363544
-310494
-384155
283790
329811
-315574
-366066
184940
446399
-206916
-463886
181042
463724
-135366
-467178
121584
453894
-106573
-480416
73337
347557
-4350
-435875
8119
391906
41478
-496174
-63157
399205
137222
-419295
-143564
358261
146386
-464604
-147056
389486
174198
-386482
-201469
298605
254675
-361400
-279141
367671
295627
-321174
-327439
261647
368115
-242821
-318700
182369
354315
-224134
-330115
140261
276147
-173169
-433441
151372
407377
-78747
-397796
73176
426140
-55280
-408812
48385
388133
-72299
-364934
-6046
398591
43804
-318366
-75314
437554
44264
-388401
-98883
339829
147484
-303564
-171997
358772
155619
-318803
-241814
321322
215452
-269839
-254382
246116
295429
-238360
-372120
180658
329304
-178055
-291229
218354
330023
-161651
-305878
158594
417585
-85005
-352486
99303
353590
-97703
-348052
-5893
348546
13420
-347703
14376
377245
-28624
-350400
-114542
354760
73790
-363990
-96962
359942
185880
-328377
-149480
297388
152608
-330752
-182951
333680
203947
-226992
-178292
258293
246793
-227690
-199650
236418
246567
-226974
-312833
202493
308862
-111279
-342251
133763
261336
-173609
-325243
94785
360222
-46304
-375064
4657
311010
97
-420605
55805
270126
33885
-303623
-10098
383620
55584
-272947
-38829
307790
78046
-326415
-128818
263771
200334
-294064
-163247
265989
195658
-222141
-165036
252166
163239
-222282
-262943
208380
245568
-201709
-258547
168864
217315
-145692
-246069
181433
247870
-82742
-226366
68724
222703
-60361
-287354
69319
251880
-95791
-241276
11445
236766
12659
-275147
-4535
283444
-2110
-262282
-329
283290
102716
-290009
-57836
244685
107536
-292428
-111959
297340
50476
-207950
-167722
245840
169834
-197173
-117691
244164
240361
-187972
-205041
181454
235391
-212827
-179140
106971
212474
-118719
-243086
120644
236510
-151192
-276480
136711
255179
-55796
-240255
49365
267091
-78932
-228768
82466
230022
-29058
-276995
17948
247732
3790
-247698
-71040
258841
33072
-222203
-77644
265057
113653
-237966
-128854
239797
116940
-222150
-141974
218298
82505
-168923
-97991
120765
171488
-152352
-214597
103790
168826
-122259
-162477
124525
173481
-148594
-154879
154377
220598
-72550
-157057
131502
228488
-25157
-164962
3777
193269
-67145
-231132
25787
282567
38412
-217944
-33418
177676
38790
-219047
-64875
194862
89649
-185288
-111764
255574
93106
-210494
-93427
212107
102158
-188778
-135149
202455
158131
-193320
-105808
165136
184313
-127397
-110120
157209
255764
-132803
-144717
143471
192562
-81629
-147288
62965
260003
-75571
-117955
30262
177814
-22489
-198985
124679
161250
-19107
-203675
42361
159078
-76686
-137307
49399
178130
9344
-187405
-42003
180093
1731
-177201
-70174
203798
83392
