#SpinCore Technologies, Inc.
#SF in MHz
#SW in Hz

[HEADER]
@CLASS=	RADIOPROCESSOR
@FIRMWARE= 3087
@SPINAPI= 20130917_x86_64
@POINTS= 600
@SF= 0.000000
@SW= 30000.000000

[DATA]
123071
209997
-98108
-186422
75450
191714
-83455
-195357
17450
249540
-26578
-244346
-8532
191591
22178
-208453
-15545
310552
52315
-175829
-97152
145035
18834
-207459
-71425
166979
136895
-214410
-124260
253297
118949
-182619
-125401
223667
169838
-232068
-209026
162922
184466
-179858
-196382
136498
238782
-120291
-202975
147817
261449
-127006
-176590
103402
259885
-100154
-227392
68036
280302
-113959
-213207
30535
310005
-3049
-223658
22745
309247
-13401
-232432
17002
288206
-28489
-229387
-19337
231305
53996
-275717
-72897
222819
145430
-228830
-164731
246311
129603
-200805
-178100
196751
114138
-166128
-178672
146438
191185
-183061
-148260
189160
245747
-117040
-241376
196366
218290
-65590
-264902
104981
201029
-26202
-324679
35989
213350
17676
-270364
49284
263403
16574
-189205
-66656
341575
8651
-341762
-76960
334581
32046
-291659
-10925
289631
86799
-278530
-112059
254004
109280
-238434
-175084
261876
184065
-258787
-213286
228227
307659
-211410
-256549
184878
327904
-180433
-256417
180071
235367
-172547
-300309
200680
323186
-172958
-321070
163543
318732
-158398
-284935
22830
313877
-38610
-313698
18101
372467
-50459
-336580
-8034
335423
66617
-307484
-44293
360908
49406
-330346
-78514
369216
146634
-292560
-134334
305843
185824
-247080
-259055
285695
182392
-249748
-243884
287773
228259
-224462
-250693
176715
246528
-233919
-283827
209682
319305
-203129
-334485
98650
299378
-133599
-340469
126745
408091
-62416
-355450
-251
315314
-3945
-374398
-62870
427995
51998
-360321
-67922
380268
76832
-387751
-168399
413822
148431
-360632
-117984
431422
218691
-396755
-190847
340685
264041
-325804
-264944
271719
326309
-277886
-347629
246749
355059
-259883
-344793
296330
383632
-249785
-349028
222582
397113
-269093
-398118
106342
405690
-104137
-366330
89564
391953
-78824
-508357
8974
421613
3999
-401111
8439
416417
61731
-437509
-101488
415437
111628
-400091
-116751
481661
214795
-376889
-229736
428234
176874
-399616
-275618
471736
309212
-296242
-331034
351715
340361
-321765
-341564
302209
358822
-246315
-347235
230919
432571
-204568
-407339
148881
479514
-126956
-396640
68510
417535
-87619
-439529
-2118
515087
-37794
-482377
-32866
505244
-19003
-509635
-67040
495056
44488
-514902
-119556
488066
166179
-493504
-276305
517055
267279
-543756
-259855
478755
357608
-390897
-301577
443549
375212
-445318
-405768
368933
487873
-380237
-427898
286742
428347
-250047
-510136
263965
552171
-193314
-614394
207309
520392
-193246
-508863
120938
579405
-38768
-563993
77576
577808
41050
-625257
4250
552523
70767
-539889
-107302
582573
195268
-568529
-176972
558194
203918
-512834
-249475
480242
284433
-517985
-380499
435633
461670
-411257
-429201
452925
424937
-443434
-455367
406904
509729
-346446
-566007
322298
547605
-249380
-589252
262001
617490
-146486
-555317
126738
646901
-73353
-687369
84528
664757
-15407
-652961
-55579
606473
71215
-632106
-201843
663506
182534
-652447
-234465
677279
250306
-641356
-329069
591679
339487
-595266
-390020
547821
425252
-507271
-472176
524417
531799
-388057
-551008
434461
529474
-416934
-606522
362545
648697
-385749
-664333
262527
720377
-172641
-701536
224403
674873
-127816
-779451
146592
781233
-40648
-755210
24096
716559
102204
-741898
-157100
769854
199924
-738213
-211771
689662
261633
-699367
-287195
659934
338548
-664028
-390645
647357
448124
-575945
-459132
571336
536767
-548889
-548625
438479
568311
-421580
-642456
384208
655861
-373317
-667412
269303
758662
-263606
-738214
128647
767369
-172995
-770263
134094
803567
-39200
-829196
-2502
786682
41064
-819807
-184041
860617
156659
-810156
-247060
783498
253536
-783664
-368576
776532
361683
-762379
-381461
709740
464935
-650205
-536872
668544
564322
-586676
-602883
543918
649156
-507920
-574648
491893
725318
-422414
-741382
421089
746742
-389155
-851798
287992
858344
-174855
-906384
183429
802964
-75157
-832024
59321
849685
-50954
-881093
-94723
832230
117438
-824759
-148074
864568
203814
-774598
-324727
823797
340860
-683585
-451215
792144
506198
-698043
-541362
671660
565440
-631109
-655955
634193
607476
-573455
-700167
465124
792979
-463020
-807932
362223
819586
-379039
-887485
290420
895531
-194783
-852394
127468
872479
-125677
-939648
67048
951866
-6822
-881119
-69313
927780
110188
-868170
-156674
834976
221459
-843933
-333798
878463
398832
-817120
-385583
815515
457370
-824827
-558914
689888
570906
-720549
-634863
663631
667503
-625879
-765847
548686
797937
-482068
-786057
430324
761592
-422107
-845279
373794
866365
-311172
-884969
312472
889486
-122902
-927269
140350
898609
-56243
-907070
-90314
867539
81950
-890877
-154525
868106
193682
-872964
-268112
867054
312095
-825628
-361240
778200
452677
-709681
-375251
782235
544467
-707686
-500571
649996
592447
-557218
-667984
584034
697012
-506795
-695812
463130
781888
-311987
-801923
364809
830349
-305247
-853809
205237
822877
-142951
-912000
104851
916105
-47109
-884313
41501
907045
18539
-835890
-82093
845709
152066
-822700
-207929
764204
305943
-736120
-349137
737645
451297
-740156
-466066
661855
522133
-718050
-562228
671211
529174
-591011
-607422
634005
626242
-549250
-645496
501037
699194
-439082
-697529
331721
719187
-321363
-785633
277655
771951
-140753
-793851
119610
731444
-118552
-814418
39032
786033
-12244
-727244
-52820
768051
137029
-707868
-206181
803169
294385
-700382
-253694
718600
281369
-680336
-368036
608117
397614
-550247
-458266
608428
459627
-555799
-502589
474475
564302
-423574
-591157
430224
593326
-422215
-669829
320690
700817
-282994
-683275
273559
754835
-259410
-691837
124425
691324
-52220
-655596
30197
721778
83256
-748399
-84455
719782
92385
-714080
-145310
681428
189923
-646041
-264868
642271
298644
-635690
-334683
616701
329904
-633284
-400143
570659
444962
-536384
-477927
513468
497609
-483641
-476227
451397
601606
-389128
-574881
362753
542048
-289106
-568244
242359
605078
-227063
-615044
190229
616750
-152194
-644014
88655
614516
-15080
-655308
16667
671640
10403
-563535
-74012
609472
129135
-641673
-154064
537884
248940
-570251
-261935
542276
269226
-505910
-288923
474959
390405
-493685
-373102
444108
448609
-388055
-487878
376749
484501
-397251
-459723
319029
485436
-199993
-516762
291546
487646
-199100
-472943
148439
589564
-107126
-525519
68234
565474
-94841
-508020
50824
635749
11081
-528045
-32433
523840
85773
-556150
-136694
555381
213548
-477768
-164195
468047
197480
-523263
-251034
445073
306314
-386980
-393969
416672
339187
-449229
-409240
358971
421277
-333315
-452817
349986
421173
-292150
-524000
241642
492971
-184924
-429802
114851
470651
-167277
-409957
129999
520780
-39898
-520904
41459
478161
-68790
-494075
-49994
489049
101420
-405169
-16893
448597
109697
-508209
-92034
479137
184143
-453118
-228257
378512
243199
-402594
-284152
356059
310121
-366017
-350157
322291
339135
-294239
-405269
303270
372442
-322100
-330669
239866
346551
-215533
-384126
215839
390564
-151400
-407848
97078
387970
-75888
-446140
48249
426174
6278
-482623
-32312
465823
94704
-456678
-56608
409305
107066
-403559
-130621
396064
127305
-396772
-174301
351353
209244
-366281
-270495
326613
208015
-373868
-183217
294699
270246
-278193
-338759
240812
319679
-243068
-369296
199619
391478
-164371
-290242
109682
353493
-149364
-348386
145483
373947
-62529
-381717
117091
415503
-64428
-363691
91972
418068
-63650
-412645
-43051
356217
42338
-343010
-78902
369182
16402
-384989
-122570
267273
107358
-374263
-185579
281177
213611
-283614
-192119
249891
208560
-282785
-237887
270802
238605
-282679
-280523
269220
252137
-217037
-276407
152620
293269
-154224
-324645
95347
276373
-99549
-297249
81158
316511
-88139
-294839
30525
368907
16975
-336861
-53800
357093
-17485
-332220
-46833
375445
36767
-250153
-80140
237846
152582
-256064
-63149
283242
180632
-285378
-147593
231471
207701
-212181
-165197
218555
194037
-282332
-215608
222285
256360
-230035
-175974
142576
275172
-193914
-189227
103652
262292
-105864
-239128
152534
328684
-40245
-303363
75788
301421
-66665
-235981
33852
199467
-85500
-298548
-51152
301482
41877
-251743
-52524
269254
29349
-265507
-123309
263835
89983
-305721
-84359
261120
126990
-274308
-133104
260229
193045
-267832
-156893
200567
182870
-196669
-150593
145293
235129
-169983
-199535
147592
259767
-91232
-198885
117594
226465
-157811
-260361
18989
274078
3400
-266084
73819
229758
-19504
-222308
-667
213810
13865
-222282
-44863
249071
61545
-193895
-40708
192844
63844
-192494
-93690
245212
113045
-231711
-91329
147900
109842
-165834
-149374
183323
158873
-206422
-178699
155852
194610
-214704
-155779
85838
226875
-140815
-203995
100709
139978
-153145
-196471
23404
207027
-161556
-190144
70371
252769
-88992
-183802
70564
167763
-23510
-300612
47242
241719
26487
-219235
-22242
235680
50177
-167703
-50485
127108
27290
-177868
-92111
110629
43989
-178689
-69706
219604
126212
