#SpinCore Technologies, Inc.
#SF in MHz
#SW in Hz

[HEADER]
@CLASS=	RADIOPROCESSOR
@FIRMWARE= 3087
@SPINAPI= 20130917_x86_64
@POINTS= 600
@SF= 0.000000
@SW= 30000.000000

[DATA]
-15024
70432
-40633
-123821
10796
154836
-10977
-119742
11051
107580
912
-127520
53659
96452
20713
-125006
-22167
113716
-30271
-141252
-40034
114554
17244
-114738
-15210
134033
65505
-129734
-88097
104124
25588
-177604
-40153
181765
46311
-111822
-52076
81979
117752
-119661
-61404
112213
90897
-81407
-148794
72852
100257
-48533
-90060
45339
181134
-81596
-104527
67620
156642
-52462
-123396
-78420
107200
17724
-159732
258
131090
28221
-92625
-37322
143512
31141
-76988
-13164
174705
53710
-136716
18017
137465
27962
-113541
-117815
124369
68925
-106187
-40005
92473
89269
-107697
-140128
122214
180918
-58902
-140700
99463
108067
-56118
-128064
94527
124156
9430
-129256
75216
150730
-55666
-133403
16887
96006
25635
-114857
-6153
163498
17466
-191222
-17249
129541
39017
-170347
-49711
126067
42819
-150704
-119512
180540
105464
-175132
-58986
217669
74756
-92950
-11945
149972
100612
-7912
-51179
96425
118535
-179396
-94107
32163
179604
-110601
-162760
126966
135486
-46578
-142922
35602
181865
-33660
-154980
67861
169359
-39388
-137932
29943
149827
-54807
-114516
6611
191529
19942
-148979
6359
129535
63138
-137089
-62075
162627
118480
-34020
-106622
208083
110350
-153904
-105012
190973
111574
-97373
-167993
85977
172083
-95979
-85503
119118
132636
-105137
-263667
92930
189717
-96778
-153553
61217
193015
6765
-189741
67642
159184
-32524
-213688
-2601
208991
9960
-182393
31200
199654
32443
-156774
-56451
250712
33064
-159953
-30072
199571
60482
-154016
-89668
215191
91981
-165095
-89611
169057
177873
-183013
-112829
132670
126975
-127047
-199696
106136
152327
-157686
-200687
93355
239845
-26012
-233926
153476
207607
-18937
-212668
37139
217921
63213
-215689
-11221
223344
-89884
-209327
-44179
195053
25300
-259213
-52946
217127
40885
-246574
-36690
188332
87803
-233076
-121480
150603
168907
-168487
-104075
205646
123486
-259101
-115392
144475
168718
-111776
-190234
137052
155257
-85543
-184590
157219
264700
-105942
-190037
118856
246655
-74310
-215513
53719
236839
-30311
-242819
56046
275731
-8286
-218883
-57698
290893
11852
-197570
-36193
255788
44392
-248122
-96730
205959
76842
-225309
-58279
249195
125872
-223287
-196159
300321
179642
-214073
-222358
192260
136508
-217389
-194789
202505
294154
-220216
-212362
102217
208246
-145901
-285394
141191
236111
-74854
-231452
127191
297180
-28751
-254328
67339
289681
-114304
-279454
22616
322638
5161
-308642
32465
315306
12487
-319144
-37085
287603
24030
-303918
-70213
252555
148188
-286609
-142553
311593
135087
-254706
-87909
268198
204968
-240093
-126669
239413
267909
-216674
-228231
183900
262395
-213646
-228492
278375
305445
-169708
-300259
135550
324226
-139804
-363211
83204
379471
-23353
-286995
-256
341578
4683
-388654
-17455
341133
76155
-330725
-86357
340422
121493
-361758
-122985
364478
141499
-350811
-163878
356048
207429
-353042
-173221
327840
235935
-384137
-223625
301328
282689
-298108
-309596
313442
282235
-236229
-305136
240423
296412
-185999
-266925
209230
297789
-214421
-416926
165663
359424
-158970
-372815
130489
386115
-51123
-347065
8902
343560
-37760
-431178
-6621
376261
45937
-402668
-10080
352670
107324
-339514
-120834
358422
182110
-387342
-184064
361391
265350
-340301
-261567
379954
226847
-307230
-291223
298385
282572
-306671
-335018
234048
329496
-259233
-384789
233305
347839
-184638
-369097
172549
385547
-156561
-418046
105200
428393
-85716
-381406
70415
348437
14969
-421867
15243
449032
-14215
-418239
-70330
496690
151037
-409746
-102953
422574
99518
-446250
-133795
431205
130784
-369518
-190237
438894
202109
-390352
-210190
307407
333495
-295617
-391253
310259
305106
-328666
-340842
308696
411597
-223418
-407468
184199
387166
-214527
-415314
168294
448804
-184479
-432433
106061
405553
-39385
-457077
161306
423095
-82008
-485311
-38739
440180
80434
-440640
-84238
443394
96398
-406444
-86415
432638
176113
-470919
-193554
436195
183735
-389788
-228338
369145
236101
-431792
-311754
322741
328693
-362023
-390217
326911
388614
-290881
-326663
225622
408673
-218954
-454925
158235
446442
-177926
-543394
176244
455205
-16666
-457318
87842
475767
-28058
-452024
-32483
457497
2659
-533906
-87218
527123
143386
-496236
-112201
488635
116515
-436693
-197788
492289
212324
-395985
-194097
400490
255952
-447847
-279155
321863
308948
-424949
-292850
347626
388379
-402410
-386077
342187
407550
-255171
-412907
238506
435278
-217411
-443628
214954
466223
-162100
-486348
158177
494841
-126713
-559525
-11237
461646
-46610
-479589
-13504
449238
72440
-549540
-75925
498041
61214
-447869
-142001
467960
162276
-438365
-162578
444140
185984
-355019
-242466
408213
272695
-386403
-295261
309222
283228
-318938
-320396
323942
391038
-280261
-351771
290583
338074
-232775
-427346
195388
447996
-199996
-453559
195377
439203
-100116
-501200
118697
480302
-6879
-468327
8009
506882
-30381
-443120
-6272
438774
50640
-430699
-35951
413201
61261
-441558
-171345
423579
141745
-448268
-254120
399802
215176
-426579
-160646
377424
309607
-365203
-312695
307584
285170
-298833
-395269
320048
345077
-233845
-446392
174398
381848
-296003
-379961
193834
374155
-217627
-397850
117738
408375
-82970
-384832
42911
399523
-94419
-432340
37115
429855
-44362
-473375
-11221
425089
55226
-393833
-64770
394306
132715
-368426
-123693
419258
160939
-357212
-173059
372880
313742
-399029
-224280
262193
309173
-257241
-276416
293898
326208
-300632
-322197
195563
381506
-227453
-395029
202878
344240
-199798
-323630
137720
382083
-143196
-385861
87018
376861
-27772
-353419
29365
361798
14863
-368515
1932
326390
34819
-360465
-101975
376125
99656
-344816
-139937
328119
160984
-370229
-181055
275195
153793
-324208
-142012
324638
165831
-314203
-189729
254198
305208
-244791
-286039
219859
303701
-238430
-345551
137511
318722
-233784
-269353
159900
282866
-123823
-318902
106962
334827
-97028
-311222
103991
305303
-43685
-302302
-15039
352639
18369
-361044
-18291
349334
42844
-320035
-43418
343190
101711
-304975
-118822
268376
120427
-284136
-110956
291233
84932
-265341
-227765
244350
234855
-235633
-222655
245598
174863
-227669
-224610
214585
266519
-187276
-202405
160786
309824
-105530
-213072
133733
275235
-60662
-286894
42387
304035
-32592
-224864
49439
293189
14534
-237812
-3842
287947
50906
-223351
-75028
251999
120014
-254237
-46158
227900
57163
-214589
-169533
242311
130139
-249301
-160691
159887
145881
-264361
-176213
230415
187617
-177844
-162210
149554
268023
-175839
-198216
157242
219467
-139998
-245470
100838
224800
-144598
-285394
118063
260977
-67995
-242516
62157
184265
-27633
-265994
20306
256430
-62493
-245207
-66933
211154
49789
-241896
-115813
202292
33084
-179463
-54579
257839
86449
-205798
-111043
194168
123339
-197641
-98575
186635
181269
-119238
-169305
173144
206648
-186816
-154253
178906
217677
-146881
-196528
192149
238711
-97444
-153912
78581
175803
-73083
-229635
97163
212556
-68743
-205056
-51863
204713
3527
-187202
-32970
250641
-24892
-217668
-47118
256215
58496
-211086
-17220
262233
58979
-166246
-47922
169321
20177
-192513
-77359
185417
141847
-134356
-181929
216409
169923
-105737
-190521
96373
175565
-103969
-155981
87270
198812
-127521
-131592
57535
150002
-86001
-210916
24005
178241
-51302
-179812
28089
232198
1953
-240938
16759
201741
-29847
-196180
-1709
112850
16865
-168677
-55055
131352
106412
-228518
-90563
133036
97374
-130337
-76337
103968
131843
-154770
-102961
92732
102326
-119549
-86915
90426
112162
-90303
-172531
83977
141852
-83693
-175576
-18004
196892
-112452
-182212
27872
186615
-46411
-146836
29760
136312
-58130
-133717
16371
130051
47478
-210766
-48921
77979
63114
-152503
28183
209897
-26423
-175175
5705
183397
27422
-102007
-62853
99744
57036
-181954
-79024
80590
79867
-104862
-88078
131867
168323
-64476
-89403
120089
172285
-77471
-196812
88762
165973
-31402
-181569
55032
154449
23530
-120909
84654
162709
-23456
-132642
4067
146571
3337
-174558
-1731
110256
43116
-97750
24920
122104
-1225
-88312
-57584
173228
40855
-217806
-58470
154648
84213
-95852
-52721
89927
35340
-109687
-88535
151799
54997
-99590
-88073
82007
55632
-41832
-70568
29247
139174
-141379
-114293
105412
106596
-52931
-122636
22474
143267
-16808
-162416
26139
87043
-26717
-153929
30110
78086
-25038
-188110
-40738
111340
56374
-155591
-5045
123382
66602
-114236
-42621
133208
66737
-68076
-66445
82161
62822
-133940
-73922
-21268
69256
-53602
-79605
25977
104183
-53243
-118479
58365
108650
-72023
-145194
23130
87663
-106851
-98079
95024
137039
-43846
-98154
14458
137505
-18588
-119645
46906
118297
41941
-56382
56685
175874
29265
-111718
-32299
56414
-16565
-110537
-64286
179667
60571
-58018
-34715
122087
28105
