#SpinCore Technologies, Inc.
#SF in MHz
#SW in Hz

[HEADER]
@CLASS=	RADIOPROCESSOR
@FIRMWARE= 3087
@SPINAPI= 20130917_x86_64
@POINTS= 600
@SF= 0.000000
@SW= 30000.000000

[DATA]
135046
-76331
-143235
96545
89766
-113993
-97665
92335
172898
-81659
-119822
65452
171674
-63076
-116305
78589
114504
-66229
-107704
137196
134029
7121
-159590
-11247
158747
-9788
-247943
-28781
117121
56762
-161662
-80457
160469
62649
-107037
-56362
135647
62359
-149668
-128890
98142
157637
-126330
-118952
109446
114148
-54837
-71743
162952
150368
-134531
-104364
70450
179526
-35024
-146657
34424
115431
-30304
-120253
-39756
178501
-78776
-129218
11484
160361
18110
-185637
1854
193693
41820
-130042
-80994
179831
58264
-167189
-53756
146820
85751
-238767
-121688
99475
92783
-156810
-149081
209378
107960
-147833
-162129
107650
114968
-103612
-106302
45705
181352
-76021
-177636
43239
168077
-86587
-118949
76913
167659
282
-178208
53144
180687
30771
-152243
-27312
233490
62418
-157989
-64103
223287
17384
-199759
-122137
217287
28020
-157416
-62660
163239
47143
-168473
-171954
174648
132617
-126294
-104323
126329
147081
-147339
-146839
107762
151309
-40245
-210260
122171
122451
-40009
-226079
23232
222013
44142
-167639
71633
193555
-56283
-199516
29016
202718
76028
-228546
-54881
188647
60572
-158759
-102146
177406
53999
-149102
-125905
205375
139536
-167912
-123792
211649
163875
-128569
-122062
218028
171995
-142222
-126099
158044
181837
-115459
-181068
134355
250945
-119583
-244974
74718
245410
-65130
-280115
61117
216233
-32219
-203496
-29169
290060
-25338
-241452
22056
266435
-8911
-270900
-66370
272173
84499
-230481
-97775
268602
74534
-245264
-91992
244463
146658
-229262
-176571
253525
164679
-225911
-170029
194443
221642
-188372
-183604
158557
240147
-152929
-266605
99160
236978
-103271
-233288
111965
223038
-69415
-305740
132509
284651
-41061
-294266
26602
282652
-42977
-308412
-42951
314747
59272
-273245
-91475
310175
112469
-335155
-67109
272791
152347
-289323
-179640
313864
164474
-290613
-217036
243405
222538
-270056
-256570
167698
286896
-156703
-286413
202448
316575
-159939
-288785
113248
286871
-137453
-350828
81497
299438
-118168
-291404
46477
403247
-49951
-300554
-11842
352064
15529
-388907
-67202
337849
50581
-375277
-98127
428038
157403
-281738
-153931
410284
152247
-311747
-181275
325241
223440
-361019
-215122
294260
373409
-274684
-253252
282712
284292
-233511
-301906
205716
392341
-178183
-410046
136334
428773
-75713
-434011
75471
428280
-2123
-449920
23797
426377
-7576
-459556
25261
461106
108011
-443523
-80954
491248
118879
-397769
-61522
500740
193365
-464276
-219997
480284
302540
-336766
-266139
329432
295082
-391185
-386380
368437
374430
-366692
-470560
367637
430788
-257031
-513088
286434
470065
-209866
-553033
214163
483602
-129275
-545002
37971
516901
-29681
-564405
-15598
550256
11642
-564783
-41937
548495
82901
-597524
-131976
566048
268030
-513487
-250054
510702
314390
-466872
-315423
393066
412775
-493200
-428411
420176
383354
-391346
-499828
314005
572659
-349916
-545390
307645
599315
-298124
-585892
220584
686325
-189406
-599184
97905
666165
-105092
-668151
67531
750618
19564
-698110
-59625
762855
103545
-774014
-124795
745477
194699
-707790
-334047
745833
400750
-677411
-443558
727268
488207
-593935
-537389
615169
509935
-571352
-655183
502959
607658
-453354
-700081
463665
790662
-405091
-814067
358281
832199
-264493
-935394
292678
879468
-217719
-908775
118455
950212
2193
-977620
48957
935824
106351
-919746
-215808
953556
254277
-958370
-330331
942965
379265
-873900
-495153
820974
534646
-852309
-584253
744510
677321
-729166
-776238
734660
765655
-594179
-830753
647884
919330
-472757
-1035370
422832
975866
-379885
-1095148
265694
1086231
-251256
-1105754
172610
1184320
-50592
-1163380
13361
1146765
112425
-1190350
-190014
1158315
291730
-1228238
-335827
1224659
466118
-1152055
-542107
1209709
647870
-1073199
-795643
1139098
829231
-1039217
-933543
957718
1015545
-912379
-1063285
868697
1140868
-742957
-1223656
726083
1289510
-616583
-1369406
488156
1436607
-429569
-1461937
313925
1506153
-284284
-1543772
112817
1539878
34982
-1568557
-209442
1578712
268098
-1557982
-406881
1524615
512360
-1576797
-616671
1471422
734233
-1304493
-854720
1429289
957816
-1359361
-1097724
1257369
1202168
-1157803
-1355047
1069246
1406451
-972701
-1536297
775461
1650810
-783403
-1717126
595551
1688318
-447153
-1823126
361231
1798440
-154945
-1941933
55653
1907423
61521
-1901914
-250922
1969113
426203
-1924426
-507719
1942401
630454
-1780650
-833319
1789570
925587
-1670349
-1056354
1576837
1263341
-1601700
-1372270
1472472
1482062
-1312664
-1534558
1240633
1665310
-1104020
-1715037
890696
1814639
-816912
-1876335
665597
1859447
-493750
-1885516
377535
1924471
-239349
-1913586
-6414
1837616
63560
-1922377
-240531
1842847
322778
-1731282
-538239
1714904
618148
-1593887
-799766
1592061
898398
-1464782
-930048
1397461
1103721
-1313975
-1225840
1187652
1294125
-1098739
-1354654
945863
1412164
-859783
-1469930
684458
1522486
-544902
-1501571
475615
1595138
-359427
-1543834
210796
1529806
-47399
-1555054
-18809
1525274
131614
-1525178
-222793
1462601
327160
-1455301
-429384
1433079
514994
-1348119
-655165
1294782
706806
-1140834
-816849
1168267
821499
-1087512
-920839
983132
984598
-924288
-1041664
814282
1088568
-767385
-1094284
648047
1121967
-565661
-1121824
429183
1213082
-342522
-1170081
242874
1211466
-203715
-1201088
84199
1155738
-12383
-1204038
-107374
1133953
163938
-1110278
-266651
1103669
300265
-1105733
-401309
1053022
443098
-921151
-533673
903238
598844
-808925
-644473
729820
749200
-748436
-759934
639558
836773
-608709
-856129
528526
872931
-453007
-950092
413796
878476
-348369
-961793
281047
922159
-187040
-967074
54135
899097
-2771
-1019657
-29215
905319
77248
-878382
-177253
826142
233060
-839767
-317067
787091
298499
-731366
-431278
750191
415665
-728627
-504960
624162
539123
-608580
-572234
555073
548589
-483374
-621190
461748
603403
-420180
-660303
388643
648474
-318995
-690357
291152
755742
-222116
-734270
72842
664820
-106233
-669839
6045
732237
14210
-785437
-81800
708329
89261
-661973
-166456
699757
196616
-552938
-267328
560364
335210
-507357
-327304
571938
366061
-423780
-414515
445389
436867
-340088
-420808
333821
467799
-319412
-485127
260769
514096
-186776
-474037
144911
542065
-74709
-550339
106466
601744
-90894
-507101
7864
601413
43653
-496972
-39497
558621
90145
-538605
-104788
497221
168864
-526574
-207053
472794
187257
-433991
-249987
448281
304731
-378788
-351433
425354
346237
-383315
-389954
304002
450819
-271937
-425481
259691
378807
-227906
-370305
175001
419189
-126429
-426564
142742
393468
-121350
-456793
53419
473561
-50160
-446940
8563
437068
3821
-436916
-97787
470627
96982
-384331
-121110
363925
167824
-349352
-193910
337310
210187
-312127
-231791
264913
206911
-310157
-254492
319360
301465
-232775
-274176
199075
300860
-186326
-351187
168668
327111
-143866
-375829
164106
400748
-85913
-316399
124361
373068
-63329
-340546
18851
359073
-21287
-338169
-23367
317273
113451
-366055
-75081
354302
137747
-295687
-126502
301613
170362
-320970
-137534
273511
162033
-284441
-232242
262093
237697
-255903
-300863
200490
294503
-200632
-165753
175087
274057
-93646
-271966
101595
291147
-86398
-244086
141177
297161
-59454
-298490
100460
304347
-65402
-344321
2071
230420
42055
-300932
-75254
262496
41794
-285753
-110930
258377
163200
-293752
-125068
200748
125601
-179820
-156034
226317
187532
-206892
-215617
150350
142813
-125565
-182644
132960
297785
-133088
-174439
114841
212397
-82678
-254155
73000
272706
-118318
-210937
83343
259050
560
-212619
17305
231374
-23376
-296386
-13238
236626
26421
-267318
-70914
287824
24148
-183732
-99946
197296
57262
-177091
-114454
277523
164235
-211283
-135122
189960
124567
-241199
-157415
166864
149952
-170775
-158067
102513
215989
-99831
-193269
63913
189207
-118619
-285334
27036
185571
-49313
-271465
46865
211698
-58972
-203709
2056
193433
48959
-213216
-31936
245522
70644
-208339
-42995
177131
116568
-169963
2438
156698
117537
-136887
-135586
196000
120183
-148548
-97111
168079
120841
-136300
-162941
168514
155203
-170422
-174531
96810
156106
-50563
-174803
88902
155433
-137430
-210109
59577
152813
-28584
-165485
-1132
136364
-20539
-171122
-114669
143581
-21374
-151468
-26941
200408
19346
-217671
-68238
145288
64012
-155035
-98533
174299
92039
-96711
-110244
132000
31028
-165864
-184125
182530
67688
-85125
-119860
109336
170983
-65343
-182954
58773
196067
-94562
-162114
6686
129079
-32383
-149078
-31099
135495
-47172
-110658
-33843
253471
4430
-169156
-46473
167367
66194
-103995
-24691
100657
26758
-128566
-80029
180421
97324
-152415
-72135
164267
21658
-165193
-73930
165085
83276
-131680
-88310
82845
113043
-56512
-140221
125996
135724
-69044
-168751
61822
126351
-66007
-116180
17924
195621
2268
-166592
62449
120829
-23646
-131571
-45771
45034
10056
-196521
5271
133731
28225
-72176
-96328
76490
33362
-163546
-93365
148726
68406
-149822
-65210
105351
161253
-142216
-76913
78848
116684
-65982
-129014
99971
