#SpinCore Technologies, Inc.
#SF in MHz
#SW in Hz

[HEADER]
@CLASS=	RADIOPROCESSOR
@FIRMWARE= 3087
@SPINAPI= 20130917_x86_64
@POINTS= 600
@SF= 0.000000
@SW= 30000.000000

[DATA]
-201592
-93051
198345
133629
-169288
-44816
219078
102626
-111080
-151937
126776
104727
-176148
-175420
127864
148655
-165967
-232331
48930
153657
-52831
-190394
46030
254477
-20177
-221457
34124
205244
21801
-180031
-23478
246206
78422
-219339
-38313
190512
35068
-248540
-73808
234219
121600
-234450
-108910
222553
91750
-157920
-158491
180373
202399
-151852
-131059
218940
194108
-166325
-182690
145022
210131
-114339
-257743
120437
221293
-120280
-201747
96389
178801
-13812
-231886
-3121
252894
-11945
-190097
-19157
254645
60404
-262919
-20356
306303
90675
-249235
-104379
187835
137154
-212693
-124759
189253
107286
-240116
-173668
134857
175953
-244501
-239774
164638
224520
-157690
-257378
176285
179171
-59411
-188945
102923
226544
-44195
-314042
111169
273627
-39516
-263605
24623
263116
-968
-293563
-8697
275833
85785
-259613
-80993
270164
86625
-239038
-165904
249587
103748
-255714
-204350
201516
146796
-337492
-183032
262637
198187
-148543
-269725
266030
218504
-146067
-321940
148423
256547
-165733
-266026
117972
293998
-38422
-313785
25583
271472
-40175
-317078
-39522
273408
25201
-298885
-71584
280147
79239
-327000
-66048
257547
132225
-261915
-212737
288542
103784
-298045
-155795
259525
231577
-261948
-243161
236324
291642
-235594
-234766
155588
316867
-186821
-281393
122966
283778
-112068
-352740
50414
323516
-95557
-272046
12548
377136
-18180
-347109
12348
375781
25019
-340541
-9660
372051
95100
-382980
-94258
365604
126968
-374556
-168598
329549
272347
-324205
-240426
221964
244869
-294404
-264574
353988
324924
-228990
-319098
215472
342807
-110702
-365583
142130
401127
-139873
-457368
133313
350596
-110706
-364985
60854
429976
-9056
-436707
26961
448781
102315
-408303
-57988
445616
156413
-404214
-172931
319520
197923
-381760
-186144
374135
212616
-260206
-243637
300791
274257
-316563
-359125
329102
350630
-301074
-443551
203332
399515
-172914
-430262
134289
423139
-85213
-499847
134157
476375
-8041
-442707
68346
495678
18703
-549128
-121840
503676
102437
-492890
-130149
443355
219583
-424741
-215357
477703
313133
-373554
-285480
372904
358948
-407919
-406114
325014
395442
-336878
-442883
267466
475792
-272168
-544573
232158
481053
-170378
-491796
145143
570984
-112938
-539292
46617
561479
-12295
-582240
-36570
605176
89778
-533069
-158058
580625
102670
-527193
-255286
574381
237338
-487605
-328553
454457
332183
-399329
-388227
425431
404881
-366170
-416625
381842
433753
-352899
-546328
325079
594959
-219812
-621129
179200
600657
-137280
-660930
165679
691992
-65475
-666747
6445
652134
90717
-708623
-126134
654768
189083
-697442
-218105
689680
289205
-577894
-358629
583598
431882
-627710
-460647
615338
439104
-525819
-572190
459125
587690
-413181
-610582
450217
667662
-364091
-687450
323175
715733
-287662
-734306
164452
758941
-102076
-817483
107835
776906
-5635
-775198
-43738
805984
94043
-804754
-143589
704352
269074
-750787
-308695
763053
354982
-705640
-434845
692400
479100
-649847
-569614
574148
567228
-540725
-640578
542066
731199
-536522
-749839
419054
746509
-356700
-840681
223377
938709
-160888
-902388
172475
961468
-84156
-917283
-66336
968855
125782
-985303
-169454
947259
281514
-898258
-346109
884659
418877
-886540
-451142
856534
519324
-832373
-641376
779326
728079
-753132
-766719
710185
899634
-688630
-868991
614072
939374
-472701
-988278
422938
977264
-317650
-1050645
252829
1078558
-192990
-1109836
75788
1157228
48188
-1128710
-133712
1167345
108376
-1098994
-258527
1144062
404960
-1090055
-438930
1070738
565835
-1041106
-673753
970296
732536
-988824
-803469
926809
856706
-733427
-934039
706942
1011169
-626698
-1140830
530509
1203700
-410306
-1160164
376487
1265355
-248248
-1369118
224337
1362353
-30452
-1303255
-92345
1339679
172274
-1346820
-287140
1353582
437772
-1376596
-543114
1334739
598770
-1309371
-749004
1251334
868660
-1243862
-967920
1179490
1050450
-1059195
-1144267
1017663
1252148
-906661
-1349843
854452
1410265
-671047
-1475834
591580
1616161
-490951
-1577895
345915
1631180
-223948
-1668378
104367
1670018
25309
-1647431
-169092
1653174
316040
-1626634
-447285
1646773
562851
-1558693
-734851
1590562
885483
-1541518
-999397
1452055
1095462
-1318596
-1225419
1236922
1312758
-1164953
-1413900
992130
1570497
-863633
-1638899
761076
1798591
-603763
-1771739
455442
1920939
-288447
-1936749
108179
1895927
-26686
-1958214
-258935
1948167
377292
-1950130
-502920
1930575
669430
-1826114
-829802
1826561
1022728
-1814802
-1145277
1718248
1259695
-1523175
-1379637
1467267
1572093
-1345728
-1581711
1223984
1694952
-1050361
-1777553
904799
1836681
-819461
-1915328
592037
1954383
-480515
-1968245
312691
1962928
-108118
-1946920
-26770
1913809
131396
-1893968
-336272
1811595
485475
-1748263
-687945
1744820
793426
-1644217
-880180
1562740
1038246
-1512176
-1135634
1288248
1198457
-1196218
-1327172
1113662
1379630
-875239
-1490569
778800
1519046
-661998
-1545785
580131
1594590
-345843
-1691019
240982
1671709
-160262
-1653109
-41155
1646410
130278
-1653490
-284680
1613079
414606
-1594328
-479893
1476888
578280
-1451254
-736924
1354954
823228
-1258203
-949763
1226791
1030602
-1126615
-1111061
947358
1170903
-874133
-1178155
780543
1256080
-716044
-1246072
640091
1358642
-462198
-1422068
383392
1298097
-210833
-1385279
124708
1336278
-23777
-1312599
-86719
1309113
251807
-1331704
-301625
1247157
422473
-1194022
-512341
1147879
602471
-1072953
-671629
1031747
733413
-947475
-848512
839426
924077
-849860
-948072
650098
993473
-581429
-1058445
490081
1072089
-445895
-1053503
266591
1126879
-235535
-1124552
150876
1132942
-38353
-1081802
-90784
1076018
128328
-1096304
-206565
1068566
298695
-1020854
-366780
1029218
456165
-945232
-494517
919713
572835
-863578
-647944
813883
610834
-756840
-686930
725187
841344
-641314
-839330
532334
842474
-473873
-851174
407052
947649
-224031
-911490
217577
923603
-166707
-906731
124420
944420
-3947
-928896
-42875
883384
138638
-864459
-172575
886667
322659
-807302
-344903
767883
405144
-756645
-459330
623057
509613
-645786
-568793
591139
631952
-536964
-717353
481602
667043
-359254
-799458
348196
717164
-237643
-776263
183753
761393
-96018
-779474
142142
834422
-26283
-738748
-44590
839070
108466
-746181
-145668
712277
255621
-713950
-242219
691388
304020
-660060
-392542
574542
411779
-626947
-417269
590676
561085
-569974
-524636
439890
538018
-342944
-612111
387511
675169
-294875
-659526
267253
632329
-166976
-609016
140027
696804
-110901
-639886
3338
642768
-22910
-646635
-165203
593619
84500
-655832
-165615
606996
217586
-552207
-243906
534202
347773
-507961
-330570
509432
328058
-426395
-354424
383863
415641
-331006
-446446
401625
468191
-289986
-546275
201819
539297
-171490
-548595
201945
534332
-78089
-556743
61604
620738
-48683
-570146
22022
576133
89211
-562632
-193215
513022
158139
-506618
-215486
444617
161513
-415279
-221088
399434
281627
-366147
-298376
415687
374448
-376518
-377550
345293
414825
-237490
-460692
216730
395010
-204142
-448868
185755
440132
-108041
-466937
89180
435839
-97005
-415966
29108
462471
-26919
-470020
-74412
474276
39742
-407742
-86216
454639
115711
-381394
-187277
414784
247128
-365548
-231223
347967
283060
-393054
-293951
275046
281825
-238019
-284767
258152
366986
-121813
-330664
220541
377897
-173358
-417912
144267
383034
-102759
-389630
40533
342775
-38975
-412043
-5703
362045
31407
-417224
-145539
389430
150995
-344788
-173163
352892
124597
-342003
-158379
366389
274237
-258900
-198205
283420
246268
-327002
-281329
221658
261168
-228385
-288591
219503
351268
-181596
-412041
155852
369099
-137693
-363770
100236
452866
-74129
-395387
50137
359794
34071
-337475
23526
363250
71711
-300549
-62624
375648
107805
-319610
-122308
304823
176837
-324168
-161211
247368
184614
-257681
-203864
248897
223073
-225164
-246457
235670
358957
-194276
-298207
180183
301429
-86143
-288572
40605
303939
-75745
-289400
37152
356250
-907
-260214
5830
261075
34589
-285413
-17228
303797
69858
-280240
-183044
275362
135922
-283037
-122314
306949
125726
-293634
-145483
249510
241928
-219496
-194159
233362
229324
-180564
-164535
153689
241025
-183507
-224324
173597
228583
-137348
-282001
36926
289510
-60712
-252244
3093
305287
-4817
-265240
33836
235824
-62709
-199254
-48795
276401
97442
-269406
-103559
208719
105887
-242531
-104145
244998
123867
-199747
-130622
164289
158997
-119222
-178401
190639
215060
-100856
-139882
137851
208890
-149797
-249411
73589
268101
-84190
-267659
47754
232441
-45763
-233399
56420
247714
10842
-237475
-31301
309161
69138
-209366
-21484
236942
71226
-170468
-116203
208928
108619
-152777
-74460
225229
130726
-241173
-118181
159023
106721
-151829
-146726
119910
164962
-158504
-202912
100638
146770
-105073
-277897
125074
162703
-101325
-224731
175470
207367
-74908
-212593
-6202
156374
-71482
-176300
-50639
226330
-12308
-195131
-30110
272481
26247
-148747
-19882
188303
49601
-224522
-108570
158310
178659
-161081
-161127
188515
214679
-193037
-126739
83512
133772
-103860
-191084
78746
214550
-140741
-183282
91686
242670
-41997
-258079
