#SpinCore Technologies, Inc.
#SF in MHz
#SW in Hz

[HEADER]
@CLASS=	RADIOPROCESSOR
@FIRMWARE= 3087
@SPINAPI= 20130917_x86_64
@POINTS= 600
@SF= 0.000000
@SW= 30000.000000

[DATA]
-149137
-367067
-16053
485626
95754
-534386
-152838
457021
181305
-446497
-223388
469864
263969
-368230
-281570
298872
234275
-302426
-263998
271859
242386
-254299
-252878
196280
301978
-139570
-316978
50140
273326
-77601
-294548
16460
237106
-24642
-217045
-112656
239491
16193
-138889
-46468
114724
96961
-115562
-103188
113639
158708
-118660
-151831
83533
142774
-28915
-163432
64980
151404
57539
-114126
-66353
118143
85321
-118441
-71461
89228
93185
-77677
-119568
167780
141062
-106861
-85952
30752
184794
-25751
-90389
60659
101570
-70346
-123071
-9368
98827
-22355
-150895
-35289
84838
51450
-77381
3086
132064
-17754
-83147
-45608
108044
43661
-115667
-29703
125112
89429
-48223
-81410
73092
112750
-89052
-64642
107890
125376
-61880
-142977
60492
136587
-131070
-110362
73424
151955
-61964
-128150
61063
127276
-4609
-216338
-7175
200728
-6481
-131854
-67707
135630
-19274
-135291
-29707
126515
23985
-189499
-33624
199719
35979
-158101
-111133
136361
65206
-184100
-99327
159214
183124
-154697
-175720
111270
180884
-153507
-112188
162062
71415
-109640
-147234
60617
278899
-127975
-204029
139034
142684
-57914
-215939
56749
301376
15882
-147641
46153
200249
-58134
-287596
-2111
217448
40475
-230111
-69340
216275
17794
-201629
-41753
218440
947
-159391
-55280
171899
141150
-201527
-113161
225720
142417
-170580
-176017
162316
222168
-131343
-213379
168236
223020
-152037
-263531
147292
176096
-119976
-261806
79874
323860
-109029
-312459
-3776
298251
-26717
-291505
28771
323705
-1117
-236400
-21873
300966
4706
-299763
-71146
326558
116521
-322230
-134737
286540
142047
-298309
-98588
269875
168589
-290712
-184929
257227
220525
-223728
-202104
188955
313450
-206304
-288296
277208
294857
-237403
-301168
196020
333250
-164639
-275997
137214
336872
-58449
-372049
108560
341417
-54417
-365205
-30606
402573
-23591
-381350
-3575
460407
57501
-415351
-67378
389185
55317
-408199
-97663
392689
103514
-397208
-167139
332682
151731
-357477
-216553
310801
232411
-298290
-247766
254856
324594
-252642
-311104
296053
379239
-235256
-426447
129440
421081
-190028
-439345
116578
479498
-134492
-450255
101776
393186
-45422
-475456
26336
436755
31165
-483719
-101872
427004
62138
-470086
-103343
487636
161197
-453696
-153293
475236
217261
-446253
-185992
400460
247208
-452755
-300284
424764
349170
-427962
-442666
390407
414631
-396817
-440190
336885
459902
-347254
-525488
256021
529754
-325143
-500461
248858
620748
-191567
-545873
197206
575493
-99031
-638942
-8427
626005
-38694
-625663
3416
580945
104318
-612091
-102534
608149
69925
-562516
-262016
585149
237600
-552914
-288968
585810
328291
-534762
-371165
489681
404617
-487056
-476697
431819
451434
-431831
-543201
351370
529661
-402639
-625321
318131
571829
-190319
-662661
322903
732400
-131392
-736483
110256
774526
-118363
-723492
41621
726038
13309
-722377
-31007
719420
121651
-742158
-184596
781253
211856
-724549
-263407
775438
302165
-750734
-358156
747375
491275
-699735
-447589
699255
571561
-639339
-589718
594548
654390
-575110
-692281
539940
743223
-510579
-758591
434385
871348
-414455
-908707
288697
922988
-279463
-874133
262374
989136
-115479
-1015615
26708
1019864
-16841
-1007329
-21727
1023991
112869
-969596
-199314
1040185
260931
-960831
-339068
988380
444742
-976893
-525079
929866
544074
-891257
-640051
899860
749475
-829566
-768035
863654
828992
-704807
-920872
729796
951641
-660194
-1011555
593157
1044289
-496524
-1115551
392583
1210195
-304490
-1211055
275672
1278137
-149893
-1282429
90000
1300864
39598
-1367237
-90620
1376111
212477
-1363260
-291257
1351442
420694
-1395654
-479865
1348392
607265
-1287810
-668592
1344881
819594
-1244335
-908681
1226163
1076253
-1154117
-1123154
1069882
1231149
-1040255
-1288387
941450
1381807
-851669
-1511512
780797
1431808
-668966
-1609161
613965
1723147
-489416
-1744422
388843
1774927
-265763
-1786470
113205
1913065
-9274
-1880354
-148212
1879225
314994
-1955191
-414125
1909717
486523
-1908870
-757118
1894761
842370
-1845621
-1064311
1836274
1154568
-1749432
-1298607
1771437
1464932
-1654689
-1647561
1623182
1679415
-1460145
-1899914
1349913
2004409
-1248766
-2193636
1172106
2282647
-957010
-2309337
820477
2472330
-696817
-2575976
597831
2687385
-407352
-2706644
260777
2789802
886
-2836722
-120569
2859113
402665
-2859475
-501304
2924261
692445
-2889337
-915017
2941728
1063647
-2905953
-1244489
2773426
1470543
-2756445
-1670442
2694484
1783407
-2561457
-1919205
2464672
2048081
-2330853
-2235325
2249292
2342953
-2020324
-2566378
1914067
2565908
-1780735
-2780496
1632957
2793499
-1359778
-2784834
1268323
2868123
-1100979
-2901015
825815
2913850
-657486
-2901320
427980
2929324
-270549
-2897315
34493
2834551
106040
-2767706
-270454
2784191
467137
-2715317
-606012
2572200
778020
-2496986
-908163
2365789
1053721
-2277443
-1142354
2131654
1300981
-1955355
-1363687
1857058
1512548
-1754601
-1621757
1590139
1652691
-1418549
-1715192
1250235
1822587
-1135473
-1859369
1040937
1912980
-835520
-1850052
698701
1945471
-530110
-1932299
429116
1935326
-284485
-1945700
134314
1840810
-5728
-1833277
-147886
1848445
257726
-1808304
-395710
1767888
444630
-1679977
-613290
1590341
703188
-1586578
-863787
1505353
910040
-1362700
-988345
1291659
1032004
-1191633
-1088897
1161890
1237980
-1031838
-1198736
992726
1223102
-802971
-1301136
703783
1309823
-666442
-1342861
597885
1397214
-526135
-1314392
282840
1368933
-226029
-1356469
102816
1401069
-11341
-1289807
-12883
1276629
194667
-1266075
-259847
1260215
270652
-1203972
-392687
1127882
456568
-1056763
-562751
1013815
639610
-985181
-667442
944194
692655
-802563
-731326
783574
815492
-759343
-865920
601398
918567
-553006
-960977
581364
970059
-412528
-963451
293289
931969
-318342
-980000
187105
1002759
-93920
-970453
97181
1015557
923
-997558
-60896
1014224
128243
-959068
-225590
942836
269637
-931662
-320788
890138
352256
-818617
-432638
809664
468422
-787517
-483606
684702
640546
-648944
-628336
666398
613068
-555460
-701429
483898
718045
-459673
-715714
432330
736524
-369494
-752371
258599
728933
-290339
-783958
182815
732803
-141553
-696241
89802
746787
-39511
-722094
-14366
798385
47647
-716350
-47669
671091
151204
-779119
-235412
645086
252673
-601169
-254889
623579
360799
-566453
-337768
569751
328639
-515415
-445301
506142
471336
-475196
-513856
344657
546651
-360380
-504261
289777
547824
-242328
-553546
263325
529178
-147018
-611519
206586
601421
-68611
-660442
74245
630846
-32340
-545470
-80745
642814
30150
-601793
-68962
591512
147816
-629189
-152605
542476
168576
-580656
-276525
507814
245793
-458646
-300803
455971
343314
-496857
-351667
457623
402839
-341749
-456490
303847
438892
-305718
-449115
288655
462362
-241441
-483863
180914
476875
-183385
-463407
169864
454819
-79125
-537903
43999
454602
-1192
-466720
-31734
478795
57199
-478834
-72389
455946
135754
-380412
-146312
373226
174362
-370659
-96803
433490
208763
-294210
-247414
329185
234341
-277515
-294987
299403
314504
-320960
-294907
259397
326491
-221776
-316499
246392
356408
-184502
-397517
199324
384452
-111333
-405559
43037
365166
-58265
-333339
24913
378239
-69828
-377478
91036
405338
21664
-340669
-98319
409840
69807
-334199
-100688
318840
129472
-289014
-140119
286053
160246
-232447
-212431
316481
193614
-221365
-215818
206951
221952
-286857
-194341
239800
283234
-147048
-306607
140951
295510
-162524
-285441
111405
186738
-132263
-307666
99243
323993
-96351
-266343
38105
306915
-23656
-292199
13413
300252
42842
-193431
10340
274709
75757
-276719
-127522
239507
125428
-244124
-123989
202098
116690
-198405
-98799
182428
145528
-221457
-145428
195313
196318
-139202
-169116
172259
161157
-139384
-201059
159626
203982
-132989
-203501
35230
195920
-140959
-256033
63438
217401
-38802
-183046
32051
153906
25208
-197785
41059
195591
7982
-148956
-24301
234614
26809
-205704
-3298
129072
79891
-166403
-72041
245593
121840
-161824
-85254
137536
116009
-126801
-70724
191430
86826
-70158
-111391
139065
121779
-98553
-110661
118459
140792
-106556
-83772
61205
101809
-87390
-111973
11071
109552
-37559
-191006
88581
101606
-75007
-137727
95466
109826
-70079
-113225
-14485
113477
33086
-125831
-13829
144262
-5129
-104733
-12469
143139
92460
-102834
-41170
127648
49788
-76682
-65688
49394
106742
-47796
-31270
3091
116404
15666
-54481
76564
58515
-42073
-47860
33345
118567
2982
-19434
98511
62538
-90991
5248
18794
27804
-13000
-34555
70979
119334
599
-33042
52646
21438
-12006
-76083
-52344
114097
15208
-48006
13574
16481
-1526
-69141
-37737
-10996
-2734
10063
-2120
76902
20614
-48493
14948
41632
-5177
-36033
44517
-14294
-47816
-12169
44322
27065
-34160
-20270
66966
-39324
-17840
30449
8079
-35137
-28304
23776
119055
23287
-81012
32277
22856
-4217
-13166
68926
-37059
-46755
5343
-42755
-16891
43145
-88252
47991
93992
-13861
-43263
-8451
22086
34476
-57785
-64592
103418
6635
-36827
-56490
72655
-19686
15983
-33910
53751
30616
-69593
-7898
