#SpinCore Technologies, Inc.
#SF in MHz
#SW in Hz

[HEADER]
@CLASS=	RADIOPROCESSOR
@FIRMWARE= 3087
@SPINAPI= 20130917_x86_64
@POINTS= 600
@SF= 0.000000
@SW= 30000.000000

[DATA]
54420
77583
-101284
-113134
70826
143656
-96510
-140776
114260
133036
-33161
-83088
83470
115437
-90588
-128877
21223
104727
-68617
-103042
25133
110983
-34670
-90385
64019
167201
-15122
-76999
45809
117177
32724
-41024
-68802
85382
-24883
-159961
-28323
132039
59467
-130959
-115229
77038
79396
-119745
-75369
108367
109707
-133151
-97408
115413
51819
-79409
-117196
142360
99388
-96058
-138779
38840
142645
-51707
-146950
21783
135573
-36462
-159874
78767
101885
14082
-95514
-13664
97573
-22889
-99199
8216
127951
120049
-84138
-5213
142670
4073
-123299
4377
202947
55333
-120886
-41702
134920
83561
-187293
-66662
167012
80908
-128581
-108952
142233
126575
-110304
-146524
104039
158710
-103966
-110180
100971
167564
-48509
-175837
53045
103516
-39692
-212403
73341
160583
-58737
-164733
22903
133420
-25233
-148887
-31458
168900
30388
-168091
-39226
201455
58182
-156047
-13096
142774
52060
-191327
-41830
171847
110854
-174492
-84790
220273
66876
-114103
-94002
152597
112383
-94025
-138664
89393
117603
-85587
-124938
127566
143300
-124772
-219212
87395
193785
-100578
-148533
93859
184517
-26032
-194573
55095
230275
-14642
-257451
38976
179629
-43262
-180889
38221
235981
31491
-218906
-26581
211545
73712
-226292
-147810
225518
94283
-229450
-80579
216806
105133
-132850
-177808
97207
136055
-190187
-188784
162939
176027
-157012
-161252
102719
216616
-76148
-235549
69780
180819
-131448
-215993
47808
259103
-28862
-246266
30152
235098
-62398
-233165
15349
200077
2254
-258923
6450
277536
34750
-285395
-30655
230247
108149
-273753
-77651
263716
104462
-247067
-147729
227137
180922
-238976
-182076
254525
166789
-244825
-148755
155004
207605
-165818
-222852
158273
237168
-163146
-264586
152515
277909
-168425
-248190
144456
330023
-89326
-270180
-5775
306274
-57945
-267091
33593
285093
-92916
-240319
-29553
312967
115659
-310201
-65590
313236
91150
-256593
-87436
269059
113591
-358704
-134624
253910
155990
-248840
-174724
263494
233003
-275665
-183939
224588
266529
-184936
-235374
194782
283654
-158267
-301946
91020
325181
-165956
-322682
91570
326876
-68478
-277818
99340
339238
-43214
-325828
11503
395146
29314
-419788
-84038
404271
72201
-344839
-102192
378854
115787
-353032
-153688
395005
174240
-400426
-214161
395373
218569
-284842
-272440
337011
210060
-311782
-268362
269078
391086
-265582
-279553
261465
344323
-166589
-411049
224383
431518
-250572
-424612
130499
401670
-155932
-441928
146840
386940
-24738
-507698
85566
520493
7618
-423674
-52995
447725
-2990
-449601
-107959
473727
94757
-392849
-223531
476145
211814
-447955
-238656
428501
249886
-426078
-212313
420992
265022
-396946
-388022
382328
395719
-328491
-430802
366701
479803
-334259
-453776
266581
446604
-216338
-547552
191765
510160
-205739
-467601
56021
529166
-113694
-584795
62859
484714
33584
-568910
1048
595930
107624
-609021
-90200
580306
149689
-579147
-230212
522213
269466
-550400
-276199
565762
325025
-515723
-373537
560610
396818
-444059
-524280
416919
563582
-510642
-483366
482851
556766
-395450
-620405
335927
595759
-303543
-677285
266309
656179
-212646
-709438
141256
671370
-131595
-741810
45048
745765
-62844
-795678
-65859
776003
32371
-766696
-125305
793654
94498
-805028
-238859
695343
336903
-665398
-299839
681482
392749
-739369
-439140
662596
487901
-605795
-585137
582954
578811
-525476
-671424
609597
702701
-456958
-828124
392047
793601
-380382
-817232
308093
849823
-205440
-934560
164329
892859
-123286
-943013
71625
963162
-7088
-1021150
-112718
1000421
196054
-1048619
-243809
1011874
277579
-1032428
-304336
1042079
405789
-1026032
-483618
933100
600633
-955404
-614472
883168
748039
-917709
-812567
834856
858504
-817134
-977124
761016
1017377
-720188
-1042415
632034
1108247
-529489
-1117421
507130
1267075
-407937
-1310068
260990
1345009
-208192
-1353425
135443
1390860
-28713
-1428359
2008
1389061
123470
-1442547
-311499
1410575
387333
-1378902
-456063
1376936
553979
-1352206
-647398
1333131
775363
-1311638
-1000663
1283013
1065782
-1277151
-1093146
1240335
1265562
-1156938
-1271947
1072227
1475810
-910404
-1544001
859409
1621495
-694814
-1688029
673937
1786640
-574252
-1882181
451218
1903677
-346200
-1981666
164194
2006656
-74249
-2032247
-59997
1995157
220572
-2047171
-331086
2025406
436824
-2025857
-569513
2079088
731598
-2072539
-846391
2028591
974773
-2040348
-1156922
1952873
1246509
-1831515
-1355601
1772065
1495391
-1716392
-1572388
1646593
1640231
-1510107
-1743219
1369321
1796717
-1287939
-1923791
1168435
1921207
-1031535
-1980294
926666
2018376
-793182
-2028494
669918
2063421
-481167
-2074118
363670
2153552
-254214
-2046231
143945
2022394
-56031
-1982092
-135856
1952293
258774
-1868715
-390362
1920992
462265
-1801076
-642855
1683275
737480
-1606547
-770064
1542369
920551
-1411616
-1007061
1436234
1090681
-1234629
-1159416
1197932
1216549
-1092617
-1246516
980026
1281044
-857038
-1315423
793615
1381235
-601616
-1362590
518781
1371709
-408663
-1396518
301823
1386339
-221268
-1432754
73153
1387646
-13523
-1355624
-37194
1284046
147092
-1319904
-254436
1299035
363322
-1227947
-416044
1228515
512028
-1143440
-564922
1107907
599220
-1035072
-643242
930962
750482
-924019
-830338
788995
827616
-831185
-896429
733280
967435
-722644
-935108
589661
931429
-455998
-935050
400773
1009089
-364052
-986143
279386
1004008
-238404
-1002969
140121
1014707
-37081
-947786
-23154
943565
132227
-904014
-190318
890076
240255
-899214
-329747
857040
357166
-782339
-359176
765834
454478
-735949
-464247
652212
496205
-652276
-618731
563836
549448
-485669
-630883
510275
734875
-415995
-676208
378082
727231
-294417
-713753
270809
720334
-230231
-750924
92456
761806
-132463
-664748
34633
765070
-46250
-802583
-35092
741526
91886
-794532
-126695
659118
252400
-608383
-230672
648170
253187
-595623
-289058
642886
350225
-597886
-369736
541955
411811
-526712
-479904
499112
404502
-385233
-517985
420164
523682
-381136
-554460
279107
496553
-325706
-570303
192727
583412
-229514
-564468
136107
553603
-120107
-542087
73551
574508
-78601
-548483
10706
609270
23161
-601189
-87209
595418
113020
-513604
-191508
528677
232864
-461478
-182538
450483
229379
-480010
-280555
459735
303197
-377521
-315379
405505
390811
-354237
-380548
304299
424837
-225133
-427111
248091
435214
-126250
-437681
210338
456807
-158611
-438490
106038
503395
-71387
-514088
112646
499866
-2979
-453702
-10583
477570
26668
-470946
-59662
474979
136189
-419861
-92999
421435
184536
-362916
-228464
327502
228128
-436456
-253149
361611
281634
-322569
-292578
262717
322387
-319069
-273414
248058
386192
-246427
-382458
209262
326591
-177497
-327373
126218
350323
-69055
-374272
134147
320389
-90047
-334630
2043
379079
-35888
-419666
-27418
373082
28256
-363694
-72493
299664
69984
-356735
-53861
337738
166266
-338259
-205303
287225
181985
-282148
-155934
275049
168329
-236284
-180920
205383
239071
-205970
-306988
158119
300678
-210096
-249896
174059
314930
-129412
-267462
112041
270838
-93546
-308542
83688
269961
-82516
-309529
29837
341397
60838
-315687
-28733
252594
56177
-274859
-56638
246550
91542
-242521
-94910
275566
108329
-270233
-74914
275723
134067
-201180
-212603
247130
187492
-208271
-198345
235691
143217
-207155
-252808
117399
249334
-169541
-172422
159769
266429
-149540
-215112
125928
221763
-82328
-278279
53138
262106
-46984
-249761
30302
232487
30110
-262788
-25096
227618
80889
-276468
-93357
279385
-2995
-236473
-91857
207731
95736
-220495
-112250
213520
123658
-150541
-104705
186468
163883
-206598
-100784
155637
166878
-160796
-105549
192222
170583
-169888
-206367
156121
172575
-102472
-211205
63572
245229
-93258
-210192
43450
119468
8528
-186391
-30688
211995
-17121
-136551
10966
231476
30353
-198234
-22100
243526
68211
-171856
-92548
185772
106974
-226536
-38914
151073
73033
-118360
-112894
193854
94404
-188018
-105996
156186
105902
-89613
-126819
102925
147848
-126844
-161573
140562
139403
-82027
-220782
34105
152683
-36622
-200849
127666
176451
-23108
-132081
84363
183008
-84228
-121203
-6552
162322
-9498
-163274
-79088
171122
47023
-212207
-24327
107343
80082
-105985
-59583
106238
107467
-114357
-164690
170544
111136
-80458
-72690
153270
86790
-32723
-112336
139924
102042
-154081
-153480
135690
146428
-72276
-167523
91559
169449
-41054
-184698
53159
87896
-52496
-130026
-53397
181972
-5861
-93956
19958
169909
-58403
-100404
-45949
122428
69946
-124967
-79191
125466
65282
-134428
-76933
77844
89942
-109488
-46038
125452
97321
-192945
-119531
129701
38381
-72427
-70491
111353
93768
-31380
-103810
-21209
107458
-30604
-117521
78317
127104
-38295
-118314
49847
150210
-40571
-172638
-30044
151135
-11858
-98374
40432
138632
46748
-88712
58054
110673
19853
-87255
42684
124754
39498
-117899
-45074
155701
39676
-72978
-50118
67751
117819
-98974
-65087
94037
82042
-59379
-47507
107973
125816
-76532
-33044
21378
138780
-55935
-153124
105986
140018
