#SpinCore Technologies, Inc.
#SF in MHz
#SW in Hz

[HEADER]
@CLASS=	RADIOPROCESSOR
@FIRMWARE= 3087
@SPINAPI= 20130917_x86_64
@POINTS= 600
@SF= 0.000000
@SW= 30000.000000

[DATA]
31897
47998
-44025
-63892
-52279
36386
-9823
-63314
32984
40422
-14026
-15295
-2035
64289
-64
-43583
-54237
41626
8125
-73996
2781
63317
55117
-51580
-49953
79807
15769
-103918
-18096
38216
1309
-18375
-4314
13086
13436
-92260
-64583
53146
77485
33291
-76474
14560
54469
-19848
-24564
58437
52174
-51519
-41242
8735
59046
-51210
-85471
50486
62846
-3744
-74917
17746
-1880
4607
-54535
3372
60414
-21055
-16652
-47273
65551
-22513
-60171
-6241
97463
50465
-26703
18495
47006
46996
-97955
-60838
8394
60345
-67131
46735
20987
45320
-13025
-49430
64073
40990
-21951
-43181
109938
46636
-101749
-102350
-18444
51691
-15436
-12879
19623
94316
-11821
-79947
-20333
134649
-44067
-48285
-23720
47387
38951
-98666
26088
37418
81097
-74504
-83145
51785
33159
-81523
-60165
49452
-21468
-100856
-26978
133144
79270
-86069
-45743
105085
40187
-102396
-31411
76417
26587
-12759
-86697
55749
51388
-68016
-70940
93268
120243
-4315
-87257
-27117
47679
-81761
-104965
10233
33964
28652
-115638
-25811
62784
42856
-45545
-7058
70375
6801
-117631
-12746
76165
20427
-14699
-57266
51972
28920
-68078
-26737
97218
42542
-48390
-50133
94058
36577
-81227
-43278
26105
68969
16468
-76593
28806
108288
-10183
-86451
16622
147872
-10468
-116563
-8153
78842
-13782
-66319
-12655
92720
54300
-144954
-49940
60848
18721
-87902
-29911
95986
95505
-122005
-4459
51907
67425
-64111
4614
115953
38933
-95354
-64741
117740
24207
-144984
-40036
123839
83398
-117901
-10776
82537
36888
-77491
-41513
68158
55802
-76842
-51206
16750
127666
-61894
-118580
26157
101965
-13293
-127654
19195
113140
-48584
-162351
23849
109015
56999
-90955
11512
56267
-55409
-94891
-17946
137645
32501
-93483
-45401
130040
95728
-76915
-85828
99610
31481
-116705
-73844
75321
96184
-55509
-91062
24435
133794
-86884
-78343
88098
98194
-55178
-116323
50959
68722
-14278
-106401
46055
156809
-77341
-120798
68219
120211
13103
-177045
24852
95908
-19018
-130560
-6157
131560
42448
-135124
-49900
127007
54854
-101967
-62667
153298
35920
-99399
-82393
145793
143576
-123163
-103867
173873
143371
-104603
-45645
38421
218252
-44307
-164754
105991
126822
-31696
-128348
54293
218542
-66583
-161421
63530
144843
60937
-150428
19313
179351
-12980
-116259
-29117
150894
537
-156757
24841
172238
27811
-96812
-39077
155788
49377
-202973
-127643
182361
164483
-175360
-108608
92814
120885
-160789
-69923
144814
149905
-121393
-160684
86573
162382
-153711
-148007
99337
154396
-90819
-200874
38101
226844
-102699
-205055
56112
215280
-36220
-230196
53778
235518
49035
-287095
-27101
307051
52646
-219735
-19563
315172
128021
-197402
-73627
225768
82819
-245073
-86640
212158
114440
-284056
-130547
200696
200503
-220824
-217476
240655
225204
-162118
-163849
149117
220948
-193214
-261455
122490
212733
-149974
-259646
100425
262047
-130154
-278482
29066
276241
-85545
-277725
10541
395162
-46695
-349660
34410
323101
3796
-355044
5425
320775
74145
-241647
-110960
277069
109631
-320260
-174075
271635
117479
-351236
-168728
238421
189043
-295877
-201828
224923
264227
-245114
-283286
264458
288091
-249810
-257719
199923
324463
-208401
-289503
219150
364948
-169297
-304956
146522
326553
-60197
-351498
122916
396549
-56863
-398874
8549
385719
27235
-388769
36773
420637
30661
-347628
-53149
414853
63124
-479486
-94424
463029
141741
-387160
-161676
348214
241295
-443181
-178821
354339
218091
-388016
-243603
342516
292773
-345489
-288695
319573
445617
-301897
-402551
292150
407612
-277463
-380960
286122
442254
-205908
-395341
162520
478724
-118889
-442841
72938
480755
-85818
-484694
81377
449555
-89691
-507950
-1151
472831
13210
-518354
-83509
524254
71892
-461576
-54138
494510
131762
-529345
-144583
508930
150381
-479892
-263987
484263
288210
-455374
-299578
429104
303148
-362222
-342139
393116
366517
-303504
-371580
315924
429059
-382593
-430740
296625
456367
-259541
-446731
173770
440125
-166613
-515090
157920
516188
-130705
-536652
175513
535295
-132128
-599169
72852
533229
-45210
-504911
-44254
555218
151700
-539212
-118010
549366
132559
-509709
-154344
526143
206145
-466841
-221105
508145
272396
-476066
-340683
493447
349202
-436297
-380272
441270
357775
-401625
-387387
411960
414055
-371735
-367285
411166
391288
-296607
-488465
291050
509382
-268502
-537218
268269
518552
-231445
-586645
158471
474847
-95037
-515633
123259
512341
-68730
-537646
17004
520003
40086
-575638
-83131
523159
71608
-551532
-120809
497686
170760
-490431
-163205
435764
227015
-477682
-211596
428281
222714
-416690
-255418
403798
357700
-421201
-325461
367543
387437
-328001
-317445
268293
410703
-348374
-354594
250207
475804
-241199
-466359
187610
451994
-209767
-484522
152002
498257
-99741
-520465
-34901
487047
-27061
-520258
35530
470672
-18902
-506004
5159
453728
76886
-447391
-121810
448890
118684
-416544
-158960
392810
127858
-435420
-200627
425558
220958
-407124
-210056
359965
273990
-355003
-254904
303429
326408
-287787
-303439
341211
333753
-232315
-393798
208795
348423
-227119
-392963
176277
333531
-213604
-363316
145080
383143
-143665
-423898
87922
390205
-83631
-346874
65721
415406
-38514
-430467
36365
397358
57080
-450325
-106090
364748
38172
-352653
-56912
363237
92776
-325367
-135948
359408
156499
-291230
-204166
326855
192082
-287699
-191848
300161
221426
-284316
-264625
223910
247408
-186204
-293827
207353
330648
-165988
-344732
149288
322465
-85765
-253654
169678
357146
-54789
-354054
55612
276886
-26693
-290437
-54390
309655
17590
-350357
-48199
338218
37636
-293455
-156034
322496
6629
-290329
-139026
264660
102792
-206542
-98810
228887
177072
-206121
-133017
210080
207192
-255617
-175206
209530
178449
-168520
-154321
187652
213798
-132998
-252103
224320
225851
-169898
-204686
92597
210610
-105730
-250650
110686
222241
-80110
-200607
19807
252661
-26126
-179225
-10718
286298
-45887
-186212
-16343
195139
17852
-157246
-27849
250250
28729
-182855
-95983
190899
70737
-141815
-131132
133018
95038
-137397
-150730
173654
135218
-137217
-110958
112040
186647
-144607
-169005
142386
124588
-98998
-176881
27791
116623
-60817
-181301
64743
215283
9357
-160592
58648
226079
-21116
-182133
39020
221855
47508
-189355
-21404
201959
67775
-233995
29998
147085
104115
-143628
-49020
114440
73341
-106376
-67893
160316
87526
-90335
-152574
161719
73952
-138309
-127981
125920
117678
-97281
-174997
63451
178550
-74205
-113009
68081
111069
-28127
-152171
29275
113666
10796
-120995
64601
140330
-16441
-141044
27455
187816
18778
-60394
-55963
58399
12925
-70604
50376
134521
-14127
-142872
-129635
128921
91963
-79169
-49157
57726
79503
-94951
-32533
56441
50459
-53866
-110332
101578
132403
-79256
-111086
24653
132639
-58927
-104493
91130
97573
-16444
-136062
42937
140482
-18543
-120205
-43743
99068
-18446
-116746
71508
97348
22578
-181713
-57128
111542
50336
-77085
20784
163494
-4834
-76686
-47491
68350
34667
-45062
-15569
122279
61791
-69074
-78094
35665
120722
-52399
-68596
33201
80007
-77525
-122258
60858
69764
-32361
-48047
65038
83432
-38374
-123950
52246
73525
-35712
-162211
63147
132123
66797
-76491
-35460
117103
10211
-88864
-58265
82166
-11006
-44441
42742
143616
64510
-70083
-13669
-6748
-4744
-49947
-79746
56941
36671
-69659
-53518
41210
69552
-26669
-100860
66026
124016
-57025
-129920
45602
59079
-13021
-25040
-14634
56049
4603
-107327
2755
122715
-1343
-91085
44765
62809
38057
-99892
-21894
97432
55226
-149070
-43834
51209
48798
-156157
-44164
103764
-479
-62740
-60498
113698
16199
-126531
-57310
60729
47240
-66838
-75365
39952
64970
-47594
-113821
16734
87286
-70519
-131341
37177
76756
-65181
-65201
96779
119427
-43245
-66777
12302
83692
-6867
-89955
-10907
97906
-33020
-89917
-26697
80565
-6020
-25352
-31566
38638
26410
-92139
-57364
104579
-29706
-60757
-339
97129
67020
-70293
-4592
110544
51790
-55627
-56810
7865
55596
-36652
-86309
-35804
18368
12655
-75679
32591
70688
-45199
-86248
65702
88123
-34079
-47017
-12362
109769
-27740
-12634
-21038
92385
66037
-12097
53096
5885
8983
-28019
-8077
104737
28469
-63547
4730
62765
-46839
-51658
20377
100297
2005
-5258
-4439
88042
37637
-68731
-25831
36162
10820
-28849
-91981
21305
69358
-36459
12135
14804
90679
-74898
-30062
75540
38388
-108533
-83345
9833
73391
-18111
-27894
46301
94867
-51572
-34837
-2800
66132
-63850
-51581
6725
110121
-21129
-123534
-39967
66655
29744
-41666
-24216
-4917
103321
-64668
-22723
83753
-3714
-10319
-78183
65273
11247
