#SpinCore Technologies, Inc.
#SF in MHz
#SW in Hz

[HEADER]
@CLASS=	RADIOPROCESSOR
@FIRMWARE= 3087
@SPINAPI= 20130917_x86_64
@POINTS= 600
@SF= 0.000000
@SW= 30000.000000

[DATA]
-88803
-120210
160235
221639
-145111
-137146
115117
118068
-76983
-137496
103305
158060
12962
-191546
106569
155123
-80242
-218535
8579
208394
-99849
-251288
-16428
204562
3485
-193964
-47586
165065
83431
-217422
-120417
189737
38218
-195199
-96071
189960
123570
-183185
-85167
147848
166395
-138104
-182841
145000
208861
-81608
-114890
126616
208487
-158465
-174708
89675
161169
-71514
-213785
72001
215426
-67332
-170026
32844
230812
-67892
-275075
21676
278282
276
-238976
-37543
209397
27346
-270111
-50384
243567
53233
-188552
-60951
197800
64134
-174480
-115034
163166
139096
-131467
-188418
184336
186578
-152265
-169928
170928
156599
-103279
-197515
137885
175289
-76154
-188727
48773
158937
-48470
-199618
-11942
213979
-394
-272804
3116
205728
63439
-305694
-115564
300895
67249
-184717
-51450
265328
129421
-195607
-92195
197122
118553
-215852
-138705
235051
193276
-131432
-190684
210706
175606
-219168
-178213
159783
182369
-118135
-272505
110553
247154
-18825
-237332
117383
283061
-60532
-209476
9394
270358
22431
-290760
-15991
217029
50760
-328618
-54108
266391
74407
-259220
-128374
218060
104035
-227077
-104087
272819
208019
-204855
-213362
242065
233286
-220299
-285026
193409
206784
-175878
-183805
148763
259024
-119349
-250837
74428
257073
-114892
-293628
117755
234785
-37351
-318180
19639
311134
48527
-340935
-89592
332510
176027
-329947
-34959
346940
87050
-328840
-154139
303300
120742
-249935
-196511
281783
176497
-279186
-239273
211086
261917
-275528
-289242
300466
336976
-196879
-280779
168153
296681
-148892
-360913
119593
328449
-69363
-336156
115924
368170
-89564
-385002
-8017
392653
59100
-322040
30673
389358
114074
-325240
-76746
369689
107332
-356306
-117341
329030
130606
-351904
-206636
281281
215979
-243073
-300998
318498
297389
-274542
-284211
227884
282925
-155858
-301093
136516
324884
-144399
-394564
133509
406792
-40687
-431188
50506
421182
-55558
-381170
-12573
429572
24093
-409982
-67759
357766
98831
-435052
-177486
372421
184761
-318053
-146071
431773
189001
-361366
-238232
396327
279339
-362443
-311347
278156
389078
-212461
-363422
279957
412211
-206998
-325999
156390
410745
-199961
-495211
131050
451505
-71249
-459996
54170
445509
9497
-392321
-13283
473949
47912
-542667
-100490
458305
143795
-407954
-102784
405311
209884
-404061
-178257
412208
282023
-373638
-343071
329703
317883
-310027
-389978
309256
373760
-258200
-391718
211946
488564
-170073
-462520
166258
494225
-112400
-495316
88750
534889
-142819
-495349
23705
540242
18943
-534978
-84373
560331
142009
-495454
-220379
466100
210295
-480900
-250577
437594
290243
-476258
-343716
452329
342230
-427227
-446666
416051
404279
-383748
-479404
366845
478833
-279484
-515300
303336
471946
-178126
-627175
85573
513737
-137393
-613002
9085
541282
-27902
-587549
-13386
628955
19210
-630056
-117267
609814
157477
-581944
-169681
562607
256897
-540550
-285704
475146
300770
-486469
-334290
520209
456996
-423105
-492978
421886
529711
-367017
-516152
328708
576477
-279081
-574054
256055
623186
-125399
-636786
137759
626052
-57245
-692675
17352
679778
69356
-708965
-98628
711714
179376
-593869
-171218
657698
192487
-617448
-254449
669147
338565
-610059
-393710
547865
421346
-560465
-480093
558179
517543
-452870
-534626
450080
563425
-350321
-642034
315854
682855
-302223
-712185
241735
739995
-163331
-799398
131925
755843
-50024
-736419
75973
711483
119329
-773559
-129898
736215
172674
-686640
-266045
736433
297000
-702550
-336659
651950
382820
-581807
-432749
563004
479687
-571620
-545765
534194
571156
-434246
-627397
469215
597563
-381139
-725015
313231
763411
-223718
-790756
191637
766415
-75666
-810130
91362
837775
40708
-809316
-96787
863820
149467
-733152
-158190
750392
327104
-774333
-346051
703824
439727
-748756
-475584
728134
472874
-541958
-561379
570797
677835
-555872
-708735
523879
749570
-464406
-793403
400302
808568
-402949
-799186
240821
809787
-211176
-861210
146153
893714
-44613
-870097
13954
883313
73079
-885691
-111711
842062
176430
-843902
-230863
855739
333512
-783946
-460263
729696
446551
-765217
-543886
687038
520607
-624178
-599760
536775
695306
-502258
-707401
445731
801821
-382462
-817363
299059
783601
-218808
-794825
187486
923902
-108948
-869673
22946
831304
30957
-926561
-84564
889928
208501
-899105
-260593
857199
318706
-800345
-414443
774011
455495
-785949
-490303
755531
579962
-692776
-577043
636246
701154
-615572
-677688
570951
802777
-445572
-800242
382182
865560
-349868
-861407
300422
879894
-209620
-870935
106556
913547
-16397
-944426
-9924
859035
95708
-907544
-129917
873248
182725
-888971
-241545
821414
389439
-732463
-456250
733714
454131
-696046
-560505
659093
581645
-529726
-674315
527613
706311
-540467
-702672
397560
741297
-361718
-782293
337546
831279
-218560
-824728
153034
830509
-77029
-861108
11797
803861
77946
-807692
-118179
842729
184004
-826796
-278159
818169
255427
-802570
-440475
807681
472319
-771760
-466778
685525
520337
-636676
-551664
567225
616764
-588966
-661917
476842
713199
-444067
-739178
346855
811223
-308312
-796847
290701
816435
-245699
-818720
178138
771995
-86997
-814881
8542
825199
97098
-828278
-158711
739431
152039
-707271
-291788
723975
277856
-694801
-349648
671909
436775
-619082
-409415
602773
463962
-469788
-585513
448073
595004
-406083
-657213
389278
653462
-355141
-639264
297612
762022
-277004
-698828
98739
742744
-108250
-658491
22603
814197
28413
-730714
-136194
747204
108943
-758700
-218205
732392
291090
-622565
-278526
670337
376441
-595687
-421117
625646
439147
-539404
-490735
499199
488454
-475193
-582623
400579
588312
-332947
-638942
301513
657110
-262881
-662515
195573
650689
-99005
-699793
146666
649672
-8817
-723741
26782
653686
102633
-617383
-56887
650295
99980
-615193
-203198
586300
266490
-601812
-302364
551230
289592
-510052
-382486
528424
441904
-460577
-420348
420933
442945
-326378
-540506
315825
493263
-319439
-495007
210745
618917
-191577
-559968
163900
651532
-110652
-599337
2433
597921
-13192
-563604
-44574
601571
76057
-566985
-130069
569978
175653
-542836
-223630
522265
290852
-524879
-278561
477977
329763
-411987
-392538
408999
372169
-344491
-430713
342644
470122
-297386
-453127
282183
463661
-234158
-488753
212084
491296
-136074
-531044
178197
566718
-97086
-484985
-58158
504412
7725
-445390
-146358
491854
139896
-506674
-206975
493099
131766
-442358
-221667
411742
294324
-362230
-268460
408607
340354
-332498
-310479
334619
390657
-302939
-325003
202581
369824
-211783
-427009
267386
406868
-85657
-454283
145962
431391
-108432
-437923
96175
487461
-65652
-396885
-52869
436633
39559
-406657
-114909
478567
123140
-397079
-211286
375022
140951
-452500
-246847
380305
228732
-369329
-277440
275536
268150
-320920
-327389
281876
374589
-234123
-302278
259432
391403
-180101
-370389
163218
368870
-144724
-405925
103803
388624
-107406
-422832
58438
447722
30920
-371201
-59604
411713
-13100
-398388
-105876
419823
125519
-370261
-125021
375814
178629
-393466
-192939
284719
168924
-276888
-186248
222981
268971
-252833
-253086
276540
286416
-259600
-306763
144335
324733
-119362
-303710
93773
358389
-128291
-370189
114181
316681
35746
-341655
-30530
304749
25238
-345615
-64347
401069
56117
-371289
-113961
310610
153558
-339762
-95536
268659
159694
-346972
-195378
306395
167042
-269223
-242467
204777
238363
-238731
-180367
194689
312289
-158793
-285727
139912
208186
-142917
-293866
76998
323689
-67933
-332498
4248
342095
-12048
-299587
4110
344016
9615
-259610
-76422
271272
98893
-262092
-94928
267685
81065
-290911
-145039
215798
124708
-170886
-193507
244751
233120
-227318
-144772
125108
191386
-107244
-211010
115356
267345
-134572
-188886
121548
288156
-70197
-351093
95213
279773
-76667
-227903
53456
272623
19403
-263338
47
317284
4246
-296244
-28349
253735
25861
-221597
-48008
226812
119182
-225927
-104150
264657
173267
-179830
-139571
238589
214590
-236768
-162596
172881
164144
-208061
-230719
154637
185844
-97106
-244593
60271
225534
-104341
-253916
82567
255370
18199
-288919
5346
289007
-12711
-258339
18630
254650
45631
-248975
-45606
244420
64777
-198760
-150091
268936
48320
-208721
-161104
177144
149904
-210220
-172767
197815
167492
-199240
-155498
102863
214149
-159370
-136976
131187
176168
-104626
-244335
106189
192582
-47808
-195989
-20210
195143
9176
-235074
33598
224700
-29915
-179003
924
183425
-5489
-250269
-4494
227960
6142
-246058
-19111
224459
84228
-179086
-59738
141389
142892
-182850
-126507
124046
188959
-149030
-83725
141578
158191
-35184
-194970
106055
218342
-118721
-176799
66736
108569
-72604
-195313
51579
210404
-39957
-205714
20448
146043
-14476
-219942
14031
215423
24542
-219267
-29106
235571
55450
-143127
-68490
192225
80450
-192961
-159604
165972
94704
-146957
-96218
155113
96809
-89436
-116580
96920
123343
-184605
-121220
