#SpinCore Technologies, Inc.
#SF in MHz
#SW in Hz

[HEADER]
@CLASS=	RADIOPROCESSOR
@FIRMWARE= 3087
@SPINAPI= 20130917_x86_64
@POINTS= 600
@SF= 0.000000
@SW= 30000.000000

[DATA]
-85514
200739
131051
-150802
-109635
125205
140535
-193161
-134584
117355
145349
-186187
-212099
127231
174038
-110153
-154480
60162
191887
-27017
-169631
-7085
178518
18674
-204824
25548
219938
3755
-208349
-25288
208123
99858
-161245
-88275
174741
128843
-181546
-142684
193132
146397
-104313
-151319
83451
199930
-76607
-254498
112204
207617
-49144
-182255
50473
242961
-35568
-222759
-13156
263638
16591
-223136
-133986
201474
89541
-257941
-108271
289839
83704
-172615
-133028
144019
174316
-209279
-177818
116056
264557
-164507
-241892
79500
273656
-38975
-289779
38360
293327
-47464
-245247
-14200
209018
30368
-245054
-92424
245313
89933
-233133
-87869
189228
111391
-125799
-154329
131821
163064
-145587
-176770
194468
219102
-104809
-196183
39765
215077
-114862
-245630
-6591
279392
49767
-280208
-64047
331267
23492
-223659
-53451
288103
115253
-267870
-98685
231751
186321
-214878
-169731
208615
244561
-197756
-139120
178919
219216
-148702
-311720
149532
290407
-124625
-326682
126106
216865
-61925
-333476
29221
255602
11768
-242694
-57885
287936
48874
-267539
-126704
292683
143369
-234656
-113515
273687
222942
-209092
-221205
197936
252381
-181632
-191459
191983
271607
-39114
-325501
39883
285753
-12880
-261565
87028
347538
-25377
-360243
-66771
366312
148466
-316941
-146866
302054
180068
-314489
-199694
228296
220378
-324717
-303512
236168
343791
-176886
-245302
164116
295852
-144319
-297332
153041
339232
-89141
-313694
43107
329626
17390
-375542
-120803
383480
101394
-288718
-134314
288708
145916
-286053
-225859
263233
198834
-308794
-225133
218680
286042
-184412
-221311
180898
388656
-109344
-327826
33701
356306
-57815
-398927
52944
367680
-9219
-333952
-94004
397215
101904
-416089
-171741
322698
153959
-353521
-199750
325641
203782
-349371
-275622
327019
327034
-292226
-327369
225642
439606
-161369
-474146
199272
397337
-83052
-423400
66144
424715
-69824
-392376
-64003
455830
79428
-410110
-123269
409886
213617
-370252
-166927
354374
270889
-343108
-235678
278002
307127
-330195
-331493
288468
363074
-196482
-376439
147714
413831
-100427
-463985
77405
470548
-68789
-482378
-62682
500775
106491
-446130
-157759
486642
253766
-388911
-269296
366082
272367
-362345
-307498
394290
271116
-288640
-354863
249361
469687
-215034
-495940
154345
468074
-139765
-436130
96171
499980
-69197
-484553
-30719
494970
44319
-464533
-102733
451190
145708
-457428
-252777
502738
235068
-343632
-340283
356421
412726
-309549
-466255
243048
415217
-242048
-537277
201127
515658
-101015
-494908
73351
546500
24806
-531204
-73064
573728
92110
-594121
-144214
538108
198928
-427447
-250059
475619
251411
-521888
-387608
451787
408436
-352183
-452027
389720
474410
-268810
-533310
261998
521928
-155029
-579533
123711
581533
-38147
-555834
55682
587192
45781
-523513
-115680
622525
202331
-516342
-273414
517730
270684
-540556
-348366
377676
401056
-430635
-480983
302612
492942
-340912
-575322
276478
565005
-277090
-659158
113312
628766
31913
-667861
-57632
626307
101647
-588743
-155142
612336
221146
-617133
-279814
558870
347132
-548084
-462596
530491
521141
-584224
-555933
398476
495891
-359041
-590135
275583
627934
-155871
-639137
124580
656354
-163133
-669029
56024
723242
37158
-712189
-112054
623113
224813
-617435
-295024
642921
368237
-589030
-377728
519382
485165
-509949
-520489
518029
625673
-380145
-581679
306121
659278
-202844
-750706
207165
656338
-178303
-753218
42318
745349
110961
-723613
-140919
677310
309570
-716618
-283775
702877
349995
-636743
-452847
606870
522217
-545239
-631376
542057
627560
-448337
-684967
429474
694663
-327400
-721061
195715
771636
-101021
-766821
50379
805976
27600
-798117
-66925
822327
237049
-772236
-215380
710822
361447
-671410
-477083
595873
514742
-586053
-566491
546949
634207
-434967
-699265
368354
767994
-300146
-799927
209580
792421
-148846
-795533
34134
877079
43342
-843891
-124360
779107
166119
-788433
-314944
847970
441961
-725910
-463928
694356
598293
-707462
-643909
632163
695547
-546308
-790415
475900
821080
-402163
-793119
338883
872153
-230516
-883563
92058
915878
-24053
-809128
-86958
945522
128675
-901400
-268195
755028
321184
-735073
-381447
690199
492344
-625574
-609517
637251
618860
-502260
-676046
383760
740601
-347249
-785874
242993
846708
-177196
-843072
66838
926525
-19269
-940029
-164335
887389
220446
-967616
-360578
838720
382239
-778686
-514754
804526
541957
-696426
-627126
605831
725630
-577986
-801531
568135
783794
-381671
-853648
359052
810380
-233865
-955842
144157
824504
-37363
-935325
-67131
860515
70844
-844879
-244897
840447
322369
-797949
-428071
807249
430468
-734426
-579998
619337
559891
-578608
-669410
444806
747520
-408263
-832736
282067
814419
-214501
-808684
146704
867546
3992
-850746
-106268
817721
114938
-859539
-212294
815091
317641
-807838
-377881
831941
513014
-705957
-566225
640593
649060
-568419
-626138
424725
711373
-426078
-775812
367389
788048
-222149
-849505
192859
876800
-101651
-816655
6068
765217
110311
-856921
-178454
835937
258624
-743322
-334153
753687
411714
-659710
-470797
560675
518436
-478467
-625467
431596
692516
-357398
-694185
388499
665818
-216089
-728788
157976
770817
-64244
-804640
-5134
834323
92793
-741754
-180688
740419
286720
-732984
-327901
687445
394556
-642278
-469988
593176
583016
-450993
-572166
484453
589222
-334390
-739363
393022
638249
-249385
-714429
216235
744722
-73898
-741250
31274
796343
103980
-727953
-133110
699451
213697
-578600
-248606
621505
290312
-570975
-361551
478352
445342
-488652
-532567
404891
547118
-313939
-603741
270979
630644
-304443
-640601
119957
666120
-53359
-697509
5968
623610
56924
-634463
-148295
646469
269326
-537123
-295420
650500
321786
-599630
-356452
516337
483465
-491998
-467477
435633
476560
-425281
-557550
338971
581992
-221603
-627456
139110
635813
-137300
-632868
92336
625554
12628
-571965
-98561
598297
153072
-570063
-186034
553319
270566
-517113
-294150
414965
325818
-405688
-489656
453680
430697
-309715
-449089
293949
486709
-224327
-560338
167360
583228
-72999
-585521
-7898
572858
42641
-531127
-117292
617244
135933
-528873
-157230
517922
305309
-549376
-280584
480752
392533
-442654
-395875
345489
452988
-345645
-405727
273035
490391
-300301
-518373
208747
529218
-115568
-507535
80674
542391
-10564
-486419
-42976
569637
85813
-519450
-203210
481064
179536
-409007
-262638
405665
312166
-363200
-409577
348636
342346
-330123
-376826
280734
410287
-171925
-447354
158192
451015
-59225
-519489
21912
463011
33107
-510227
-57848
482145
96657
-495309
-175989
461007
223639
-468824
-256675
445737
249303
-410085
-319488
367659
315828
-276870
-351004
284973
444437
-198310
-408728
161008
441772
-108701
-492679
78115
466050
-86439
-498471
-15489
432109
58848
-417603
-115305
393635
139373
-405498
-161060
346026
200391
-283359
-297259
269751
341591
-261084
-337774
154485
353416
-257998
-379259
127044
392540
-66242
-365304
34448
430049
31830
-412410
-1419
393637
81052
-430458
-115413
439245
146792
-336356
-225662
321214
225378
-349542
-259706
275958
273128
-268559
-252566
194123
330580
-227086
-381683
61388
324421
-100069
-359561
64345
400874
-50541
-390856
30143
371175
83246
-348914
11206
349268
173515
-350475
-94655
369398
139145
-306608
-215589
292510
184583
-198338
-264555
215153
346155
-211877
-303090
100428
350835
-74882
-346888
107951
333640
-33390
-304748
26803
357383
27331
-358326
-127774
306957
143794
-310421
-133616
287949
177081
-324269
-204216
280374
211752
-287045
-284895
185272
338979
-141556
-309873
43510
293528
-132257
-301991
110122
287121
-31847
-285105
-6547
349887
26253
-295383
-36397
334898
66256
-238478
-145381
289506
127219
-222347
-153419
222924
195989
-224562
-178469
209328
210443
-166263
-241252
171346
257178
-101569
-287992
53519
274471
-77840
-250942
12911
278601
119737
-255896
-32689
321239
69611
-316671
-123359
219381
148074
-290165
-236613
261592
224890
-223084
-232058
139978
231224
-149937
-234259
158415
296771
-165511
-227771
109821
293706
-31905
-258879
69485
290039
-2081
-222040
-54181
248831
66563
-195884
-129938
256758
82479
-172550
-167924
237341
169850
-107796
-183490
139867
247000
-140094
-213542
112658
284559
-125484
-272964
63838
246186
-5877
-220177
-30202
230471
679
-211628
-54179
255468
86067
-231234
-24979
196618
56560
-197309
-202106
195772
210808
-160035
-161350
159412
255564
-149692
-189382
120091
169833
-55646
-167441
68709
171984
-58885
-195797
62722
264329
48575
-227839
-5001
196197
25120
-251263
-74678
184794
121740
-125392
-90411
206747
130836
-154917
-110382
173461
180347
-167551
-137568
169800
153037
-98895
-163800
77821
156186
-86507
-210544
-17223
216006
5065
-187906
-58530
234010
55805
-191863
-35606
190512
109783
-167908
-103536
204759
158591
-191014
-99162
136943
184791
-152402
-170387
117045
158976
-88237
-157162
64209
118586
-28175
-154255
33446
136418
48387
