#SpinCore Technologies, Inc.
#SF in MHz
#SW in Hz

[HEADER]
@CLASS=	RADIOPROCESSOR
@FIRMWARE= 3087
@SPINAPI= 20130917_x86_64
@POINTS= 600
@SF= 0.000000
@SW= 30000.000000

[DATA]
-147256
-75727
166954
181909
-102897
-196337
73297
195447
-33479
-140842
87232
247188
-40851
-149492
42167
202790
5458
-212233
-26102
163998
22400
-239903
-41038
201522
18373
-200260
-103651
194541
103989
-185181
-68958
169691
33067
-181867
-129831
192894
164857
-191012
-132025
163767
145004
-170054
-173414
159482
183054
-120626
-145540
116830
189924
-123485
-173079
105067
249208
-54800
-250491
44805
211591
-29737
-249013
-7783
207773
43083
-205725
-15094
195760
33874
-266294
-56346
226367
121315
-180982
-97500
225944
51013
-209835
-115937
175182
150062
-134184
-188429
150276
222546
-100684
-194022
145232
173877
-167766
-209452
136258
203145
-123791
-225794
50734
237790
-20774
-177803
49562
214380
-40778
-180991
70612
265724
-19094
-257862
18248
273293
60562
-311617
-86424
213758
83670
-194340
-116250
239931
138342
-222968
-138100
208089
168182
-220653
-119415
151676
175507
-118232
-218580
163553
244568
-148283
-207015
140831
242755
-106438
-159328
151498
205192
-105211
-201958
47330
274404
-97397
-271926
-4870
353445
-4178
-237241
-7977
261065
3157
-246280
-56472
260927
77135
-234159
-78327
230459
91873
-241345
-178105
229317
151051
-250435
-200750
193280
174208
-164133
-246148
272027
246260
-173594
-277701
143753
355300
-130830
-292259
117468
352080
-33835
-293500
16794
263035
17030
-288589
6307
294604
33256
-320592
-45931
309194
82250
-262714
-141349
322848
111106
-360211
-177997
299385
223702
-271325
-200456
239177
208814
-279790
-259490
313468
271614
-304420
-229257
137908
349839
-174370
-331009
129257
330047
-143943
-319281
140292
349070
-143593
-345923
60548
459930
-35476
-391842
-39757
415514
58413
-310058
2626
426943
64477
-368704
-93307
349787
135973
-392524
-170001
343436
136830
-385865
-181926
309986
293631
-240032
-279982
260186
294503
-261709
-301859
197306
250700
-158046
-377707
146423
338251
-100845
-412598
121057
356376
-132365
-382488
64780
401701
-10127
-381627
-39258
402478
102798
-496424
-95995
337220
128436
-383439
-178640
403792
194146
-410231
-260674
358877
264687
-342948
-278648
385744
320547
-348904
-383839
325611
459683
-263285
-332106
301026
438465
-301054
-463279
173226
495478
-181477
-475736
135590
479509
-72487
-435726
57702
464557
39325
-436269
-22210
514542
95888
-433145
-123271
489101
133034
-557733
-189600
480993
251927
-454095
-179667
417999
309279
-441981
-352691
465129
301773
-311451
-382393
332437
445505
-296338
-509313
211686
536723
-202845
-513820
167881
487984
-185126
-550041
48023
533110
-24510
-533523
19649
598747
66919
-579774
-63444
623039
123207
-513439
-192154
520511
261516
-497897
-293678
462715
302062
-468533
-327935
468729
352129
-438586
-472630
408869
434152
-417154
-504873
389079
527886
-379077
-521240
277897
594436
-194517
-577961
209999
603282
-166797
-629421
147644
643493
11942
-625299
32668
603728
63826
-696205
-123761
633666
169832
-631077
-181837
596157
287502
-528189
-340412
550871
380625
-460428
-438626
485625
447284
-486497
-501236
394185
567052
-380849
-573641
384584
618179
-255361
-636385
243223
678441
-167356
-692256
139131
707924
-41647
-709916
-44321
807944
4756
-678630
-129615
735511
167402
-713290
-284495
712883
283296
-664695
-311393
626685
414420
-592969
-428750
602209
487521
-532296
-550632
570806
677013
-539751
-617953
444235
677723
-405662
-686102
324254
755876
-297208
-737467
245271
775104
-221417
-767565
94897
833029
-25307
-812007
-63208
841658
96955
-797646
-120160
797302
298475
-875827
-295697
736067
320651
-735545
-398621
709784
506509
-642099
-431098
642407
561782
-584343
-628143
497787
677084
-434120
-724305
405377
763680
-366234
-821311
273384
832283
-214944
-905415
119401
868709
-40616
-937949
-17876
911291
46392
-901869
-108875
989382
207452
-868869
-195671
920531
315232
-853158
-459292
838089
430091
-780996
-558012
813988
560714
-680529
-734024
645682
697118
-598521
-823503
526219
825952
-517483
-831410
436841
830189
-317487
-852814
273443
933763
-193201
-1001299
132937
967184
-88889
-973786
21015
1009357
70707
-981770
-181980
989666
315726
-935399
-346852
915890
332045
-811249
-521865
872505
541373
-787456
-545277
759878
716116
-704370
-768263
649186
766310
-628094
-845500
549891
917465
-437192
-872978
262258
910822
-220289
-996824
184312
1058923
-112339
-1026815
-28795
1017086
117019
-989284
-95563
977777
238324
-978983
-303532
931175
404251
-906669
-430997
958214
493820
-914387
-590932
818339
684521
-789749
-672719
702785
753453
-679632
-826735
580158
842640
-530540
-899018
496964
899170
-376476
-1005015
292895
1004360
-210797
-1031803
143190
1015582
-44704
-1034139
-4888
946456
113050
-1013207
-167223
966297
276320
-983342
-333597
887717
400487
-824661
-506031
808614
587660
-749186
-634982
748487
668272
-671965
-673790
556706
765171
-527760
-796853
452285
839476
-388956
-893900
345594
846575
-241728
-906067
172318
960104
-109339
-1022809
69686
961785
77942
-948201
-154097
991907
242165
-959658
-247831
893026
376370
-888451
-366574
803376
492543
-803682
-552790
713667
656327
-724242
-609503
627672
669949
-585675
-769256
528820
791467
-440671
-867849
394860
864271
-339310
-848453
262435
889526
-253933
-894611
132775
898835
-52255
-902063
-53750
864380
145383
-859787
-153383
879694
197764
-867863
-300147
810276
411374
-685649
-382956
667700
456299
-691121
-469094
586040
602414
-588145
-633970
556017
621568
-469359
-641093
378922
698081
-316673
-771383
274365
771151
-272692
-811043
163238
836426
-45416
-834035
68016
877769
69557
-774421
-131398
805897
160345
-749420
-298756
717374
284058
-736469
-377259
693746
472127
-710045
-438516
657052
543956
-569978
-493384
499990
584336
-453927
-585891
414408
647168
-327180
-685851
395392
709813
-291651
-738346
247922
675847
-147181
-682599
109686
739029
-3172
-687928
-50179
704273
85997
-681968
-144169
723106
208098
-694838
-200335
657748
285397
-610602
-361639
536582
383070
-531889
-394265
481271
430221
-474156
-501681
362126
511509
-372939
-549108
347874
565832
-335167
-553015
212518
585466
-142407
-625102
133132
653283
-72572
-611178
30007
681170
64895
-643755
-72803
632485
172273
-596771
-214739
596832
195897
-543955
-226369
528612
321885
-493763
-302836
518865
354459
-437004
-427117
449412
416595
-373114
-460109
292299
487318
-343470
-518159
276867
502873
-207692
-539255
172203
516509
-127757
-525059
77057
580676
-73688
-498789
-770
507527
41346
-561027
-64687
559595
110655
-493021
-147099
453510
142203
-448191
-211368
450524
308794
-385702
-306415
421733
334019
-368277
-325973
368496
421641
-298886
-432793
240565
405322
-162203
-430908
168146
478133
-194236
-473372
112845
454769
-118191
-435591
44234
454759
-36452
-513598
-45796
476284
100023
-459325
-139642
422604
99583
-465626
-229154
432987
201799
-408531
-290196
379771
303664
-388507
-319002
413249
302608
-314278
-319438
316992
338670
-264531
-369552
193061
453706
-201166
-386343
109166
445896
-137236
-400739
114518
421549
-77286
-445038
55179
398771
18205
-384395
-40078
318704
66444
-369119
-68460
366270
125812
-345177
-128093
294041
179579
-313246
-189997
330373
188415
-296126
-253190
312505
326486
-233493
-279480
231594
338991
-181363
-293437
145872
296339
-97758
-325324
100945
422842
-70532
-383595
-24717
286849
-48806
-344227
9442
387618
66163
-381970
-12849
341620
36893
-311121
-40441
330896
199022
-299276
-132303
336069
225421
-275154
-178602
312048
216445
-323362
-219467
227081
287374
-213252
-295600
151423
247292
-160464
-350943
130769
334949
-129822
-295303
83478
273553
-34456
-315578
61616
291742
-77401
-254575
-39023
291459
40060
-277757
-35349
298625
71847
-295820
-129331
232997
99914
-272315
-114182
241057
186406
-295363
-182488
221297
198478
-140293
-175933
162951
211659
-175923
-176670
111741
219119
-144824
-253454
108494
259847
-121129
-299662
138202
296561
-104070
-272478
50465
313996
40
-306329
-53604
204378
33559
-282891
-46165
267345
41656
-274421
-125706
278102
131764
-254464
-109727
205863
138456
-109963
-183015
187071
188524
-148775
-163622
245984
175492
-143604
-206985
97423
288304
-120883
-250625
142425
199561
-103707
-278896
66038
242448
-38871
-238991
81524
239580
28407
-251412
-16034
187582
-34408
-197704
-85669
198603
107402
-232481
-102581
132172
92081
-160149
-106614
184684
144031
-142088
-131411
222838
135167
-195438
-184168
109750
242580
-114779
-171992
170685
190449
-114353
-182581
137070
190269
-49105
-242334
51985
233566
-28268
-274853
43193
239323
-35450
-213287
-62637
155164
40323
-193417
-12095
167119
80303
-169691
-109448
216315
126973
-195206
-123942
162108
126799
-151435
-110282
104075
152433
-176607
-151243
133182
82059
-153710
-162357
94929
150022
-76547
-183219
101227
180497
-60526
-205042
92814
227272
-57726
-193471
44817
202112
-3435
-189866
-44808
183105
82046
-237728
-24062
213604
18820
-158958
-104644
178299
127146
-186051
-62012
147173
85064
-119146
-146849
132790
134819
-133024
-126664
123648
133054
-144903
-173915
