#SpinCore Technologies, Inc.
#SF in MHz
#SW in Hz

[HEADER]
@CLASS=	RADIOPROCESSOR
@FIRMWARE= 3087
@SPINAPI= 20130917_x86_64
@POINTS= 600
@SF= 0.000000
@SW= 30000.000000

[DATA]
103830
195829
-13114
-190916
41831
256277
-29134
-231064
49039
171024
20715
-192969
-64934
210724
36355
-185744
-36178
188595
74501
-178643
-19091
177043
155652
-140361
-115405
163725
76740
-152578
-112376
180442
163421
-191694
-181371
144718
198870
-162983
-170711
125578
218290
-157341
-137721
135740
197498
-48275
-210781
121006
193647
-71606
-214890
85828
215643
-98730
-229998
78235
202660
9837
-209306
-13204
206349
-10363
-268853
-21499
178533
29181
-231973
-78827
182365
138286
-287458
-60949
222833
80610
-206544
-132805
203916
134081
-202814
-169299
177501
130956
-224426
-172895
148932
151365
-193448
-209447
118783
273585
-106781
-214691
179716
218586
-116502
-198897
106690
241793
-72241
-197500
72557
256522
-14246
-293623
113979
248042
-8161
-258706
20931
233220
31690
-286933
-34712
327008
139872
-244478
-136010
256362
109971
-250487
-51819
264404
175524
-239588
-155474
233054
178554
-285791
-188610
214674
179132
-160310
-249319
193705
286684
-214704
-265946
137070
256347
-151723
-295193
160946
325222
-125348
-330156
93141
290576
-78719
-289384
20550
306652
-13005
-281536
2417
297167
16635
-280131
24676
366849
60258
-349131
-25486
296950
128147
-356382
-71844
231039
129737
-292622
-149854
236922
160367
-290674
-165240
349554
184346
-184062
-117004
291364
225554
-170235
-252291
254277
254023
-173925
-256637
197956
298449
-200238
-322733
138612
353065
-122472
-275752
44522
327571
-76672
-405636
34640
363265
-31667
-344158
50280
326017
33516
-332941
-71796
325695
75243
-306572
-169033
321784
131931
-341489
-111777
370136
174805
-326806
-194903
333939
215143
-325851
-239069
337918
215968
-255007
-317253
275718
292553
-226039
-375923
169019
319407
-194763
-331706
132580
343485
-178893
-318319
169490
345296
-121062
-359075
47164
389387
-71606
-428577
26951
416039
-40127
-399638
11390
437700
1724
-402745
-92226
415299
88410
-392326
-141807
312353
140567
-380476
-112755
409032
197208
-369703
-263141
398522
226378
-373411
-276369
306669
305844
-332084
-323950
269449
353015
-236159
-356080
246935
309254
-201117
-357291
144765
422058
-181790
-477741
126209
414378
-66295
-426401
53836
430485
-19220
-423529
55074
408178
95252
-473334
-30591
477520
105893
-408269
-126758
430027
154267
-438179
-186599
475712
293560
-418458
-200978
421414
280457
-378379
-294799
402159
333789
-342807
-316412
237481
331543
-280065
-434022
263453
423167
-258585
-431379
245689
509158
-224007
-468758
178148
522455
-112663
-536963
123892
474608
-91162
-535074
-33077
489281
-24434
-484270
-71508
507427
63494
-500236
-117546
497201
125623
-511571
-209442
421818
186665
-474624
-165536
486193
261286
-433206
-257952
433083
323954
-367694
-333854
384606
411231
-359727
-405175
280146
427777
-267715
-506307
276511
477042
-193689
-439971
231819
543376
-189151
-512658
173623
547874
-77713
-542959
66084
570963
12200
-593756
-21725
566238
11398
-552927
-81217
551831
130690
-557066
-140563
473743
178042
-512286
-206589
571174
293728
-479063
-310055
513254
319403
-484687
-348599
458660
426315
-433889
-457380
452370
409918
-389545
-483703
339412
521969
-322943
-534469
271593
477902
-222069
-549676
165867
541010
-181025
-606466
88806
636264
-24886
-609436
35023
658298
-51299
-620803
-57818
652949
46269
-612301
-100754
606323
181647
-563181
-245762
582013
308366
-610587
-281041
512581
342978
-454016
-369480
454645
326132
-451188
-455676
400065
483589
-441026
-492234
353774
524820
-362907
-566249
256103
520170
-225052
-537329
226282
533994
-125815
-629580
86561
666547
-86377
-666328
750
633338
-16357
-624876
-65799
639232
139256
-648994
-139695
618808
184606
-633383
-219472
626100
266397
-671965
-257038
601686
313122
-591940
-425203
518601
415682
-468871
-477584
479737
462548
-499218
-550543
450445
578759
-420195
-590422
357608
598979
-286225
-614369
309078
604355
-201442
-609807
217901
639290
-52283
-717972
73122
718062
-76509
-672438
-2833
640302
75238
-667011
-78291
648066
114720
-724018
-179172
723978
206043
-579872
-233083
643649
291411
-628398
-329215
539486
362121
-541603
-352294
501523
376885
-483615
-532023
598708
529408
-421223
-606776
430845
613398
-358849
-597138
300657
628915
-237782
-628826
207211
677103
-132689
-682386
33338
690606
-35354
-708676
-29230
777180
59343
-693342
-76865
675873
72233
-670850
-113634
652033
202073
-638399
-282189
623771
303571
-607782
-396241
647311
400532
-602843
-395172
562701
509300
-537609
-511017
434269
508589
-421851
-540336
416799
503375
-438185
-637353
344596
576310
-282810
-664824
264011
697682
-121879
-650069
185675
681259
-116812
-700726
39496
704049
-81129
-718612
-6520
722096
78095
-644334
-85692
687136
200159
-660307
-233941
675428
240547
-609090
-305160
605087
382947
-578130
-349223
528030
428553
-540968
-439382
549832
522723
-438262
-530200
409272
557668
-319484
-504180
316364
565138
-290103
-611425
294220
685710
-263521
-590818
203017
650917
-141079
-637106
57943
669253
-5717
-688339
-41120
686309
33497
-665712
-129754
634191
150762
-725351
-180749
617063
242406
-634781
-244061
604898
353267
-547685
-353098
528844
400290
-515196
-439837
521522
514383
-463470
-505430
390182
496449
-388934
-539476
405703
515317
-304743
-586427
355365
609260
-288899
-584693
187089
664363
-158756
-612942
111432
619872
-37442
-688987
7114
602413
-22654
-621893
-62666
661001
101415
-606433
-183114
590626
145462
-599055
-185233
526743
273108
-649608
-323018
528469
310023
-471732
-361082
548221
468561
-459599
-425862
392231
465516
-418654
-426775
341749
495678
-271157
-530299
248797
490266
-199101
-552185
186793
527308
-182118
-615295
120403
570528
-63177
-614901
66327
630098
31794
-617609
-67571
561861
55425
-609023
-71572
563470
175662
-566341
-179475
522246
266690
-507641
-291478
500144
302136
-486533
-325630
387011
386483
-443171
-406588
397618
403067
-418704
-412646
383184
545482
-309477
-477646
286149
467907
-276894
-490064
261449
567840
-228007
-555430
192622
485349
-113993
-550003
124924
563271
320
-558736
42026
491539
-35932
-486866
-68722
533361
109093
-426852
-84142
507910
163245
-450107
-231341
471877
239887
-435403
-231295
442164
302205
-369010
-324802
380111
302510
-281188
-324399
367523
405229
-321200
-432959
240768
432772
-236535
-438795
224833
473992
-183574
-458186
120120
456604
-114333
-483649
64948
527336
-32184
-579180
52799
470625
72935
-513570
-87866
442366
62219
-502213
-119215
477326
154199
-406987
-170553
454217
218868
-466236
-252477
411555
278901
-375287
-287081
374583
276811
-317340
-271644
257652
337741
-322528
-337238
361731
366644
-281053
-379055
230750
399358
-269779
-399522
150419
408342
-144566
-419652
100341
485225
-153217
-471008
25106
412870
-8133
-436050
41796
478261
47714
-441602
-105403
426291
111394
-429447
-133592
378112
148837
-443977
-184748
376425
220073
-321346
-195618
391295
201283
-312547
-258940
386678
249312
-326601
-284294
334302
322421
-276661
-358709
260374
334889
-173642
-385075
151876
385467
-122060
-373755
121239
320231
-166401
-419116
47296
402366
-101248
-349163
4430
349998
40212
-299311
-15481
376754
35735
-391279
-63023
381288
135498
-340106
-156863
400599
134949
-384596
-249464
303199
250176
-320913
-210604
263517
250364
-276173
-322208
237788
286835
-273937
-336365
250300
304151
-167819
-310161
194293
266389
-217822
-369543
86157
351717
-173349
-332063
153287
327348
-100241
-352513
35425
409509
-74018
-371013
65284
308455
77345
-289480
-17443
343630
26829
-295481
-114160
253457
114241
-289293
-116296
232889
99991
-245236
-96774
263691
174240
-304796
-186490
263661
171016
-200217
-186946
127656
224166
-142243
-284004
217490
263817
-202096
-255207
117403
231250
-125383
-275089
55769
298803
541
-339162
50417
307421
-1767
-300366
13134
305545
19887
-307041
1615
325570
9240
-314147
-69944
292682
32248
-285333
-5686
314610
88225
-245020
-146210
302512
202688
-231792
-122913
262966
212734
-252078
-207500
234859
177955
-186476
-170380
183266
215648
-187567
-226136
84513
241355
-80942
-210013
128685
289696
-120362
-303190
80877
210274
-58886
-245025
54766
236895
-14683
-273948
-3983
246543
-6714
-274514
24101
271959
77923
-261007
-58172
203015
65251
-304115
-138134
196909
61615
-186137
-164194
207604
46906
-246550
-137052
175606
152504
-167526
-123308
219936
221614
-127516
-186435
135296
111810
-69275
-179516
81483
183230
-94299
-290764
57972
204494
-70730
-164195
66819
249864
-8054
-212771
80858
207377
29594
-139571
14643
194780
35375
-225738
-79435
241888
80473
-275007
-50491
218246
58684
-158587
-134473
218290
95229
-166521
-75751
141810
118200
-181447
-134199
188669
213060
-146581
-198398
109929
238396
-171132
-198839
160599
185589
-101593
-212879
25498
200557
-82209
-171361
53756
194983
-93836
-171613
17923
250773
-10689
-237406
22545
200577
-24451
-227285
-27189
194543
11688
-179435
-38427
237267
8987
-179878
6497
167945
80773
-225361
-115411
168696
43146
