#SpinCore Technologies, Inc.
#SF in MHz
#SW in Hz

[HEADER]
@CLASS=	RADIOPROCESSOR
@FIRMWARE= 3087
@SPINAPI= 20130917_x86_64
@POINTS= 600
@SF= 0.000000
@SW= 30000.000000

[DATA]
185704
142089
-39088
-206067
73087
116886
-83512
-222672
106666
145088
-14130
-227682
49174
171092
-14981
-237130
52990
210590
24458
-267046
-35145
206407
58152
-242516
-6610
171154
47448
-216062
-103386
224404
146713
-279437
-104568
233903
72302
-136938
-187553
184172
164572
-206995
-133696
219511
127996
-176446
-240978
185409
223906
-186625
-251920
182118
207053
-110610
-189750
132819
230015
-94395
-201651
56793
231797
-38034
-255626
63878
272817
-10806
-254441
-13511
270977
66081
-238981
-95535
280117
47466
-247645
-45023
266125
98863
-269810
-134738
231608
157704
-206337
-138543
224882
159658
-223032
-155838
243634
172982
-176790
-171604
192635
143519
-193938
-157257
192963
235032
-103191
-198586
124384
214866
-72231
-281770
81935
256209
-118883
-258939
93924
248732
-48787
-300057
-16266
288715
-6244
-291146
-7639
366239
28924
-290628
-38767
333141
123025
-302246
-101317
200650
114343
-302508
-139823
301314
186833
-276158
-217398
279613
162940
-191024
-144168
211077
233845
-203779
-132119
204302
163798
-210565
-246429
194931
310236
-141716
-283205
128380
339345
-176615
-355276
162227
305979
-87979
-299137
63036
372820
-87010
-411562
-17558
346564
-27452
-294016
-73656
346772
43105
-370384
-92828
330808
234565
-331210
-51890
267505
151849
-316344
-186524
288417
195031
-307592
-216220
275931
257149
-249668
-263716
306600
250509
-287034
-271677
188955
338596
-218629
-339088
107206
396451
-204007
-374081
145836
378430
-134945
-375335
60793
465797
-19989
-419818
19472
462301
7286
-465188
-12105
410550
14250
-387812
-103578
413095
162260
-456969
-122083
439680
82706
-394277
-215492
373734
210350
-395307
-212490
377173
297105
-286927
-319336
310049
343318
-318538
-297633
298585
334329
-224927
-435749
219381
474032
-240233
-463777
246023
370219
-156575
-432446
103391
432714
-40441
-467346
56591
431551
-106670
-498862
11502
491891
16309
-471480
-77585
482316
48311
-480964
-153274
423620
188840
-473819
-210825
403452
213323
-454962
-310614
404011
254301
-388359
-360581
367265
361231
-327818
-365252
337751
381381
-306441
-440285
291519
446909
-265345
-436062
239217
430653
-196312
-462745
146102
523544
-58055
-546400
9868
517145
-25590
-573285
-50841
521218
-9255
-537048
-58313
549297
72054
-564216
-96183
543986
180167
-500595
-153965
557635
275752
-562792
-334996
486501
286389
-471833
-339603
458024
447005
-393785
-469132
421222
450812
-394291
-502318
304427
565646
-250871
-554845
297824
556102
-280494
-570340
263718
623174
-86464
-600630
128225
647138
-96402
-631533
20487
660157
14035
-580406
-22773
632585
94546
-597865
-148290
618223
189154
-552347
-220736
624719
229368
-581595
-248385
567622
283493
-565974
-394039
565970
372281
-525739
-482977
469405
507295
-380485
-475066
433192
554428
-387094
-632741
344055
605797
-294708
-620851
226705
736227
-112609
-649891
129977
687424
-167879
-788980
29687
745814
16187
-703862
-41716
741025
108136
-746671
-149890
792374
232693
-724075
-264381
687593
312976
-722110
-336449
687993
367123
-600983
-378942
617900
522406
-587676
-526182
579423
574121
-547401
-632524
466487
644460
-409299
-677957
444092
730652
-400191
-783978
309697
752503
-280693
-786237
207915
789932
-227730
-759434
40515
839653
-5915
-789298
-58731
801682
49777
-821417
-158879
844004
130866
-829676
-224327
831853
323071
-769058
-330870
743468
384373
-785179
-502594
734707
492655
-651398
-562362
596308
552130
-639478
-637171
682107
677622
-449291
-733799
486292
813347
-445211
-856440
332372
831804
-310308
-896911
238254
921043
-138233
-910548
145432
932793
-73254
-916979
4721
1001590
88574
-950789
-159570
983518
156210
-957492
-281178
943393
336352
-842233
-399496
993975
430254
-908389
-520479
797737
561795
-796038
-670835
840934
698927
-731901
-768667
650017
825848
-643528
-890583
531133
898050
-487570
-909350
450121
960319
-396566
-976661
359544
1003427
-202684
-1040314
164845
1051683
-69259
-1085247
57372
1067804
-13550
-1021055
-70268
1056986
129435
-1087010
-227326
1020792
302928
-992749
-343839
1014027
447714
-955062
-498392
898551
583765
-865569
-657876
841603
749918
-829318
-798770
759410
764687
-723272
-878214
687554
960073
-550159
-1032526
513376
986859
-426537
-1061357
375493
1051837
-252428
-1031083
186275
1098810
-177568
-1069536
2848
1194600
-61728
-1170115
-55260
1174871
146390
-1050951
-231383
1146926
371236
-1128827
-470947
1063300
558401
-1069387
-595335
994609
638369
-1006377
-766845
937112
798559
-841966
-732161
816910
813215
-827955
-908295
665565
920350
-615354
-953099
479617
1056172
-496126
-1046021
433725
1087190
-347910
-1092532
303272
1085638
-250884
-1146361
89291
1174456
6149
-1105583
-58828
1054324
155828
-1134979
-202788
1137082
286873
-993940
-385380
1084872
451121
-1034636
-446320
954702
499272
-843301
-602236
863573
674267
-858703
-752592
762319
795150
-726856
-882298
657350
841583
-545580
-874451
472876
941531
-456202
-988878
355321
1021980
-301609
-1050292
213303
1041999
-149759
-1053948
122222
1093402
-31564
-1062633
-97736
1067047
92998
-1050782
-123909
960428
283504
-994769
-303419
968508
362254
-973099
-437439
889387
494159
-855395
-600615
819765
599527
-785202
-676564
725378
699862
-708324
-764674
667115
760572
-572873
-829369
491509
920118
-462940
-851963
382983
918165
-356159
-943612
305198
932907
-212145
-912094
167363
1007995
-108438
-962825
-9201
930325
63156
-878670
-100774
889955
254671
-862767
-243367
875191
258568
-815113
-380524
774003
401398
-780682
-474405
746186
508651
-655300
-548619
598809
574923
-500668
-619957
540875
636469
-499974
-705751
460685
763914
-386661
-726357
365651
755260
-302921
-826618
169574
877936
-146762
-778896
92749
834461
-59322
-855614
11153
827557
44139
-849034
-147796
821171
136390
-770317
-214819
810788
270875
-756208
-332244
686031
359032
-654810
-418307
678792
507419
-632415
-484663
592599
526713
-503255
-544263
470855
583996
-514985
-587087
445935
611851
-427598
-743958
367626
696748
-278560
-658509
244478
773409
-239558
-721523
144482
696257
-34296
-741972
10435
656945
35949
-695565
-73060
684306
111158
-695210
-137961
668383
179504
-670091
-282560
626273
292630
-656594
-309073
568264
382865
-529964
-425067
516867
446038
-487327
-481609
496249
539018
-431748
-554966
344862
501965
-314692
-547310
285195
585677
-266842
-601635
226401
599925
-166595
-619107
113890
585059
-41011
-699994
-177
618904
-30137
-618911
-56037
609384
92128
-663636
-107724
562262
187575
-561179
-214361
555270
261643
-482822
-307686
499789
317809
-459207
-334262
442347
362714
-450265
-329951
352304
403480
-435474
-422357
358085
436842
-352196
-467661
281448
511920
-253945
-451425
180224
478951
-192554
-576787
82455
550600
-111872
-505580
16229
546012
11682
-497766
-60571
564094
83222
-505784
-107282
538517
98937
-493898
-146191
528811
228674
-388070
-215995
473392
190718
-426452
-281556
394138
320495
-396537
-379426
393751
341763
-298062
-420540
312803
393053
-254454
-382890
213416
415508
-197779
-489557
188589
454983
-182939
-443441
161077
449705
-104320
-473191
80525
513061
4645
-486264
-11092
480910
23951
-506675
-23521
513946
34315
-512302
-81402
431103
165727
-444080
-180010
439809
161479
-394662
-156518
343464
280159
-264745
-318630
380558
295709
-308160
-284690
258600
355507
-213207
-347385
243065
327146
-253422
-424100
220051
388004
-127529
-379558
137376
399090
-102213
-388902
29614
428681
-51750
-389340
58594
426322
-38642
-409920
-35665
409161
70474
-392846
-67958
350304
49600
-364169
-129890
382005
133363
-354260
-183951
293519
216180
-307899
-262568
295636
206241
-297528
-277688
201037
295013
-249894
-280869
182863
324206
-203962
-283549
125887
370771
-115937
-391876
138774
305295
-135571
-348133
100356
326973
19398
-359961
44215
332158
-34495
-338711
-1771
351293
74627
-327485
-80376
316089
71269
-283951
-82152
270667
106740
-322525
-163700
240791
196633
-333454
-147967
297962
241506
-228926
-135229
244904
266311
-177345
-269977
216713
250418
-194075
-314135
189508
293624
-188810
-255746
87910
254326
-104424
-247563
123419
303213
-4359
-345246
36332
275722
-56528
-303883
-27246
271355
-30190
-288332
5342
305995
14592
-336373
-55252
259727
122637
-252410
-141605
235770
89144
-216195
-127147
309865
98200
-250635
-198634
278131
207607
-222303
-182208
223002
160144
-161032
-263860
174809
279021
-94979
-192989
160833
275289
-171313
-215522
133894
318863
-36542
-251776
41115
274491
-1134
-289582
21604
256160
6691
-305398
-38777
331559
43456
-292412
-57136
281648
91250
-257802
-50623
230747
127538
-159481
-114339
244722
124182
-215752
-93676
230280
193567
-209908
-168419
274602
219716
-197700
-233081
167740
212313
-140525
-217325
125360
147456
-210206
-167640
114768
177681
-96409
-224563
65521
250217
-32885
-251784
53375
252157
-15160
-262394
29225
204443
-60360
-209378
42818
200984
63743
-219405
-18735
205886
46081
-203751
-32534
239339
95323
-157404
-97864
211184
131937
-190156
-100777
154703
101990
-142325
-146233
163063
116356
