#SpinCore Technologies, Inc.
#SF in MHz
#SW in Hz

[HEADER]
@CLASS=	RADIOPROCESSOR
@FIRMWARE= 3087
@SPINAPI= 20130917_x86_64
@POINTS= 600
@SF= 0.000000
@SW= 30000.000000

[DATA]
118024
73106
-128216
-87850
119257
103832
-121210
-97842
55663
117089
-44945
-78533
74314
148214
-63339
-126446
50771
149795
-34193
-142001
-34985
130487
-30040
-177510
4709
150969
37251
-166271
-22907
125484
27946
-130724
-67627
147897
43285
-189680
-53373
165645
63228
-76544
-27928
111796
103488
-136478
-119505
103487
123400
-48116
-143356
83607
136094
-122291
-137571
87870
103060
-37954
-176907
130122
125965
-70272
-72960
90043
158721
-51960
-131705
65947
169664
-43795
-153755
40279
156857
5722
-126845
-52071
101333
35801
-156809
-127116
179502
-10097
-180774
-46535
169942
50671
-105076
-67888
206898
48280
-149741
-71963
63119
134039
-115399
-138425
148914
90493
-106757
-149917
130152
138709
-132025
-146449
66834
164747
-99621
-155135
52633
168264
-61927
-120281
63226
163364
-56815
-201190
844
132081
23419
-205712
-21568
137610
53754
-194294
-66209
227242
25652
-146966
-86855
158043
79691
-188491
-76980
112590
58348
-159358
-163583
201156
126560
-82038
-158788
80268
132745
-133770
-129690
122621
218676
-117780
-147091
84022
169245
-83367
-271424
23547
240035
-100344
-154481
87536
110811
-15189
-161021
-23775
213302
33714
-242374
16335
273204
23087
-224053
-21520
178259
96048
-208122
-67216
211671
74234
-138990
-91872
198968
111542
-194192
-80089
154455
103963
-194798
-186780
232927
181468
-132221
-159172
86980
244238
-113831
-179263
132322
208744
-28436
-239273
39061
180991
-6146
-231776
90460
226377
-17889
-220714
-2684
299928
28256
-227984
8726
295492
46366
-268727
-62405
223330
127564
-233986
-61034
290785
132954
-268374
-171865
198958
131400
-191739
-98583
240292
141957
-231463
-156397
141660
121163
-147215
-238579
181134
242080
-132456
-273203
144712
238324
-116458
-223466
140605
223373
-62279
-274818
64537
358642
-24693
-288948
2503
339931
-46739
-295427
47949
256586
4760
-320373
-17057
383839
103880
-289323
-60264
348004
93761
-291566
-173997
280784
151295
-267278
-91312
273722
199891
-246510
-175882
209524
266585
-251676
-252713
231617
221797
-199251
-216046
216130
268059
-135162
-270187
135957
308129
-143084
-384080
35898
339579
-20091
-307914
19816
361131
-2007
-401752
-13581
317940
17858
-349384
-59328
336861
76781
-364407
-112973
335091
121211
-330595
-149041
347626
195263
-324297
-175582
295823
157221
-324146
-247192
276351
241852
-297309
-274163
266337
293483
-259309
-300625
160647
360388
-192789
-371397
176249
410989
-182710
-405659
193419
399537
-142026
-363441
36133
446227
-122103
-460722
38055
458394
62023
-437270
-96614
442363
125410
-469014
-142735
442714
166853
-441468
-209488
421080
216896
-488679
-244052
443638
223280
-334846
-318179
330104
363976
-325153
-406517
348113
442944
-307527
-433145
282759
443859
-263762
-430144
204923
466771
-134637
-461323
174091
499429
-98914
-533342
82328
564851
-34429
-549508
-30396
621010
55520
-510462
-87226
550231
151364
-543084
-101703
528314
196095
-517176
-255420
524923
276240
-441120
-310639
513919
381605
-517755
-364329
423793
396450
-433482
-394012
437714
494276
-387199
-454933
381678
529093
-347902
-655346
249414
598048
-265865
-619280
259461
615737
-163511
-653955
143276
673652
-125291
-728052
149210
773129
-73302
-709936
-49485
687367
71208
-736168
-210348
745031
210749
-646086
-273288
668205
257940
-703620
-342349
662545
424201
-643898
-446825
639156
473280
-552075
-495954
517340
649352
-494520
-650753
486609
648214
-435397
-743170
390015
773965
-331411
-766418
257518
805992
-205527
-812423
144755
842708
-84748
-842276
102899
912526
38008
-841086
-127203
945399
147215
-872256
-182774
897036
293764
-940112
-378490
947786
463043
-868248
-492866
898385
522645
-880097
-619923
820645
645225
-791210
-762211
651800
816607
-735825
-895813
695857
939178
-644482
-975075
551024
1037843
-457005
-1081556
436103
1077138
-269462
-1098710
271763
1172049
-249291
-1276490
102162
1277311
-14174
-1309792
-37802
1258048
158396
-1310136
-234996
1236862
343114
-1183533
-390745
1248593
522101
-1241634
-576827
1226090
705716
-1151944
-767218
1135371
829922
-1132566
-955000
1039956
1073998
-1011609
-1107050
925148
1144224
-841818
-1248696
705777
1386030
-643236
-1391424
640008
1460200
-512321
-1486466
365770
1588646
-306024
-1575234
209614
1628568
-136942
-1678940
-27763
1654952
131921
-1672727
-178177
1638045
334801
-1628749
-446909
1623377
580875
-1607507
-638749
1564209
731342
-1489874
-783253
1572117
941500
-1395058
-1006076
1388728
1125305
-1323730
-1204326
1241280
1307538
-1205347
-1334575
1158139
1450111
-1006773
-1486942
944810
1498240
-805215
-1560560
703220
1575443
-603797
-1684300
458481
1643058
-400642
-1616627
204995
1665761
-171002
-1679922
140850
1629142
11023
-1633127
-72100
1595704
246140
-1536441
-371099
1531896
445619
-1435305
-512597
1385043
625279
-1330488
-749662
1211490
731047
-1242904
-866451
1129982
949170
-1075684
-966412
967737
1034202
-954329
-1111090
871668
1111262
-783148
-1186605
736500
1200541
-585559
-1197405
471392
1263015
-391215
-1249756
301611
1225879
-154923
-1299601
147547
1240010
-34802
-1154117
39058
1192378
181557
-1143466
-184985
1165732
302529
-1219753
-323711
1072500
453936
-1051168
-482233
1050830
625762
-949979
-581297
947519
681583
-839689
-742465
785815
776436
-704019
-768531
705082
839245
-602890
-882075
550758
905006
-481211
-904883
360926
888670
-410520
-930930
261250
912485
-150929
-882907
173103
911396
-92174
-887149
21423
942151
60140
-847204
-112081
820485
135144
-835344
-209295
810396
240523
-753878
-284311
749467
364788
-707436
-415323
716199
479024
-616458
-560543
576604
575193
-533342
-590924
495669
586453
-473932
-623522
334778
630383
-304968
-655632
323274
619933
-228488
-715527
160930
732761
-98672
-725696
115403
684678
-61788
-718532
-19786
691454
45535
-697719
-53281
695239
100532
-642942
-131755
656436
248347
-605911
-296186
578449
323257
-558455
-319833
545287
343546
-474901
-385103
499499
412048
-427870
-418537
424269
476589
-395798
-524448
350156
467954
-315779
-427472
258442
576154
-194047
-511580
226164
550084
-170629
-547703
125047
572907
-19330
-498223
56697
558757
-23516
-512161
46206
533939
92543
-545940
-111777
522108
202610
-459873
-151462
460788
221646
-459124
-272037
393899
245645
-389685
-294364
404223
307714
-349048
-362890
388058
329045
-326050
-354424
283202
349698
-230281
-322547
196478
408801
-166163
-397506
175076
441774
-138680
-389163
131527
403853
-13970
-436053
23763
402885
-20479
-412357
-76247
458631
139604
-393736
-141104
456416
121864
-339463
-225881
393910
231513
-319124
-242320
368714
218730
-336355
-210045
253819
264635
-354820
-245710
290848
299625
-288237
-344377
225775
372322
-229636
-378214
138243
348641
-129538
-314471
185232
297167
-112614
-349315
105030
344810
-28299
-359787
56979
392026
-46910
-328146
-4301
359209
39980
-340688
-56616
335277
55066
-287652
-96545
292906
152973
-314836
-134731
247587
128968
-269439
-185326
222355
259449
-223322
-249158
237184
245113
-156267
-233841
213669
276030
-185260
-233317
125332
280544
-128823
-264284
137704
252705
-120514
-270201
-4789
328944
-40014
-268167
11308
308327
14868
-216443
8895
329268
-8685
-328377
-48752
274516
67867
-295059
-28909
298975
76029
-188818
-114495
272861
189261
-215319
-198502
276719
176380
-277806
-66705
241775
164361
-169123
-167216
155995
228687
-181313
-199487
147871
233189
-67066
-216692
105359
204646
-92651
-214382
69673
281812
-12999
-284110
773
226216
-15370
-237550
-85439
192660
-34639
-204046
-17108
202930
128654
-268610
-122621
200700
64985
-214654
-82141
225106
44445
-185403
-112685
220999
108919
-131534
-107706
199620
92064
-145275
-134054
123905
186248
-123094
-211323
185609
161382
-137021
-240749
104066
237882
-13354
-224843
56236
181932
1125
-212270
-16305
187440
21509
-169144
-19080
188273
22580
-196597
-62445
187773
49064
-165151
-70791
242233
44091
-168151
-77279
208474
89013
-129249
-143020
161669
104357
-219025
-133312
176966
170924
-138536
-141781
124140
114427
-136612
-158448
6163
246275
-53957
-178829
99652
175932
-82853
-194103
67109
174768
-57766
-169957
41643
225153
-33235
-213815
21908
165362
-41400
-199502
-64867
181965
60011
-182270
-87885
161437
147590
-113093
-115213
165520
74553
-74620
-65059
112203
69415
-162314
-77357
143644
69322
-97072
-134829
128805
104424
-93355
-163959
155684
134351
-40701
-189751
72121
171035
2221
-162310
58897
137951
-62109
-115277
32702
150126
4099
-217811
53435
249725
62640
-139117
-18794
103715
22997
-143796
-5365
173539
37190
-180743
-29944
135485
109569
-190673
-90713
159801
59703
-112884
-147065
112522
129223
-86769
-139958
108784
86903
-111345
-152039
47872
150330
-49336
-186288
95433
183412
-28464
-136989
24585
110251
13854
-168352
71981
175075
-29362
-100330
42478
128275
46
-90472
32893
145766
89774
-161597
11559
180191
49727
-195936
-84617
120453
18594
-177245
-6785
202002
83406
-174935
-121458
126474
66415
-91309
-27888
51447
65040
-80553
-131616
87086
113660
