#SpinCore Technologies, Inc.
#SF in MHz
#SW in Hz

[HEADER]
@CLASS=	RADIOPROCESSOR
@FIRMWARE= 3087
@SPINAPI= 20130917_x86_64
@POINTS= 1800
@SF= 0.000000
@SW= 30000.000000

[DATA]
1458538
-2363984
-2367865
1972264
2708143
-1483480
-2904231
956275
3017702
-391837
-3032477
-173792
2988079
707299
-2778829
-1247795
2473120
1672970
-2091442
-2016890
1642057
2397913
-1155134
-2598465
735256
2731630
-203795
-2771842
-287003
2702012
776942
-2578016
-1183829
2331987
1608171
-2091557
-1900625
1748006
2145032
-1314285
-2313662
935681
2389938
-442819
-2387095
15131
2301857
384466
-2177642
-788612
1965814
1173420
-1703732
-1482115
1372827
1737739
-993721
-1895647
627946
2040563
-255748
-2093677
-149870
2063320
512142
-1939582
-785870
1790212
1141590
-1618243
-1407783
1335727
1627031
-1074688
-1742928
775630
1821057
-384794
-1866418
91402
1772260
244579
-1742973
-606313
1563505
913757
-1368062
-1144524
1147466
1370299
-819452
-1511026
501646
1619582
-257961
-1647248
-13161
1659987
408811
-1598695
-691655
1521797
933658
-1336257
-1121839
1146508
1273087
-920802
-1413250
610915
1519856
-375066
-1544483
85980
1504286
217449
-1474030
-480596
1297619
698860
-1138346
-900070
981736
1123028
-718518
-1241271
474319
1368828
-208234
-1326414
37811
1415099
305808
-1295551
-514184
1235921
758675
-1139653
-904064
974970
1097463
-789295
-1208549
559756
1221052
-315236
-1263334
100112
1291355
157892
-1194703
-389175
1112178
612830
-965654
-798704
790417
895981
-601320
-1037488
390373
1140302
-202219
-1225733
-40469
1158098
231682
-1165163
-400039
1129861
597804
-975004
-759366
879908
918020
-716064
-984134
500973
1079600
-367808
-1087578
120645
1069183
122867
-1067770
-278780
980948
445592
-859725
-635373
716008
783315
-593321
-916817
410471
962041
-204702
-990906
8210
991056
160187
-998106
-318716
1002381
499469
-854447
-619296
752972
790817
-630768
-845561
480550
971721
-313801
-976885
115530
1012732
77036
-953077
-208622
854437
366249
-781846
-492614
693677
695326
-525571
-739285
401277
852662
-265050
-845705
63791
925359
96959
-857338
-237940
824587
425636
-754382
-588171
663925
635679
-600300
-779788
470211
777079
-334868
-864327
190459
827719
41615
-833906
-141649
797002
350156
-766693
-456062
603882
580265
-497591
-659174
371068
695693
-282159
-786735
92647
802654
27825
-777278
-189128
801427
330452
-686721
-462331
627704
563062
-557932
-673404
429619
709262
-285916
-740828
195851
706864
-18807
-729345
-95400
712450
265349
-634649
-428620
591853
506914
-444009
-586903
329808
604944
-206091
-695847
139325
722142
21696
-734284
-167578
705431
250907
-620537
-367263
561446
404583
-474978
-578110
378437
653812
-304714
-670967
195791
694195
-29738
-612124
-63401
702432
187999
-637467
-305797
497324
374945
-433096
-470191
342879
574531
-215808
-558073
153200
619922
21995
-668956
-91656
560078
210062
-608059
-324517
527999
436411
-441293
-470914
377815
560719
-246962
-591827
183828
564735
-73546
-596372
-53751
595825
149869
-514771
-249209
492995
347651
-415803
-406703
334956
511724
-217133
-531012
111255
570547
-50028
-592804
-98400
582836
226313
-501314
-286108
494582
372610
-404248
-466742
352871
474114
-261484
-497778
168474
559853
-73655
-515251
-39227
525161
158534
-490133
-225442
454542
322712
-323866
-351910
279364
442198
-159856
-440481
141827
471637
-50212
-536294
-26219
473656
141129
-495776
-232911
467587
321399
-369488
-372974
359805
409349
-298100
-465662
195479
481945
-63634
-462739
7156
448672
50532
-449112
-153012
393131
244275
-347635
-282443
314241
367732
-218320
-391597
143101
445286
-23748
-434395
-41532
441252
64242
-434477
-206050
419087
219069
-387032
-340949
290455
366972
-223949
-409322
164682
439684
-62806
-439869
2635
403795
50947
-418821
-159847
393604
183009
-338749
-287542
292622
325736
-203877
-356556
142429
398631
-75271
-389026
439
452709
84290
-417519
-190372
320092
191957
-334594
-266602
329588
324158
-257073
-378629
151905
430750
-91474
-394889
44064
360518
38883
-354688
-50100
351020
186454
-289264
-188545
289633
321849
-190294
-313306
131986
321071
-77745
-346735
28870
391631
134248
-344380
-124669
324321
120297
-358032
-286903
298283
294253
-238825
-377879
165535
331964
-84870
-383990
9333
344340
7603
-342415
-126593
275779
139242
-272584
-250050
224176
252455
-185325
-306549
137058
328586
-46200
-335286
-6879
363617
10097
-301124
-137299
264502
145551
-243831
-230726
218725
285650
-172376
-329702
147373
340712
-102265
-313120
34950
340320
57483
-325674
-61407
260338
159477
-246736
-155402
227566
193304
-162887
-301324
173652
252377
-81960
-301567
8763
305803
43881
-279496
-103460
330152
162236
-264086
-232876
230582
260951
-194830
-243789
178054
308259
-73233
-296714
33225
302762
-23563
-262264
-95438
280037
106607
-244293
-154577
236524
195464
-141824
-248254
131031
231549
-66486
-271771
10511
291543
42134
-293542
-47538
300990
75668
-265355
-196192
225495
216742
-132527
-271969
138901
250957
-81473
-280020
47566
270748
28819
-281565
-60696
249569
102921
-210568
-131004
182481
213021
-214817
-222805
175838
219602
-104656
-253480
23610
301426
4859
-307749
-85692
260178
114819
-203063
-164464
223151
195532
-207087
-207735
129157
241231
-122466
-245826
83850
224510
39296
-325065
-50810
256121
80750
-259771
-144698
218262
130818
-144169
-176927
128112
255825
-122203
-239471
26582
207401
37955
-252433
-14036
200543
70077
-251516
-155868
207526
189987
-219031
-215039
133888
220190
-94152
-221863
59175
204582
5667
-247833
-28219
235695
94605
-223538
-109157
200636
158183
-165783
-171287
112978
199494
-94821
-191476
21589
218759
28984
-247144
-28070
178583
96531
-221082
-130281
205649
126964
-155028
-190948
102102
193419
-117391
-205216
72426
223314
-16735
-246583
-40472
182290
58102
-240264
-144610
166253
126722
-123471
-156796
106814
193514
-56317
-179969
31392
233122
-2604
-222784
-10510
259542
46506
-243101
-117663
192251
145438
-168906
-160056
111123
208868
-79441
-242153
17891
193535
-39681
-166265
-69331
215579
57556
-226919
-115896
199485
146547
-159656
-179782
128200
181923
-60295
-181065
22412
187611
27402
-183920
-46255
224109
63519
-188314
-116657
170991
155009
-174081
-170586
113679
195846
-43929
-243066
55717
197923
-19887
-215969
13241
215326
48123
-209349
-78379
208097
120095
-143850
-159345
73131
190380
-67026
-178923
38927
206894
26090
-221833
2166
220013
72773
-190797
-93340
145938
136278
-147333
-174211
158584
183471
-147112
-179733
58907
172524
-23909
-202991
-9343
209708
56445
-214656
-79479
137765
140629
-99446
-169180
95997
166143
-29608
-207597
15074
214340
-47197
-187296
-19673
222208
69259
-190558
-119068
168672
154638
-135674
-141589
142932
170833
-125960
-177315
56016
195251
-33442
-231542
-27899
190939
31778
-143659
-73113
177468
105769
-138943
-196645
128911
137291
-116199
-184861
41710
215409
-22639
-187527
-54967
174073
72961
-158864
-88755
154471
116156
-147428
-136885
164612
169120
-76028
-183876
60856
221286
2477
-213057
16470
175253
48074
-205293
-99728
154531
122189
-169222
-114112
105965
152494
-109375
-180186
17126
187701
4453
-219576
-16769
186118
37506
-188754
-94969
137764
101469
-136053
-150310
154555
170704
-108421
-163929
106778
183482
-47196
-186211
7854
177930
13759
-214152
-33066
180942
78694
-142497
-139450
128360
186438
-57007
-225674
75705
184159
13088
-186985
-5490
194327
54820
-184908
-88733
194862
111569
-174771
-143770
83141
156011
-116342
-175575
98722
239870
-35925
-178834
49259
162728
44844
-185686
-54778
183620
104819
-127330
-147682
132368
164043
-86663
-178841
62682
175467
1355
-177195
-39655
215184
16341
-164480
-92364
171279
152137
-201180
-143178
136033
183405
-65171
-194910
60418
255685
-49689
-200934
8230
223618
34513
-181397
-39317
151712
136331
-147937
-125701
138194
174247
-135112
-219687
50774
189005
-49989
-195669
19360
195944
48626
-188407
-119548
206267
103472
-142129
-160864
168486
178924
-137307
-189428
86715
251561
-71853
-192430
4225
222842
3717
-203595
-84211
185638
146704
-206719
-161957
155084
166421
-104443
-176053
128070
180515
-671
-190891
3835
201322
73613
-243597
-80107
168203
114463
-183903
-102349
171044
149242
-103571
-188715
63943
247491
-47380
-195025
4004
214579
19361
-219552
-59228
216162
128566
-178707
-105409
142680
178986
-101910
-157519
79370
206977
-28695
-268158
-22967
246324
46152
-171935
-70887
215084
96662
-171605
-125151
158242
207011
-108394
-187420
123215
235298
-70180
-238996
66911
247307
16372
-216893
-93182
221336
118475
-132934
-139405
142750
205955
-115668
-193249
62244
216965
8712
-227421
19127
243203
79565
-210909
-78802
218816
141108
-176986
-151629
152963
188532
-127813
-184641
91572
242029
-55095
-225719
-12450
263799
46318
-274862
-10226
230997
76413
-176698
-113955
191251
197005
-92151
-192043
92892
198455
-25095
-203680
767
276184
31676
-228084
-56502
288655
109079
-207193
-178383
219817
251587
-108336
-162046
141005
188480
-54920
-238892
31573
232813
13614
-233733
5912
217753
96743
-215593
-163284
159260
130271
-175442
-202565
101364
258051
-88940
-281146
56317
292435
66991
-267593
-74710
211891
70661
-263579
-59897874
53710519
-10695
91758
-342306
-291940
124437
527524
-45815
-535042
-60822
556539
134186
-525703
-241448
432760
284116
-388778
-381183
319006
353092
-228873
-406433
104103
417689
-61412
-367302
-5232
349115
42951
-322339
-156349
301744
193251
-252466
-243758
232520
252261
-128469
-284423
105126
282106
-49602
-260889
-828
278150
22071
-250326
-108392
207183
102525
-211238
-116368
169243
179554
-131829
-134492
135347
189367
-140967
-212124
50660
220436
-38705
-172425
29932
227850
21688
-175951
-75206
205586
44572
-178230
-116618
134187
148591
-120830
-150533
78034
162855
-56643
-220089
3811
186329
31013
-151805
-2393
211787
86433
-190326
-140141
178223
144215
-186688
-149592
120955
176640
-52949
-202935
43696
160565
-12342
-177556
-26976
186172
70218
-174162
-81217
163194
136467
-115969
-156330
93567
172428
-62697
-198755
32231
202779
61547
-164133
-33852
210860
37818
-189627
-60135
190364
119952
-114577
-169119
76796
160048
-93073
-184401
15443
195704
1193
-185810
3548
197728
61768
-206206
-93848
141270
115457
-68093
-149974
92894
130714
-78630
-170872
65339
116197
55498
-186063
-54436
209194
57781
-195251
-83948
152580
84712
-163394
-111798
136227
143853
-117214
-175225
45124
196986
-35714
-177702
14020
152226
1141
-176731
-56858
135708
140664
-131672
-99825
155091
125714
-99460
-143995
47889
148907
7863
-193722
2511
147517
62814
-165407
-79811
111247
80322
-186897
-169633
129410
160367
-86396
-109238
80520
159293
-20087
-194711
8200
130083
48076
-185413
-104270
130675
100586
-147431
-128603
111894
164630
-127944
-180952
11588
171166
-20087
-196717
-30549
201125
27479
-134193
-63747
165769
54296
-187551
-79925
120352
120017
-110405
-157009
67359
170267
-40762
-165146
48036
227582
28168
-132443
-63919
176314
58671
-115613
-145073
97039
116829
-88757
-149532
54329
126544
-43726
-159472
-26846
138226
18930
-167772
-75361
186888
90857
-173087
-125750
139743
139796
-130900
-169471
113729
201017
-27462
-184240
-5235
165925
-4429
-162685
-59399
121922
67242
-139938
-148125
117863
110999
-81061
-186211
59294
183193
-38214
-162911
-43274
186752
23829
-176759
-44618
187933
94986
-107057
-124972
173430
120894
-173801
-164374
87192
191595
-66311
-173704
19864
201848
7893
-143320
-54739
193422
71815
-113077
-91610
139907
134450
-91614
-170217
71683
134087
-39205
-175741
9155
184887
-436
-214413
-63153
151660
93120
-104420
-117592
162891
141414
-106909
-153379
94314
192751
-47124
-169518
-6722
203277
-18706
-150625
-94305
179821
64236
-169765
-71374
103643
168176
-103267
-214670
87233
151995
-95020
-205024
23224
169139
44157
-219599
-63490
236426
121786
-137425
-108553
145869
160540
-163931
-164519
82210
151429
-68876
-192540
62543
165702
-32413
-133619
10033
144288
63190
-187689
-80534
112649
122472
-119635
-136037
110670
154779
-73458
-180882
50394
207225
8504
-197071
-86649
144493
128120
-132858
-133324
99463
164325
-131559
-155283
101251
160444
-112684
-194407
55607
164285
-36952
-188284
-41282
199822
60550
-188245
-112694
179581
77337
-88577
-137230
94668
173309
-121810
-186915
52410
164324
13605
-241531
-25675
197245
62033
-194900
-113202
133352
147586
-158785
-129980
110719
154353
-119618
-226918
59128
219437
-19270
-197426
-29408
190127
60091
-201329
-118723
149388
145825
-135221
-182231
121971
164560
-116099
-219409
37191
223008
-9367
-215091
-55730
188348
56182
-187661
-136249
188916
168238
-169433
-152185
126904
132134
-118080
-188154
86382
254499
-57230
-219734
6819
224707
45073
-174535
-72344
168755
105517
-111797
-204770
147085
207268
-113623
-216383
31981
232102
29221
-237615
-18278
180980
48878
-288635
-126103
188546
103187
-225140
-147810
128365
205470
-93876
-236053
76041
228045
-19180
-228704
-11805
221366
21702
-203138
-111952
198950
166230
-111343
-137212
119262
165911
-129481
-199816
72867
279574
-43216
-210252
-8572
207830
111076
-243981
-74293
193280
116211
-187842
-194941
144153
243222
-79026
-240630
78701
230225
-36612
-278995
-382
273191
73258
-200055
-111309
191185
129870
-152066
-136541
138753
187676
-123667
-212637
92987
266006
-26939
-272282
-259
244209
54080
-253807
-60152
245759
154545
-250691
-192461
159499
209051
-129394
-260502
109074
278143
-68827
-220910
-1782
278456
26348
-268500
-88315
289183
118151
-200942
-149651
165997
221240
-110914
-205753
122878
269276
-25934
-214984
-37714
255404
78319
-304703
-120348
253561
208772
-240105
-175997
152742
225949
-127884
-263382
121106
297249
-99553
-268276
15316
253811
11601
-257550
-78462
207780
138116
-227186
-164791
200480
232023
-189655
-233330
117276
284648
2861
-298628
-14671
284723
82810
-307372
-97421
263667
152487
-243208
-206193
216036
271221
-178768
-313377
133787
304555
-90512
-298063
4195
341590
18577
-306695
-75132
290379
141731
-219395
-209270
181147
224769
-175007
-334040
110094
271477
-44936
-305864
-17517
290676
87229
-319785
-87297
332784
134749
-292111
-217932
262178
227574
-197791
-285039
151118
361007
-75802
-323254
20278
361388
14004
-296021
-63683
286417
173623
-301517
-166423
270915
218464
-194724
-278219
169123
301994
-54919
-327821
-16182
321737
53730
-320191
-109126
318733
179104
-307778
-221855
298600
281901
-230021
-301226
166016
303590
-126092
-389135
-1943
379181
41021
-406641
-57200
367835
172422
-333798
-178965
234636
270280
-201623
-317138
152127
312317
-44000
-397365
68356
404016
597
-399547
-113217
334535
207342
-356506
-302289
284180
296570
-288382
-366028
177362
388815
-120237
-403166
31327
404937
-5005
-443055
-80333
392834
145485
-362819
-237003
368070
286235
-248465
-350153
194929
361494
-101411
-386830
51138
433360
45798
-469812
-111718
433532
202188
-435307
-244964
375543
382452
-294766
-390574
235525
452083
-162591
-456515
119785
467800
35634
-480197
-72945
430436
135833
-420617
-256876
411583
269558
-317903
-423323
217046
405357
-169833
-442220
80030
486961
47850
-514800
-108836
505431
216834
-469463
-244496
375385
345136
-393711
-384120
307308
439681
-212160
-441052
161072
501003
-29872
-521235
-64328
491397
143942
-461173
-245361
424176
355619
-399014
-396282
234915
523411
-181901
-533892
72619
579823
4695
-603954
-45866
551669
179392
-554122
-332349
480648
391319
-401785
-427619
360148
538933
-237719
-595677
116329
613600
-55028
-581331
-41183
628375
129395
-544503
-280175
494473
354261
-430570
-417974
338038
522634
-261156
-615518
140998
613569
-43230
-627377
-103793
634061
232026
-624576
-295329
587066
417001
-482076
-449216
367311
628198
-321534
-670517
231507
651745
-97948
-662236
-28215
677585
124796
-619039
-284622
559428
375180
-481583
-460506
379599
494344
-282126
-624412
197941
667887
-33707
-684695
-92751
665066
150660
-716080
-318977
650260
468442
-556950
-532444
488578
576067
-390336
-701808
271221
716532
-179035
-726314
-13674
722477
145800
-698305
-283275
654309
394752
-572809
-487583
440212
584840
-347298
-667295
228311
760062
-129719
-798434
-70414
754396
198217
-757187
-330560
721286
459727
-688306
-572131
552738
640443
-465500
-739515
315231
767359
-170703
-828139
13291
839560
114107
-882972
-319003
749411
453689
-626611
-511530
564091
648134
-388985
-770892
267593
818670
-115055
-840354
-40592
912139
244216
-910735
-333542
812135
503186
-769562
-665620
705959
785861
-550846
-850696
423723
907694
-213192
-914520
77240
961992
84625
-891927
-275125
864809
474129
-800712
-588825
637852
707982
-465780
-848455
372644
914198
-183628
-991548
12421
1025908
218079
-1002195
-381993
958251
535309
-894252
-732355
763810
834735
-600091
-958450
497433
1036116
-310878
-1075202
136865
1069370
113083
-1050221
-288024
990217
484400
-904731
-663546
790830
834403
-607184
-969249
418230
1085004
-239904
-1139462
13485
1149699
172106
-1170726
-394132
1117511
606240
-1064445
-812611
929399
989755
-786453
-1069799
586345
1208161
-356265
-1221795
118166
1272862
68210
-1269173
-307080
1156234
548014
-1083804
-782433
941427
956991
-720947
-1110925
611113
1219061
-266474
-1337063
82301
1399269
158627
-1367138
-431262
1312490
646177
-1220125
-878273
1089004
1076082
-916402
-1289796
730601
1379949
-420002
-1469998
203872
1494570
68268
-1487737
-335314
1392237
569994
-1296119
-891317
1146355
1061258
-907097
-1320967
655805
1480177
-367697
-1599469
123706
1630152
203648
-1645373
-495219
1609005
795657
-1526214
-1035795
1352988
1275040
-1098408
-1577745
869632
1719164
-500401
-1784723
274130
1822281
21739
-1833989
-413079
1712037
703126
-1585867
-1089487
1402023
1347802
-1155474
-1613756
846183
1768344
-462532
-1988670
121222
1992331
281292
-2071413
-592766
2061400
961653
-1919264
-1323546
1727173
1645788
-1460288
-1940223
1158353
2176505
-828737
-2233449
427169
2347601
-14541
-2317311
-474456
2230303
862135
-2070902
-1283556
1820034
1600815
-1513080
-2014262
1162385
2216702
-716829
-2398250
346662
2536765
177505
-2600254
-600259
2594737
1068282
-2428578
-1483040
2178965
1886632
-1913553
-2144466
1530900
2444204
-1170067
-2593082
664275
2694527
-221993
-2661974
-235703
2592864
769702
-2400726
-1174431
2144061
1578195
-1835871
-1915094
1489592
2239911
-1068622
-2440923
608628
2561319
-118927
-2628872
-363995
2584363
783890
-2420026
-1230032
2247710
1582288
-1950533
-1913475
1632440
2129241
-1308427
-2289210
814254
2409979
-423699
-2357175
-59698
2313149
437527
-2132467
-811135
1972039
1209205
-1682326
-1494028
1350051
1801169
-984442
-1972583
666564
2071431
-244281
-2151693
-135105
2068488
525972
-2024950
-871611
1845776
1174187
-1656273
-1448741
1397199
1656049
-1094380
-1752875
752954
1832006
-419839
-1833501
81577
1789651
272222
-1749058
-622965
1572674
932589
-1357058
-1139960
1127256
1374716
-826145
-1502515
528258
1647838
-225073
-1637429
-57854
1676980
369776
-1613212
-657674
1491532
939441
-1339174
-1098240
1134588
1284675
-839917
-1433757
604187
1515081
-315941
-1531450
91164
1499900
224436
-1439447
-499589
1302517
761574
-1117511
-953620
940794
1073866
-686875
-1277999
448210
1346512
-192806
-1446787
-52222
1386020
310858
-1348192
-522016
1179664
785033
-1134005
-914461
983637
1113906
-770944
-1222642
569752
1245218
-334016
-1304279
64371
1248354
161204
-1184044
-355078
1088583
606931
-974829
-783535
789128
888462
-631235
-1093574
413523
1140348
-190459
-1212409
-11997
1159551
242268
-1134063
-441970
1011303
611038
-974301
-801981
834358
901392
-683498
-981698
505953
1077156
-296695
-1046319
69955
1103613
58510
-1044653
-290271
979618
517244
-854488
-620792
716018
767743
-554802
-892611
437764
973361
-212004
-1005432
-2467
1018011
147640
-973991
-342417
956509
497302
-886134
-622503
716826
759480
-622844
-815866
435679
933951
-315942
-922819
109022
940201
54505
-948497
-252150
874280
377705
-745117
-536372
667029
683076
-488810
-770198
345898
793807
-267678
-836608
48602
916065
142723
-926936
-251284
855193
395875
-812190
-566236
738916
650761
-559654
-736112
427024
793674
-239454
-820831
98506
842706
37701
-875452
-138535
778683
323623
-697213
-407565
606644
592407
-479859
-662450
346996
736024
-230345
-757003
58036
786533
79118
-764826
-237313
766969
367968
-720447
-478751
646683
579651
-521943
-641009
405574
766620
-325879
-722620
137131
795749
3512
-748629
-132170
717327
211992
-592992
-361331
561026
513335
-435970
-587424
369966
650656
-219135
-699398
112113
687586
46620
-717878
-171257
659690
263206
-664943
-397755
556199
510933
-495568
-559224
396758
628694
-247792
-684000
159868
695304
-33770
-675855
-45973
639739
211859
-566745
-375579
538179
445740
-419097
-504023
340984
571997
-218377
-600206
99907
628918
-1410
-659807
-171676
607506
230163
-631921
-340690
485628
387797
-459016
-512248
330386
567998
-250627
-589379
136960
610249
-79378
-563682
-28762
560595
178868
-544383
-272287
495256
383397
-381574
-418539
269651
496689
-202251
-545929
85431
548981
-3151
-584442
-78425
607062
199060
-524247
-251606
478247
388346
-394776
-406092
331829
442624
-252672
-542359
140687
521407
-76744
-544426
-31480
506852
135664
-462937
-248369
411559
354580
-346869
-384721
298588
407903
-215331
-480253
104804
524945
1579
-553339
-44642
488272
176810
-479193
-259987
398448
285001
-388858
-356622
313235
419729
-272956
-471376
137290
457834
-78900
-494110
38481
490173
94679
-445152
-192034
363632
227617
-323872
-343283
319171
388166
-173717
-405222
69534
430937
-3698
-401790
-35607
427470
121389
-461365
-214769
375354
269907
-386472
-311285
252300
388126
-204883
-419068
184671
399755
-100198
-449269
4029
403432
67894
-432262
-155318
355126
183250
-350218
-283557
309771
305849
-210855
-334280
109765
375798
-18041
-384747
-12181
391822
103657
-358895
-216839
359232
185588
-297894
-288006
246460
335246
-217830
-352291
119367
364500
-62669
-376275
7199
413518
43918
-349062
-128014
318856
177864
-235523
-272905
235233
278767
-206416
-313963
136093
341578
-74010
-388348
-18044
364595
111833
-346522
-147535
354205
211483
-291159
-274423
239042
305313
-233866
-323086
155336
318494
-84174
-331136
-38098
304690
-7715
-345919
-105525
305396
177148
-239005
-212850
266642
209769
-137284
-273831
100120
293640
-76696
-335548
12813
330871
57237
-284029
-89716
304001
181534
-275535
-225155
178424
253181
-209566
-284948
104259
315018
-109237
-315394
50379
317856
11537
-289712
-126336
257546
107420
-248117
-187041
185239
222105
-180818
-221353
116854
246940
-89103
-318077
-33644
289722
48580
-279066
-127678
245467
186191
-235706
-215851
199852
207714
-183580
-163218
147885
281341
-113168
-289171
19010
257919
4595
-288997
-83832
291286
113084
-223094
-114090
189914
200649
-134210
-191231
87709
248525
-86091
-273049
45034
276992
2049
-273323
-110532
254747
132130
-249032
-172008
150848
163489
-156482
-257946
122495
273458
-87215
-259324
66262
275795
16260
-221820
-36122
256217
116263
-213003
-163442
201937
181691
-182442
-238220
130872
243728
-71184
-229343
40210
274933
-361
-211685
-41467
261984
110839
-204760
-127235
204278
235722
-184050
-200753
145458
226895
-95992
-257358
54907
216045
27111
-217929
-23112
159170
85711
-170286
-150596
192402
155910
-117740
-214213
101042
175609
-91080
-256710
51558
227680
20597
-263680
-34234
185030
151314
-205312
-164334
199660
199062
-154119
-208313
112616
227984
-107323
-215484
-11810
249452
4823
-257910
-41653
255722
58586
-202178
-108825
173008
127570
-138761
-164086
107855
227664
-13201
-195062
10749
199154
9671
-230899
-52333
249173
93135
-163714
-126567
196258
165336
-147224
-139003
122401
205977
-118566
-199860
10311
216133
-31539
-201936
-77426
195753
48024
-168436
-87269
154924
124191
-132375
-210579
99515
187204
-48904
-226223
-19286
193266
-13804
-236707
-49423
190016
115821
-244113
-123844
192179
142880
-136515
-141741
76900
220483
-66460
-203636
22769
227319
-4960
-204228
-11862
206601
52290
-182221
-130189
127844
127182
-131442
-186453
54766
170458
-68934
-191924
52038
180519
17647
-169225
-83900
207453
61070
-192861
-97838
121053
111963
-131916
-177468
89291
213253
-155461
-196511
-5433
214726
-21435
-159976
-14927
217630
60652
-175305
-118086
175587
131834
-124576
-137644
52811
155959
-123742
-184145
11724
185420
-7754
-179457
-4502
199663
86755
-197897
-128623
205283
92308
-144611
-134492
163859
177372
-91582
-182596
6348
184841
-22906
-183344
-16853
177122
29377
-159989
-132349
144321
117241
-123208
-124675
141048
133443
-68645
-140457
21604
187490
-10802
-231016
-72564
176058
69298
-195275
-92804
186052
140202
-170380
-120381
95034
171121
-73031
-180237
52884
145896
-12329
-191471
1325
162490
21234
-192683
-97529
162821
115424
-115961
-127052
98591
177772
-1080
-230531
44788
197643
-29775
-189067
-8077
222714
70511
-169716
-83710
132554
100760
-141634
-144288
125996
211543
-94895
-176623
26545
173099
4772
-154426
-51082
153125
8914
-118192
-95158
208553
49544
-99661
-148569
116184
150659
-70367
-141765
77612
177847
15904
-179470
-31302
194908
34199
-180852
-98344
185500
82923
-167046
-139238
76087
168755
-66207
-173404
52553
203173
-58864
-166509
-19633
175178
24301
-168484
-92030
127803
101954
-174698
-139413
114348
89808
-62833
-135794
33769
187873
-12393
-183432
-17932
169817
13481
-175154
-98640
144181
156848
-122936
-128476
104052
164055
-84046
-185944
70506
168940
-56275
-191472
-33464
174439
15037
-161035
-68574
173622
108832
-132563
-90574
136547
134045
-60091
-167605
60443
173774
2991
-210750
-54833
172340
48239
-187323
-50235
167180
121701
-139035
-150844
81866
183778
-129499
-206614
83375
195980
-24585
-200711
14327
193867
2794
-173132
-74868
180923
87156
-156129
-168535
104201
145111
-91133
-165869
111102
173010
-31115
-209912
-56821
158602
94304
-177713
-98852
185525
101430
-120971
-174561
134702
148454
-94139
-141283
26784
199170
-31184
-161752
8830
202443
46748
-160775
-69386
200613
71504
-106528
-107529
117590
106618
-82725
-168915
65805
229149
-2640
-158747
-41232
179213
80267
-177170
-62492
178071
94916
-165783
-165823
149974
164003
-122511
-200038
113611
194356
-56865
-209695
15713
243275
27103
-171224
-16106
197832
112573
-130447
-155178
124036
168065
-95983
-175476
39856
161492
18033
-225607
29731
195470
101928
-189686
-80777
179596
142224
-205683
-150588
136610
197621
-172790
-227777
82244
225364
-84793
-169266
-1774
203217
42313
-196018
-80800
177154
104220
-130038
-158182
132747
171297
-106100
-180097
69019
183964
-27750
-215315
-39812
214854
26829
-211297
-89525
202135
121653
-168716
-177877
165353
172261
-106143
-216268
68012
214996
-79804
-200440
19797
180004
37798
-185945
-76839
235675
89259
-152913
-105287
152768
123125
-108748
-204150
67860
198639
-12252
-239240
-47565
203104
34513
-215000
-71101
169536
131087
-209956
-107830
135946
175718
-126161
-144572
104092
219245
-27162
-215895
29524
231754
-17129
-200346
-39382
229251
73060
-196729
-108970
173088
143922
-141093
-159749
135117
208168
-40639
-193664
19147
209245
67190
-239325
-108103
243576
79131
-213550
-114270
152954
192687
-140237
-156260
76943
237225
-35206
