#SpinCore Technologies, Inc.
#SF in MHz
#SW in Hz

[HEADER]
@CLASS=	RADIOPROCESSOR
@FIRMWARE= 3087
@SPINAPI= 20130917_x86_64
@POINTS= 600
@SF= 0.000000
@SW= 30000.000000

[DATA]
-61997
179333
99918
-152601
-113403
153969
149734
-179570
-107776
75317
169808
-46873
-151800
37544
197156
-74136
-147758
26283
182444
905
-201451
1807
202927
-48044
-147180
-32657
160096
128711
-138993
-127286
172995
131855
-233001
-91768
142209
137201
-202246
-225846
104177
118312
-50771
-200495
70295
189956
-15470
-157799
28439
162544
-14351
-201224
-25144
202795
-25970
-187370
-101227
208157
100085
-156866
-166525
199533
118961
-179900
-159275
152964
186807
-141908
-213349
129419
118470
-102574
-204131
89813
183863
-58189
-212857
114081
191275
13198
-268060
-73692
196756
-4144
-235519
-62661
203684
115404
-171733
-84706
162627
112809
-145723
-152035
141438
137537
-182955
-226290
116034
145828
-159284
-201965
184591
234363
-68925
-186985
22376
248698
38174
-229957
-36947
265380
-5052
-266326
9662
259896
31368
-213894
-144158
143607
119746
-184387
-119206
245885
203290
-184468
-186591
206904
177521
-194363
-238620
87275
288148
-122025
-160112
85852
270994
-52272
-261999
-15077
246652
-13170
-306920
-47395
274895
52483
-191763
-113618
240481
60085
-220412
-160227
242327
140031
-194647
-185093
153708
213457
-177062
-160842
130355
249345
-58158
-242395
95490
302709
-74024
-279911
54616
243478
-67184
-286132
-38229
320599
70279
-272465
-111139
315215
99243
-244176
-131243
198494
205881
-274122
-152016
206485
194193
-217201
-256761
156070
272220
-142265
-243101
125301
264047
-52919
-262559
-13961
340702
68266
-298630
19857
272105
5042
-291623
-83557
273932
126361
-252115
-126460
361956
161840
-250595
-206961
206068
293247
-239528
-216393
164075
207707
-151685
-303049
133959
272086
-36569
-337516
53321
285546
19644
-333753
-2409
326714
33072
-338139
-78747
294203
127555
-238667
-112241
283916
116671
-273150
-248559
260260
261071
-248746
-238077
215174
313986
-238487
-300219
128683
299169
-161134
-362786
122783
325448
-56217
-331906
31075
404125
-18764
-334767
-70484
366229
138697
-351212
-213192
301385
177067
-309794
-210868
314211
266155
-277747
-256721
261991
297922
-155163
-307517
133828
276886
-114089
-282955
59477
441549
-68434
-341796
-39067
431283
57505
-373360
-86182
279264
169161
-353625
-149961
394814
264881
-398965
-185484
298290
289868
-285889
-288044
247725
372177
-249530
-279724
177680
381338
-134853
-407534
74928
385961
-50980
-438475
85056
437620
41731
-371248
-95260
395897
78595
-338127
-101672
375009
231824
-374469
-249017
295505
215314
-297778
-330103
281103
311666
-221639
-357988
229730
355342
-185392
-381669
143531
381792
-65738
-415617
1615
465397
25087
-461711
-78683
463129
149603
-400164
-191080
432649
206907
-382775
-269242
348540
252019
-374334
-275486
329843
344967
-242136
-394925
205785
458178
-185055
-427994
196306
413498
-130631
-421488
7135
461768
-35912
-443610
-29400
376664
70149
-410640
-139853
437108
224433
-429297
-211379
399372
308352
-332412
-325808
320780
298058
-232939
-315286
273650
438600
-170134
-428979
193266
495517
-61138
-451555
59035
480760
18560
-446854
-28185
461775
110454
-497298
-128652
472871
199796
-423618
-221263
440828
298664
-337111
-342851
402580
389256
-373529
-456405
265633
451542
-260297
-435813
246660
472686
-87114
-458770
125461
500270
-112609
-442161
-9971
578626
53674
-534273
-97198
521258
147003
-498907
-190898
421957
257176
-396766
-306307
377272
305955
-316532
-378297
287531
442226
-264835
-471983
216105
529597
-184720
-460986
101134
491365
-7888
-552928
-16792
537827
43756
-467639
-150941
488368
167656
-513657
-231789
491046
260264
-465180
-321369
448245
324063
-392578
-362043
363493
510634
-306962
-473351
252549
498465
-225079
-569931
137447
556526
-59209
-578368
427
503294
-18159
-535650
-87717
568481
135265
-516561
-187078
528982
264913
-445645
-329290
403283
378425
-383479
-372595
358657
513023
-295097
-467007
174665
501848
-158057
-507062
147396
515199
-101873
-547628
16026
615421
7491
-613751
-74348
584549
163884
-582422
-229887
526424
296495
-491394
-255092
488818
346736
-402543
-406531
370327
463415
-276892
-471042
298706
584428
-192171
-572703
192957
501333
-94077
-627395
83627
589572
-44713
-570706
-61802
555325
177063
-485491
-210311
461509
264158
-528224
-321689
463231
366471
-440940
-317711
446060
414631
-387945
-518112
311300
494290
-212196
-513214
164915
568805
-125981
-617418
32198
588825
27736
-621333
-68953
582636
127811
-517729
-270461
518150
280233
-533506
-287582
490099
362755
-445616
-382128
418695
430109
-414401
-513946
316888
518866
-267064
-549477
171986
534925
-126363
-586812
70354
538780
-41620
-576715
-15730
572846
144359
-555593
-169833
470891
194302
-545920
-250075
463546
327615
-383009
-347171
377789
448148
-346085
-465143
291877
483015
-182519
-497409
255662
566282
-158238
-573793
53344
577336
-49372
-540428
-4860
594588
96057
-545562
-167005
596638
184117
-528676
-279600
507810
354336
-471652
-360977
436543
428851
-360011
-351291
370039
498569
-281373
-582245
229118
551964
-196519
-504017
126410
530293
-61430
-551376
-34998
530513
97826
-600296
-141940
487370
204351
-532638
-241783
457794
337959
-474239
-261407
404709
349139
-374146
-501104
320688
465672
-259953
-482297
201890
440488
-156307
-474568
127451
498496
1170
-539820
-4539
560960
91335
-561862
-131669
549956
131581
-512277
-227509
467050
225417
-380291
-324992
470780
392779
-444861
-459270
311181
417820
-313449
-476804
279478
444878
-157940
-483123
147043
524176
-67778
-507070
30515
549406
33186
-474084
-115779
479148
170917
-425588
-131514
385762
243317
-426000
-291776
407633
274902
-387727
-378973
309517
381289
-259991
-422551
192059
424364
-199597
-459189
158788
466674
-95198
-519165
-15782
507226
31218
-503527
-51886
466658
137547
-500696
-181092
429428
216810
-419054
-275182
406051
301054
-317740
-331510
313724
347844
-314446
-451141
214848
502287
-169056
-403045
161694
439762
-156402
-420592
96319
479658
-42320
-497284
-101151
469320
128983
-415641
-122948
402006
235799
-388276
-220988
387548
265180
-369701
-277546
312674
341497
-243626
-341200
222728
381353
-219918
-439447
137944
407094
-77644
-423314
128646
435708
-30352
-438575
-108422
421443
131192
-456785
-91232
370413
254797
-363835
-261629
374354
302062
-372053
-288975
306425
321763
-285069
-374056
230358
368747
-220366
-433380
142015
384724
-128130
-453476
81321
479169
33055
-423854
-24273
401393
99147
-418342
-133434
415503
155241
-342247
-212099
339061
282747
-362537
-258239
287985
282259
-259410
-313036
275608
320032
-197668
-382020
119348
393550
-69631
-350279
62364
414793
-12070
-374406
-66981
430130
68757
-306982
-99070
315872
184705
-391184
-169525
331134
192895
-297514
-194342
287740
171876
-250140
-303576
245443
380771
-154218
-328546
164799
385383
-64754
-375615
97063
365444
-42405
-372254
-11150
351610
21693
-385646
-74054
330417
115653
-327746
-153855
324523
166972
-323663
-217782
278758
259571
-230440
-253460
183424
245871
-222016
-306465
184518
293571
-83301
-326742
37793
312497
-65645
-371653
918
308802
30297
-303750
-90778
363760
98234
-323683
-160001
248669
223826
-286943
-199132
293989
178020
-218323
-279525
166243
303933
-101603
-294129
190737
342887
-98633
-312185
89668
328501
-86068
-355796
65702
320162
-41029
-333204
39502
379021
109041
-320619
-131034
257926
138988
-338359
-162131
237407
188297
-215077
-186845
163794
217525
-140179
-262570
92153
307121
-53680
-253664
64380
269456
27849
-283176
52863
292976
-12212
-327644
-40076
304933
143643
-261779
-119732
221089
124230
-250590
-178863
254439
221726
-160720
-234384
204285
176783
-173963
-209615
123410
271689
-88590
-279970
80698
255669
-97393
-201972
77240
328841
28301
-292568
-13414
312850
23894
-296729
-63629
297366
81963
-210240
-124817
248761
162942
-190317
-210631
238124
153738
-155702
-170183
129652
206371
-95869
-217545
113580
249902
-72528
-272921
-994
248389
-21985
-260916
-12516
242521
21987
-178569
-110375
253679
135844
-202125
-112088
212973
156846
-174815
-167214
177531
150959
-136718
-258067
170862
160792
-164516
-229666
150176
201660
-74845
-239683
95180
191390
-9432
-238227
-16416
220120
4154
-229835
-58010
165809
93342
-215101
-40504
234935
91104
-182600
-97437
210897
136634
-142413
-176405
136415
170763
-117017
-170137
50467
219868
-72839
-232493
40914
260092
-4285
-267840
36637
198338
10755
-198692
-10076
239921
72191
-212866
-50681
232146
130699
-219209
-161637
168397
194791
-130183
-132638
94215
67653
-128290
-155426
81735
263789
-156983
-239440
106378
135305
-2997
-220522
36782
189911
-54818
-162250
-51917
231339
6631
-155925
-82536
248878
90799
-162963
-184067
166547
137534
-156323
-111652
127645
82711
-43940
-161431
18831
127874
-62683
-172867
56686
147878
-100547
-153922
-4811
169828
-24799
-134420
-103140
184494
-14391
-214590
-68245
144538
61403
-191050
-109466
151330
125986
-134557
-85321
119003
144922
-152099
-149578
62260
152808
-52276
-157319
81737
118159
-47756
