#SpinCore Technologies, Inc.
#SF in MHz
#SW in Hz

[HEADER]
@CLASS=	RADIOPROCESSOR
@FIRMWARE= 3087
@SPINAPI= 20130917_x86_64
@POINTS= 600
@SF= 0.000000
@SW= 30000.000000

[DATA]
104621
-119505
-60431
60680
151156
-90813
-157896
58255
129742
-92267
-142444
91540
126092
-70332
-115625
24632
142121
-22669
-140453
24252
216019
-49134
-166582
10407
174536
-20550
-131454
-17233
119466
12735
-157190
-30666
141206
66303
-182997
-55318
199130
45509
-132751
-35004
98035
136326
-156307
-72903
131870
128850
-45246
-112484
122916
79851
-93272
-151278
30478
132223
-81891
-166853
67400
140527
-63686
-175577
-2010
166535
-61417
-228383
46462
163213
3731
-154989
-24234
199282
31409
-91724
-35207
213146
67812
-200868
-131278
163089
110189
-114881
-29796
111315
146837
-192282
-123152
119844
76544
-153562
-52789
101024
251612
-60568
-103726
131253
155083
-48177
-135159
55344
207449
-98998
-184130
89883
177668
-71576
-197900
62716
210102
-6208
-236229
-12614
203429
-7421
-108391
14350
169174
36399
-231590
-83699
121457
74807
-142156
-135686
174713
85790
-190662
-116881
171835
103435
-184213
-150373
127189
115213
-205991
-102614
123833
157958
-117288
-185003
123956
154410
-49508
-202367
110727
219707
-66305
-214871
63912
209503
-45434
-229459
-23753
207024
-33823
-179884
-38925
232528
-23788
-255707
-17650
202629
51458
-173256
-81491
192991
104437
-203598
-139543
217907
120087
-238125
-101528
264150
153661
-171469
-163653
154164
172050
-170628
-221372
157272
200226
-115494
-230838
113714
194809
-125632
-229341
136222
236343
-95176
-194524
67445
265969
-15733
-225057
57998
269509
-9113
-293622
-10344
273742
115720
-283815
-67287
300846
72975
-233051
-121553
235715
111230
-230005
-114158
218162
135653
-244500
-189214
187881
164910
-248362
-208487
221337
234177
-161635
-253921
169851
201109
-143740
-230913
105213
256915
-115885
-317695
88805
261466
-35176
-361984
74701
273406
-59288
-295512
-55555
284389
37412
-320488
-109833
303658
59409
-335439
-162405
277036
100479
-249786
-190085
193679
181257
-252847
-93053
279412
211529
-273359
-179845
276027
262468
-215192
-290601
192453
257213
-207117
-292007
148310
295476
-200526
-311879
125420
338418
-116662
-360250
101384
344768
-79188
-361587
82557
386825
69262
-335901
-35364
368796
31641
-296851
-42375
331661
98167
-390917
-123965
308265
122061
-302943
-154818
264686
204992
-314841
-248940
297015
288228
-273718
-288965
292664
251011
-262447
-289307
201463
385208
-238145
-393679
175384
387378
-158243
-400772
71326
422666
-76331
-433219
45344
474137
-55704
-373031
-47478
479978
74961
-488253
-89642
473687
138109
-465111
-148856
422668
228472
-459592
-261137
464757
283474
-438655
-270191
404914
342661
-413176
-362766
307783
356087
-365493
-450042
281291
400321
-237514
-423100
269189
478473
-231246
-503172
166876
488147
-132496
-527412
86651
581376
-41541
-591981
32025
638761
-29347
-590471
-44249
608029
92279
-546295
-108420
579128
184789
-519951
-212264
540993
305594
-559748
-257416
499205
331818
-464859
-384957
472287
464667
-385971
-471605
378082
543192
-385257
-527488
398805
630920
-298746
-597747
226620
638483
-162400
-721074
158823
731220
-94760
-707373
76670
710489
-25859
-796146
-59507
763064
110115
-755564
-226503
780841
262115
-743678
-259781
713032
338560
-689622
-422505
665249
457698
-600840
-598134
620398
540338
-551144
-635110
561480
681110
-554985
-786992
426229
821132
-403086
-766618
316693
822677
-288790
-924724
251622
907515
-230086
-908510
167908
982931
-71295
-895766
3271
966631
96904
-983249
-149940
988160
262892
-1012881
-357488
948751
392246
-899938
-488276
874668
522750
-875047
-675173
832562
697711
-746001
-710795
745826
844897
-650429
-903410
617109
980163
-541882
-1008398
455212
1072489
-406991
-1136879
270999
1156516
-264075
-1176252
161527
1270062
-14607
-1244268
-79013
1253376
169797
-1213487
-165777
1213875
304088
-1288913
-433636
1307983
503439
-1212431
-609348
1180598
706250
-1166486
-828749
1107548
929968
-1070249
-954484
1012288
1031419
-947388
-1129840
894050
1279301
-868460
-1344896
751090
1340467
-598685
-1451187
554165
1525271
-417168
-1569320
284306
1562075
-214255
-1636519
150910
1630028
53734
-1668906
-152993
1705451
283595
-1679293
-396347
1660703
582903
-1595308
-645266
1600602
869474
-1539018
-895580
1480789
1078708
-1428965
-1212722
1297464
1301934
-1225697
-1403545
1180198
1517138
-1026901
-1598076
894592
1706785
-735203
-1824727
710839
1877300
-510300
-1968816
357559
2014251
-167259
-2060622
-11519
2040253
163922
-2122199
-325600
2074644
448583
-2054674
-609905
1969489
758951
-2006051
-961203
1972004
1095457
-1834642
-1181051
1730305
1365366
-1651562
-1519788
1482248
1585404
-1425040
-1773753
1264713
1859053
-1110627
-1851105
991608
1940050
-847563
-2009997
711531
2079425
-510499
-2041833
298062
2024183
-156654
-2025581
-36422
2038768
175887
-2024114
-308051
1940679
419470
-1862240
-633728
1842701
770920
-1794801
-887380
1703840
957511
-1573150
-1110241
1468125
1237532
-1363033
-1323076
1231992
1339605
-1146561
-1564278
948359
1482127
-841335
-1588345
758061
1553440
-580001
-1627255
415761
1639630
-324858
-1698305
196972
1698389
-68693
-1620970
-129760
1611308
155718
-1625679
-343756
1541379
367656
-1549471
-568553
1431270
584156
-1387461
-594256
1269089
843394
-1211632
-885626
1170420
899841
-1033432
-982111
1005365
1077782
-911199
-1123148
854063
1188984
-707254
-1197836
625154
1210498
-591585
-1236697
443180
1246937
-356130
-1276642
244568
1262962
-188253
-1256307
52946
1258245
30219
-1221657
-103342
1190849
247026
-1165964
-234639
1091503
393934
-1085384
-493858
1058074
541770
-954194
-621032
866547
632631
-880214
-705940
806010
699703
-736702
-794330
627285
871690
-585501
-885135
526492
884308
-373804
-883962
398024
931668
-308531
-948220
242458
1011355
-128374
-1014459
99892
895586
2913
-913682
-87588
939452
150052
-914685
-279695
909735
277570
-880008
-274496
859952
387255
-742045
-415756
808097
535879
-711700
-535704
691582
543802
-657456
-643457
542030
668552
-469145
-661175
546731
700298
-363732
-759588
330036
800525
-280352
-751786
183122
710932
-135762
-743518
122342
729049
-67219
-729255
14771
660779
64924
-690300
-66491
729448
186766
-652045
-218108
615461
234614
-623456
-278493
593752
317886
-473740
-373069
480368
399500
-401649
-445499
432537
516453
-396305
-525831
335691
398684
-281581
-508105
241498
538229
-173674
-565952
230790
536478
-152515
-507778
30644
492806
-32714
-626081
-39735
572183
6498
-507219
-120209
523305
141268
-532810
-145710
565982
258271
-460803
-208204
482365
263037
-421691
-324230
379668
375250
-371248
-363973
429042
398226
-367732
-296697
337253
375849
-238004
-448335
214365
455643
-199955
-379985
162782
540583
-92136
-444490
86892
472980
-105009
-458330
21548
466292
34164
-440404
-1851
500312
33793
-457181
-109996
442327
167113
-361330
-227512
356787
179209
-418250
-204411
387771
245296
-301415
-284673
315975
255582
-240016
-333616
277808
354629
-203751
-307224
190627
343138
-146382
-350402
65814
381677
-113305
-396232
123420
448304
-46767
-379620
11679
373452
-560
-347015
-33465
350812
61765
-361190
-86450
352071
41967
-394679
-153769
302166
183398
-266570
-102785
337921
202822
-251138
-175298
269952
275722
-283080
-195368
156196
277158
-181404
-276772
188511
283198
-187887
-273627
102580
326094
-151245
-287433
117489
250675
-127833
-283472
71961
315339
-56370
-281408
13799
292652
11019
-248287
29452
290307
32990
-277847
-60403
216011
22110
-296741
-124476
259909
134595
-295910
-172571
157798
192833
-175424
-133597
186950
155682
-106047
-183875
180852
211761
-163153
-251995
133366
245315
-158934
-218264
106768
249514
-85759
-251987
52606
218545
-71493
-252037
10542
225492
-37323
-189838
21702
240907
31964
-268907
-58728
257232
36032
-210513
-125305
230752
73836
-255280
-139612
234090
172475
-192658
-56606
137148
148871
-229279
-111493
150926
206235
-147381
-221517
125815
152726
-158629
-201864
65061
209824
-106305
-228908
90662
159473
-78634
-164171
81047
203522
-23403
-204801
24578
178657
-32097
-190169
72391
239506
29273
-177822
-39592
222017
23609
-205826
-29298
241393
163953
-172710
-48710
225436
146224
-141325
-121699
179545
155121
-138167
-97064
179866
108420
-201968
-153559
100781
191307
-59732
-184873
40190
160827
-9487
-184244
72086
202243
-85875
-134486
7816
136993
-47613
-113058
62537
191293
33410
-202216
-132170
123631
88485
-168863
-38237
178835
87774
-200379
-34351
167735
64151
-103014
-72937
116063
93995
-199429
-82330
212090
120785
-118028
-106698
129348
121725
-136970
-192483
47660
124891
-135683
-147231
41689
126609
-25800
-152762
38051
154318
-21184
-119895
32004
155370
1644
-243544
-3672
148109
59242
-141851
-58663
202118
-8879
-178471
-81468
209759
68558
-98079
-91392
131727
49449
-130756
-138715
181174
79103
-98405
-80454
80032
84958
-61808
-130939
78260
187616
-31471
-131459
58713
185612
-85287
-167948
31812
170831
-28601
-192099
39828
73956
-31316
-179712
27685
214838
-2210
-126647
-39875
151188
43827
-68059
-3527
113946
57069
-182016
-11188
148421
149352
-29166
-70113
48785
127010
-171376
-97538
75738
55651
-70593
-140935
123877
106932
-83680
-124860
52520
