#SpinCore Technologies, Inc.
#SF in MHz
#SW in Hz

[HEADER]
@CLASS=	RADIOPROCESSOR
@FIRMWARE= 3087
@SPINAPI= 20130917_x86_64
@POINTS= 600
@SF= 0.000000
@SW= 30000.000000

[DATA]
142319
-32992
-73283
78049
151832
-7285
-143915
76941
175669
39173
-163536
-24898
188872
-71577
-143203
-44321
122563
-3493
-134442
-71037
90957
11417
-116718
-36449
146691
50168
-103545
-41153
91054
120894
-120293
-84910
150093
130845
-114435
-61254
121920
158698
-95157
-108877
55370
123394
-52742
-92665
60252
159134
-39254
-126545
42886
134894
2947
-170534
39687
193799
-26041
-93143
25198
94840
63155
-124548
33210
181553
66182
-119316
-17450
82471
-13050
-173787
-76430
201514
50722
-90441
-96188
87639
86367
-137099
-67986
69572
105580
-73919
-164759
86899
70312
-53823
-141432
49357
104974
-47424
-135138
54249
184380
20814
-147567
39494
123191
-59368
-232876
3124
191908
-43
-150669
-37580
152001
36636
-148849
-11252
134276
79006
-192112
-64807
210331
64040
-172599
-30589
104915
146019
-172390
-127427
115490
106361
-125912
-126985
94883
139923
-104434
-140582
80480
153866
-39864
-166284
61010
144804
-39697
-148793
77134
198678
-19008
-158516
-2817
131895
19855
-250151
-27367
239245
5970
-202121
-42609
181557
9289
-154367
-68206
136034
75127
-188411
-60757
126018
132548
-203253
-124485
189448
120270
-138664
-138969
184545
165027
-115533
-114598
122867
149607
-125020
-127573
28627
247600
-76713
-223928
114162
211861
-39660
-168232
21116
223833
-24125
-201016
18141
212210
-9118
-240604
-46999
232775
61463
-182895
-56066
229130
94018
-230959
-48498
197503
114247
-207097
-164755
206142
112301
-211562
-107481
173862
125209
-130557
-190493
199162
159998
-137529
-164803
156180
183068
-94957
-166535
178669
287033
-120430
-226986
66993
250444
-52082
-241921
58500
252548
-8606
-254149
5334
257197
644
-268952
-9901
319461
2942
-232531
-94888
221257
98327
-251398
-126029
216997
56218
-253942
-141812
279550
138022
-215356
-179507
213521
164865
-234097
-191978
190529
261019
-154050
-268752
206926
215595
-86636
-246564
168641
225251
-133955
-281326
105959
314409
-74475
-332929
143055
301936
-42494
-347711
586
342048
73313
-285401
-11221
329783
29311
-257971
-101237
320485
130157
-315234
-103615
241024
108381
-271313
-147171
219053
219549
-216911
-131250
254803
267208
-222376
-208176
252578
215339
-229828
-256750
212941
332816
-174139
-330344
127277
269413
-156787
-309438
55782
345435
-119055
-379328
-630
294774
-29697
-418150
38064
337766
-1609
-369644
-84267
400383
59154
-382058
-95601
374724
152195
-410957
-142957
339764
182910
-367110
-249044
338918
252937
-392941
-221624
303292
283667
-265845
-282696
243710
296985
-309882
-355748
227307
362145
-212476
-323534
162327
400622
-113697
-434520
80682
438534
-87908
-380329
-10872
473179
18286
-409468
51267
481333
35393
-426296
-43530
454874
112500
-436598
-102918
449196
164623
-420517
-192488
465903
264337
-372658
-312578
369132
351709
-313474
-360476
333755
334518
-309194
-396118
226410
466788
-239192
-489076
247971
475300
-154774
-544700
163265
561888
-113661
-558537
97724
497254
-85708
-514181
-30962
451833
32909
-498971
-80227
547006
146744
-500508
-165093
514909
213225
-516894
-201085
550633
243093
-476165
-276663
485382
328240
-464490
-321288
427058
422413
-441739
-489541
346190
461313
-359957
-508240
297349
551822
-302523
-500984
219118
562612
-223962
-683743
146828
608497
-130683
-527618
87545
631531
-32808
-583768
-35302
622480
91231
-625084
-62884
651542
179565
-575863
-158158
656140
305542
-635270
-313342
556521
325609
-502133
-335749
477840
337347
-458674
-464820
421787
473236
-402874
-517148
396316
608425
-310544
-540712
213528
622996
-227539
-681609
199998
650698
-173959
-671629
127651
647667
-59225
-730424
15110
717830
76242
-650336
-105109
739786
165723
-697715
-281641
678621
309362
-669621
-298891
663112
325560
-663267
-464163
620054
368466
-582713
-554062
582385
531368
-450046
-573716
427619
634288
-443132
-626038
410712
708295
-409043
-730871
336696
750453
-253533
-742233
217369
775787
-137469
-809122
76627
820442
-13692
-843150
-388
792867
150106
-797298
-151998
760662
235324
-731387
-275393
755912
336472
-682736
-377631
632229
431640
-614928
-500007
607310
556553
-532060
-572360
504383
572117
-434739
-668141
433440
689747
-372731
-708053
382042
807657
-213048
-775992
209831
790818
-136312
-805043
145522
786618
-22903
-777487
-28160
883589
129818
-840312
-119042
787197
257522
-786146
-260787
790194
376295
-798510
-418260
733187
478024
-641945
-534469
638293
595606
-603936
-524315
606971
642155
-498149
-672894
587404
721655
-399772
-658620
370220
755346
-320709
-785486
251391
807801
-228450
-827855
167872
798771
-149062
-867661
4246
868403
24415
-806328
-138697
790211
192682
-833729
-164463
746937
211902
-755687
-298058
717991
385276
-687155
-376984
625606
437682
-618031
-554420
555303
529197
-505261
-602717
433855
613654
-451850
-731958
363068
721842
-358443
-771177
282533
741763
-208067
-771693
201781
759344
-103489
-754348
10977
802147
28789
-771810
19695
784446
148380
-764734
-94720
714283
210772
-701458
-250884
747971
355360
-676873
-355076
681196
419149
-611154
-436401
610559
510340
-539214
-584905
512990
587853
-415817
-587999
375541
684804
-356382
-706672
292699
620372
-289338
-744064
215667
659728
-228834
-695722
136946
755998
-35155
-605030
9909
731769
57186
-731593
-123541
694975
171410
-643154
-148255
563766
278772
-570069
-310268
564499
330070
-561222
-377486
549577
374403
-445128
-439325
469711
499711
-407080
-550563
384742
564366
-347744
-546307
325747
572659
-245147
-606474
215636
557067
-182714
-629455
167363
565238
-69097
-599556
54137
597943
33443
-594349
-77033
586474
131991
-563576
-100966
601554
199160
-594199
-227857
474170
331737
-502121
-242353
451041
372685
-477878
-383965
402442
381028
-382428
-358904
375362
433852
-344547
-425897
267331
477793
-297414
-499934
261278
508542
-163680
-517948
146741
459092
-59544
-460709
77082
526381
-10558
-559408
52004
521830
77412
-507402
-64512
601742
119047
-482089
-116264
396457
202590
-423515
-243592
413092
191865
-323062
-321700
388970
324487
-352550
-264819
297984
316066
-320638
-376328
286087
346929
-277074
-306399
223836
434893
-181773
-441657
187605
431261
-122916
-386410
33007
431961
-40815
-468668
-1475
463351
-65193
-348536
3362
392661
73924
-449240
-117658
389607
64796
-355012
-145054
365796
196498
-310688
-168718
359817
280988
-306543
-266194
295361
160149
-289108
-345686
346056
291356
-267872
-292778
199811
302356
-119847
-316165
170272
349837
-164460
-312374
124555
385172
-113355
-375361
61143
372499
-92171
-366731
47147
366070
-14108
-342947
52983
326493
21740
-371504
-60311
306970
138746
-323782
-109361
274094
121733
-256687
-193503
337989
219294
-248331
-221750
306016
250130
-247683
-261861
226745
250868
-181592
-236564
124189
267513
-176336
-235296
111715
350686
-71531
-303956
141744
332488
-14700
-317684
79284
347399
83088
-285460
-18081
276763
14379
-272885
-44772
343410
98308
-263511
-40770
350326
144347
-274155
-75772
202397
124444
-267907
-75791
214050
129344
-233330
-207960
235776
171687
-175871
-252453
106283
161330
-153248
-327084
118752
195080
-62501
-270024
61111
256363
-99495
-262052
46058
267856
-119076
-187193
54511
258085
84128
-308304
29411
276007
76267
-263296
-74446
256570
35118
-202175
-50933
148807
70681
-235266
-90910
155606
55089
-83450
-177312
219319
154621
-160927
-81436
84022
134374
-170971
-219958
140936
158474
-180999
-188170
81347
257711
-82211
-156689
120144
225634
-69917
-166361
83623
216954
-31339
-226476
63692
197769
26528
-221844
21162
243606
52593
-201827
-98218
244666
83402
-260485
-64316
186291
68090
-200032
-88966
162108
113138
-141588
-93169
168804
165575
-148313
-173001
135157
179516
-121990
-223316
163316
157825
-96216
-164576
112799
137936
-58605
-153404
30810
110076
-56455
-171632
10044
174707
-2687
-192179
-22826
230369
-30563
-224204
47928
140025
86560
-188265
-28407
145323
58379
-210728
-37612
150110
28985
-210351
-49274
98819
127645
-136717
-170007
153537
96215
-109861
-106966
84366
110378
-68120
-120614
123918
146593
-70291
-140909
68626
159020
-46309
-156466
12265
204140
-45060
-145933
40171
163924
-50049
-223902
-18197
229452
-14173
-153995
-81290
121615
81972
-194710
-14850
174182
69389
-122540
-103659
186992
103773
-69342
-50124
183595
88162
-127151
-176119
123255
135482
-163369
-124005
113671
126517
-87233
-120321
112736
90577
-8284
-140517
48485
214221
2585
-93220
48352
175069
4037
-136114
-17546
143622
-1926
-123385
-22325
126266
6086
-152944
-21024
172098
77857
-97987
-60061
118962
29411
-86802
-118869
64140
37713
-88271
-76529
74274
129387
-157813
-90086
99819
128670
-75506
-110578
84552
173590
-72354
-81124
75566
103759
-64660
-67109
9985
121180
17340
-138271
67111
175742
-15584
-132217
35935
158278
-16997
-95834
-24168
125556
29129
-135045
8368
77116
36718
-101061
-40873
77250
17809
-176551
-13734
118963
