#SpinCore Technologies, Inc.
#SF in MHz
#SW in Hz

[HEADER]
@CLASS=	RADIOPROCESSOR
@FIRMWARE= 3087
@SPINAPI= 20130917_x86_64
@POINTS= 600
@SF= 0.000000
@SW= 30000.000000

[DATA]
114669
-90831
-95306
70542
147589
-15881
-188936
67684
82838
-42007
-131456
45349
199674
24886
-172871
-14553
98953
52383
-178870
12606
113164
71207
-110128
5315
121460
83335
-43122
-59022
75594
152087
-188899
-103490
119662
139953
-83242
-94957
115452
156734
-38896
-139611
44387
176649
-18805
-155512
21337
193100
-20009
-147406
8141
136517
-29999
-149285
27050
220388
-6280
-101858
-3990
145466
50122
-155404
-9582
102836
51584
-145057
13698
130086
121454
-150234
-71983
154676
69105
-97013
-59692
151984
131035
-87995
-124574
62760
170091
-63933
-120810
98757
111804
-85930
-138639
51560
186288
-108672
-137257
65177
130372
-33176
-209622
69922
200494
-24791
-169072
48954
160562
37913
-142754
-56035
195377
59656
-116616
-57445
129872
18232
-193980
-51725
170797
42749
-184865
-149998
143206
95931
-99873
-69272
136228
123886
-105342
-132518
103701
89806
-97717
-121050
93944
163284
-69157
-161672
106573
102760
-3419
-173973
30035
173729
12360
-213404
36985
207206
-41361
-132895
-42544
210914
33178
-197954
-28878
188708
50799
-169263
-49105
162415
100561
-245718
-171145
234257
69633
-161128
-82663
167032
113148
-227489
-88162
177582
124537
-129640
-118624
163789
158747
-145216
-214573
95588
210675
-48898
-169703
57763
220520
-91682
-233783
41979
186485
10879
-199769
23735
182056
11416
-181098
9089
211108
752
-247503
-23396
257906
7549
-190068
-67384
210418
52473
-190920
-107230
201662
161660
-189412
-156181
170354
133734
-181960
-95906
152116
121893
-135876
-175549
102431
157650
-148994
-229796
67986
249226
-90485
-200896
74132
172570
-135
-229861
95101
229352
7419
-177333
44123
199126
64123
-243985
-44059
262448
73377
-268970
-15127
279400
92956
-257736
-135720
244570
197208
-209428
-172462
174068
93943
-192674
-146814
292949
227439
-185636
-214967
167366
222015
-159712
-207436
169495
223687
-129810
-259520
130390
266033
-141150
-305471
82953
324565
-58581
-224597
16217
301705
-24988
-267417
-7774
307818
8716
-317540
-37633
318942
54219
-328178
-71478
256299
133064
-202839
-25509
242631
119043
-236788
-146959
231487
190479
-227485
-158571
281725
242984
-230885
-219402
162202
200702
-120173
-255473
150675
262171
-164810
-278526
106175
268628
-127327
-289043
196051
315048
-70341
-313614
42458
293859
-7630
-253124
35196
310046
25898
-310575
-83250
361845
6656
-262964
-152175
355250
187511
-320505
-192096
325272
224475
-277448
-205266
368686
292633
-236076
-188897
231639
288055
-212156
-298005
296499
304713
-147987
-341186
189201
286952
-102073
-366236
177154
378053
-98316
-355879
123607
392979
-83640
-356175
42825
446761
-26455
-416658
-32660
372486
69424
-387776
-21799
382511
155107
-459217
-188625
386502
212007
-320897
-190287
331983
181412
-380236
-245846
294553
252784
-274176
-312400
345229
368609
-243775
-307866
205172
389503
-230428
-335092
117682
457360
-199619
-359273
103424
467057
-83475
-371093
42917
408132
-34426
-382928
2468
384502
13516
-446363
-1338
413303
49723
-472487
-146266
446213
70254
-416498
-189198
396796
294303
-388767
-195400
342419
288666
-393570
-341817
341130
317884
-351031
-314492
265648
356797
-326732
-400437
302977
385968
-228863
-415660
165842
447071
-152352
-423880
152237
471252
-100846
-520989
66039
511626
-26383
-486310
-16273
550244
34976
-474846
-128246
526636
165555
-486181
-171448
452883
160011
-487082
-154177
508307
274636
-476573
-286526
427308
361378
-384421
-332078
400739
405538
-362667
-476888
325854
449327
-208168
-425477
280301
479284
-140936
-480415
173154
460324
-88895
-575719
162039
468621
-39914
-526070
-64234
591173
3064
-587322
-40975
578301
129019
-599789
-185028
530413
168393
-568494
-255064
509160
259084
-537887
-308273
472022
343449
-495075
-341083
406261
445040
-431264
-398612
426498
440729
-343809
-527196
342016
505318
-300279
-543226
186162
514458
-238671
-598659
141424
516411
-141624
-590739
20871
546175
-44968
-625401
-11002
603364
-3319
-610834
-79949
635662
134890
-514306
-228846
578343
225246
-564292
-267022
533739
262530
-435221
-334299
465300
382387
-401213
-410181
336232
386514
-349868
-470019
331475
509174
-317323
-536667
225191
565788
-304900
-538520
181020
565107
-208468
-594268
71643
602327
-42657
-621566
-5230
628361
-23416
-586057
-70847
642206
166651
-611141
-146473
628953
232735
-567102
-330947
563884
260694
-521131
-295353
468210
318267
-565200
-403998
442489
451717
-347692
-495097
345851
558398
-368090
-461927
315231
533953
-329563
-604619
292319
571425
-126101
-595341
189694
593231
-119400
-602819
47716
579642
-84668
-583383
-39564
539776
24933
-580129
-115476
674585
115131
-537437
-181165
549187
209508
-556200
-256015
478432
349400
-559355
-388403
464006
409938
-396882
-369528
410406
440143
-351849
-449668
294876
439510
-279785
-488332
229154
536413
-147808
-589002
154071
542539
-141337
-589705
171992
541527
-46959
-604420
-47790
571807
73747
-549721
-49962
587450
136250
-554316
-154245
559013
265066
-538228
-229169
559772
333028
-488792
-295365
455827
321962
-507452
-395297
392656
357555
-389735
-390288
311763
411469
-334418
-456449
316842
450919
-262383
-533553
187612
479868
-188535
-488259
156411
524360
-114693
-500803
10492
507141
24213
-598762
-26834
459258
102293
-551741
-147059
523919
147063
-461018
-169922
455551
217397
-408715
-238853
435556
269987
-422868
-391874
438874
330620
-380214
-370611
279588
372998
-312011
-380653
289793
407434
-235817
-384896
227712
451821
-152555
-497404
103351
468749
-90958
-506518
115555
476927
-61448
-464058
-410
404068
24738
-515618
-108968
466083
60815
-488319
-137405
432624
162597
-522432
-237917
428708
210512
-408115
-285148
470466
300601
-347651
-363579
300273
295256
-264408
-360921
239878
393537
-280486
-322261
207722
458030
-229771
-425565
186882
435752
-134831
-416458
98207
416845
-43747
-439917
49151
441037
-2411
-431408
8481
449010
73262
-429039
-65243
337578
140023
-372144
-172191
424687
155629
-348060
-190116
308594
208889
-328364
-233785
278645
266907
-294462
-295185
292001
277469
-257099
-349179
140847
287120
-186117
-365294
244807
352638
-144292
-405872
156910
317727
-60990
-398981
58424
352249
-44582
-424526
57874
417737
55346
-363347
-44581
381685
73199
-310190
-73490
385627
134118
-323023
-188953
298899
114231
-305331
-164361
231012
215674
-279143
-236572
270738
234131
-219650
-195840
244050
229325
-169642
-276703
196175
293839
-173596
-318518
171121
343215
-140768
-303547
98951
302587
-46360
-374384
3512
360263
-24731
-294879
5910
293800
16059
-250672
-82282
287335
52001
-255858
-86475
234782
147983
-210395
-84410
273954
170340
-256039
-153575
223278
169486
-228714
-218425
190913
245255
-240059
-196857
203341
206509
-207967
-261821
101515
265547
-149472
-300153
118497
240301
-53073
-306148
88128
297178
-107344
-279868
-36138
295944
35239
-215674
-6765
232238
119379
-252452
-57355
250213
104212
-213807
-100837
239570
120980
-233767
-132277
259968
91165
-194592
-172698
162834
231223
-198142
-207837
166315
200210
-166916
-178900
112924
209179
-149221
-215718
207039
209443
-88181
-208687
123414
193060
-92298
-214638
81403
204813
-30105
-201720
-46426
213301
24880
-222820
48932
265445
35783
-205520
-35656
209272
132128
-175353
-92129
172051
65946
-184333
-114492
218498
118676
-200005
-127094
137937
134881
-124525
-138769
171830
172912
-126563
-183219
96389
163932
-98777
-133547
98990
164476
-81323
-211312
47163
207491
-40149
-164861
60043
204959
-4
-229277
-31870
136690
53636
-175122
-11872
170649
18951
-256539
-21503
225949
103834
-174499
-68838
192857
106454
-191233
-126200
217254
98966
-177701
-150242
169686
136367
-161684
-149793
170907
145166
-95451
-162930
99618
180939
-80878
-123126
47184
118212
-31169
-178397
35669
186222
-7228
-143322
56131
141735
-41535
-176635
-46063
221765
16927
-172293
-56546
153660
13088
-117453
-37411
125006
17079
-115779
-84637
148904
79640
-144151
-84558
155254
77478
-104711
-128677
150415
89712
-61198
-115039
105695
79313
-147342
-86892
84407
172255
-9284
-117258
82621
160169
-70314
-194190
61934
143944
26498
-162922
-25578
125150
9932
-177573
-57258
155669
-28291
-92815
-39656
161058
52365
-145966
-90912
134882
28413
-193682
-35356
113492
78703
-152635
-144653
182502
129755
-70675
-159173
100403
112828
-129462
-113430
83400
137363
-56745
-96246
71766
127468
-106184
-100067
75445
182485
-23636
-119698
63812
117048
-18095
-127054
71759
131169
-12803
-119403
-18334
128814
-63001
-123590
-57855
169840
41207
-132771
-13876
150868
78909
-92697
-45185
85029
94428
-177109
-63181
113597
53825
-150743
-88511
65830
157320
-132794
-101709
87963
117146
-59307
-99060
36110
45155
-115935
-135575
50618
129924
4687
-68238
641
105758
8967
-107388
36462
155270
-24751
-55414
23616
160447
-5788
-118094
-30303
152144
25094
-109079
-48258
181206
