#SpinCore Technologies, Inc.
#SF in MHz
#SW in Hz

[HEADER]
@CLASS=	RADIOPROCESSOR
@FIRMWARE= 3087
@SPINAPI= 20130917_x86_64
@POINTS= 600
@SF= 0.000000
@SW= 30000.000000

[DATA]
-76581
-98202
105973
201156
-97248
-182040
97184
140030
472
-129598
-41827
190760
-25804
-166131
33056
156592
38525
-210805
39070
190207
38952
-166810
-109076
245321
80307
-183091
-55155
155097
47842
-209841
-143030
173287
149422
-139491
-130144
134289
142587
-144412
-164832
129681
134235
-144119
-151392
76024
213217
-56774
-70190
89938
250107
-56524
-170723
66154
201493
-9440
-213878
11568
188476
60067
-208265
-48638
238085
71627
-147090
-38342
209460
49599
-218417
-100274
162968
26630
-126300
-108526
127986
150336
-166466
-149613
135663
184425
-175533
-121853
179316
130079
-134615
-167279
74768
191317
-112594
-159534
129415
195715
-56134
-232181
38215
181841
-65145
-193100
49327
220169
2752
-271313
-31436
198309
30552
-246927
-43360
228776
100270
-261935
-100103
239800
78634
-165925
-116346
208882
148198
-189275
-122541
187173
204372
-172102
-132851
135083
216952
-121632
-214784
45320
118377
-95016
-192242
67780
307332
-93096
-259847
96586
214727
-77737
-271796
-12258
217269
-61580
-277586
3793
243390
42106
-202867
-54011
254923
148027
-175876
-121274
271545
99904
-257970
-114727
242459
120176
-205869
-149425
187964
211032
-101592
-243819
173423
244648
-157309
-230794
126362
271779
-151992
-258392
119922
261040
-75108
-245833
41602
304299
-41318
-302419
57275
301169
-36346
-327544
-13287
242634
53925
-293612
-22946
305693
88729
-305124
-104862
279835
188534
-264411
-156734
223489
160655
-240749
-253349
189853
191345
-237774
-215488
198754
215229
-99195
-285309
180818
284459
-128750
-271838
118821
321519
-90672
-388301
85709
360256
-46698
-335803
50694
312918
9073
-337673
-6515
305658
99415
-342523
-40847
353977
45411
-296318
-210580
340062
112147
-299160
-151358
210422
199124
-222121
-276592
270802
227042
-206767
-298462
207987
311393
-192707
-308975
152143
352876
-119540
-325957
130039
351880
-79367
-368858
21459
382219
-95492
-304911
-18764
333282
20247
-343681
37592
400431
59528
-394878
-119136
321332
84449
-319364
-141106
316875
150221
-287963
-241279
318753
292724
-249383
-271473
288730
258086
-276106
-330574
244889
358392
-168615
-323149
192119
358743
-165278
-346738
143835
309694
-177663
-332336
78713
384270
-16851
-440678
30242
428692
28005
-403892
-9702
367433
43287
-359379
-103197
350708
162504
-308868
-82051
386551
259892
-326779
-199952
287965
228674
-253272
-323100
269114
318297
-277955
-270666
181257
325414
-151716
-323169
214987
402175
-92909
-337728
98293
425542
-27818
-448528
8106
453743
12014
-462470
-47062
474097
76275
-403845
-98622
410494
136802
-401027
-190784
402475
162662
-429095
-190818
376815
270988
-384049
-263085
270731
258330
-328586
-326437
345141
330885
-259450
-346685
303773
405554
-231180
-466309
211527
362734
-159183
-461153
122594
498233
-84204
-424394
56771
477317
24814
-444523
5619
516389
124855
-517740
-121772
452868
99860
-416935
-163576
458542
197383
-397480
-199202
392995
285495
-358579
-388428
312386
348365
-348639
-340449
286539
432645
-200560
-396793
280381
485227
-215239
-413424
131327
500651
-109291
-575371
32911
487235
39194
-502442
-57804
490246
36340
-498320
-43500
477290
161582
-478798
-147733
523454
187594
-474607
-178663
476817
277152
-406390
-330435
452284
339049
-327912
-358973
332951
431096
-407918
-417074
338440
461639
-313328
-498539
181248
498447
-209875
-508452
106923
491862
-115672
-588901
89179
525434
-5148
-507088
-39118
503387
84190
-578029
-142064
530344
105686
-535530
-192449
493114
198798
-480670
-297373
488363
266975
-399400
-316112
390132
302832
-395064
-371871
343183
413525
-319565
-481426
300779
502424
-140670
-466794
224936
594490
-145853
-510140
137855
588007
-78567
-584051
41070
610589
-3725
-550445
-62563
654890
133257
-548312
-172129
506105
246786
-508604
-224178
482972
319354
-482477
-338997
454789
399916
-431751
-433748
416933
457422
-391799
-452004
344238
527237
-350416
-494805
287498
538194
-237353
-579717
169155
604801
-115629
-610709
126972
589026
-39592
-523357
20215
596174
87098
-646903
-81153
581450
156534
-543451
-221867
518504
230429
-506463
-261331
521250
284224
-452411
-410221
383195
389999
-370526
-428881
371440
474524
-306476
-466160
286395
437126
-212228
-546830
230173
537676
-185863
-555519
119006
566529
-26890
-563972
-16936
634442
14724
-587627
-60149
622110
166703
-641081
-145867
580573
231677
-530831
-242419
552228
349525
-526734
-392428
462731
413519
-499076
-360689
447864
460385
-382101
-479260
392305
526924
-342640
-591515
345738
535935
-233381
-608009
223831
580112
-126659
-570638
55191
544681
-52892
-625142
8884
579994
90024
-555301
-71487
564230
90656
-603173
-173692
539083
227507
-508842
-215730
550428
317034
-465695
-407368
455703
419983
-390900
-401861
398483
457778
-409553
-505283
279809
555613
-288927
-568180
236973
553305
-148002
-537168
82208
592836
-142430
-565202
13999
527059
2057
-578992
-83702
628481
73750
-611999
-190661
541980
199000
-519436
-264039
514555
277718
-528240
-316444
504221
362461
-484907
-326507
440915
436700
-422350
-469267
276805
488205
-299031
-456376
334081
562866
-255041
-557243
154366
539102
-133262
-555909
97170
565337
-61997
-559469
51713
561416
15981
-601736
-39440
590435
38840
-525413
-180842
573347
211241
-518536
-151279
443702
282819
-452242
-325938
486336
309498
-418087
-395267
382283
402539
-342554
-409709
288744
486913
-222064
-436359
214930
509645
-158526
-487081
140007
543495
-132165
-523131
7195
561479
-35805
-590040
-64378
525531
111474
-515609
-72197
475920
142786
-495502
-191114
501334
315480
-427025
-278843
490801
246727
-433149
-320579
381451
398420
-369938
-363281
389187
431508
-294027
-394431
269244
408219
-218048
-411090
156136
472326
-178831
-557408
47990
468198
-79435
-511822
3906
464574
-17601
-414445
-78650
495426
97159
-473790
-77794
461710
166396
-495431
-173475
422100
241127
-468537
-216861
383362
295250
-358289
-302281
365677
323959
-327051
-321683
285994
411779
-305767
-380023
248465
447402
-206858
-464965
124627
434551
-63219
-446150
29931
458774
-58557
-423149
29853
449901
42726
-426319
-93651
453676
159240
-427690
-91741
479213
159649
-422428
-179764
361778
238316
-349640
-231113
315970
345437
-289601
-303485
343545
438153
-267633
-314867
285053
388954
-278699
-380269
159394
402772
-141166
-352855
127192
403566
-90495
-461664
97083
380392
-36710
-451643
41163
386040
71471
-434581
-75730
385840
192115
-395915
-118307
335642
167921
-314427
-225566
322357
213841
-324898
-260780
316334
251387
-279043
-344048
249584
304980
-165902
-316021
193743
303686
-168173
-373377
149489
421128
-187129
-354905
130660
380632
-16095
-407247
21154
420040
81341
-373249
-13728
333647
22048
-313836
-109342
359573
101312
-404158
-184683
379706
242075
-353761
-198390
279358
210619
-313909
-225112
249033
247178
-286937
-303205
209310
319820
-239664
-272237
153580
322900
-127931
-344341
114204
311096
-69084
-399179
131471
312186
-135329
-340704
16045
366763
-8048
-269875
-3190
342391
33905
-248193
-70647
325438
154452
-302465
-150259
250340
101467
-250174
-170925
260437
211005
-309303
-189765
248112
280033
-198687
-247777
158212
296236
-141326
-325264
145210
251610
-112991
-287291
112898
262088
-115484
-250143
52248
308933
-41017
-393917
4076
295081
-19969
-275745
-90710
262725
72763
-247255
-99924
328814
99520
-321110
-222037
290532
132157
-219707
-133403
189050
246624
-170916
-244140
253611
150565
-180796
-314238
223684
231837
-206650
-321775
101065
274550
-97848
-245939
65426
269282
-85698
-295568
-33381
276417
26035
-274910
17185
307410
1105
-317980
15440
226730
-960
-259187
-46620
246331
82649
-262382
-108926
221205
156997
-209350
-163201
215140
182517
-220374
-158571
216442
223850
-219521
-186242
126893
188743
-82866
-218743
112965
209572
-64500
-243243
110623
265654
-57703
-242146
44023
229592
-42128
-214728
-22123
239460
25656
-240941
-48236
205427
62730
-169701
-38837
238463
127956
-234714
-76106
230301
150946
-190367
-109164
213093
163900
-175906
-103472
185000
157764
-107960
-219549
190053
159691
-83555
-182930
109450
206644
-101351
-278159
65062
197406
-75523
-210647
46334
285008
16245
-207106
-33231
220043
40627
-195025
-69336
164931
85385
-239927
-16130
164907
73245
-163557
-130230
217617
128082
-114727
-72389
212879
138850
-192966
-170812
187553
169821
-117544
-187210
84963
189727
-60113
-275675
54470
233881
-114682
-163420
86173
231090
-82305
-209730
-18570
191542
-28475
-205763
-33814
199906
23935
-232420
-75594
216250
39783
-210352
-100563
223564
130323
-200447
-168566
168297
118055
-152588
-115503
147303
122169
-131807
-90228
199898
165064
-147476
-180931
111439
123401
-110770
-111407
133417
178097
-111163
-182371
124189
178781
-112576
-164943
104756
180128
-35672
-209281
-54806
191065
68191
-188352
-28175
130370
51580
-203533
-73280
144704
117600
-166411
-68216
151635
90608
-174206
-95790
116842
161375
-84914
-139218
