#SpinCore Technologies, Inc.
#SF in MHz
#SW in Hz

[HEADER]
@CLASS=	RADIOPROCESSOR
@FIRMWARE= 3087
@SPINAPI= 20130917_x86_64
@POINTS= 600
@SF= 0.000000
@SW= 30000.000000

[DATA]
125091
158722
-101303
-131611
73395
161443
-90825
-171197
45345
188750
-68312
-232521
-34776
209437
-32935
-175004
2255
201944
22026
-249752
-33196
200327
94644
-310478
-93399
243671
88319
-200048
-129823
252531
108973
-159158
-128326
164280
185120
-213345
-132834
188842
180664
-186782
-171257
240220
211547
-191809
-298969
77873
220915
-145049
-257807
136109
228096
-116015
-234021
102048
222091
-57448
-256245
95452
242310
-5510
-251364
6051
305296
-10895
-254653
-18425
237356
50416
-286402
-49809
259672
13484
-253006
-50251
242324
94051
-238666
-56849
227843
181576
-223672
-130190
255775
160725
-203525
-222674
251186
271503
-227662
-210156
211695
172418
-204661
-229517
148428
179596
-115640
-219005
105916
226158
-109043
-288731
106346
291860
-65977
-288149
81593
342875
-77687
-260540
29293
344315
45840
-344161
-1067
319666
155083
-330038
-67152
349765
127447
-305528
-116026
341344
103837
-220687
-188278
194172
178305
-216545
-179871
287894
246714
-247423
-222945
238377
218755
-162611
-287298
229744
278932
-146962
-265196
148445
273984
-193589
-267097
100861
341419
-143996
-315868
111110
329364
-83301
-373104
52901
282607
-8141
-368173
-25699
376363
54905
-359771
-6135
355712
38072
-354079
-49213
322660
102435
-319949
-175642
292353
99878
-338620
-140542
340262
147236
-256352
-221614
272835
239763
-267217
-268813
198979
271409
-148038
-324821
213179
328107
-148100
-351169
212494
348399
-119641
-275978
80396
371054
-94530
-359564
31891
343209
2662
-394091
-85275
428178
-1620
-341941
35629
348418
99648
-372824
-108550
373902
196367
-316966
-177390
467438
206907
-350510
-260731
377380
277066
-396812
-289510
335075
324706
-307157
-290429
317835
370645
-237767
-351613
236592
372240
-248214
-379491
238714
420428
-204150
-461672
166137
445738
-167022
-427475
106009
409316
-98056
-418131
21623
470736
-22978
-421180
-38094
435655
24466
-459282
-93769
455837
80497
-467115
-154132
446663
197358
-427640
-191952
446364
230051
-431499
-265730
416206
300490
-391883
-332210
363389
342428
-347206
-370762
289723
412477
-272271
-376299
273254
462435
-225905
-427483
193943
449784
-155388
-522891
155840
502775
-58455
-572878
74564
555534
-55896
-495459
-6291
549133
61669
-535925
-65749
493973
130801
-546174
-185841
528963
154173
-480193
-203462
535277
302854
-563847
-315050
430838
352952
-464354
-351901
452102
393044
-436984
-417180
378554
433656
-422726
-451268
343789
513558
-304813
-481804
313250
560914
-280815
-559553
204048
548090
-152605
-620958
67303
630966
-78506
-636998
94491
587502
3794
-605432
-59003
577028
48412
-565461
-144829
574600
183608
-555929
-206498
555142
237872
-565452
-383004
566460
368473
-494472
-431821
501030
390931
-489687
-450093
421125
476946
-440196
-476949
369247
536111
-320539
-563360
296505
568156
-230516
-590374
155844
619747
-222567
-609211
136918
671100
-60255
-686886
58907
624419
-102510
-686308
6297
726357
41592
-671410
-145422
720427
261339
-711662
-188316
687994
354267
-639104
-380062
664245
320403
-633180
-407394
600541
425514
-537885
-544355
584463
587588
-505102
-576434
495652
660943
-473549
-662245
401977
660153
-337508
-699295
287569
734770
-317270
-729097
217809
785182
-154116
-819456
82805
799962
-69931
-776088
46439
813194
44178
-781201
-53049
748601
145512
-755230
-182442
826986
337931
-736048
-322747
752783
368708
-700701
-421557
699291
440228
-660713
-579580
616477
585649
-656747
-592182
609660
660454
-530218
-725778
416744
715619
-390820
-791507
331167
805640
-298212
-810944
252493
871798
-169577
-808446
196209
891823
-30577
-824903
-12943
866746
39120
-868554
-120168
912111
169389
-914402
-245708
838327
302347
-803280
-334583
868338
434091
-831203
-530964
790152
538986
-757551
-538120
746049
618939
-657329
-667243
690838
691062
-604473
-798451
512535
831149
-475605
-846054
429228
895659
-371463
-873306
382870
959400
-293840
-910217
208617
937215
-124295
-938857
35106
999911
-7699
-1002609
-73167
984984
191770
-970404
-214727
952523
256582
-953530
-304215
901446
467437
-871663
-452660
832956
436117
-848901
-595032
787452
583833
-730826
-634003
682590
715188
-606438
-768360
579170
796023
-541558
-911291
484462
852194
-437246
-929576
320103
909743
-285521
-916293
185617
1020316
-118928
-1029010
112509
1009766
-20717
-1008861
-148974
995694
125031
-1038023
-210397
1032517
257835
-964127
-314693
968723
414719
-977952
-577979
883013
583266
-867653
-575687
792449
671369
-828860
-666821
731616
792411
-712050
-758247
627199
850732
-619828
-817349
576158
924153
-464830
-915579
437046
978169
-396982
-953939
294399
1002992
-212054
-979042
152522
1006769
-76159
-1043686
3395
1034479
60364
-1002633
-138230
973511
183094
-958943
-285392
902678
339416
-930102
-416028
930888
477915
-860299
-486808
796923
569010
-775876
-691613
683809
693098
-658822
-734496
603932
754850
-622436
-781503
495355
793894
-482085
-870942
367632
872085
-312283
-827774
329900
936320
-155420
-992575
99498
991326
-78440
-941546
-33982
978955
49267
-1037110
-91462
901382
133483
-909645
-275269
899956
326683
-876386
-363327
826865
391850
-830627
-448852
875038
567391
-772468
-532295
707627
648970
-637471
-677455
597306
745762
-551614
-691030
494010
707326
-520875
-803980
436082
834294
-396068
-839132
306933
807829
-253183
-824412
187479
868805
-130689
-821279
31436
873997
36751
-796966
-50369
881130
115883
-815819
-181679
809735
143673
-808183
-361702
768414
337272
-734335
-417863
737599
456429
-618835
-489114
614680
551403
-576934
-511655
555012
615628
-535678
-623514
504428
630104
-472646
-676564
399056
661297
-270467
-724126
275147
722572
-138229
-744348
176250
777422
-111021
-751070
71143
789439
32930
-747895
-22983
829534
135723
-768101
-164105
777259
171522
-676822
-268651
767132
273754
-705741
-302157
645468
404855
-639395
-395074
607468
467021
-601390
-535559
533918
556214
-468915
-566263
436050
564080
-417298
-607555
384189
628282
-368884
-631362
292778
681341
-217420
-652372
183429
669486
-141452
-688707
90713
695105
-60335
-670201
43070
677227
29872
-738078
-102848
707911
156824
-641867
-196307
636806
227036
-639956
-253003
573981
296256
-620582
-417173
523321
413906
-533119
-399723
497019
446820
-402539
-446437
407520
475668
-383902
-583101
317212
576918
-278206
-576805
207613
524727
-215696
-569572
256058
592266
-143113
-540269
20105
535082
-56946
-599100
44313
576134
71966
-580907
-24169
646469
86636
-599483
-136762
609023
198468
-530916
-198012
505638
252687
-468909
-244395
510684
300691
-532552
-319830
478950
352934
-445632
-411810
393676
397688
-419925
-468439
341273
469449
-311922
-514391
289248
522189
-224965
-503084
222634
532921
-157137
-518824
99818
573780
-125864
-516825
65903
506646
-50956
-462878
-38047
464204
79526
-496123
-81071
457326
35045
-405566
-111567
410774
161022
-497280
-225118
350805
222867
-377198
-289141
318900
279117
-328495
-250637
353952
325493
-363463
-370194
251721
468570
-272176
-451952
244091
383342
-207192
-349897
206201
525287
-104310
-448691
122544
473524
-119935
-507873
35618
463934
-1311
-474725
-5137
409591
66432
-408788
-60537
439620
131299
-435628
-147429
386585
162975
-379916
-128238
372638
135882
-336621
-223594
376846
177813
-289355
-242611
338771
333633
-296469
-291076
249565
321927
-284828
-329284
247290
358326
-246188
-361725
164528
407591
-160908
-363094
147302
417644
-117736
-369682
-26166
353615
-15087
-346724
31981
420101
30672
-402697
-38650
438607
93331
-380135
-72671
350397
105354
-366629
-112851
337383
144617
-303471
-117062
295249
215105
-334523
-243534
339501
292725
-339918
-289317
228441
264986
-229852
-246321
98450
283280
-236632
-316188
164764
272935
-109827
-328886
95639
336484
-76657
-342369
76972
385947
-98766
-333981
52991
318277
-19722
-315443
-36102
324098
76098
-331108
-5413
322543
66290
-380676
-181497
354064
108786
-275029
-131381
332608
144191
-293506
-156978
263822
248141
-252586
-216877
273681
250762
-263854
-263875
211514
323951
-180157
-264928
123376
284739
-105314
-265142
98674
349663
-98597
-318844
144161
286018
-83342
-308506
21483
346942
-41840
-330973
27553
300773
-2958
-277349
-23215
258850
4629
-277197
-99331
283855
77691
-293705
-66554
282748
155510
-309780
-105974
240476
116565
-267843
-83831
243258
150133
-212133
-169550
186736
270268
-171166
-184069
159201
153716
-148183
-251699
137719
206851
-124058
-214615
69967
205190
-64779
-244499
16471
228939
-60678
-314599
76197
159752
-51174
-250279
-25543
327426
35152
-245059
-38716
157872
63242
-274249
-89150
261500
65553
-164163
-92560
194043
115634
-276962
-136535
239275
214007
-149196
-111527
186211
152927
-200686
-179575
135786
202928
-165467
-203483
107056
182414
-114981
-216980
138172
174366
-81449
-199480
40096
211640
-93288
-262335
22927
224968
-50242
-237057
56174
259233
22917
-216338
9932
196058
31281
-140858
10789
224967
91491
-209817
-37485
224804
22832
-203221
-66857
152776
120245
-212461
-107715
179318
135114
