#SpinCore Technologies, Inc.
#SF in MHz
#SW in Hz

[HEADER]
@CLASS=	RADIOPROCESSOR
@FIRMWARE= 3087
@SPINAPI= 20130917_x86_64
@POINTS= 600
@SF= 0.000000
@SW= 30000.000000

[DATA]
124876
216832
-52530
-230452
5252
210298
-49228
-179091
36332
219409
74078
-229462
94579
183161
4876
-184773
-39419
252955
13554
-194605
-90171
246281
51178
-231305
-89987
230200
78025
-210831
-123820
146070
135836
-150972
-87470
213770
152831
-179814
-141692
194437
180611
-135854
-189900
177726
221233
-133695
-209820
103959
227248
-74748
-288548
75300
191173
-148405
-173770
-2301
289231
-47900
-235408
23885
316396
-65164
-242633
4196
247997
2555
-184628
-105317
273893
80109
-138580
-53249
258290
64537
-254517
-53388
280110
136604
-245933
-163350
244816
128081
-253705
-176325
243234
142021
-202186
-115746
125479
243063
-117900
-226791
136803
277816
-97689
-246934
114223
285319
-123904
-211776
93125
308888
-59086
-262311
63221
262281
-103511
-253560
51998
326324
-22812
-257612
3636
295100
-17757
-325258
4226
302234
68561
-275032
-82940
266179
183880
-284312
-177210
249902
185472
-229469
-96666
274467
260197
-281971
-201910
286230
249501
-202564
-225575
219080
296903
-184157
-306778
104844
282327
-149050
-260129
134107
361088
-116115
-265238
62425
270143
-91246
-309449
93062
346899
2152
-274288
2468
343598
68731
-382091
-43187
293769
45901
-348414
-79639
356809
35699
-350735
-109140
281042
164665
-284918
-66022
276764
88476
-227622
-186319
286034
154258
-294523
-235827
227625
233892
-210207
-267507
214980
294282
-214369
-332409
170291
293856
-201159
-277127
130032
310040
-126763
-348490
57033
326277
-50628
-413151
105116
325966
11724
-364265
-38529
388766
68651
-337477
-14970
417669
123655
-338525
-66013
336095
166300
-342492
-140512
353592
205915
-364094
-210822
344571
294379
-374293
-218282
330452
316209
-298590
-334242
308793
282384
-269193
-335413
249882
366573
-273717
-330467
155785
393555
-188282
-475662
146523
429588
-131409
-395342
70673
402359
-87483
-406142
-529
472113
-34671
-469560
2498
403622
49803
-376628
-96105
433840
104255
-469314
-131828
449013
161442
-382538
-206646
330468
205794
-365292
-245291
359691
287860
-335561
-338862
327712
324483
-342094
-345738
298406
357964
-236964
-405924
285585
394382
-226419
-429974
122663
438281
-144101
-392328
120972
508268
-68618
-486910
16521
427975
-30265
-419580
46604
538248
28223
-489600
-141671
451489
166901
-475524
-136955
450293
148222
-428549
-172634
458677
242964
-459932
-235732
407194
349520
-344154
-314067
348967
368155
-383459
-385648
361473
480267
-277902
-473177
277315
431189
-262961
-439001
251428
438548
-186733
-531889
184389
508031
-114618
-545470
152850
573921
-43721
-544866
-3544
556911
207
-523145
-18963
561172
86005
-508689
-90682
584621
188023
-540891
-171954
563313
223301
-529932
-318691
475461
229277
-436651
-277367
535973
333827
-421507
-361348
387265
456470
-385660
-507630
287688
512106
-242934
-550879
254478
537034
-247873
-516906
213198
555552
-140513
-561483
196454
548697
-13004
-599453
-23714
604334
-3187
-623761
-67763
637316
365
-626267
-144316
631823
164231
-572962
-195453
574819
247556
-532181
-245419
611463
309516
-519501
-351005
514599
421715
-479846
-445701
526106
455055
-482570
-523472
397754
487758
-413683
-581691
356237
563015
-316360
-584152
262219
620038
-211845
-695536
183379
690943
-112710
-624570
158912
676161
-27340
-692753
-36575
727400
86307
-674833
-69097
684586
232986
-637869
-190264
671342
191109
-660109
-205538
605681
262952
-566176
-400884
589838
406694
-588698
-425689
488910
426150
-543235
-487530
409791
519574
-400640
-489480
390903
658305
-311847
-631217
253971
635445
-246243
-641675
154979
660608
-170304
-687549
97685
742008
-59970
-697860
-67969
786768
29652
-788505
-118698
717880
138822
-724255
-105315
693664
234396
-681831
-286871
674993
393457
-689439
-380394
669347
429476
-631494
-434427
610178
496991
-558276
-524807
551820
607198
-376251
-628645
468416
626438
-454318
-692457
421756
767830
-351078
-719632
228915
741604
-181308
-720742
209448
780566
-124373
-690533
62519
808547
5299
-773912
30159
751351
95414
-769581
-133131
724210
181437
-722674
-244715
718065
281382
-728642
-341516
666010
426030
-672610
-397806
657414
517758
-597438
-524847
555207
544968
-518695
-611550
509335
666009
-446902
-730075
315672
721752
-323832
-765672
256755
704814
-200707
-776692
188716
834161
-123882
-780968
54179
757691
-24674
-742799
22035
807145
167361
-762093
-85925
776279
213933
-685486
-210714
798665
357271
-763634
-358682
761724
431116
-672450
-428258
647828
509304
-654374
-523793
644355
545754
-546211
-624000
546322
743547
-500216
-671360
412116
731901
-408208
-730609
377480
800677
-328626
-821254
280373
776744
-174352
-823561
168235
798515
-105927
-806129
23539
801486
11418
-767954
-65889
713641
154925
-759989
-210086
753659
284250
-743527
-295355
772187
392353
-646523
-385650
677192
464933
-606362
-481602
595550
573743
-546223
-634833
483956
604257
-438211
-650131
489252
685587
-415691
-726958
318947
727982
-304341
-704355
304588
699917
-197972
-775431
165551
792670
-32909
-777374
-20225
716924
69232
-812136
-88629
715481
144990
-758265
-222734
758328
237336
-727344
-333419
711180
315839
-705886
-310875
722426
390463
-656257
-414855
574970
460904
-557674
-471995
539345
601309
-437118
-613379
434156
575317
-383109
-629369
362627
654742
-277842
-690828
287225
712098
-239713
-712440
149108
715209
-123138
-677742
57458
694779
-53381
-669496
-41267
670547
80636
-697487
-108026
665508
178687
-665117
-242349
647981
314701
-625500
-272233
654415
336365
-575594
-376628
498620
428759
-499951
-488619
539122
533794
-441369
-545208
448993
574892
-306023
-563742
306963
585989
-303569
-620074
210681
619108
-135589
-630138
175436
635273
-146466
-685742
69881
660896
-48668
-711923
16926
660729
59564
-607789
-124582
581356
130189
-611311
-222583
630744
210906
-575091
-290962
540624
281999
-548684
-373740
563999
268224
-538808
-407605
458085
420986
-454917
-487912
377226
423309
-432359
-550473
315898
542660
-290402
-504104
290485
507136
-206321
-529580
202125
531417
-127675
-583514
39458
621436
-50837
-616390
-30112
585281
-34853
-575399
-75381
593417
193379
-594545
-88652
501970
183235
-522156
-206849
521861
249841
-513529
-217776
486250
310412
-412252
-269970
424057
396677
-446078
-385332
404358
407792
-382876
-415965
376642
388737
-236797
-542981
253293
556331
-221494
-495444
195871
532385
-91349
-548111
108109
539728
-111363
-539579
49505
500107
10319
-519243
-90246
565537
60425
-480511
-137893
476606
118807
-411877
-188638
514023
218403
-414598
-260554
469004
212912
-469378
-351182
434132
301794
-359916
-312699
352050
433137
-362743
-468005
292051
397640
-245103
-393266
265423
461156
-231024
-410681
155371
460259
-155425
-472723
128335
470301
-132505
-437257
101202
434465
-56790
-528131
2657
485749
29917
-494626
-46578
377085
84438
-497470
-159632
473258
124933
-406386
-151447
418068
182996
-405522
-188879
376910
259426
-342781
-287677
349302
321896
-277921
-280036
287575
338431
-254347
-388521
263318
364075
-216952
-419786
180696
420966
-151052
-388655
118041
388194
-115101
-429017
118528
445507
-59168
-400055
27044
386933
24863
-393626
-71739
370966
60756
-425681
-75953
418153
107270
-402528
-119351
302799
139370
-381354
-243649
411234
207969
-310367
-194109
341886
280672
-283842
-271672
265490
253072
-219145
-317865
208193
379897
-256774
-316573
179700
320031
-83486
-305542
129826
376708
-144725
-336297
133424
387747
-96627
-363215
59920
441750
25656
-333943
77080
409252
74440
-340270
-65149
373929
87016
-338523
-79887
331985
99538
-326311
-146264
318179
158458
-257906
-186099
321574
166453
-270675
-197066
250868
208121
-221698
-268750
192464
271384
-240243
-242440
193515
258990
-162495
-311976
217285
304528
-46965
-293482
122961
219821
-45823
-295065
36912
321382
-40363
-317589
54442
321957
43565
-323855
-15626
318906
79689
-329525
-141556
362234
116179
-287037
-68539
327013
95027
-218138
-129258
208550
151181
-295451
-183263
278496
173220
-256209
-243644
229442
192969
-175998
-208413
214601
222712
-174854
-242711
124121
236298
-152458
-268145
126689
204120
-82644
-204613
114180
294828
-10631
-247912
63835
274557
-19950
-253930
-65343
284800
61522
-314784
2062
266916
31507
-272037
-108485
272423
104523
-318539
-161483
277980
50540
-204151
-150119
206926
87692
-200276
-208415
163824
156338
-160075
-185214
214521
199710
-140990
-252620
158192
184596
-73957
-179042
61435
221493
-69328
-255165
61243
289243
-64750
-304143
94030
308086
-74826
-219724
-15088
286492
43506
-270884
-17056
264606
53063
-253077
-117874
229270
89520
-214815
-87461
271309
77557
-225688
-142215
202144
70519
-200659
-86749
119087
150097
-146975
-179624
214970
157662
-200347
-235265
170976
178996
-164202
-188970
198166
230863
-91608
-171161
82751
185049
-71698
-181976
53679
201592
-48981
-210058
82061
237653
-29815
-192854
-7894
184140
25500
-192750
-30667
223978
24660
-186384
-55445
203656
43732
-214793
-22274
195071
32448
-202447
-54834
208912
89781
