#SpinCore Technologies, Inc.
#SF in MHz
#SW in Hz

[HEADER]
@CLASS=	RADIOPROCESSOR
@FIRMWARE= 3087
@SPINAPI= 20130917_x86_64
@POINTS= 600
@SF= 0.000000
@SW= 30000.000000

[DATA]
65851
79013
8343
-100308
49134
67422
22734
-59896
48643
34074
-77185
-47219
51377
47390
26248
-103189
-17264
76928
51281
-101227
-8112
92425
2479
-87093
-18265
81645
-1145
-56705
9193
58928
62235
-125566
-6360
58163
57847
-521
-35208
51698
63785
-91990
-96715
19799
102862
-49222
-45022
87795
55287
-46980
20019
14398
36857
-10122
-48126
-11106
125239
-2649
-132626
81797
99726
-50035
-28155
10380
24955
26497
-87699
17093
119253
-14258
-83807
27841
35896
-17164
-84168
10525
33463
8674
-49155
-50940
64698
66555
-69504
-92064
31579
94679
-9669
-31475
-2999
62378
-67767
-54155
73104
74321
-15142
-31671
63173
92009
-36206
-61843
-43590
124166
8453
-36574
4493
39491
-30213
-60922
-13948
49179
48830
-62427
-23230
113761
26352
-78115
-25299
42952
22635
-74059
-32202
81706
54629
-96586
-51789
61281
78783
-53643
-85960
34232
70984
-9785
-35070
68903
14676
-80569
-13071
-23009
114355
-26209
-66039
19913
109245
-79079
-62339
-10814
86237
-16290
-64467
21088
106675
52075
-85300
37583
78516
5109
-112621
-15903
91634
-38428
-20931
-16676
93862
24920
-58928
-66898
68616
47189
-66392
10886
76810
65681
-111100
-33434
47159
75207
-45827
-106012
76745
115729
-72041
-31305
-27745
147694
-99550
-40878
26017
108412
-27113
-61234
73124
93767
8818
-75203
-10045
79939
-24705
-70218
34962
130612
-8000
-79877
5475
76454
33355
-79918
-14108
128116
81895
-54802
4714
117484
52998
-119451
-54597
73109
-2982
-50511
-28893
48743
92399
-45816
-111016
98685
65705
-52531
-99758
25396
101594
-46115
-87755
-5473
126190
-2520
-62737
-34168
99478
30965
-63234
20905
97194
8897
-167518
-17615
88359
61500
-152006
-19090
181306
-12369
-53951
-28095
96812
82863
-122793
-14818
110152
44252
-124664
-2784
85297
13908
-40093
-81732
61362
72829
-79922
-90541
71907
140516
-39074
-41897
47386
109984
-35498
-122900
51897
69217
-40756
-58156
71940
140863
-54744
-119785
83648
109536
-11297
-182330
39858
144963
46116
-142717
-10943
91696
33889
-83270
-86409
114372
27955
-120378
-71339
164847
90285
-159788
-51700
156131
121064
-102578
-104414
81406
139675
-171636
-186237
64329
64608
-105724
-176402
51454
115489
-43176
-137595
46605
152913
-88043
-96467
68523
104857
-32470
-113935
4291
159646
-22942
-171866
-7717
165898
16562
-163285
-28152
181173
43057
-162777
-93146
163030
100707
-169127
-125942
182059
56820
-205000
-92503
100451
121874
-146878
-127735
101351
123677
-122409
-133851
60824
189752
-84323
-142403
101923
177209
-102320
-145936
144188
180822
-104794
-195657
38103
223023
-42051
-151695
38707
158814
-16607
-159078
-44225
227744
38208
-219983
-48543
214154
2219
-177600
-69552
184476
59570
-217372
-97206
262248
108523
-173231
-55896
196833
151777
-203406
-140013
145361
149674
-220511
-162960
154870
178950
-164370
-209007
147418
194629
-90224
-259416
105573
220135
-37948
-129858
127952
212034
-35520
-207099
108900
226056
-44193
-245013
37419
190611
-55437
-189530
14043
245972
33155
-194814
-47963
304561
33023
-216063
-69524
243101
141730
-214126
-102528
247485
108461
-245602
-195586
195144
184807
-227112
-133166
262774
237946
-166075
-250972
199273
217588
-141407
-253504
169209
254022
-144035
-293324
99636
210238
-105759
-280570
146180
274118
-105726
-249091
43405
314559
-124331
-306711
46535
303533
-15314
-289009
-21343
329090
89710
-343591
-68663
260627
48983
-298483
-155140
268272
104806
-269532
-146427
273165
132189
-306813
-143210
289840
245196
-254852
-242280
233520
214023
-225854
-207354
189126
305318
-242614
-300229
179551
325964
-127723
-309935
162545
314414
-68629
-338023
101002
375486
-142413
-319705
90805
283704
-57031
-351380
70267
339823
-36590
-412781
-28496
325731
10299
-362174
-22329
335306
30385
-364908
-64741
404234
128996
-403388
-154745
280460
163710
-349256
-175236
321184
206417
-280965
-227525
315512
289061
-283017
-268595
259012
267144
-234947
-322702
202505
361451
-204604
-253631
187426
275023
-93134
-379744
171332
291686
-84565
-395204
60818
332736
-53643
-436827
18910
386949
-56718
-372747
-19186
403241
-1687
-377715
-50186
358407
107081
-339858
-97733
350126
167497
-397565
-136524
303796
152973
-363752
-195765
292032
266410
-270597
-281369
311326
323996
-265661
-301963
292024
276649
-297374
-314843
243590
312370
-280268
-277866
224278
321544
-107197
-404177
143108
333057
-182581
-400369
103565
362049
-115015
-337634
71663
370908
-29278
-404499
40609
393402
-14667
-410087
-59018
369630
88578
-313300
-83778
350871
41625
-367606
-182624
411658
174715
-389035
-150378
323409
204504
-323855
-173426
295871
202512
-272358
-246324
173386
202654
-252827
-347250
224435
263068
-227405
-304708
201231
318452
-128258
-328134
123871
348341
-106501
-339964
123489
342962
-40220
-355725
43458
371709
38204
-348874
-7086
311435
-23928
-301818
-49746
340093
18427
-383886
-52390
360843
115751
-314747
-96077
303850
110795
-274821
-110639
316891
161687
-302419
-151008
298008
202263
-264082
-204176
237375
215652
-256704
-299119
207114
205092
-206765
-221210
168398
278731
-255080
-314284
144944
263473
-101479
-307355
73751
356201
-76376
-342010
63239
324303
-63049
-294032
-1648
314225
8650
-311490
-60877
322338
22285
-351569
-84944
293709
77735
-242612
-69987
273477
66650
-232723
-119294
250390
175787
-227373
-64087
259704
148380
-178735
-193463
260605
217817
-136683
-157547
178453
211778
-142244
-265648
179956
222715
-78757
-168283
118381
170508
-101937
-170002
74064
260261
-45784
-208620
-16660
260412
-38811
-210400
29110
271135
26473
-221064
607
225739
24483
-198545
-9578
291536
26093
-280638
-99767
238060
32453
-238865
-119223
190930
86875
-229621
-120911
213013
146861
-109945
-119203
205412
186165
-179634
-197133
181478
221933
-98755
-164739
119005
146952
-141966
-220332
53737
178952
-79809
-212837
-8414
210966
-68073
-209228
55798
168143
22691
-136499
-26510
235224
49186
-193110
-8547
177660
6473
-221530
-44827
129590
92161
-148853
-63170
146212
73188
-90468
-37526
180086
124804
-102563
-111085
109431
107815
-129093
-178953
112357
107419
-79657
-112732
94841
146324
-83688
-136771
97615
125574
-73632
-107768
49849
226060
-28967
-193608
40651
151414
-13163
-165888
43953
172527
-10899
-110655
6257
163044
6190
-162825
-76564
144345
27265
-97808
-6026
115077
51319
-138410
-27061
105564
44710
-80459
-68613
108418
145677
-129838
-136818
72844
191097
-29514
-119587
97046
77055
-119017
-83398
23686
127777
-58211
-146685
78089
125749
-2346
-67273
62108
168273
1088
-106271
53834
95442
36268
-115415
3249
176004
66402
-127340
-41063
65109
25146
-79652
-22192
99743
70100
-127197
-68731
69720
37471
-71821
-118637
82175
73968
-88663
2737
15665
73295
-95099
-108482
40218
54241
-49936
-69234
63532
91778
-26147
-97105
61317
39193
-34541
-79215
-12866
96289
-17598
-51530
-35229
42149
17008
-77992
1851
56245
47785
-132712
-54170
113739
-5314
-98757
-69038
76318
20240
-102672
-52809
71005
11930
-37350
-85965
59442
46180
-128934
-65359
68336
67922
-41601
-51523
53596
46876
-32946
-79426
46114
82141
-28052
-31736
-44019
84066
60722
-67974
-10762
55273
-43863
-133348
38103
92105
5658
-106029
-48704
122134
64485
-70570
-58649
80628
31283
-105830
8975
81401
31115
-60049
-58488
86746
30074
-102324
-90620
55167
92589
4993
-16634
73821
91905
-11651
-30447
94701
90603
-33384
-41068
66706
71208
-28016
-76835
-21322
67532
1196
-39595
-14754
104165
41927
-142853
38180
79656
-33961
-118208
-53327
68066
17294
-36444
-37368
73810
34643
-112316
-12536
-24658
2416
-84175
5423
5109
75319
-31794
-51829
73560
49877
48254
-61823
52483
25620
-9025
-65747
78517
90010
-27859
-28227
56081
61677
-34481
-61555
28570
107216
41840
-78246
25336
62221
-40641
323
-15238
94159
63189
-15143
-32115
26295
39298
-45601
2621
63465
41435
-49018
-16368
77779
6388
-75365
-89522
71441
-12640
-41735
-50740
21651
42579
-36233
-52457
35056
63694
-9720
-55884
7380
25134
-45718
-72230
65841
80367
-48324
654
19135
99440
-12062
-90347
-12385
42502
-37170
-117181
5664
54185
30507
-38498
-3812
56936
40537
-85148
-47275
16102
19845
-44617
5169
66607
71355
-107418
-77467
49963
-35270
-5824
37553
63918
12652
-55682
11321
32278
36335
-55749
-25180
15614
24722
-52310
-26444
17638
13148
-4130
-99142
65991
41320
-20895
-19942
10246
55291
48772
-94710
60947
56284
-15608
-44539
49285
12573
-53508
-73500
-21853
80258
3664
-67633
-16398
132493
54737
-1770
6528
14395
20717
-46668
-29588
-3504
39163
