#SpinCore Technologies, Inc.
#SF in MHz
#SW in Hz

[HEADER]
@CLASS=	RADIOPROCESSOR
@FIRMWARE= 3087
@SPINAPI= 20130917_x86_64
@POINTS= 600
@SF= 0.000000
@SW= 30000.000000

[DATA]
-212252
-32006
164142
60190
-126271
-83349
190987
114213
-134949
-57027
144329
192152
-137280
-168045
141968
153524
-111571
-176156
93671
163884
-95464
-191751
63841
239079
-70607
-229336
46047
221633
-29166
-202679
74812
259454
24358
-221557
-47589
153283
100270
-186429
-41575
243301
126451
-210549
-142706
218692
92394
-178623
-127102
183232
129358
-229497
-179627
143314
188167
-209297
-261061
160136
216726
-78190
-139079
107320
145999
-73179
-238728
64880
277547
-5415
-217001
91719
199588
-9379
-236602
15359
201098
1476
-251586
-13857
237171
65942
-185191
-102386
282780
119539
-222304
-125509
218279
79970
-220551
-134757
146856
136530
-172315
-132188
186242
163833
-146832
-210675
104178
182656
-144668
-201650
177196
244771
-70024
-321164
61249
237024
-46354
-224990
99759
300288
23433
-296131
-23328
309494
22143
-273650
-44084
273860
73963
-246749
-67755
264132
161281
-266126
-112224
239385
197390
-294691
-121534
229269
181983
-249334
-204743
191392
268351
-200113
-270894
137426
196853
-114726
-214343
41734
275835
-63193
-213007
130421
264398
-92013
-283064
13564
286754
35338
-231701
18607
312528
55290
-321771
-91483
353997
137306
-298131
-113745
333096
154221
-366068
-177717
297281
185513
-208454
-173667
221788
153406
-161169
-268589
183021
244264
-162683
-253068
110106
330907
-114795
-312307
58992
353511
-123621
-318886
123748
349827
-67480
-357266
103621
313405
13198
-342652
-65732
297374
107089
-381053
-119748
368967
159707
-407658
-134982
338194
162524
-303702
-262898
256015
223916
-267823
-196532
307039
265866
-228896
-307464
276597
287024
-258008
-373411
181248
351920
-150092
-427185
125092
362719
-83520
-396657
88872
439648
12982
-411312
-9851
361396
36688
-435724
-36412
376192
112805
-376401
-160428
418571
200845
-349593
-171452
325073
214958
-350156
-215970
238444
262898
-282693
-323288
287053
362905
-234844
-360056
243891
417569
-199896
-374369
124084
433560
-179430
-382711
73768
463340
-55267
-408850
-1965
473123
5758
-418438
-70879
460878
45215
-457592
-139383
479055
170720
-465331
-209741
456387
242667
-428082
-276001
477949
353989
-388929
-402741
343952
418164
-350993
-434535
292310
421206
-245297
-440804
219246
468585
-205615
-480816
210332
537299
-146233
-532317
152327
512841
-100017
-526373
-39880
569210
44742
-515723
-83931
521023
162377
-459945
-127732
510932
139886
-485269
-283647
518594
343164
-450561
-329303
458265
410830
-400375
-442073
394486
453073
-340338
-522083
337615
561534
-300988
-577429
156958
607853
-140974
-678324
227103
674865
-67735
-714423
-12325
679606
63436
-709567
-56078
681232
196356
-628058
-248147
639338
282585
-608993
-324530
563362
390619
-627968
-412937
591806
452721
-584583
-489153
457535
610083
-519796
-599127
450440
647070
-394076
-639896
363077
698905
-259582
-715251
233309
744010
-213377
-758001
109089
780992
-21476
-737146
-39619
859042
127643
-804279
-186849
775686
238609
-763084
-264002
761849
337117
-724484
-399607
678350
453819
-680769
-520384
576554
560619
-579833
-678454
455200
663701
-475129
-753118
406771
824567
-339348
-806487
306097
896155
-182298
-867796
126576
919476
-102689
-950932
-42559
988643
114617
-968166
-159064
1006379
245923
-925341
-262944
923832
364008
-909721
-467250
837578
519997
-847216
-679875
813061
705830
-746801
-777648
694016
801122
-662871
-827390
577470
967629
-515841
-961206
490055
1077837
-352162
-1108177
300081
1093761
-256522
-1068158
108621
1110993
11492
-1153183
-39058
1136744
177144
-1126978
-293753
1113516
368192
-1045505
-430402
1015866
598304
-1084658
-621056
1041821
740064
-980611
-734735
899812
841703
-821384
-1027460
720481
1053162
-738277
-1092810
585379
1168268
-476892
-1211261
409777
1336618
-246579
-1308261
188600
1337207
-79804
-1389968
-2377
1378431
151614
-1377515
-344922
1345341
391500
-1337721
-505830
1364455
653678
-1323401
-773599
1254385
894069
-1246681
-993920
1120746
1070867
-1105723
-1227111
977483
1269863
-940767
-1343099
834638
1425626
-735590
-1508314
591006
1549863
-465485
-1663986
398314
1672522
-260807
-1724335
89643
1747394
5513
-1737842
-229434
1722328
307220
-1774411
-459117
1674605
598103
-1681098
-811817
1633243
920378
-1490053
-1060222
1406365
1156181
-1396516
-1253145
1291634
1419142
-1099522
-1591454
971652
1629449
-867216
-1761343
761900
1819486
-612442
-1886954
505704
1998557
-302656
-2060650
122720
2054580
73021
-2063478
-196639
2071503
386900
-2064642
-601939
2082564
740485
-2018994
-971898
1929125
1068157
-1841129
-1128404
1720403
1342227
-1619092
-1465061
1534475
1623093
-1395734
-1683315
1249792
1868679
-1049980
-1966341
1009609
1919976
-849630
-2003187
686926
2075335
-453262
-2043432
284233
2127186
-151506
-2031469
-54617
2027138
224010
-1992985
-423602
1961365
584683
-1858360
-731975
1754882
870234
-1723119
-1026536
1598010
1101152
-1483684
-1209518
1370984
1338476
-1205692
-1434093
1110867
1524612
-947405
-1566334
870907
1656224
-659497
-1659395
594817
1685843
-413518
-1674490
272367
1717633
-90488
-1720591
-49648
1665265
165673
-1704264
-350094
1520241
396846
-1568202
-578716
1538548
692586
-1427217
-754359
1317487
846480
-1258542
-971498
1238404
1036931
-1114397
-1151670
1028819
1131913
-902452
-1246245
807197
1334559
-669604
-1347808
669452
1389393
-522968
-1377916
317223
1387300
-264802
-1352195
156775
1368634
1515
-1364884
-82391
1364596
179932
-1319494
-299011
1265821
421156
-1244210
-427081
1081300
635891
-1140820
-680231
1044880
747676
-983094
-854097
852286
855756
-770360
-1018981
674972
973058
-613394
-1086929
531684
1038085
-404517
-1072049
292641
1122151
-277480
-1183020
168199
1129099
-32691
-1117957
-46410
1153250
165200
-1076002
-220709
1094066
321473
-1137160
-441272
1038737
504521
-1001725
-599087
894313
549866
-865986
-630378
797058
717078
-751905
-759030
683521
769578
-619746
-853383
501066
874530
-431048
-886409
367488
906959
-309956
-981477
208661
1020797
-97173
-973167
78853
946850
5467
-877595
-34697
933004
152447
-851134
-204140
882263
277935
-816274
-313564
831059
413039
-732920
-463352
714687
537760
-669612
-565294
604979
624797
-556806
-653222
437672
652217
-442818
-744045
274045
780368
-235768
-749919
198842
756588
-77978
-825609
73721
771167
-3256
-769509
-69121
775559
138431
-768168
-222071
772271
240631
-730499
-217798
676183
346675
-676618
-387044
590015
402964
-570418
-446364
574167
481909
-490115
-513612
417748
542121
-407189
-606534
328887
585822
-269226
-649216
221027
648876
-173872
-673236
97858
681639
-33658
-662877
-23050
625473
23107
-552097
-10524
656003
133044
-629452
-212513
520949
241330
-504903
-196091
521719
306529
-511257
-313000
547347
412285
-401965
-337295
463411
441501
-363160
-435350
277234
463937
-283495
-467974
145135
547046
-184334
-581195
172368
574986
-59225
-520108
5702
500420
-91
-559270
-14072
493110
171492
-566116
-105489
493284
150525
-539243
-225300
528884
231322
-426248
-300000
476476
349068
-378400
-382127
390197
364988
-298752
-375197
287650
447477
-284537
-323842
256535
432588
-264388
-520439
188956
383304
-98084
-478873
81397
477747
-58439
-442276
12265
478992
16692
-412083
-48556
407868
76616
-427910
-148742
397195
191855
-421071
-228599
373261
234515
-408152
-274251
280278
305908
-290948
-280295
258763
352261
-219816
-357175
196646
381327
-195765
-313632
118255
398291
-65444
-394119
134898
445881
-68860
-389206
-1289
374177
-6068
-364264
10083
466383
73255
-428377
-80750
372735
136922
-412590
-130249
366796
170423
-317087
-179143
309154
225089
-301948
-295340
256460
316833
-249103
-255908
243917
305714
-159621
-329459
120030
294771
-167107
-318379
103248
357369
-150159
-346334
102788
366523
-8604
-408298
68502
336551
7827
-320012
-31620
315359
15550
-376213
-62163
271457
97013
-297570
-144804
287255
149878
-245931
-180623
252412
186724
-259282
-206818
262137
236209
-182548
-226565
206171
291416
-199972
-308559
121259
306722
-137782
-350620
79483
284605
-32486
-253785
-44915
352906
42686
-233090
-8379
291750
9533
-255172
-70798
239066
92449
-251540
-124618
291134
79885
-236817
-121933
180122
146053
-265371
-159561
213303
195219
-228981
-215066
197441
263813
-145876
-233500
127525
294830
-138380
-258804
110077
244187
-25451
-221007
18781
304346
-77610
-250847
32212
247930
-33259
-302143
-35077
296358
67924
-249318
-9547
321696
71601
-288713
-70213
238794
115036
-182532
-91304
186659
175078
-223298
-177152
183969
207638
-200798
-220783
126679
197937
-150589
-294809
118762
242210
-179121
-182900
5020
245129
-23916
-187500
60448
275598
-10759
-241842
-29687
227222
228
-280500
13461
242102
47715
-199504
-35942
235081
22937
-220054
-45392
217344
146941
-202945
-137427
184087
118195
-192038
-179261
173139
114875
-139328
-148987
91713
174432
-85710
-184023
75326
194116
-49062
-241891
105250
171374
-61648
-208254
75698
187707
-64896
-202005
3604
211953
47184
-215471
-31885
177841
51030
-233388
26120
151139
39478
-149794
-143245
209589
115594
-163949
-107594
127848
128734
-147530
-137605
108545
118341
-175825
-164202
125138
158289
-114187
-161444
70254
177273
-104780
-143011
93400
198137
-88448
-223085
