#SpinCore Technologies, Inc.
#SF in MHz
#SW in Hz

[HEADER]
@CLASS=	RADIOPROCESSOR
@FIRMWARE= 3087
@SPINAPI= 20130917_x86_64
@POINTS= 600
@SF= 0.000000
@SW= 30000.000000

[DATA]
63534
-26893
-167078
13183
133260
-24800
-177787
55457
137718
147
-117789
-1661
137842
-25574
-151177
15306
164937
-21164
-166383
-54301
139455
62881
-138768
-41225
98465
50020
-105010
-111907
111946
77219
-119017
-103004
98362
89070
-86269
-100386
57939
169869
-32257
-76292
66171
70586
-34753
-144167
89499
124195
-46726
-99763
20422
77181
-25226
-111707
4649
126946
-13081
-133401
7441
131468
54513
-140309
7828
118459
9851
-160691
-89048
176296
80856
-188674
-25697
184395
121757
-170930
-52121
74932
24988
-118359
-93279
110016
148635
-114529
-84629
68347
109899
-106120
-139244
46402
143181
-77123
-127577
69426
202124
-73561
-144466
22934
228383
-5434
-98755
-41782
138900
-59068
-155258
-35577
197334
92170
-168972
-46998
187371
42096
-170495
-55050
196556
127097
-133857
-58052
142242
131109
-136718
-89963
171570
119319
-214599
-117655
138042
122992
-81175
-179849
127515
187654
-51107
-148038
14011
185266
-21367
-121838
60480
236022
643
-135956
-7720
212524
-33172
-152142
-35781
185273
35106
-236915
-62110
140061
28850
-212738
-12984
140059
85294
-162153
-70899
247461
36955
-105037
-72066
196048
147104
-159426
-101931
148603
114764
-118521
-209519
152443
165030
-162217
-146104
30830
219011
-105617
-202332
75588
252656
-73677
-197999
90877
194098
-61153
-169506
74982
227486
-13679
-222185
23420
218538
63
-182298
-46141
173312
14924
-184672
-44486
235239
120205
-216683
-53392
235668
143070
-190813
-140772
148605
136659
-149394
-150469
230650
180546
-152121
-173324
138841
164844
-94488
-190513
138670
216428
-148024
-255003
78788
279165
-92822
-212785
33225
215199
-73990
-282730
30180
236449
-29271
-258661
-46793
259263
4155
-291798
-61419
228900
97547
-260201
-64844
302932
139289
-294644
-133687
194520
129648
-226866
-153111
202116
202841
-296777
-172145
194894
213636
-178704
-206291
185824
240431
-101453
-292475
170100
179109
-152405
-341980
112906
263719
-109798
-264573
83758
268211
-101337
-330260
-2390
390669
68547
-294002
3690
337339
59465
-332567
-14815
320909
97717
-400148
-96929
357548
92988
-336983
-143178
293075
217317
-238531
-235758
280545
204042
-317996
-240686
188038
291368
-218086
-332790
184871
293299
-193669
-356697
145940
320366
-137656
-371403
129417
352269
-81194
-351293
36801
361381
-14130
-411992
85780
380254
33312
-385609
-40193
426593
73363
-464299
-20338
418535
163032
-345727
-104074
351366
154057
-403377
-280409
338519
221368
-375187
-275226
303306
291399
-312327
-335465
288161
399011
-240145
-354337
255396
420909
-261097
-404573
165058
397625
-173987
-353597
126961
477838
-120858
-488398
34000
439053
-31389
-444812
-13078
515461
41069
-513016
-98901
477358
114568
-482984
-81896
421446
209029
-462796
-187776
443398
175534
-486289
-272835
381251
324657
-436337
-275028
422370
433523
-305605
-388268
297682
393327
-268330
-499273
279173
499133
-216439
-477669
158550
457141
-131671
-579686
100506
502101
-55358
-508418
35403
561380
-48648
-591765
-34441
640551
116967
-537609
-182428
542362
116271
-552284
-231712
567369
297784
-546660
-254771
532379
421957
-547811
-441582
476366
383822
-401528
-414975
456579
472366
-422279
-564547
343375
573266
-262105
-617538
316627
617008
-251232
-593892
171779
652268
-132827
-652804
102373
660066
-82614
-730102
30117
719473
8643
-699187
-68954
718392
142312
-701349
-164095
647500
312614
-661318
-289800
678946
355056
-587466
-373064
545686
420626
-563013
-469597
548311
513740
-495647
-551882
492255
576742
-322019
-619514
335366
701534
-311794
-675410
292962
781311
-204525
-754058
114402
768898
-102909
-752102
83965
816595
72408
-754577
-25434
762065
198440
-755748
-237899
825825
283012
-786480
-350031
768009
329756
-679956
-475955
726274
494855
-670720
-496475
613318
574812
-600800
-669367
615140
652504
-506795
-703182
464870
742170
-430804
-839002
411871
876137
-340407
-814050
211515
877293
-199238
-874592
107816
885926
-79981
-928137
-30727
864632
92428
-891327
-183645
903303
199956
-905762
-272982
823575
372841
-844448
-406568
793230
465399
-704538
-543926
782988
516976
-751258
-598913
609977
674193
-566335
-703473
482129
773413
-474917
-839183
374493
842751
-321529
-853109
216962
878725
-201439
-895641
112832
949317
-44477
-875463
-1639
993824
77800
-942511
-135159
960124
196730
-929634
-239742
978705
311389
-871914
-374957
864425
512950
-820584
-527619
812719
614227
-751932
-692149
679106
715583
-660115
-800954
610786
802714
-546950
-865801
486177
800974
-432709
-887404
345113
944289
-300956
-856724
151445
1009855
-147711
-950257
59381
911654
-24968
-936146
-105188
915232
179375
-938698
-219969
919746
228979
-817702
-312411
863482
398244
-854433
-442768
779796
503635
-695342
-528033
697389
549387
-650036
-712275
555495
700355
-535984
-764285
438503
766687
-423673
-863776
358546
828429
-292299
-859218
182971
862699
-126038
-879699
64903
852080
-40974
-915674
-74769
939459
90544
-827976
-159767
891254
162650
-823666
-301274
835357
368144
-738325
-414024
737830
414650
-741662
-525882
672034
567420
-649308
-545080
616689
601880
-522235
-661006
521804
678134
-412023
-743209
356378
719968
-323266
-731165
279563
697645
-188692
-770522
147546
763309
-84124
-782169
6691
738844
18004
-780055
-132578
699404
107630
-781606
-194882
703059
239993
-705380
-242513
642803
327293
-679694
-327237
585695
388518
-559265
-445279
527655
529304
-436493
-510719
400734
515218
-343919
-630453
368378
569516
-319849
-670868
269074
657986
-199577
-649230
137583
605017
-132332
-686062
47289
687665
-2634
-618113
-58003
660006
106583
-698301
-81756
638812
171327
-653358
-230274
570743
254673
-555842
-292853
579762
285181
-469018
-319884
547135
453352
-450886
-456473
459060
530265
-397010
-498876
335970
551580
-304957
-477153
265324
508185
-195692
-511129
183256
603543
-142883
-558974
69992
569172
-51506
-555962
30261
523730
73496
-586389
-34340
516914
91670
-542798
-191905
519634
234019
-481541
-200776
481855
249532
-417402
-202532
430227
300665
-387723
-385235
358398
321621
-323436
-300195
265027
409783
-287136
-373466
262946
384751
-203491
-448223
207726
495231
-113924
-441081
95114
391484
-16181
-503926
9180
457631
1688
-413679
-2057
480573
50173
-406822
-171423
455033
69313
-434397
-96297
458179
177924
-406721
-142418
390636
200248
-397846
-215881
363557
275299
-277983
-313459
307907
304801
-255751
-297300
262011
392291
-166960
-343317
132491
372657
-130188
-432223
151886
383231
-135136
-366289
71470
353583
-38655
-399745
57037
358165
-35543
-333849
-49056
388572
50132
-382468
-76872
374051
124486
-309098
-103459
348801
126748
-314704
-161193
300107
189601
-240539
-223974
244300
175480
-236539
-261825
172541
249615
-169960
-308907
212539
263035
-151172
-344591
138320
273456
-154148
-239411
54889
249959
-98015
-294270
8148
320196
-45818
-327630
-5220
265183
22396
-325781
-46510
280377
72173
-239917
-99790
289064
87197
-320202
-140588
262522
131499
-194220
-190933
268159
196307
-184148
-189933
260073
200792
-225132
-144271
208031
211950
-210859
-165765
166258
197051
-120033
-250783
93037
256740
-85768
-238788
68309
292874
-31085
-297861
49758
328445
-85419
-203407
-13679
275277
42335
-332082
23265
271073
124506
-177488
-48558
214181
7559
-205671
-142581
176557
113433
-262586
-123454
229305
206941
-201690
-117060
234840
119093
-193310
-162671
141673
189713
-143757
-227327
98363
189980
-84979
-253381
88175
168841
-46595
-199809
28614
200307
-14159
-210698
10144
189647
-34507
-222384
13446
243068
96262
-188274
15651
202455
45730
-229116
-55022
185760
144552
-170088
-90675
230151
163644
-185048
-151589
177565
152976
-131579
-111060
141838
152514
-147749
-171934
133541
190409
-105158
-142541
94017
182167
-99786
-183274
98169
205144
-68048
-222130
58522
191198
-33166
-201030
294
216571
-8638
-186344
31498
180229
-12968
-164170
-66631
178307
78339
-127479
-46817
145070
80956
-193756
-107400
163949
53772
-203870
-112953
131159
88334
-128482
-100789
144499
144216
-134611
-133763
108057
149092
-93698
-116267
30322
118404
-91318
-199006
105553
176150
-41465
-132739
7039
167222
27173
-141735
27489
146274
32175
-166469
-38641
186288
4649
-116165
-66585
200040
42563
-129150
-58120
147703
50796
-165725
-55622
210161
86150
-124971
-130792
87479
109457
-68183
-79068
25467
162319
-163569
-149813
65205
121185
-18469
-172582
81865
146504
-48349
-147120
39105
184017
-8698
-146021
20336
155109
-60137
-218196
23504
117597
-47228
-135480
-44500
196787
2986
-123898
-51
135642
52870
-118201
-34584
117526
99569
-107337
-98434
121191
73442
-85285
-80509
68608
96181
-100840
-71584
60170
60192
-37840
-132506
150113
138932
-44180
-157456
291
138815
-34460
-124840
-36720
95692
29582
-147998
-38244
136066
33621
-99232
21489
141384
19393
-105210
-1646
69806
21073
-157157
-44437
141748
70350
-108521
-31838
121694
