#SpinCore Technologies, Inc.
#SF in MHz
#SW in Hz

[HEADER]
@CLASS=	RADIOPROCESSOR
@FIRMWARE= 3087
@SPINAPI= 20130917_x86_64
@POINTS= 600
@SF= 0.000000
@SW= 30000.000000

[DATA]
169116
104160
-109351
-73234
83358
107328
-134929
-80197
103208
105423
-78867
-131705
89349
88366
-31904
-128362
63989
103997
-73041
-70925
-13409
151823
-55050
-116890
19
162806
62568
-169138
-24847
199807
40229
-268279
-6135
107693
111782
-133742
-93493
180402
64345
-139720
-2662
109815
109699
-157799
-91987
101515
155062
-96760
-108545
146050
71361
-156129
-128235
89189
87005
-161184
-145800
70237
118395
-33644
-98554
55533
101278
-28252
-179277
71571
195722
-67573
-175898
105141
162142
-35742
-173788
-90849
176421
27595
-166097
-15427
218061
69521
-197831
-86712
189767
35151
-207185
-102005
116872
52410
-91966
-34940
231266
126503
-109819
-134650
132523
129755
-112230
-161394
126312
128541
-86311
-180840
91100
203284
-137344
-212606
90069
165793
-91003
-168136
124953
198270
4504
-231201
45878
182250
-20544
-200669
20047
253109
64203
-182809
-60161
158018
-19397
-187591
-73052
196044
70622
-198174
-87748
212015
160434
-236757
-103720
153229
102082
-165606
-159237
183364
162009
-189611
-126193
126897
194775
-60434
-152695
104183
139207
-101634
-163770
79621
228965
-99163
-175241
97599
185953
-55009
-180758
1245
226428
19070
-192039
-1377
229182
34227
-252210
-22303
215038
8295
-210008
-23668
187100
39690
-175309
-86393
240276
122983
-199875
-61800
190599
187948
-254012
-131608
221326
92923
-232045
-181162
130058
136934
-148677
-187865
153592
182243
-98157
-240305
139832
238734
-113926
-233256
85750
174376
-52387
-266172
18937
227243
-2850
-321536
-19284
244140
3134
-230770
-79724
299063
-14984
-273075
-78687
297567
94070
-254814
-144706
280616
153952
-297439
-138205
249613
147622
-125257
-154726
248601
171702
-219501
-194171
284660
275975
-245241
-194817
173308
246092
-124106
-343074
163768
295604
-114876
-267942
74375
290816
-66044
-308970
28628
241873
-45156
-341665
62279
372801
-55434
-266948
-66122
399740
36849
-318201
-86374
327409
73842
-311409
-103868
395751
120415
-309838
-110015
273261
186166
-274961
-226273
277033
186557
-251268
-227926
209042
244494
-244492
-268592
217202
338909
-213929
-387317
226129
301211
-142161
-309375
107846
346088
-43984
-420153
12063
368769
-39245
-333791
67999
338384
92289
-386448
-10158
377857
101952
-407670
-69505
404412
108143
-370643
-161256
322203
158930
-404448
-178529
363407
241931
-334560
-209176
374224
214658
-349071
-308389
277858
331698
-302406
-394625
303432
354956
-232604
-373600
222720
376842
-227308
-410424
185414
446101
-175459
-406143
159880
453073
-1026
-439993
25095
493972
-16004
-459145
-10681
463269
90090
-504200
-82990
455002
168273
-384555
-130955
439341
228654
-441108
-244588
440308
254315
-467814
-296101
405381
281326
-343951
-365891
361568
407643
-281451
-451747
299785
410143
-265439
-542823
205370
537692
-270664
-465755
108601
508485
-120318
-548070
121415
496410
-18356
-544373
42116
560684
16430
-553102
-31424
552785
65027
-619170
-127000
511625
121752
-600463
-179364
565091
246508
-643026
-300629
541221
336547
-588136
-374812
500515
437519
-484743
-442028
406117
543216
-467270
-517152
381390
517303
-331494
-601537
364795
603409
-389752
-619649
244361
701132
-271939
-639568
122140
751895
-117761
-763319
88710
733330
53989
-758200
-48944
777780
7909
-786762
-59779
737197
241549
-699042
-232773
736300
265766
-709222
-323402
745538
397067
-700454
-450716
657086
511632
-639172
-597847
561831
618255
-521682
-659301
426752
746314
-525691
-755557
397854
838550
-409443
-822486
306325
879068
-215174
-817570
150735
968645
-91760
-996158
74549
938038
37480
-949189
-52713
969799
185376
-1009366
-297107
936697
312559
-1015291
-384238
1039327
461918
-960527
-499831
889365
559336
-918921
-653954
837280
765248
-849052
-826085
819374
893266
-765811
-989349
725647
1037953
-616323
-1077967
622528
1107234
-527065
-1149380
492068
1250163
-372113
-1234129
237237
1306200
-235653
-1279322
154552
1350772
-35509
-1311210
11882
1375755
145594
-1405723
-256000
1410367
334405
-1398282
-407606
1393153
585890
-1356248
-674543
1304021
835548
-1269918
-867457
1240379
968350
-1165832
-1027850
1166994
1199950
-1067029
-1342782
1008488
1362621
-947771
-1425494
837052
1486146
-742567
-1590072
656409
1686095
-556973
-1731776
414154
1804911
-257272
-1883040
260680
1892460
-79855
-1910812
-40933
1976605
143667
-1939806
-333317
1951937
428733
-1968719
-596326
2009809
653489
-1927227
-887950
1912197
909825
-1866913
-1029148
1854832
1120146
-1809646
-1278301
1659079
1324480
-1605860
-1506182
1546882
1576203
-1447691
-1641194
1378830
1676111
-1207428
-1791918
1128881
1866377
-993933
-1897860
862663
1928836
-753132
-1942800
586356
1973226
-454793
-1962102
375469
1904149
-231109
-2011749
93338
1922845
16517
-1959531
-164528
1875858
274722
-1890834
-376930
1778675
507804
-1720470
-586207
1678536
677203
-1577276
-719404
1485073
859630
-1409443
-918445
1329957
1067320
-1230370
-1101026
1192761
1130821
-1069087
-1262262
949587
1275437
-901774
-1289717
758969
1294176
-635865
-1340650
511702
1260475
-387425
-1410840
344105
1388793
-173367
-1355113
139616
1374008
-94686
-1339992
7115
1309092
168543
-1254228
-192056
1208638
362290
-1237155
-446837
1180575
503212
-1163149
-544936
1073967
626639
-975016
-662709
985162
686966
-920469
-766813
854786
845949
-830279
-854367
688969
932921
-610711
-946614
551906
946275
-497279
-932880
384137
954113
-320630
-1046421
313929
919898
-202038
-956102
70596
991359
-52239
-981314
-9460
949879
132899
-932109
-115288
977441
229623
-841236
-351288
810692
323772
-799213
-384107
728292
458054
-728378
-477063
708820
555532
-687187
-502993
645102
613260
-528729
-666934
472279
691999
-449980
-653926
351907
699383
-347259
-739794
280247
723494
-200420
-746375
212192
732068
-130837
-796866
117432
696729
-22744
-672697
-25027
748502
39628
-740338
-153867
666465
166300
-657480
-172124
682720
324039
-572400
-280081
590994
384083
-590366
-326003
528371
403613
-543888
-493609
480751
444348
-490002
-536618
407151
552632
-380432
-492442
306209
509208
-271555
-509132
186787
551283
-245245
-587752
168465
618462
-146744
-617937
125077
564477
-111950
-611364
16603
534135
56117
-636257
-69556
547450
30614
-548371
-147357
496949
197297
-496633
-205767
508580
296331
-465545
-241698
479676
309145
-418761
-334709
375614
366926
-374526
-400596
366006
393417
-224247
-447412
227318
397758
-257642
-425004
153804
479195
-137635
-492628
129110
526686
-107249
-467654
3481
536447
-66530
-460714
12928
444225
35550
-527786
-64654
423718
71389
-415513
-147399
445960
150957
-425358
-160118
376086
220103
-441763
-223438
370246
221934
-303402
-293059
362174
288804
-315680
-335857
251578
370343
-216225
-365545
211117
373627
-192067
-373829
202725
349125
-146292
-367854
151879
436697
-109694
-368724
86774
429572
-46477
-336932
-55253
424149
-15920
-389250
-107480
356758
78872
-358301
-96784
365541
120187
-295619
-106750
300043
116251
-265820
-211532
273974
176960
-283061
-276289
287086
251900
-207817
-254528
258897
250599
-218161
-222742
241160
240848
-108844
-307057
136505
339896
-88821
-286898
28782
296100
-109397
-330260
-9166
281283
6280
-371457
-65311
329887
27141
-316449
-71128
308368
63304
-334100
-56950
328045
118399
-267647
-102601
376117
171264
-221135
-151980
219805
163491
-236380
-218931
254266
202863
-139608
-271934
133490
281101
-197234
-196248
138074
236977
-171897
-256376
157401
241306
-142737
-234311
68971
307638
-79605
-206962
74174
254264
-14871
-253519
32660
267091
33549
-259238
24124
243448
62476
-303406
-117071
273220
127674
-252410
-90606
208763
136858
-243230
-79531
254624
120683
-174186
-145542
177452
187284
-190635
-161975
215775
194633
-114832
-178822
125874
219199
-167262
-166556
89666
315273
-105304
-219424
78161
174464
-6254
-222113
72746
234412
-13180
-159724
-13626
250245
46499
-221614
-53385
245489
7314
-175957
-46786
225145
63928
-234526
-95388
202373
151740
-202360
-157568
183122
139120
-196562
-139955
186095
127125
-120944
-126525
95943
202735
-127017
-216752
125139
213383
-141891
-162585
53724
162785
-65360
-189233
90837
198776
-60006
-148675
-4758
270070
24597
-178971
65488
214999
-27885
-150634
-65564
178868
51214
-213329
23101
245197
101746
-196936
-86556
143619
85776
-177345
-112162
168075
87244
-140567
-106752
148483
152615
-115379
-184840
185251
115596
-60928
-140064
107366
129125
-119773
-120841
124614
148377
-85448
-164973
27317
196499
-57232
-142576
-30278
169588
-34360
-156611
6768
189331
-27303
-214924
-25881
203147
50290
-164201
-9835
76051
12748
-218956
-105937
144432
92129
-162889
-129405
136222
134326
-112531
-106891
115286
166103
-120508
-129380
165228
118372
-166015
-76613
75962
157507
-68917
-185130
70017
149623
-87160
-137086
2166
118110
13207
-149882
57319
170827
-40449
-169923
446
132915
30435
-190363
-13024
173845
49060
-205197
-31515
197644
82195
-152768
-21097
165967
55521
-148961
-134208
129836
85214
-165772
-89904
104375
113939
-113126
-56085
124616
120115
-39788
-185780
47949
188928
-51533
-177434
15645
149359
