#SpinCore Technologies, Inc.
#SF in MHz
#SW in Hz

[HEADER]
@CLASS=	RADIOPROCESSOR
@FIRMWARE= 3087
@SPINAPI= 20130917_x86_64
@POINTS= 600
@SF= 0.000000
@SW= 30000.000000

[DATA]
46251
81302
-39065
-42999
93882
90617
17214
-61207
40230
131284
-38424
-75091
16824
111266
-62384
-80337
3119
93107
-97285
-95680
53741
76975
-55191
-65639
2645
33204
38377
-60079
-56493
58660
-23378
-53069
-8505
23114
55863
-90837
-17500
82282
75540
-64821
-34960
104735
55827
-46884
-39355
37389
19069
-89701
8598
-11185
38703
-63543
-108427
51031
39463
-72077
-105241
37353
120637
28684
-62009
12729
87095
-75308
-71089
87954
118060
18104
-87133
34032
81065
-37399
-71713
-51003
74754
49706
-82659
-7670
130725
109316
-70772
-22149
107335
38660
-42930
-23388
76535
102849
-96713
-12092
56544
82829
-42562
-125195
87958
45615
33049
-68801
62869
85735
-42653
-68038
45621
77559
-4244
-184884
70145
147674
-27342
-74786
-26443
107322
-49423
-115537
-61702
103791
20198
-62837
18250
166303
3715
-123033
-15722
65376
47100
-91922
-13612
121217
51994
-126600
-12396
96905
54335
-63797
-74701
122821
61183
-107186
-49743
38580
53386
-100445
-72608
35783
95036
-19605
-55319
-9804
104459
-31156
-39417
45114
148138
-86000
-96463
58987
136754
-15824
-106913
42320
130934
-26381
-120605
-7217
141576
-20084
-62899
7477
114543
-22667
-94905
24567
109826
20348
-106044
-83850
117168
120301
-115966
-19028
61212
117571
-121271
-89231
77381
102067
-111313
-70218
86841
51049
-171112
449
92973
105477
-38302
-84964
98468
101554
-32406
-105606
52517
114351
-13193
-135566
44541
85698
16601
-135350
-31953
116243
19931
-90472
-6943
112699
-4904
-136461
-31609
87683
46758
-139455
-4635
107501
-9178
-108020
-60384
57593
34079
-154838
-35237
110871
79534
-94836
-146674
105945
122664
-115921
-107379
98850
154712
-72272
-157348
63615
179840
-43066
-173582
81828
135203
-46918
-175821
34462
125065
7884
-139150
-29225
152431
-8404
-176207
-27319
151118
-7051
-119871
-46267
113667
26823
-157405
-72539
159981
62582
-82603
-84336
205921
74159
-72612
-2512
138444
89967
-68220
-89765
134848
129896
-52316
-148818
108631
219606
-112245
-134900
8311
142765
-10220
-101377
66215
229568
-36237
-188806
-23860
185276
-12950
-186048
-38080
173827
65025
-137733
-104071
214681
34813
-115199
-61393
105794
35819
-142695
-96942
147393
107424
-125990
-163759
160491
146654
-143539
-137509
152277
182585
-77514
-125550
149066
123178
-153317
-175360
125251
216904
-75012
-204837
76327
193172
-83169
-174186
14005
213112
-30727
-153960
-3384
238436
55715
-220826
-55725
232846
82637
-262530
-55431
243011
171793
-229180
-95003
237413
135939
-231451
-121617
171469
170241
-163702
-216959
214088
239571
-125402
-210482
144790
212532
-170190
-236885
111219
235245
-80272
-246239
83241
264212
-94068
-249993
36497
277622
-6837
-256877
20232
310057
20506
-275075
-129496
321656
25775
-348129
-42989
288797
105460
-305619
-119033
318577
155851
-313717
-232958
350211
184048
-271074
-208819
338805
235878
-285585
-206517
231324
392232
-206954
-286510
269663
333702
-143389
-367030
169711
365730
-98177
-420473
218091
334776
-93892
-425499
129155
421604
22132
-415666
6899
426474
13248
-439930
-39802
458279
55022
-460824
-65215
410013
118893
-469106
-110995
454736
162536
-383883
-273298
493174
268920
-455150
-304533
459018
304522
-469885
-340516
426308
394679
-376736
-405589
311408
445316
-348658
-530363
287373
553269
-332710
-521508
143660
560499
-171147
-592686
107788
618108
-50307
-685407
-21349
600096
-5441
-667236
-23442
715150
75652
-670746
-97680
652185
149688
-786730
-254367
744608
353412
-723099
-315172
632648
366575
-691181
-481661
678302
577156
-726521
-596385
667826
622592
-616175
-693311
638466
697533
-522009
-800167
536049
820642
-529743
-864864
438970
861271
-378191
-917758
308266
1043797
-200919
-1077823
225804
1007931
-101175
-1104280
678
1127358
49314
-1142025
-170449
1209110
176625
-1179149
-263318
1161788
396551
-1184183
-423232
1232522
501780
-1078618
-605186
1105713
676742
-1160690
-782199
1054788
874226
-1004043
-1005899
993522
1057109
-934574
-1174058
872953
1182156
-828435
-1332618
760699
1419067
-664455
-1435558
607921
1537801
-529780
-1600992
384173
1616522
-298661
-1719883
261536
1804848
-167268
-1723844
-16678
1825611
128257
-1863195
-245896
1826915
310294
-1821042
-448281
1881276
592133
-1873504
-636107
1871232
684692
-1840220
-916991
1843282
924107
-1755365
-1100328
1743709
1206445
-1696524
-1315639
1584439
1413903
-1590907
-1487433
1514070
1483877
-1383831
-1636139
1303537
1630056
-1220064
-1724223
1128915
1748012
-1028611
-1798603
948795
1803855
-824532
-1857817
692523
1867652
-556546
-1907677
476756
1897187
-364318
-1906455
243529
1860900
-140162
-1818011
-26978
1808025
93733
-1722986
-140604
1721878
232515
-1726131
-400521
1573137
387443
-1527215
-568653
1498816
616723
-1387934
-767016
1324987
739984
-1230792
-887498
1137581
900052
-1111640
-1004335
1015989
979525
-913845
-1057323
822334
1026159
-781025
-1062356
619593
1114231
-561587
-1148060
455654
1143966
-385111
-1122784
317985
1152357
-203397
-1081630
195301
1137194
-47670
-1123146
-6352
1088174
25796
-1058989
-168495
1040166
165686
-1048622
-317874
994851
352255
-925285
-356454
939277
383894
-819538
-490730
771266
480888
-712253
-540732
671874
580222
-640301
-657803
606820
637142
-525277
-745929
553335
700737
-403841
-677267
344766
744420
-346104
-714114
296583
787622
-245763
-710128
141919
730792
-124364
-733411
120547
733391
-45549
-742324
-71224
689319
50161
-665917
-112541
575508
195703
-634979
-144880
533821
194091
-534493
-276998
485681
340873
-529978
-388863
442432
295134
-413569
-367326
320354
382296
-352403
-433649
311948
429247
-219460
-445054
208964
435522
-218495
-468967
205937
466947
-147084
-550913
118151
525174
-101836
-449752
66181
481501
-17197
-479348
-11336
491825
11560
-378769
-40161
450282
131575
-426284
-112313
328408
168771
-423297
-109039
355849
234057
-347266
-216410
343335
255701
-323327
-228175
245215
308972
-283287
-278042
257193
285847
-240544
-341160
131477
279089
-171380
-276036
157009
335460
-125382
-297692
84712
346987
-82762
-321235
76334
345141
41497
-354334
-27222
279574
35852
-293081
-20659
258757
99916
-319464
-89530
243750
65273
-248504
-95166
232638
175675
-204074
-83230
244497
124477
-184970
-162738
152223
170428
-155709
-219189
165714
292255
-176325
-177156
101484
301882
-85273
-259829
160485
231815
-139895
-181047
97320
214467
-99139
-198498
-18718
245552
-4647
-231677
-27654
226977
37780
-210401
-50520
164525
70855
-222687
-80837
275850
103804
-246540
-194733
145727
138607
-189163
-97296
119435
98085
-136560
-102260
148208
103897
-66501
-126106
112361
192725
-79071
-188363
64848
194406
-112996
-217305
115894
146920
6262
-187939
39878
122868
-1702
-156870
37258
153817
30992
-168877
-16747
158685
51103
-72897
-7397
129136
168400
-183869
-33862
179745
79707
-40258
-118267
108598
113718
-86084
-82610
75682
103253
-92467
-146288
52211
128912
-70118
-174567
122572
124817
-26355
-156425
-8270
172612
-40296
-173688
31917
169095
19225
-171744
16918
156328
34415
-206189
40367
156009
-745
-174590
-93543
151379
2101
-154470
-91763
87515
76009
-118133
37865
112331
142257
-123821
-104406
142854
51344
-121659
-77215
96680
140772
-172339
-129589
102162
133950
-31502
-119649
47185
161959
-48648
-138599
55227
80714
-5053
-60360
47713
150774
52822
-193675
-33460
127882
66478
-101670
-6590
108336
-5482
-112457
-92146
165964
72833
-103493
-52222
61537
62245
-111488
-68808
150316
112165
-69250
-40635
165312
152456
-25289
-120287
70717
80885
-51704
-99810
96573
114815
-100381
-136890
74329
114363
-4825
-125928
52741
136599
-22184
-159633
1243
162360
20867
-136003
12708
171836
29999
-123555
469
152440
37404
-83147
-23400
100772
50378
-145093
-111828
88557
59950
-138864
-55893
25875
121525
-107577
-64497
44464
69415
-74544
-78587
62966
51307
-117444
-63061
44465
102790
-90307
-117536
8608
148289
-92078
-78623
-6393
68052
-15550
-94298
-6007
158738
-37133
-55030
42044
104622
10371
-104395
-35961
123639
11827
-43896
-31856
72572
-18258
-69669
-14468
69838
42531
-51458
-24985
-7797
10208
-17122
-46667
114750
49567
-29102
-72690
82119
84282
-115640
-56864
59742
36680
-48381
-96054
19229
92083
-51568
-118143
27567
87262
-19605
-109473
52617
80294
28233
-100197
-68004
70929
-15451
-123984
-9271
64513
24786
-102908
-40655
57534
-26825
-89045
-35274
132859
-11923
-49324
55350
105984
68693
-66793
-56731
111463
66191
-95840
-136311
91985
86671
-60628
-50548
58526
-43604
-30543
-66974
49370
-14723
-46978
-57695
68642
87979
-109620
-41387
51638
69761
-4337
-44786
10627
125016
-59693
-19831
37355
38580
910
-88604
-42635
53865
27409
-125937
-10548
82693
48825
-78128
-10862
37693
35205
-47139
-2336
113124
59423
-97988
-6860
49461
-26202
-100189
-68196
76330
63551
1012
-13807
37980
8513
