#SpinCore Technologies, Inc.
#SF in MHz
#SW in Hz

[HEADER]
@CLASS=	RADIOPROCESSOR
@FIRMWARE= 3087
@SPINAPI= 20130917_x86_64
@POINTS= 600
@SF= 0.000000
@SW= 30000.000000

[DATA]
152687
-66557
-33686
53836
201446
-51877
-148349
26129
152218
-377
-206573
74230
104529
-13852
-133509
-21159
139865
51592
-125734
-60266
197183
19740
-149946
-92128
151188
49286
-113836
-2602
121202
90108
-138384
-94882
151352
59585
-125008
-43028
68304
84093
-112446
-111400
61109
106996
-59140
-155748
107383
98415
-57351
-104825
16424
94765
-13440
-135456
33157
183354
-58941
-204757
-56836
154657
10348
-146543
-24050
144371
-11345
-223502
-29278
144521
106300
-147346
-9261
140416
116731
-199200
-88961
180891
115117
-116266
-156805
88787
152544
-145969
-80508
159283
144377
-82982
-133714
123946
212325
-57892
-212656
75956
138522
-101628
-190906
-831
143793
-89178
-138918
18033
184375
-17346
-193810
7214
181297
13379
-208638
-89080
160150
31732
-153192
-58530
163371
85023
-145932
-87238
151581
92956
-165376
-156729
161456
101364
-181466
-77752
163432
163436
-174133
-186725
127895
135262
-110317
-216024
82857
191684
-105025
-178529
58170
277275
-44072
-184976
5520
176461
-8827
-118601
-34816
209836
39267
-175028
18083
215977
-10628
-179926
-78802
201874
101329
-169537
-50704
235620
97648
-166539
-140468
151375
136586
-207167
-167759
221710
185618
-193800
-143494
153720
160713
-124600
-165509
167413
147218
-154607
-173135
140955
230856
-74794
-238460
72416
276296
-65929
-231391
31084
245594
-79503
-229606
-1458
218273
32260
-209169
-42519
244786
957
-166303
-43240
243856
14062
-248106
-54743
235890
71288
-231503
-100796
303549
144028
-189867
-167888
232376
160527
-136497
-130611
178139
199423
-165313
-144561
175178
218798
-105995
-222449
73406
164778
-182501
-237235
91086
291667
-55965
-354564
84509
245201
-60310
-246852
-71057
225423
11397
-215836
-44888
297376
66785
-232882
-50670
275605
80898
-230810
-127459
268296
105283
-232381
-139514
244156
118520
-209837
-152987
220223
233371
-189019
-179786
170870
215661
-234131
-249116
180672
309944
-165343
-269126
168276
299000
-152653
-310191
119312
292991
-46951
-339277
45125
289367
29543
-305838
-5918
365670
14569
-379571
-105580
305064
59147
-320801
-123158
326805
82681
-354380
-66354
319521
149284
-231952
-210775
264136
265398
-291318
-211012
316873
277335
-235276
-289948
196217
312049
-187520
-289451
177728
364923
-157713
-311958
165911
324121
-35264
-372398
127258
457841
-21846
-439676
35855
374565
-30643
-365328
-36800
424083
21642
-444952
-34850
423632
75155
-352331
-185721
353083
197000
-417332
-166989
401752
237745
-296121
-219673
340431
258722
-320691
-299332
314352
400872
-318412
-402069
270375
352215
-239266
-427666
288687
414144
-195764
-428273
130791
462615
-104446
-439164
121863
493874
-49679
-462694
-17680
538629
26881
-537461
-35018
541090
90625
-480764
-101008
471887
135697
-486809
-168027
482188
220124
-432952
-315324
403120
312065
-398185
-298151
415255
358878
-352306
-436771
359456
490300
-345252
-484171
272429
480857
-279698
-517577
185025
501844
-220063
-561178
220176
593343
-110497
-615724
73060
622659
6660
-611535
-41165
573704
84209
-586589
-100331
613039
220835
-633321
-167580
602527
256535
-534491
-361321
599260
374657
-512964
-371886
531970
413331
-486657
-423249
436929
521690
-421930
-549069
385364
597934
-334158
-557682
226398
677740
-289714
-696144
280371
658117
-201516
-796112
143901
732747
-113534
-766968
83346
699872
32434
-829194
-65710
868975
170238
-653518
-194162
759272
271097
-755111
-362048
731362
339980
-692240
-442757
656603
476850
-604640
-549214
522191
522049
-623293
-626021
536069
692287
-454552
-720132
430547
686876
-277659
-757799
283140
763369
-272582
-800370
187215
836718
-128422
-843652
120557
872351
-7079
-910070
-15149
917074
188683
-928862
-227067
887870
269409
-882147
-344152
857836
408018
-880814
-493510
843737
491976
-760736
-583224
766784
640824
-618268
-714508
715270
760203
-588558
-728748
555678
815186
-502456
-869306
393877
891643
-356442
-950960
304298
992394
-225329
-967921
180435
1033465
-100578
-1008809
29103
1037124
129950
-1022987
-123970
962031
218614
-950508
-221303
1006401
324241
-952543
-409186
941619
503421
-882748
-566225
828725
621110
-853076
-712786
735570
785863
-696481
-883738
647176
910324
-548383
-919948
469323
984292
-365679
-969452
343122
1011106
-298214
-1038599
194187
1105594
-124576
-1043328
-26859
1054403
25602
-1079272
-109934
1115966
194565
-1033739
-289471
1014080
411006
-1016886
-482865
997429
560537
-982104
-636629
939236
696484
-847595
-768037
803741
884286
-775682
-798412
724345
912043
-623510
-934014
542743
968331
-532524
-1057983
379763
1092244
-305460
-1049038
261918
1096263
-214752
-1105247
130397
1097660
-25438
-1059634
-53685
1083744
112440
-1073265
-231043
1017884
294889
-1058217
-399778
978630
403396
-972876
-555467
841191
646171
-853784
-673176
781464
753516
-740911
-759565
667676
775849
-576962
-881466
522463
891250
-473780
-880035
382501
975537
-299668
-927336
271439
990485
-73437
-1009462
57975
992606
50564
-978638
-123465
908983
143157
-1009885
-200453
1002969
289818
-913816
-393973
917056
425916
-880013
-537349
786912
552597
-829512
-515477
753998
693314
-747682
-674752
610238
700510
-569408
-721313
526608
774469
-496425
-774838
393568
815945
-358683
-815100
299140
845295
-166503
-788919
150148
799401
-106367
-901955
30071
859396
137719
-899316
-87912
840386
227647
-860125
-261471
769060
292138
-792871
-412866
701836
318531
-659418
-420831
607682
460344
-604167
-476471
531384
550001
-524530
-571402
468144
722242
-414360
-651549
404092
690580
-334235
-677984
231429
789997
-149702
-687342
187142
734640
-23147
-714897
40567
737426
21894
-803191
-51593
719455
203956
-639741
-194521
692722
224470
-621343
-268008
706981
334144
-611703
-366520
572605
403833
-486893
-417514
459667
508378
-465389
-432655
436828
534872
-400577
-543761
331390
589885
-248933
-589282
265733
521077
-221353
-634614
162000
625550
-105699
-600820
55235
581447
-26844
-509671
26204
583495
6016
-524316
-27863
534037
133684
-556756
-95420
616944
98527
-496810
-169218
457455
246465
-514596
-268768
480933
352142
-383792
-378161
406903
331450
-330462
-414788
306180
355337
-259965
-454438
251838
463197
-190556
-454906
169838
424355
-143424
-444128
95353
430152
-10696
-478955
4134
395182
52260
-477071
-68825
449475
156037
-445309
-72666
506542
176564
-411928
-210595
428500
206602
-384645
-244769
374027
217998
-326625
-257187
352002
282818
-291788
-303856
320105
370535
-254584
-349986
254817
309510
-216570
-368502
182720
409906
-151966
-364121
114097
389042
-115766
-341340
49207
423313
-61331
-381871
-10880
393162
69383
-370441
-28020
359451
96882
-351925
-186087
377734
127539
-298532
-144873
354859
186453
-341969
-161267
250046
209204
-222160
-307856
247734
241263
-194837
-270728
232022
282341
-204684
-270640
169782
328468
-159230
-321027
150122
283656
-103894
-320845
103686
338652
-57853
-327458
57232
400690
-49558
-319613
-32709
288965
37756
-323042
-80219
299934
68104
-322521
-77969
310889
114180
-310481
-199111
256256
101052
-271544
-133647
226674
157752
-164081
-221797
274320
216262
-200852
-214224
196885
208631
-162201
-279345
166462
255504
-113604
-233369
90613
281440
-33066
-286496
97078
249557
-30706
-248533
21453
258770
-11615
-242784
2281
241639
1302
-230231
-71016
268937
97474
-185489
-70866
236727
118331
-186985
-70500
253010
82706
-184595
-143693
136279
153986
-172393
-129709
193819
252556
-132933
-207895
138328
250216
-99828
-255958
123846
320225
-88832
-168519
32974
212151
-21246
-278030
37309
202565
-29387
-233213
-14493
216724
34677
-221483
-83648
250673
23595
-252453
-4399
201060
137920
-186688
-130007
249577
99661
-268824
-154997
206975
125043
-147141
-132758
174170
160389
-239614
-121240
109500
108965
-119067
-179830
143951
233909
-119434
-206496
124049
132608
-68396
-155979
65579
236152
-8702
-203809
-1563
205440
42538
-217218
-35126
215971
42582
-189889
1039
223950
17690
-176292
-23457
221095
28362
-194659
-62693
213721
82981
-175260
-85065
131509
98285
-167739
-191552
110121
184063
-185722
-131960
122427
132143
-100670
-170120
134507
151758
-111030
-119206
71422
156501
-60545
-137627
71775
168250
-36452
-200236
-4937
157167
-53043
-164032
9750
105471
72192
-156278
-57950
196201
64731
-141387
-13716
179832
70281
-102443
-109929
100702
164164
-145686
-108176
124826
107018
-111223
-57203
99922
130190
-105403
-133532
139901
125825
-126153
-179553
65361
169894
-73723
-171303
14795
178435
-51614
-143947
6134
135370
-7146
-128346
25543
137659
24665
-157012
-41326
179184
66689
-135367
-20123
164545
41667
-133089
-74784
187661
76118
-121354
-61589
153296
94377
-116009
-113321
165895
83784
-102868
-117436
126321
45225
-29873
-78195
54115
83274
-105001
-115620
69548
95171
-60258
-127692
47840
167331
4404
-73840
390
124073
-73004
-127802
-11733
96188
27278
-92736
-101707
96523
15190
-113376
-47051
110884
41799
-179540
-110037
160830
93752
-99145
-89977
58565
