#SpinCore Technologies, Inc.
#SF in MHz
#SW in Hz

[HEADER]
@CLASS=	RADIOPROCESSOR
@FIRMWARE= 3087
@SPINAPI= 20130917_x86_64
@POINTS= 600
@SF= 0.000000
@SW= 30000.000000

[DATA]
-42310
152070
130514
-170955
-185119
101216
107949
-147894
-187264
109652
110307
-146975
-173667
105796
170687
-113524
-213618
104980
199636
-100798
-202094
26615
207821
43187
-244244
15890
138135
741
-215144
-59052
219922
30958
-238979
-137147
147607
128911
-200663
-169449
253899
175558
-87577
-138428
197108
169354
-62249
-192334
47626
196977
-19018
-177597
-41718
201999
16605
-175879
-63220
238821
-3350
-223821
-51560
208103
103640
-241730
-31344
255442
142058
-173594
-187186
175902
144216
-175505
-147325
181933
180369
-106770
-256846
95694
250881
-79380
-215573
46305
255273
-46225
-257341
-11445
191601
59773
-195261
-63348
213149
91811
-247769
-48501
234997
161622
-227199
-164694
218786
137485
-255776
-214004
185299
204425
-99570
-231816
106692
208293
-95980
-286570
141536
293503
37855
-268722
-20443
258565
-10443
-274930
-62487
274416
78340
-280361
-112790
221795
198733
-257275
-136031
182727
235087
-211833
-222204
153027
241789
-115114
-267781
174958
264809
-27517
-264398
67171
286256
-13905
-283164
64778
340226
-5607
-276840
-64053
292784
92549
-310757
-121201
320839
175070
-269207
-96829
272701
201377
-194026
-160193
194578
220214
-198244
-318099
123832
330830
-127223
-294150
54774
277051
-86597
-358674
62744
354457
7600
-338461
-116702
323381
82250
-307401
-120523
305441
219114
-337091
-158349
296523
187133
-173525
-230232
196478
267729
-228952
-317431
193040
338490
-138135
-293544
146705
372593
-113216
-416007
51613
340282
11535
-324628
-56910
385735
80494
-378919
-155385
400274
215748
-349792
-220422
316886
239025
-287549
-229835
235481
293816
-254953
-287627
231950
323741
-194460
-316561
145148
384483
-33697
-366220
44333
394806
340
-453613
-4969
424851
65169
-376057
-127537
415298
160107
-355413
-181105
375782
243777
-296739
-269615
286495
342093
-312674
-372357
230752
358037
-244218
-388733
177206
445167
-146051
-421905
52385
458546
29039
-477149
-28446
427855
52147
-428331
-136464
383163
165655
-403693
-155061
379373
236058
-332417
-268075
312480
363735
-256794
-366293
224240
376441
-215341
-382159
227003
434156
-109918
-427506
59231
456821
-53829
-481824
-57742
507703
60726
-547216
-82442
458217
217349
-475330
-250127
447456
271862
-404230
-287431
441511
392812
-323897
-411557
262588
463505
-279328
-436447
139621
523163
-70709
-531252
91592
523848
-25575
-521256
-51416
497146
42369
-463588
-113203
485238
290182
-473933
-195933
495577
252390
-406275
-314749
387224
369484
-414202
-424230
344497
477682
-264276
-530889
230541
535171
-116099
-573235
37554
521782
-26373
-610891
-59101
593061
54622
-583691
-218675
584638
230105
-543178
-308300
525169
337853
-468212
-431060
445989
458072
-404563
-497480
353278
534315
-252278
-573038
259283
564075
-208828
-641502
91257
604730
-67653
-599071
74918
637806
83820
-641823
-88843
573520
178587
-615187
-242170
578273
328546
-518384
-359277
481968
468813
-480584
-490771
361943
588867
-300438
-612081
318190
622607
-230972
-653340
107351
702221
-40092
-635456
-33365
655793
112057
-673623
-186915
680151
185949
-683073
-341407
655205
389593
-558043
-446936
529990
539054
-511720
-572283
411061
595997
-379891
-647603
330853
662944
-238403
-728186
261491
777401
-126875
-804719
102082
796901
15197
-765586
-222287
738709
315100
-747997
-295054
689443
371432
-660235
-513723
586508
515203
-517338
-549727
467622
650544
-374157
-718472
319142
757124
-238087
-791216
211118
821112
-61374
-795301
13335
852655
41165
-908746
-200927
830133
296331
-882100
-367366
784918
434229
-746751
-519652
688839
600799
-671692
-685762
614579
737495
-450892
-743410
444929
843036
-409897
-871523
261143
976819
-147740
-959367
30605
948154
52377
-959977
-113068
921705
242840
-864150
-310869
857247
372720
-758471
-562945
705964
637266
-650288
-699307
559851
742033
-473743
-785546
395834
880958
-334931
-930571
185462
958849
-124448
-1006475
-19371
984278
99873
-1040163
-207629
984977
233836
-927701
-447410
1002454
541673
-948327
-615609
855341
687743
-822973
-764173
718716
824640
-634052
-916315
533146
997307
-461093
-1006906
341184
1119629
-181218
-1050831
142265
1078867
-26887
-1029325
-92301
1146336
227375
-1004546
-307731
1009439
481951
-951030
-582800
862872
667149
-764338
-767502
708095
850621
-656978
-917354
463896
956375
-386231
-951765
248224
1049609
-274917
-1060745
128234
1143312
18270
-1097548
-110619
1091222
331296
-1131295
-378690
1051666
562248
-1003739
-638868
917537
718474
-886464
-807021
750297
920236
-671821
-933761
627320
956464
-473029
-1048598
361956
1008252
-269005
-1049592
129563
1172069
-1727
-1140397
-51941
1150015
197607
-1078229
-261941
994984
416515
-971382
-463928
866940
685903
-805501
-686056
718691
832384
-598925
-903757
534252
1005922
-426331
-947875
329185
1016354
-212853
-1034551
79401
1075117
9671
-1036823
-102518
1076388
198639
-1013502
-271150
1020229
408385
-965064
-568067
883605
698030
-867358
-687422
789209
803862
-682128
-824025
630892
862939
-501063
-981066
376487
916800
-338427
-983040
161993
986588
-83050
-1001772
-33256
987132
167884
-935086
-238836
966267
334913
-795917
-450134
786921
583907
-834294
-610210
649369
657958
-557625
-803602
477978
810643
-433715
-847108
342653
888709
-283106
-929698
114177
921959
-84760
-968370
-114992
888934
202230
-838926
-226582
935881
322638
-844912
-440446
764423
556295
-752999
-573458
653249
650752
-547173
-747037
452024
788097
-421515
-802340
352196
751926
-314564
-822141
149492
815581
-52634
-827924
-28001
799664
73367
-822015
-266612
740007
245359
-739652
-312469
742461
430489
-614761
-472626
596416
553856
-514381
-599232
453946
638284
-374384
-715520
325476
745984
-212889
-739158
143204
707466
-49538
-741896
-50978
738761
152494
-743317
-292813
680693
223707
-766019
-290821
646517
434037
-651872
-415876
481540
490712
-496589
-636113
408127
648714
-389133
-639329
346267
685144
-209019
-649685
140985
619377
-115010
-662140
-42456
658818
103223
-694481
-115083
665264
258079
-607105
-286961
547570
326140
-569564
-370181
438133
432221
-399410
-516846
406630
496209
-364685
-554939
312804
509814
-220248
-669680
121291
634577
-22306
-669048
-26300
647893
97506
-666608
-155734
582604
165419
-626880
-219087
555511
375056
-545675
-405667
458906
441250
-424496
-442540
380300
458949
-309031
-517751
283344
560097
-224500
-608707
178054
588262
-101595
-579105
8864
550527
54086
-551786
-104820
573083
138036
-491898
-174957
439788
232636
-472998
-337648
445819
318145
-406009
-352125
341505
416846
-311420
-459750
253784
484746
-195705
-444310
82213
522133
-68473
-509929
-10688
495347
98212
-505684
-152959
530035
162277
-473137
-155149
464160
284804
-462534
-262787
392237
364589
-310992
-329449
308846
398654
-274213
-395463
210341
434703
-108108
-441135
127966
454084
-61032
-495857
31601
459728
14392
-523667
-79091
381720
86552
-449579
-180667
461201
203035
-331676
-203438
298907
260373
-277020
-303888
288595
364673
-238170
-416110
269151
433281
-109174
-445268
133048
391534
-10074
-361161
82125
402218
38348
-464236
-90431
407218
88429
-425466
-121520
419200
210002
-332979
-216719
384963
300630
-314019
-280667
236221
309761
-224398
-348300
220630
361257
-140057
-349508
102709
351347
-83175
-352289
32984
390892
44224
-446209
-98648
360585
123993
-363652
-127621
322410
159868
-409711
-193981
299970
270853
-258719
-276079
234914
295217
-195157
-272584
147436
326551
-111166
-390052
25401
312534
-57055
-293870
1370
323506
33079
-331637
-50774
319693
55134
-337223
-109571
337281
174500
-294686
-109525
278954
238776
-161517
-201866
253715
235927
-262613
-288501
151977
307919
-87674
-328735
136755
324093
-93414
-322532
45167
356497
3711
-280251
15140
278662
23197
-323814
-62305
322951
113650
-196210
-154893
239185
154639
-276287
-203868
232627
209999
-178463
-308640
169458
204490
-205455
-272237
139309
317634
-81064
-288323
-10036
226715
28555
-303885
16874
289046
91508
-307856
-81283
277222
162999
-260459
-173202
225467
179470
-246702
-196133
207996
186880
-205750
-189476
180160
240154
-147433
-226711
148454
217763
-55258
-246216
-26965
255460
9920
-213697
16601
302365
110982
-230366
-101796
265400
100352
-256365
-131805
266044
151358
-147821
-184413
154338
197273
-153704
-146819
81223
202489
-92784
-214551
87580
282439
-43271
-224036
48436
225985
5422
-251886
2138
272665
33121
-271270
-107970
324520
43466
-182403
-168427
240781
136652
-193837
-137421
133202
192039
-172534
-232586
145569
186597
-90721
-196443
125234
229757
-40521
-259218
60783
257552
-104723
-237591
30645
210368
57695
-224696
-19828
185144
34943
-290055
-58675
227824
158722
-188644
-86140
174523
114463
-94385
-124643
116289
208605
-84334
-192413
53876
204215
-92923
-157178
25515
278049
-20398
-245408
-22002
219972
48604
-281849
-47611
174755
57130
-183827
-113099
220454
134723
-146869
-108854
175704
139799
-133306
-120084
54668
159801
-136691
-102118
150573
208272
-80083
-175267
20464
191264
3175
-211223
47215
143473
-27925
