#SpinCore Technologies, Inc.
#SF in MHz
#SW in Hz

[HEADER]
@CLASS=	RADIOPROCESSOR
@FIRMWARE= 3087
@SPINAPI= 20130917_x86_64
@POINTS= 600
@SF= 0.000000
@SW= 30000.000000

[DATA]
-118831
-110517
121005
203842
-122756
-161696
193533
164783
-84379
-161379
50874
260977
-92796
-187440
86725
193821
19493
-162519
119204
183153
-23568
-244215
9180
184361
43080
-292967
4604
211801
14955
-214146
-54144
249660
38188
-214673
-108693
206209
143518
-181319
-136869
138270
173777
-181366
-121341
176571
168189
-148371
-150497
137890
172486
-46407
-191210
66017
218920
-60790
-163359
107655
230983
-30617
-258346
13862
249511
11866
-218655
24264
255347
-18553
-201386
-35750
246648
41183
-270444
-59781
264971
53083
-230544
-64301
182764
75730
-244508
-109167
182633
137596
-172735
-149693
173741
171704
-160417
-185045
166146
176402
-104395
-111320
101145
228248
-101626
-258061
94908
220549
-50504
-186779
-9928
231280
-61001
-252531
-13550
216860
-32529
-328922
-31301
219660
101584
-317104
-27320
236409
114215
-202562
-147925
282059
162996
-212463
-175952
231766
175995
-241538
-176814
207723
253010
-186795
-240623
173732
205173
-103325
-263268
167679
243343
-103296
-269431
124511
224027
-21003
-306527
-405
278346
-65137
-247381
16447
294072
8556
-281793
-4523
277911
28609
-288659
-108052
301090
31672
-272527
-150755
296399
134884
-281960
-162951
274703
257663
-235162
-247461
156084
227641
-206324
-236331
199261
267913
-141669
-311309
187643
311127
-95806
-250187
75526
331526
-79911
-335710
1174
343926
346
-365295
24206
337240
61257
-377431
-88501
378585
71601
-280255
-118879
380554
204341
-280487
-177798
302314
172283
-308333
-232194
330099
210057
-261014
-275461
292615
309523
-165237
-281799
207198
318269
-154771
-348856
131676
328332
-139038
-342326
118510
430625
-72771
-401310
15805
393910
-35557
-416668
-9926
400602
-42800
-429644
-58454
386782
158523
-365009
-112504
421306
225836
-349398
-223999
344521
234440
-301837
-266351
312688
307777
-290383
-314125
268612
338285
-234630
-335607
222801
444856
-167234
-349608
151069
384792
-121546
-387985
120563
434068
38075
-398841
-1739
425455
3497
-415750
-91476
429901
81021
-477919
-126470
431583
155748
-418401
-227090
452662
215537
-461061
-291454
371594
271160
-346773
-303898
372626
355473
-350249
-430738
306655
497789
-335809
-438348
236845
409655
-165669
-465873
201396
491941
-110468
-522588
2603
475626
-21027
-551757
-22062
516238
30858
-549308
-69463
548082
154378
-554937
-144550
503264
148068
-471344
-251388
477455
348487
-417474
-390974
460056
407946
-341633
-404158
353922
426979
-360148
-443478
274303
499167
-252044
-531034
198149
496249
-202254
-528067
139987
573986
-56311
-556432
69555
527744
28178
-543103
-79585
600169
117472
-609963
-175544
572220
243806
-566928
-196483
548298
306087
-519313
-356232
523500
345429
-513299
-409462
436546
481555
-463824
-519561
436034
494047
-354760
-579625
315674
603803
-252434
-669894
230781
678667
-194574
-696120
114467
664174
-100322
-704868
14592
749441
60475
-687001
-152733
717440
170533
-679220
-230956
669940
218637
-684911
-315477
635685
432949
-617464
-484466
547861
481166
-530593
-441897
485215
587398
-502836
-642927
438449
703313
-267060
-672173
322565
737607
-230343
-768244
193765
873956
-93028
-830523
62780
777563
57424
-827665
-60526
855746
102453
-820369
-226600
764153
293612
-834810
-328774
733481
366917
-716553
-501540
717228
592811
-608310
-559117
675336
610758
-611897
-679444
573652
740699
-517196
-844341
470491
856965
-383795
-844469
271817
954243
-229836
-950586
196062
992501
-94176
-948838
1761
941100
28317
-950001
-93587
988158
181095
-930181
-251163
924426
409899
-860633
-474764
832687
481076
-810450
-603133
813664
672255
-687698
-707866
684689
754581
-619217
-854591
544067
867458
-456702
-978252
454077
947494
-285991
-997233
243665
1019221
-77664
-1103433
82763
1080324
17864
-1114239
-121213
1046944
192727
-1063025
-233765
1051582
402081
-1014923
-387660
1014164
537614
-1052449
-652383
977733
611994
-855697
-750428
898179
772388
-768986
-915619
734416
1010689
-659706
-1051361
614242
1090838
-493825
-1108823
394005
1166666
-281121
-1196554
211250
1186729
-138690
-1133809
-8526
1237046
61027
-1223122
-174085
1225210
291745
-1192603
-349822
1142923
513142
-1080184
-534649
1077959
695002
-1013029
-735933
958703
822588
-940577
-860730
857883
961695
-760539
-1009719
699333
1165488
-541443
-1183725
492056
1168037
-375337
-1203281
279374
1242869
-175948
-1295041
25032
1298758
54021
-1248757
-180708
1304369
313969
-1333965
-355316
1258589
416769
-1190059
-579247
1173879
710517
-1179332
-689456
1045364
803566
-1007364
-939991
900362
1041263
-845754
-1055038
762236
1159188
-678370
-1118475
562664
1209991
-533074
-1228136
352519
1282064
-237721
-1284231
227675
1284730
-112365
-1304999
-62765
1264595
72802
-1237393
-239615
1276567
350824
-1154382
-393274
1164042
511817
-1175744
-587424
1047521
688742
-964982
-753234
916180
871631
-852140
-945178
779643
976960
-662526
-1005014
565113
1106198
-557562
-1112167
476181
1146893
-313435
-1236439
165306
1250815
-155412
-1170251
-5074
1161956
79393
-1183604
-193690
1179025
256654
-1245593
-363033
1088343
415068
-1102732
-580973
1066637
573850
-959246
-681707
941572
799087
-915249
-796310
797335
920050
-700557
-914485
677786
1009522
-580899
-1044931
466560
1066691
-361649
-1070232
295173
1095614
-207223
-1086322
176304
1079095
-84219
-1066076
-45661
1049033
126332
-1008219
-160703
1023719
317906
-933485
-363727
882316
464916
-862878
-511164
855405
578010
-765776
-638740
720498
662040
-670325
-751092
609736
756828
-523653
-828481
431834
848690
-377518
-907230
239421
889075
-279182
-909382
75562
990264
-38600
-957019
-12938
930933
56035
-955897
-114140
911390
203158
-929762
-251557
841367
368706
-852797
-433613
749834
537898
-718778
-551298
729285
564482
-698374
-591069
605655
728952
-547258
-752447
421753
783438
-421482
-825901
385859
729499
-260248
-788722
231759
817303
-186937
-831927
95177
880882
-40820
-848590
-36577
802329
53554
-759733
-101564
735957
178895
-724960
-268943
646472
359985
-680934
-378651
669035
440284
-613774
-487259
580742
513156
-500757
-540272
518789
541092
-460984
-617602
338556
686046
-298844
-683261
256215
672588
-227255
-675214
101212
683402
-20794
-671872
11854
710157
55132
-679509
-166699
642945
165029
-696538
-191348
632199
256950
-594217
-319346
585207
380497
-627143
-347324
552039
463616
-514956
-454836
419788
481963
-429893
-534398
310304
584719
-361588
-613160
256377
612631
-210290
-555522
187274
650963
-148899
-603307
130181
556802
-21507
-623757
-17342
570860
81073
-557229
-123637
580286
216266
-501767
-257146
519210
228829
-494111
-288744
435732
221508
-476648
-333554
388414
381348
-354851
-454113
295303
409594
-292749
-515916
272318
437260
-179322
-493807
204036
507266
-122043
-503792
138815
518933
-19191
-455102
28659
491260
17070
-519265
-57099
466459
153337
-509082
-136374
404403
175421
-412552
-239073
460129
228211
-436596
-243277
354487
300927
-415693
-335059
385290
329668
-305210
-408754
277299
384446
-244723
-436424
231966
479899
-228546
-373130
226264
436190
-161974
-391611
-2436
480434
-12297
-438400
33617
421568
39387
-430635
-85937
443692
89917
-428782
-97868
406404
151884
-404867
-266138
369392
227901
-373034
-235633
358447
271213
-244906
-302548
275638
228603
-168798
-279536
224520
331350
-212910
-360718
186379
420545
-143639
-364426
142831
378505
-59546
-349959
32156
349032
-9510
-424629
-41846
413361
59891
-364594
-59537
351343
115071
-357887
-50494
326704
190930
-335499
-217754
317095
211399
-285245
-264657
267554
209495
-304815
-301127
248437
308586
-228837
-278818
160328
297707
-214166
-299852
83964
300350
-56862
-330443
107762
330575
-58304
-391628
37174
410917
9660
-289197
43612
300489
108001
-310888
-51280
324269
133742
-322206
-65940
265137
128245
-284258
-135587
224213
194765
-222952
-161120
214597
149658
-178319
-279235
220991
186029
-170395
-330597
131434
209620
-67008
-243698
136216
308531
-46594
-256377
70608
300492
-57587
-370356
-3052
322447
5439
-309219
592
324248
38583
-277999
-45392
172779
81597
-276560
-163581
207682
119250
-215108
-155102
212635
170279
-184883
-120226
219410
162683
-131088
-167021
188005
205503
-108953
-188656
96557
187503
-44587
-253695
42190
220437
-69418
-264091
3555
184457
-10402
-214299
-61219
287124
15367
-267211
8312
249549
62056
-213293
-107999
246534
106975
-216966
-104253
213441
120830
-224319
-168501
232489
210996
-161998
-131499
167631
138554
-161698
-222651
141447
194612
-72264
-126294
122981
256315
-110010
-261690
78258
241002
-50101
-245386
85861
189201
12596
-160966
-52508
223850
51692
-206052
-11715
193167
55383
-192376
-70875
197694
54714
-254742
-134158
167066
109260
-184172
-145176
184528
108200
-218222
-117569
181912
220133
-60378
-202519
166714
187916
-143436
-215284
75750
195851
-76407
-224476
74842
221686
-30916
-231658
23652
165202
-43071
-203847
9102
245979
69909
-204720
-31102
209156
85559
-244715
-46958
166364
52436
-228155
-29591
120713
144861
-136718
-165324
197806
120693
-107849
-124705
79951
77117
-140918
-154764
142484
195991
-58222
-223332
