#SpinCore Technologies, Inc.
#SF in MHz
#SW in Hz

[HEADER]
@CLASS=	RADIOPROCESSOR
@FIRMWARE= 3087
@SPINAPI= 20130917_x86_64
@POINTS= 600
@SF= 0.000000
@SW= 30000.000000

[DATA]
115373
66299
-66856
-132630
14533
107265
-122035
-116203
123741
131469
-83320
-130388
29356
132340
-20565
-133722
10375
84793
-27189
-148152
54959
146288
-37832
-123843
39945
149904
-7322
-189247
55021
177472
374
-114868
2503
129617
-17719
-147220
-88720
100423
60666
-75513
-69199
166522
88597
-200195
-93854
190327
86193
-93989
-117116
65856
81297
-50752
-137718
92605
117098
-125014
-188894
80452
173747
-50919
-133039
39583
193168
-66317
-144179
40440
170201
-64420
-190230
-58224
206315
3931
-146295
12582
133876
18239
-106728
45851
178363
85894
-168473
-53756
163176
108686
-194340
-108175
149943
49308
-96216
-83459
162254
137831
-118481
-54093
162363
93643
-157191
-145163
71293
124946
-58550
-190089
17673
162104
-112199
-154807
96434
183566
-18657
-178408
47313
201134
41550
-167186
95307
176758
16485
-166024
-24691
186528
29085
-144155
-11371
161002
51580
-173062
-60272
151971
74799
-101863
-74938
143435
51443
-177597
-66441
161657
190237
-153368
-120689
127221
95352
-136105
-156637
119013
133777
-104289
-173486
121899
191075
-112506
-171374
82863
215004
-101486
-185222
68926
175788
-14092
-196698
-34992
235103
14250
-159061
-56514
233143
17450
-211062
4637
244835
110163
-231240
-15874
221461
99965
-227255
-102676
202580
85793
-220839
-128400
168288
121767
-138306
-142984
187650
195091
-186736
-182649
120775
172376
-154471
-165324
144910
237763
-145698
-221469
122269
223193
-54862
-230250
26614
159872
-81776
-210968
38715
251391
20440
-240358
-12033
261727
24102
-261698
-125265
238948
102434
-193964
-120548
287464
91198
-235328
-119534
192715
169109
-263295
-196003
208642
157833
-200587
-227181
164739
181240
-162659
-216374
169164
261628
-169219
-221876
113595
205463
-159448
-244397
103315
279805
-60469
-233509
64455
284430
-54145
-260519
42838
322993
-17157
-311301
-27599
317122
15080
-288235
-42067
289061
35497
-298693
-82527
316811
72613
-268678
-161981
352255
138103
-291178
-192111
271527
236274
-316439
-256178
262239
277844
-180004
-270607
158940
272369
-141449
-234632
195554
270447
-150435
-305252
165155
297910
-37258
-263068
95900
351912
-77067
-410154
12040
307616
-26140
-371654
14448
352301
75333
-379318
-9701
305051
76569
-414406
-164217
325682
119166
-329837
-162703
354324
192917
-314746
-205419
322861
272469
-295074
-248180
321469
327401
-285651
-404314
293569
314695
-276332
-310698
173268
384885
-244210
-411659
190145
445096
-142846
-409286
155116
417626
-113947
-482634
96881
440176
-26213
-451571
68779
462433
36240
-414086
-86438
507777
54554
-416862
-60172
429029
131797
-424559
-134991
419495
204579
-386577
-214906
414151
261019
-337275
-325547
324163
353849
-358796
-367487
314865
409269
-257531
-368481
247546
416920
-242305
-452650
203978
514786
-164542
-486615
171013
525719
-156291
-534778
49382
514709
-31529
-504731
20045
553077
21164
-542721
-33798
538528
109497
-564921
-165052
608060
156963
-523378
-273703
536441
200596
-506787
-356218
482706
344693
-492078
-340943
507046
426608
-411509
-386234
437879
480382
-436591
-519479
323005
519751
-361746
-583816
301514
573821
-271138
-587047
211172
657648
-180674
-617271
154004
613370
-22342
-694540
90206
679811
-18980
-686164
-49496
679743
88526
-622033
-195329
644189
241338
-706982
-232278
655537
330095
-705221
-357553
690928
319608
-614250
-409566
623612
513508
-521715
-552276
567317
627092
-482878
-631471
511940
658656
-428967
-674609
342904
758826
-294990
-750274
240063
778952
-215432
-875860
173557
801481
-155177
-839653
22713
877778
50075
-918732
-36077
920728
204693
-908133
-204687
902261
332980
-830464
-300176
886303
386271
-892610
-446025
887278
599410
-827997
-608990
768910
623342
-754713
-803119
712783
824256
-766741
-884372
584910
949270
-549663
-1003683
539843
946442
-498600
-1064251
302869
1055055
-309980
-1112548
249229
1125694
-194567
-1104649
67759
1239557
-4270
-1212542
-23988
1197996
164795
-1235566
-229736
1249499
270934
-1160942
-368912
1194790
474316
-1123064
-561059
1159827
607223
-1079413
-673868
1084505
806097
-935586
-852604
957503
971457
-831149
-1008881
840677
1092384
-787343
-1218291
647741
1211678
-621015
-1178521
572052
1305671
-462175
-1283177
352500
1435910
-250294
-1429356
221282
1416295
-160330
-1457291
22242
1452023
148268
-1512701
-207373
1530310
278031
-1527217
-418743
1501160
470072
-1460608
-560429
1440467
707520
-1326474
-791993
1302557
827447
-1299921
-909017
1206937
1001148
-1191073
-1015693
1138211
1074711
-989762
-1215644
956044
1286491
-923605
-1354101
782010
1417708
-715733
-1462622
661799
1410260
-553745
-1487942
444550
1445622
-279019
-1446556
195759
1530289
-173084
-1439367
64508
1478387
53875
-1470421
-89235
1450904
259731
-1417902
-344206
1406218
471561
-1370281
-472070
1344674
597972
-1161245
-650108
1157400
631957
-1121630
-820732
1032715
837029
-924793
-923504
935761
1035211
-895743
-992110
794798
1127828
-681633
-1134086
597316
1083108
-474359
-1158931
414154
1159893
-330649
-1205024
206400
1202130
-240858
-1189893
66739
1211719
-51827
-1153598
-29414
1121301
161900
-1189097
-232899
1132564
294529
-1107157
-383464
1018143
424579
-969132
-456816
995730
571437
-959160
-614162
891899
634173
-797307
-670941
779023
750737
-733583
-742664
627663
815673
-623168
-769646
537510
801002
-460930
-825227
327543
909239
-287927
-887388
224586
910159
-169059
-880895
113051
875404
-16758
-811690
26597
894766
71572
-826395
-126070
833691
189583
-769104
-249987
756537
251991
-782787
-358969
692823
326435
-706155
-419870
638946
404626
-563119
-513404
561173
569271
-476608
-616634
450222
603158
-426373
-672071
372576
644266
-351959
-626873
332185
705206
-202383
-689744
165865
679862
-171870
-692080
106015
702120
-17619
-682625
-27432
658461
55493
-700284
-63507
678337
246102
-668861
-227837
607090
218645
-567550
-260179
542934
290438
-532715
-301000
514233
288439
-446118
-398599
510360
405759
-446691
-390445
428395
409700
-341003
-582460
324979
533597
-251297
-592557
258260
551213
-216052
-532512
196899
546809
-133763
-522208
59276
525078
-74013
-544524
3324
479613
-22969
-485701
-52429
560860
94452
-494272
-64026
512076
131116
-453000
-252493
446649
255625
-428568
-318922
401525
233978
-412233
-257019
378977
328181
-325068
-324433
288985
356598
-296872
-358054
286765
394215
-232685
-427211
168541
430571
-129741
-392290
163826
407759
-104456
-422244
10597
448017
-14105
-446490
5094
465249
-3464
-453256
5368
425102
81431
-375660
-88483
422054
89900
-440456
-177430
441554
167374
-391335
-192044
365444
244099
-333978
-211648
282124
232919
-252131
-304656
221454
353827
-245900
-308570
246133
323331
-150747
-329757
156001
381867
-101345
-340800
124451
374122
-120941
-334709
57007
333914
-24025
-397778
-2263
402410
-54157
-383152
24915
406160
75184
-336357
-54599
288513
86086
-346665
-65822
311883
110025
-325836
-194111
269341
139977
-228666
-134365
318537
172547
-167954
-232791
226076
230659
-262656
-219354
233104
286683
-203648
-261003
178939
280692
-108322
-276892
97980
322970
-120778
-275211
78916
325645
-30045
-311650
-12104
273136
-69187
-332564
9493
299554
47803
-300499
-91231
290260
60581
-226033
-118535
252303
177440
-247928
-180445
191045
166794
-291517
-191426
190302
167206
-165534
-170838
248335
242648
-183804
-260310
154570
235720
-90890
-237266
146896
227753
-85705
-213883
121373
260093
-86392
-261469
57641
245865
-79768
-174636
5082
266531
-14787
-267406
7180
193192
12685
-178753
-45416
251710
43676
-156543
-51032
130359
83911
-173766
-144868
200763
75706
-246733
-114850
197419
137685
-164595
-96783
156435
142154
-161791
-229052
167177
145182
-156893
-136240
66569
177597
-22055
-191482
61554
209986
-24280
-215985
5340
195822
-58796
-210516
-38329
227365
-6561
-185011
-8544
252445
-16526
-274855
-31304
236932
67505
-205460
-83323
146959
56094
-164363
-47333
239159
65705
-154278
-78432
167338
123721
-164264
-122781
134297
131564
-153163
-85117
148924
184176
-28376
-141887
69966
202958
-62623
-214879
67296
172789
-100062
-87865
63990
241219
-61929
-177173
62993
171379
61075
-220671
2528
129943
24764
-129383
-19806
132497
-932
-156274
-46157
144554
85116
-188075
-81511
82256
149051
-134269
-73256
147564
89179
-102711
-190492
172765
93100
-120082
-101428
94228
111754
-71935
-122999
128195
114411
-136583
-161536
60093
153750
-104378
-176949
65802
195326
-1173
-141598
32307
158104
-24307
-131422
-3845
147896
-40783
-199976
20989
116284
86768
-162123
-63678
65741
78637
-176560
-86429
150424
32482
-110488
-77206
100631
146123
-134386
-173860
113248
114246
-178547
-81365
60976
116602
-114582
-110128
123886
110059
-6865
-88137
136145
156683
18494
-123775
47902
193266
-11642
-185036
17695
144344
-38633
-106678
-29484
173670
-30382
-105807
33348
148367
-19737
-169572
-60722
207265
7734
-117618
-96850
136418
80927
-152829
-75145
94969
55858
-113589
-76748
160588
123916
-123691
-143275
46582
110074
-70018
-90215
87126
122054
