#SpinCore Technologies, Inc.
#SF in MHz
#SW in Hz

[HEADER]
@CLASS=	RADIOPROCESSOR
@FIRMWARE= 3087
@SPINAPI= 20130917_x86_64
@POINTS= 600
@SF= 0.000000
@SW= 30000.000000

[DATA]
-172511
-154543
179807
108299
-165076
-115377
174999
143094
-80506
-134533
134504
209536
-185109
-167334
46262
214247
-138870
-226350
41562
213915
-39493
-246428
-9001
210295
-50897
-211322
-27862
227142
-17255
-243307
-61355
190546
115148
-255736
-55111
219750
35971
-199878
-96696
197606
112089
-159636
-134749
224743
110443
-176169
-220194
161704
147765
-160390
-184793
167206
188793
-105758
-141145
83247
236439
-89362
-190145
93042
291376
-25710
-239530
26758
262498
-45691
-259762
49712
286909
21434
-236505
-16320
270474
79004
-241359
-150501
320484
53711
-269364
-68519
276304
199400
-188755
-158537
209660
123180
-255582
-141326
156140
198953
-189402
-204208
168350
223238
-82959
-256501
87064
247190
-106217
-194050
48379
307154
-48302
-294094
55372
242656
-18893
-245346
-43157
223208
44945
-223309
61779
326076
76286
-266247
-138248
282270
133821
-199430
-160019
255979
171117
-280632
-229893
254195
205704
-198272
-259333
159362
251504
-171361
-243804
156954
270414
-88363
-214297
132333
272693
-57574
-252152
84937
266169
11288
-329365
81068
346517
-3677
-285971
-3620
386277
41428
-388214
-27455
376679
68338
-284962
-80875
264263
198291
-308015
-232894
244122
147040
-232883
-258502
227735
217402
-243731
-243138
213052
277619
-190196
-319559
120747
323634
-229594
-331052
137599
244316
-99136
-353536
56711
309138
-44009
-337390
-11859
392171
1399
-376141
-74403
394100
40156
-359953
-119471
382767
104670
-338485
-149405
371405
131545
-335225
-220415
275079
270073
-313411
-223438
274955
268381
-243599
-295802
201677
271839
-267079
-279287
234791
362902
-186803
-332236
131750
405597
-118324
-383420
97743
361260
-42491
-424320
78691
390945
22721
-410768
-69758
430686
86633
-351955
-112247
422995
143579
-361347
-158649
349580
237468
-359009
-273458
314121
242225
-275660
-377809
241507
307572
-303099
-310232
243208
380335
-185186
-401098
185239
421658
-161621
-446082
72397
452347
-105902
-474636
49812
499508
15669
-485875
-52049
425033
46653
-534990
-78046
491556
158999
-465212
-177768
458279
195328
-436276
-275873
456678
290917
-412797
-228549
330984
349539
-370565
-393974
358520
409383
-314570
-421628
257163
481066
-220384
-541944
256485
480345
-130785
-499103
117541
594996
-62852
-571843
45676
534610
34496
-558395
-31195
564244
146636
-474598
-137517
569366
170530
-503748
-230391
509109
328992
-538994
-358788
417642
393006
-411326
-423458
471181
451209
-367409
-503687
383113
462807
-302853
-536215
227312
540025
-189267
-577773
174591
573833
-114363
-662176
119597
654159
-5205
-678001
-1367
596562
102439
-578292
-85818
670597
229519
-647075
-207675
648964
262336
-573163
-302935
620051
483492
-581920
-461768
518793
474762
-514229
-547554
455800
614292
-393117
-684051
373493
655934
-345446
-718236
268238
709844
-198060
-767097
165160
758359
-141941
-744329
92645
748406
10383
-791107
-72645
759243
162992
-832866
-217393
813218
279993
-753275
-284454
775513
400819
-698691
-489667
682681
521531
-618864
-557621
588458
641689
-553831
-612969
448283
629456
-427117
-811103
364346
777575
-326515
-817052
287789
927978
-170667
-890906
119363
921121
-12940
-984598
-36082
968553
130284
-948085
-217742
949651
302343
-958712
-342291
877759
388556
-896591
-547994
917619
576318
-809989
-595684
755329
685770
-664023
-770536
661831
823084
-590519
-915204
576351
907525
-446862
-972723
335407
1068103
-364000
-1026385
226670
1090815
-145176
-1095051
22733
1141119
46232
-1117933
-57527
1118185
174443
-1082469
-301164
1056809
386558
-1069965
-511200
1008075
548147
-981595
-660371
995178
749617
-885851
-830374
746577
959383
-764486
-970033
704372
1037030
-569299
-1147885
576278
1185835
-417745
-1193164
391964
1234951
-250403
-1209434
107404
1339940
-56155
-1330483
-80449
1327632
185709
-1367700
-300962
1278881
452655
-1303716
-471110
1297589
572971
-1253508
-778779
1204952
893005
-1101450
-917319
1057985
1038547
-1026502
-1157941
919876
1166653
-779331
-1306844
776990
1340652
-639621
-1368288
500381
1445120
-430288
-1552274
287014
1558318
-215595
-1536070
75607
1654357
35155
-1603369
-166257
1601288
292983
-1576500
-492109
1607151
551119
-1534189
-684195
1441569
832373
-1429253
-946001
1354338
1144513
-1182034
-1208860
1121843
1325796
-1041852
-1357407
935035
1477207
-695446
-1562867
671156
1633184
-541120
-1662665
358456
1817008
-220008
-1808969
109436
1810711
41778
-1758860
-199583
1791499
420158
-1800404
-511532
1730906
672773
-1715700
-741849
1659635
948733
-1575899
-1010266
1480295
1162528
-1407777
-1296276
1355333
1407919
-1207219
-1510620
1094674
1562029
-974743
-1618748
847744
1708405
-645702
-1759597
544928
1820276
-350715
-1808766
297631
1870404
-92411
-1806666
-18277
1785290
188255
-1759100
-352144
1725031
481551
-1670250
-637664
1572974
724865
-1542983
-906205
1435042
997745
-1269949
-1040933
1191173
1157732
-1171732
-1265366
1006544
1279775
-911674
-1418442
799639
1406913
-606941
-1458978
473452
1580523
-363486
-1556299
292838
1572591
-65066
-1586942
-35677
1553428
128424
-1520831
-238217
1484926
339369
-1491683
-520235
1397184
538137
-1372992
-673077
1287133
815270
-1215883
-854106
1148744
947302
-1039886
-1057465
1002583
1143069
-882128
-1227492
792222
1161394
-707674
-1217985
599027
1298572
-429334
-1300008
309830
1327092
-242028
-1311040
195804
1291372
-36075
-1297409
-92618
1211373
208133
-1254507
-254337
1254179
387270
-1102993
-479167
1143245
588675
-1102220
-536416
1016637
638525
-977917
-773124
866647
815467
-792982
-890334
700334
970451
-587724
-971317
545070
980082
-421610
-1087775
343049
1093987
-277032
-1090594
136188
1155702
-60891
-1118223
-71527
1080012
140263
-1097892
-189701
1072301
295563
-1071252
-392193
940568
452302
-903128
-490854
917540
552153
-841630
-623379
767747
714247
-704544
-702809
647329
776534
-568729
-844946
540106
887600
-468259
-875014
382428
920119
-297312
-885532
236098
905560
-177902
-872319
128433
910409
-43447
-912998
-79467
866606
61118
-855281
-202414
903588
238728
-814249
-321758
796323
406592
-742444
-414382
663909
471226
-714653
-492520
591885
563432
-544397
-623596
554276
639405
-393707
-757883
352567
707000
-335446
-727921
280147
814392
-125092
-753612
106976
789643
-48853
-798912
-31942
789439
66313
-744803
-132487
779173
241873
-680767
-327609
721410
312794
-705784
-318198
612478
352341
-615380
-413923
562783
538476
-531314
-523967
525764
574560
-454808
-631999
362266
633924
-364560
-670477
272376
650196
-248023
-632029
139000
677538
-143392
-670397
104094
624540
23441
-645575
-61433
629180
88513
-653935
-184414
579011
231164
-511734
-235986
577979
352741
-583943
-350791
504735
376216
-442331
-360895
435640
447406
-379027
-436599
386947
483392
-250568
-498692
155930
509298
-209601
-529986
144139
581848
-222073
-560705
80692
542685
17038
-488094
-2265
587637
34422
-525039
-45678
501361
95317
-538190
-134152
481051
187132
-480095
-226970
483708
296654
-494154
-367118
348667
364130
-353475
-402145
346671
385974
-276831
-401942
294281
399562
-229466
-385178
240355
440227
-199195
-464449
92015
495909
-59839
-514747
16603
439420
-25594
-465955
-5942
499067
111806
-437826
-107728
446846
193723
-372013
-131197
438008
260307
-353200
-253620
347138
310001
-315330
-270722
313429
332165
-271803
-332815
259921
306112
-183259
-420776
195860
370768
-172960
-411032
131008
390080
-27830
-385836
61246
411081
11346
-416242
43250
476832
78112
-441771
-92190
342717
45938
-408928
-103257
453971
151081
-344236
-155584
330757
214358
-353541
-210229
334896
275952
-198495
-258692
276511
291291
-247221
-244803
192952
282651
-210816
-272221
118844
378540
-179237
-368951
114661
326088
-74033
-325163
9263
342767
-36841
-347683
-20037
261059
44270
-305093
-84576
269354
81775
-313054
-158348
283964
162181
-308345
-60517
325874
114951
-228431
-180717
260250
219628
-136018
-242351
192634
244508
-189397
-251484
147852
214058
-141464
-299127
165651
280057
-27598
-281205
89157
268433
-82126
-334842
16039
263833
30767
-219767
3418
271464
107057
-296566
-43642
293798
81702
-265648
-118892
309819
105467
-255354
-132623
262609
198538
-295744
-173996
253950
228307
-221698
-168615
175066
236418
-130695
-290934
139417
268816
-99347
-269852
98585
288164
-78245
-278057
100560
286628
-5572
-255072
20713
244105
31086
-289255
41802
239641
29462
-251077
-3225
273617
105290
-266401
-51636
228522
112931
-237624
-141829
233531
100783
-186715
-186200
178345
130656
-192692
-202889
148536
211522
-137503
-264694
79900
207986
-89315
-185531
45735
244380
-111706
-193374
66519
251516
47579
-243846
26143
285932
33948
-173656
-24844
253117
73702
-251112
-84408
204468
-4688
-196723
-148428
178690
94662
-163794
-79441
209175
91520
-169889
-116288
159842
188015
-162754
-195603
135134
260815
-187826
-195845
150694
265413
-84192
-213704
168121
219584
-26658
-241292
84052
231381
-71560
-206262
79904
164812
-27644
-195543
-32141
214224
93219
-159817
-52519
196820
44476
-218401
-54870
188013
79246
-122940
-148595
195472
154345
-181301
-186228
172334
121624
-166288
-136743
82433
178420
-104279
-163511
93156
231914
-53939
-161352
