#SpinCore Technologies, Inc.
#SF in MHz
#SW in Hz

[HEADER]
@CLASS=	RADIOPROCESSOR
@FIRMWARE= 3087
@SPINAPI= 20130917_x86_64
@POINTS= 600
@SF= 0.000000
@SW= 30000.000000

[DATA]
-4415
15457
-18503
-42149
44465
51059
-140
-46711
88615
77382
-60177
-37193
44507
49905
26934
-136351
-19429
63799
-4523
-73769
1506
89206
17337
-70289
-62536
41143
56728
-89517
-16769
155038
40827
-46175
-43989
76447
41735
-106152
34576
34321
25794
-63435
-44173
47882
27137
-78378
-12905
58408
35575
-41448
-34938
42477
63084
11030
-129103
54166
30936
67280
-76360
2649
127240
-27582
-78436
-43216
75470
-48906
-99844
44847
55229
1191
-52308
8600
55784
10772
-106825
-6446
68947
52970
-21210
-63613
59060
87256
-104600
-48806
89547
97046
-79210
-37702
59976
89399
-57099
-61440
56452
118133
-54116
-42489
45776
140155
-62466
-76327
134065
106214
-107924
-77376
46334
33624
-46161
-134656
34421
73003
2060
-75230
-32269
47952
-30494
-36213
-16328
76107
51617
-93312
54483
46827
52203
-111105
-40429
64709
51324
-143973
7888
100789
-2129
-36130
-172015
112601
51169
-61563
-145525
26944
43163
-84600
13691
74470
91211
-43915
-20723
50816
52042
-54691
-91310
51661
54020
-26093
-90066
70131
142004
-52923
-76941
-9812
113165
-26690
-98518
32770
118122
-9654
-44031
-124
40072
-54412
-90177
-11785
77703
72434
-129759
-47952
92719
-1056
-9561
-39228
71179
69609
-37544
-10742
18320
53146
-104505
-41611
40908
93931
-49320
-89451
107283
81006
-105977
-84482
101486
47555
-68546
-129534
37446
120253
-94242
-91966
-35674
90626
-3606
-102366
1718
135258
11857
-134341
-25146
165469
-5225
-86405
-50228
108457
-5721
-88533
-7973
87542
70207
-110844
-117510
77704
58692
-83237
-72080
88320
117677
-91826
-115501
92744
81203
-70441
-98173
86570
85512
-39000
-83174
44959
117990
-75607
-153145
40513
120130
-52251
-105567
28559
141396
-69387
-106989
61906
144511
21269
-82082
-31520
104182
32585
-125900
4694
126273
79034
-86057
-65353
107120
138210
-79538
-112422
146378
94101
-112760
-148560
154378
149518
-106323
-163353
78958
160955
-56031
-132185
14737
170634
-58608
-158365
75961
186000
-100632
-123814
55826
115385
26278
-140813
-49822
152220
-29987
-155660
17565
219242
26597
-174012
3353
169829
-1938
-133840
-20076
148268
88290
-176137
-29191
148089
92409
-193160
-81167
58367
143945
-84524
-100139
143528
145334
-83201
-139085
136974
174733
-108307
-169208
20538
203998
-36500
-140232
111374
141067
836
-184816
86732
223816
24430
-252159
42849
179651
54597
-240895
-33175
218678
20915
-186462
-105411
213431
85555
-199458
-101515
226401
79208
-202177
-129177
167779
66603
-138434
-137760
161634
202185
-177951
-258654
92063
237617
-130135
-165774
94473
184632
-135867
-262361
146553
282404
-74204
-250798
60805
231988
-25676
-291408
43604
262320
36034
-372090
-34992
329774
41091
-320118
-74452
288855
130634
-318909
-123702
296315
125702
-304408
-153682
286908
162088
-301731
-171074
272801
213890
-196764
-207472
289171
225082
-255473
-198489
230341
282287
-254556
-244171
148200
315040
-120934
-343542
135251
387027
-132780
-378406
54234
381599
-63780
-372148
62121
368713
-30395
-316705
39204
460065
8720
-404792
-61296
433113
51391
-444663
-118240
419197
159809
-360188
-112330
414188
201786
-379512
-233869
364154
251529
-358620
-366848
347966
330283
-372907
-327273
326484
351416
-354096
-444827
289332
471821
-270994
-480118
177561
478530
-217693
-518637
163275
471928
-128090
-588635
156173
527681
-76387
-557491
-12531
569955
-37386
-598071
-9855
556392
75472
-600198
-85557
585925
135304
-601042
-179804
613559
242982
-634036
-291220
603817
363032
-578240
-353453
570333
382188
-550200
-396333
534813
477139
-460664
-482628
482230
591907
-416504
-642390
392316
613393
-385719
-664947
350906
630358
-245447
-762373
240800
750036
-176924
-832002
209852
848573
-120536
-801248
98746
842360
-63532
-899907
-60667
903895
75056
-844202
-142843
858650
218253
-834651
-247987
823079
320552
-846506
-325850
807569
383918
-737785
-476212
766414
454981
-711172
-604219
716714
635649
-666894
-715009
649718
729870
-594770
-757346
529190
808080
-535277
-926053
488197
852394
-416782
-999773
361637
1072036
-353983
-945327
180381
1101647
-117339
-1041932
86112
1004844
11315
-1074219
-25775
1057516
140289
-1064526
-113351
1027612
196650
-1093224
-286343
1014889
366326
-1017696
-482935
986222
507475
-998662
-553716
900386
588491
-911245
-651104
840669
773502
-871274
-773123
755675
826682
-798881
-855821
704005
829634
-700793
-954366
663731
921269
-579075
-1018078
461440
1033234
-411166
-972277
348604
1057405
-300304
-984997
297046
1040682
-199305
-1055765
95713
1032439
-30358
-1038931
16645
1016547
151555
-1061649
-178328
980912
211784
-975795
-243002
976829
337241
-990399
-354765
944713
468374
-894420
-509775
826566
597023
-774941
-592566
715125
659917
-695728
-680869
651681
709102
-595080
-687215
541032
757320
-486627
-780261
401452
799850
-408913
-761016
317572
863184
-207072
-853493
245871
862500
-175522
-877978
130359
855890
-55653
-826060
21201
844370
42692
-734804
-120030
764052
135144
-746927
-185765
744061
239403
-726835
-291691
715191
307065
-699687
-262121
700092
372924
-591187
-451080
599880
441030
-531652
-493574
515789
445770
-488397
-517018
405777
492858
-425021
-578379
325542
615414
-274984
-609916
311425
535928
-236396
-576457
183658
562099
-112910
-595140
131771
574565
-78665
-590547
-10998
619953
14579
-522344
-39157
564814
91864
-495874
-135239
484243
195416
-472473
-225305
431087
278362
-445409
-225017
437399
226961
-383339
-331168
343926
235961
-299786
-312407
329874
271195
-284365
-373638
197262
356075
-188575
-370680
274310
411033
-188086
-414507
161887
320552
-106607
-439322
139681
383011
-60737
-378654
50925
428395
-70879
-351859
-28739
423883
75158
-385312
-119352
367587
79103
-421312
-85682
405874
173975
-258948
-183176
263786
135883
-246293
-212586
269522
209113
-237872
-203301
248736
268613
-189953
-241728
133955
271901
-203890
-220294
120541
284856
-114856
-307487
156036
254752
-107962
-258831
118199
263689
-13044
-270910
-993
335055
-11430
-249498
56770
265849
-8000
-301658
-44593
237432
114058
-251793
-79594
221198
107406
-244390
-71927
226554
104863
-229015
-146774
259227
117187
-191790
-130744
85816
196949
-179541
-226934
124479
212673
-162124
-185149
76506
214630
-144321
-200137
48428
161436
-42781
-130206
55153
209175
-44353
-204466
-18268
169833
40454
-176142
10009
191729
86246
-242739
-68464
156513
38615
-204686
-75052
232518
129316
-193515
-83483
181800
93743
-124950
-132403
110708
107415
-134428
-163786
97258
142310
-105816
-113146
135310
138971
-118747
-225737
101008
132246
-143214
-206272
4581
136947
-86859
-165642
-17919
154430
-54175
-138016
32298
200556
18589
-195448
-13107
122062
51633
-147716
-76412
183978
59130
-121880
-49243
107299
37633
-118756
-54895
157721
104628
-131835
-159875
91368
107878
-59734
-116688
122492
126638
-83315
-56966
55011
78843
-324
-96203
81153
123079
10131
-169181
13783
150758
-129397
-163556
-1469
73963
-11493
-153694
-36018
79651
37259
-154623
1995
166480
55445
-148071
-13179
52015
42803
-77245
1870
142635
68991
-91832
-33457
181631
77456
-86465
-149543
102213
42858
-79738
-72457
38886
152871
-81471
-79780
54702
94243
-58019
-103020
42780
128354
-4885
-73318
31761
79469
-56719
-135643
-21544
135958
23779
-69573
13850
115823
11173
-169757
22485
97622
53759
-118474
-84459
129039
13592
-47180
-24348
30206
62824
-117634
-113587
81837
67276
-64253
-66564
77406
97992
-123118
-110484
74922
96276
-21393
-146609
64795
100554
49426
-105697
-6428
116407
-24685
-131001
36137
60650
-12878
-96587
-19924
68213
327
-117006
-21351
94637
-41116
-53164
9401
138076
-3972
-94936
-28595
73783
76298
-114327
33854
148349
110951
-106482
17968
83132
97098
-101110
-74601
111579
118489
-49038
-95306
34237
66209
-59335
-98131
8174
71391
-8995
-80091
128917
110241
-64650
-54472
37281
86473
-90684
-89846
-9790
22583
2966
-141070
74473
104515
33150
-100341
-23004
162982
-2091
-109807
2998
42159
18562
-22518
6170
47079
41630
-80838
-26315
23166
157526
-64059
-44459
57880
103743
-45629
-46305
67196
81379
-45494
-66994
40859
102861
-48391
-57967
24799
118632
-65859
-6365
62949
81414
3235
-42221
82663
127568
-47474
-85417
33792
106351
16516
-154925
-10395
112572
13796
-108925
46626
34330
38234
-107868
-94168
105377
33210
-24601
-30197
49841
76167
-86466
21124
104178
29618
-72748
-61152
43278
45160
-74124
-93227
71995
119032
-81937
-53605
90179
110625
25502
-47300
14565
87149
-43995
-76219
89900
117307
59545
-77424
84295
92773
-48630
-34276
-11222
74588
7560
-91164
-1978
33513
52938
-130847
8340
60554
31371
-122049
-32020
75218
71549
-105515
-27690
36134
16886
-84859
-4381
26213
28015
