#SpinCore Technologies, Inc.
#SF in MHz
#SW in Hz

[HEADER]
@CLASS=	RADIOPROCESSOR
@FIRMWARE= 3087
@SPINAPI= 20130917_x86_64
@POINTS= 1800
@SF= 0.000000
@SW= 30000.000000

[DATA]
2351464
-3139516
2827430
-3821889
2835116
-3884256
2901298
-3833774
2909879
-3803610
2863550
-3743580
2922298
-3737169
2895756
-3673498
2883115
-3574443
2881439
-3549492
2831758
-3445346
2785498
-3380357
2798150
-3367704
2784114
-3237323
2712578
-3262948
2701691
-3208573
2722723
-3099840
2644658
-2990552
2654502
-2974410
2578990
-2923030
2528296
-2890134
2526423
-2806258
2486236
-2777454
2501527
-2705949
2405675
-2639098
2374051
-2538580
2378267
-2474741
2341646
-2471680
2332831
-2404835
2282839
-2389648
2243585
-2275042
2242974
-2291723
2220773
-2170384
2187817
-2168584
2141113
-2089500
2150609
-2082444
2172225
-2058968
2094780
-1930448
2166279
-1951529
2074774
-1917462
2089698
-1884241
2059869
-1860538
2053250
-1836293
2074967
-1737481
2030355
-1756773
2027105
-1699265
1994723
-1639337
2020346
-1677992
2029232
-1588883
2018620
-1562310
1992328
-1536860
1961529
-1513462
1933638
-1447568
1935237
-1452569
1947912
-1376185
1917778
-1396579
1926928
-1368446
1909533
-1348570
1962675
-1324687
1853327
-1292327
1824120
-1249312
1843648
-1209217
1840703
-1202233
1790478
-1169795
1832546
-1160252
1790791
-1109525
1802387
-1099509
1809509
-1092386
1785652
-1060035
1780874
-1069105
1751884
-1028447
1768515
-1003567
1703770
-963899
1755558
-943462
1694119
-936783
1691228
-927210
1663339
-897173
1714036
-897910
1655034
-841263
1669085
-831710
1663478
-843407
1619446
-820512
1598623
-822626
1633200
-822452
1650522
-718777
1616835
-737350
1622185
-719077
1596712
-708381
1541650
-694205
1596504
-692278
1537234
-670325
1539856
-680022
1558015
-674620
1538556
-610442
1505544
-595952
1459301
-631206
1476300
-615266
1517762
-557657
1510728
-528071
1482111
-544854
1471079
-523695
1435361
-522767
1466941
-542864
1440866
-513642
1423219
-473995
1401661
-463744
1393459
-415636
1437278
-468493
1389049
-477447
1412270
-434862
1378978
-423221
1377922
-429900
1374885
-422448
1350722
-413007
1353011
-386043
1359844
-386330
1318808
-353292
1301414
-310860
1312700
-310733
1269279
-333751
1326945
-314586
1281883
-285965
1281111
-265690
1262125
-234249
1281312
-296003
1269394
-272506
1267698
-262723
1251677
-220155
1231587
-271186
1258424
-200926
1214957
-248901
1257005
-242089
1186206
-215529
1217610
-176180
1199867
-180128
1202105
-166444
1185166
-172242
1189726
-156669
1161984
-189509
1128934
-171378
1143227
-101457
1145619
-112860
1176392
-109163
1139452
-132914
1118810
-122318
1136661
-126311
1091984
-127846
1131567
-55528
1108900
-114945
1123789
-83716
1089167
-114890
1042441
-63004
1046853
-99385
1033829
-23356
1077007
-83437
1028952
-51985
1045501
-42961
982927
-16094
1095925
-29134
1054330
-39214
1023807
17563
980797
-20861
961953
-2787
1011489
25521
967255
-10959
981748
14637
1009721
-4502
948715
8315
967413
33208
984217
-9743
945494
45501
931054
38337
936773
45009
902927
37593
906312
52437
911868
60173
888879
105534
897607
89911
873780
58480
914068
106061
910538
86680
851216
93608
855681
94124
839428
57842
866734
94902
818204
137176
808402
115392
851254
65823
788161
87339
822905
79763
842867
61557
797531
124095
766245
113138
815309
115751
775841
101778
768062
117575
779639
140941
757446
113069
740100
162029
813244
166787
765267
139364
731221
120963
739737
164146
713302
149661
708037
90866
733802
181045
745735
166685
700825
150072
665436
147200
709340
169651
687473
145944
706426
170978
686286
140470
646102
149826
665664
197902
617737
143235
632808
192982
597201
196087
646974
181786
634254
162727
640680
180593
644971
201720
633668
178537
616418
225210
633542
170929
577421
171807
544675
195739
562081
205223
588798
174290
586099
155231
581363
191478
576059
199974
551815
217212
525362
211673
546148
210076
595897
174039
521697
195719
499289
193882
553278
221203
501734
247711
580824
221715
521424
211230
522488
193273
487544
204811
484473
209431
481843
201648
489308
236980
487227
212145
481397
192938
475556
215924
481552
217786
470457
220485
493277
247089
498824
199618
492358
221773
457754
241110
449203
211944
512920
250329
471527
226772
425785
188322
441306
174599
443746
211141
440827
211099
384127
248948
422393
201110
422577
253343
402403
239222
420120
250659
403225
206703
388330
244688
413364
186627
420025
172342
391144
247591
386719
176172
378406
235813
334859
241365
361262
276610
367580
246939
391484
231600
291425
223672
352833
203631
345684
196709
355230
188780
315677
242769
338533
223647
340559
218824
333555
234830
328295
205678
292662
207928
378369
220480
304915
189965
334160
249361
319537
248302
367503
222034
319267
259795
344906
238345
286702
205201
277157
236385
291145
217603
300774
245779
270806
231992
258093
210082
255021
250871
315294
217835
269582
235879
275530
220141
267974
222390
271264
185512
261587
197360
262511
204465
227169
229658
254056
239360
274846
201324
261099
179070
276348
248054
195347
207010
265793
217605
297001
229851
241080
249372
219026
188213
255805
227435
219974
219677
228437
201099
221190
177273
251776
228610
208629
186039
240828
211408
209649
234628
223935
251034
198365
190573
217358
232099
223054
221518
176259
146018
215653
199374
216873
220652
199944
173420
163665
185632
173937
173446
239238
189669
118613
168754
180886
195900
165730
234036
210566
173245
161747
205881
191597
192725
171978
206868
197098
195922
166367
236486
131713
184401
168246
214341
177247
155285
185018
224110
200515
245841
161239
156091
154753
190345
210440
218202
166624
191939
151341
180901
124960
156268
187413
206311
156449
216902
125922
171762
142561
185063
139574
185940
152914
203607
150444
201617
128417
190703
168304
171563
118631
179406
105340
165448
144807
167796
108768
217649
184874
177292
97342
157937
130398
206207
150568
191216
141872
155975
157907
215354
136201
189856
170047
205392
117338
159563
121883
190382
170521
182779
105275
183712
150269
142474
158021
177925
145347
154535
130667
177316
142186
164629
102041
192865
100023
177499
113458
173835
119405
185855
177267
152782
117288
122801
102177
136917
142282
99928
122671
180733
111990
158283
70418
152963
48056
179019
114191
138946
96198
153090
122496
152645
121967
156307
124250
119942
56108
174100
93668
158869
60232
158413
110595
114419
95742
120725
129917
147378
122795
160739
79476
148172
47808
158077
152582
119919
78355
171350
90688
134568
110244
157668
84198
128119
123040
131160
76058
102867
93885
127763
108892
112704
40306
147738
92336
167071
77200
108707
141119
117167
84067
181468
111093
143314
81562
142285
124440
134282
78943
126818
83332
106454
59124
157251
112008
135895
99803
105983
87921
176120
61168
103643
99463
124172
65198
147380
66912
120821
84617
108193
71738
78330
44797
138460
62068
121611
107658
117532
83660
138090
104643
124752
55358
154558
136820
95698
111317
144770
68607
118463
72116
90622
79119
91094
78052
159531
85519
109930
72162
120854
79566
110143
89008
89351
60312
125371
89563
117111
85429
121336
98720
89072
95895
111443
106293
106985
97899
111866
79315
118423
83950
112170
89265
134561
79132
116324
76853
95645
46893
66231
99249
120006
86880
70751
90934
122228
76697
128612
148375
105364
65570
121705
75296
134323
105137
114580
77358
109295
85773
114801
80595
97167
95137
112042
108680
100900
133896
72936
83445
130671
67324
125052
81774
125145
160805
141410
84404
110863
111647
65551
98083
111565
79650
89276
119796
92905
132106
121208
101029
82774
128686
101161
76034
146814
83945
81051
133390
71670
67821
62739
99486
123438
142348
124458
95688
75875
81425
93199
97334
88527
87007
105776
111407
104323
122602
62509
63669
105617
94131
97220
122313
115350
128306
115503
126558
125289
80720
114468
91684
55436
130646
110139
120075
77149
129517
77007
145967
98277
97864
82131
184876
112085
112721
94052
121940
76005
100634
94078
108218
131996
128908
103020
126324
106691
132520
88027
90518
86851
115137
101948
135268
134779
123993
110200
142703
154526
101867
78621
109983
109363
180920
127609
134058
89825
127469
111298
129773
110151
191646
20742
120108
79846
85514
86380
124401
108895
161280
118556
116950
134225
138878
133526
145312
49959
69949
72863
113798
144697
124179
107519
106488
110239
120448
99134
121404
133552
105667
68323
112490
102273
78581
143399
132913
93292
155301
106186
188617
127162
158003
173135
150791
126432
134110
130747
167857
153973
136241
137897
149892
141757
152342
116920
166649
113767
143983
119439
166941
122866
193238
159635
206823
115236
154565
162470
142660
141869
115203
133364
187701
142198
140865
118778
142178
96378
135801
172288
137790
164842
165659
112806
159068
119406
122729
137489
157433
192191
185830
125004
178745
133719
147500
159366
148063
104081
183016
108560
175699
124504
164205
145010
159530
140721
102858
155303
129543
129860
154780
162007
146658
168710
86446
170482
119672
162355
-63720750
56078061
66648
-35195
458450
-356342
531738
-469464
561683
-431659
576410
-386034
572531
-339560
567357
-326222
592953
-327245
560708
-253127
523022
-242395
520827
-236057
551506
-173851
534604
-186038
577687
-159814
538495
-137121
454439
-142944
514534
-84193
471854
-43240
475609
-70095
485394
-46579
449415
-80070
425486
-7430
387817
-53468
374021
-13302
392242
30668
316025
415
354908
-2320
302037
-8705
320012
55529
311143
17811
289477
-10440
247099
31626
290640
41286
276601
16781
251478
25419
271274
4040
270265
42269
195725
72236
236268
13563
238879
31433
256676
27306
257325
-10811
244971
48397
190137
18567
202470
45518
198616
22337
200839
1330
190197
-25704
178627
9462
191921
83636
203324
3977
265492
36318
224823
-19122
212994
49426
214542
27525
216528
-23889
225664
-10244
255931
20188
194793
8570
202511
26069
205183
58134
243192
20917
175957
-16456
202635
28970
195520
-23820
159331
-9950
198757
26759
226799
1743
164285
4719
213925
42620
173721
39633
210678
33575
175770
-11304
190101
8161
159540
17384
164950
25177
209232
21083
139478
11360
161872
14263
159031
21610
163594
-30575
164115
31742
158240
54113
151571
1608
143084
16358
161240
12633
169202
-20430
138382
41545
164242
271
140586
-3306
144848
-16529
149443
-8546
156525
27715
188724
33497
138343
5740
173838
30629
207649
-11075
221454
-1314
172523
12574
171466
-57242
202061
-13542
167191
-8741
142537
-35704
192781
-28506
145266
-21432
169003
4355
173296
45705
217902
23885
155957
-27014
207533
26813
173418
-22167
145035
700
172289
-7132
170372
15172
148098
3186
192960
19105
177969
46039
176467
-1280
162600
17665
179342
-9570
171882
8098
185267
7670
194824
32585
127054
-34701
185728
-3790
184069
33155
149673
18148
128213
-32677
145413
-30678
187105
-4101
203455
-12434
148030
40989
161916
-55555
171266
-6833
144374
-5033
177101
44360
138779
20148
163390
-41606
148932
21273
159482
-28383
145724
6035
187841
8003
167355
-4039
183874
-22437
153891
-65837
162219
-23834
113781
1036
193198
-31190
177369
-25211
167105
11527
177499
-18251
154834
12156
129522
-35577
166272
-16009
219244
-1656
182552
4696
172920
32447
165119
21758
201742
-34981
159126
-25045
182936
-26033
177056
29095
180834
47819
228873
160
184217
-45323
159814
20623
159580
8747
158937
-470
192000
42703
171290
-2577
146382
-18105
181339
-9669
213847
13708
194228
21780
206430
-5748
235750
-31466
224474
45303
191531
17606
234071
-12241
194877
-16889
168159
-23869
175608
18610
214635
7974
179298
14078
258793
1657
198421
45646
211350
-203
209259
-12980
180708
23734
189553
-49826
158870
-10887
214539
2298
219347
-43944
212252
-17660
213435
13865
271421
-9483
164894
6554
242904
34747
227097
-5807
215389
-9659
186342
-23964
196362
-5407
212752
277
203093
2223
211560
6998
204014
7580
164103
22503
211056
12774
208795
-3220
259868
-1503
222922
6819
249002
30023
214264
658
193579
39352
239200
41842
280229
23769
201801
17481
240595
2061
255833
-38613
230141
14802
250648
3435
218644
55113
222725
49173
236889
-21172
251907
-2613
243110
66579
215360
26132
248019
56145
184670
35642
266188
26704
279941
3026
227839
7423
260971
53935
250313
11356
230280
80051
254345
-4538
257428
56186
224337
47196
256111
75760
232043
22721
232639
86664
300011
62373
244319
52571
255500
20241
265236
59622
295803
69943
256213
71450
270578
39384
276906
46405
286832
27848
265260
18464
234963
45016
268722
-231
267157
76613
290195
61594
304771
62207
267576
26225
318842
52401
274820
69693
276596
60184
260949
88214
258759
104776
286775
66107
272663
34027
290797
73628
280529
35968
275022
62416
277811
57198
286744
36728
268036
54144
260665
70096
309528
54673
273492
98552
339798
96829
329305
131410
311523
31605
297927
104436
302498
94740
300276
60274
282305
130491
346926
88792
345700
86266
337447
112255
325096
116053
319347
136675
315430
104656
321847
128120
377120
87381
341804
157687
296537
104274
337907
119247
321909
90672
364903
93418
293123
85667
339871
106826
323361
155571
341869
161399
346071
165533
330869
166090
343163
52071
368337
129557
344958
140678
406896
120565
319198
165655
310281
201197
379897
172665
342962
126207
350776
121361
359352
168514
377103
187986
372741
141141
328231
222312
422135
171632
419663
170329
339352
205944
368608
200773
355411
174101
351475
166073
381830
142150
347503
164417
351635
157456
356590
195839
353098
251317
377725
191155
395049
207171
400396
252630
367606
230635
375772
232221
393913
216292
389374
194477
365298
250840
363717
265553
407496
182030
441347
259672
399097
201791
430868
248631
391826
264674
401834
240119
404968
243213
440658
288792
456430
286914
419547
267348
379664
229864
395526
248772
382956
244701
410972
309316
452408
266895
397024
327479
451004
301875
449098
313911
414964
299098
460000
293268
432133
323950
458250
268607
393791
331082
387619
330456
416022
356710
438389
331466
460860
317182
432135
320526
434922
336365
424055
362802
422581
344398
450298
347388
432458
407404
440903
390151
482328
399074
447876
400535
441201
394049
417261
349198
439129
398230
483616
424088
498335
377507
416956
387604
433907
435635
451887
429798
453101
448780
384924
434847
493285
443542
435026
452664
471092
448558
444644
459226
450195
451904
463594
457564
447898
440890
432525
442304
448744
558124
534988
539000
452699
481615
501827
512366
446565
497318
462603
530929
497004
500001
463159
524041
481507
517222
458140
523257
444908
557231
456765
534753
474423
563566
446366
525783
493324
596894
497113
578419
494913
594661
507186
612403
478753
592969
444305
581075
493006
667513
515651
605937
469931
687419
473216
656785
507050
608388
510211
696904
472847
665442
502197
620037
509040
608239
509821
660446
494509
650959
476687
672794
510827
727738
457153
686619
503728
708776
483543
739686
474654
710801
467508
726077
452199
766062
455786
730347
457583
775080
453820
771369
443781
780701
447558
756208
468867
801117
486607
790175
451742
805675
447895
839730
477503
819108
459298
843203
495157
838113
461265
877227
450488
886106
445967
867541
497348
851619
452452
861580
477613
861963
456986
861164
422162
940330
448523
900662
405503
904387
468356
936092
455206
950270
453605
899552
436827
949234
483391
978451
397595
929193
436712
970411
422344
991730
446011
1057032
463126
1003865
413541
1017015
438662
1066458
458330
1051453
433949
1046910
427825
1046665
427470
1050318
378741
1130213
402103
1080604
405916
1104458
418870
1075049
426116
1154529
398456
1099635
394464
1121011
392856
1159817
383410
1183994
366210
1148290
393430
1164979
361142
1198094
321449
1217904
396158
1200661
329730
1265643
363875
1175457
384134
1256460
361188
1282964
348488
1287133
328866
1286412
325626
1287431
268269
1321887
317915
1300787
288425
1362891
314261
1327627
273589
1339637
279626
1383815
304860
1346391
231732
1393556
269712
1379565
310964
1407097
295485
1381080
274311
1420350
204579
1401791
240448
1460656
199545
1422450
228029
1476609
181128
1505694
241565
1470512
222859
1519659
145467
1533900
176407
1555266
175688
1555244
193698
1597728
164435
1557055
155700
1636838
187680
1613906
116060
1644495
154838
1617738
134361
1662408
160963
1679127
112081
1648583
122986
1743278
148606
1683522
85880
1750046
65678
1763801
106770
1760216
80538
1803583
40262
1823034
55285
1818773
2476
1856112
-6312
1834479
18189
1860013
-44039
1890130
-42410
1902162
-60204
1910334
-82014
1953772
-88597
1982625
-91688
1974324
-69479
2007988
-75604
2001697
-135742
2003077
-142901
2092006
-113007
2083506
-165039
2077341
-125258
2145379
-197439
2132971
-224347
2176576
-222086
2207571
-231643
2180961
-264296
2194908
-219292
2225480
-316517
2255191
-334543
2264365
-297507
2298857
-323709
2352817
-365001
2349818
-418203
2351032
-407354
2395366
-409387
2451913
-468459
2433373
-436548
2462566
-504612
2510292
-516362
2469761
-555510
2524899
-539928
2572342
-598770
2622358
-632928
2604740
-673612
2635188
-720698
2674322
-756002
2701922
-784053
2715458
-825868
2710971
-846357
2750344
-865333
2890585
-913152
2863913
-892347
2887333
-958526
2918643
-968325
2965028
-1028529
3045943
-1041445
3033647
-1067285
3092711
-1106817
3126947
-1125583
3203681
-1202301
3210034
-1194917
3256489
-1199805
3314154
-1318075
3328471
-1316828
3416006
-1336019
3465315
-1390231
3504010
-1451858
3524440
-1426901
3546029
-1464806
3612819
-1499660
3615821
-1544427
3670365
-1576084
3674922
-1593085
3759195
-1619984
3731152
-1658054
3754733
-1638792
3833902
-1714343
3796952
-1708393
3891719
-1729704
3925711
-1752202
3906012
-1789014
3903246
-1772434
3936374
-1794402
3914184
-1785349
3872546
-1825889
3905799
-1827548
3849593
-1773504
3892616
-1827665
3835846
-1809156
3835114
-1793184
3817403
-1810182
3768500
-1789995
3712149
-1777635
3713686
-1779781
3616757
-1735377
3581374
-1701883
3546258
-1746547
3486755
-1753609
3492870
-1742510
3391709
-1703085
3396790
-1731967
3316068
-1668099
3243180
-1664793
3231767
-1677455
3136660
-1634043
3137520
-1651320
3055155
-1611483
2995607
-1596378
2953366
-1621842
2915423
-1566936
2893351
-1575638
2813775
-1569332
2750558
-1576694
2703375
-1570862
2673570
-1538103
2625810
-1527601
2592963
-1519614
2506503
-1546845
2493567
-1517514
2466402
-1484318
2397632
-1454156
2338184
-1460551
2313939
-1494292
2305665
-1493758
2199286
-1460590
2178720
-1466635
2185755
-1479265
2102584
-1458295
2072397
-1448454
2012672
-1474195
1993387
-1497275
1957936
-1498648
1911691
-1472903
1890576
-1479147
1876914
-1473518
1905153
-1395753
1799756
-1421722
1829871
-1452361
1784469
-1432168
1766866
-1367574
1725291
-1378449
1690808
-1444464
1624182
-1462561
1677924
-1397788
1653906
-1437747
1584920
-1393765
1589299
-1389208
1522151
-1412607
1448401
-1407404
1468920
-1422207
1479226
-1393160
1458113
-1412628
1430919
-1386878
1420401
-1348643
1351953
-1410046
1354378
-1395714
1297483
-1364181
1304750
-1358315
1301062
-1348859
1278401
-1381570
1252484
-1332278
1220615
-1331255
1218621
-1331452
1210374
-1323797
1171636
-1304484
1169267
-1332197
1119977
-1347348
1170495
-1317763
1135860
-1313428
1088410
-1287382
1045132
-1311033
1008423
-1264733
1017646
-1266949
977388
-1265641
978088
-1231729
972115
-1283640
923398
-1268301
990961
-1228150
953900
-1223906
916528
-1292283
890463
-1234662
888663
-1193595
886382
-1245204
876053
-1238480
834068
-1227464
827623
-1231451
825286
-1248506
822241
-1168303
792618
-1235956
811716
-1180791
794129
-1164691
741793
-1209373
770361
-1176734
765156
-1169001
769774
-1174942
711755
-1201128
706528
-1153956
740185
-1184525
696121
-1148953
689452
-1090430
650710
-1198887
632152
-1114425
668459
-1107260
630174
-1097636
609293
-1136787
626381
-1127283
627142
-1115042
576116
-1154357
543594
-1081813
559561
-1115791
534765
-1086115
540256
-1087830
539028
-1092338
567909
-1041981
532945
-1080944
479245
-1061282
511879
-1102789
493196
-1016682
468466
-1079087
466619
-1060207
495359
-1032293
398234
-1024344
503581
-1030416
433176
-1029111
428123
-1041437
417193
-997685
447087
-992504
386119
-1035503
385769
-1046930
413699
-1009367
351464
-992719
380431
-999786
423441
-970931
362567
-991565
330404
-992613
340701
-995482
355331
-953593
350298
-915113
354622
-909589
309158
-957947
347802
-922916
304308
-934824
236975
-954027
308553
-914239
308272
-970960
273768
-923282
275546
-908612
274828
-956467
284110
-898128
247199
-910517
219567
-883302
194359
-904111
217877
-921671
224082
-837410
226006
-846404
189470
-915983
211634
-865620
200569
-863961
216140
-877911
181742
-830127
201241
-818516
171960
-868100
152651
-799380
175293
-813096
124317
-836546
162229
-773430
158488
-845302
151510
-839362
154839
-866181
140312
-788011
100710
-805660
112334
-873631
114310
-808306
97071
-769210
105934
-789100
89029
-788334
119122
-780638
120652
-749852
67828
-728111
83690
-760395
111287
-713004
97496
-726737
81680
-730669
19324
-746592
38090
-710714
45211
-721454
41579
-684758
66328
-693729
33848
-717615
66957
-692140
42695
-683171
35053
-690806
11642
-674736
16986
-655476
20222
-684185
19891
-615988
36468
-662081
-36736
-655644
-13442
-627346
895
-654705
-14278
-666742
10093
-651367
-5850
-648385
39066
-634360
-23705
-622040
-19152
-606490
7591
-636367
-40419
-606920
29410
-570286
-31228
-611008
-7153
-567595
-23460
-587053
-14796
-601909
-17495
-560992
-19897
-609349
-56729
-537639
-46278
-535719
-42014
-539672
-60491
-599171
-38739
-598649
-35346
-520300
-24979
-548214
-56634
-511385
-51932
-553588
-46096
-537979
-34721
-526156
-59291
-539896
-72087
-461890
-120303
-531724
-75957
-484484
-89979
-521951
-56370
-435587
-108344
-540846
-45956
-436161
-66113
-527584
-61141
-494092
-107706
-448824
-84468
-477833
-84788
-480447
-38987
-477269
-70224
-485429
-70168
-407505
-83027
-452353
-95421
-453642
-88678
-393938
-127621
-444334
-115624
-458745
-73212
-450253
-104063
-458288
-70029
-454600
-76914
-460704
-126045
-454399
-85139
-401331
-124040
-385523
-106417
-433434
-61853
-365933
-50761
-403061
-80442
-385721
-96691
-387338
-93479
-404359
-141388
-411096
-92971
-385241
-125675
-421243
-113600
-378859
-116614
-405481
-113552
-405236
-132184
-331023
-89304
-352276
-139695
-390114
-88813
-378940
-126352
-393028
-150723
-348539
-135076
-353913
-146519
-361388
-101055
-291874
-102724
-345690
-99183
-413313
-78168
-355400
-139471
-368335
-125343
-292553
-117006
-362306
-137378
-305117
-140421
-344517
-110067
-295442
-139365
-333175
-110864
-305424
-120210
-300088
-110997
-299533
-149040
-290367
-166655
-326064
-97088
-290211
-94298
-287679
-139596
-307101
-135613
-283233
-134236
-270681
-113194
-265631
-135455
-265943
-179254
-290995
-168219
-253290
-157295
-295992
-119007
-266904
-100902
-266116
-131008
-254157
-142758
-272837
-132237
-268698
-95888
-277234
-154292
-245120
-107850
-248087
-106658
-240369
-167204
-267916
-149537
-248006
-190442
-250559
-151167
-226595
-128186
-211454
-122076
-260579
-141443
-191998
-153515
-255105
-176707
-228056
-161478
-234025
-95536
-244243
-165172
-217185
-123598
-254915
-150725
-189418
-116492
-240717
-136942
-186919
-126870
-191152
-166096
-276813
-107464
-181642
-152496
-209246
-133271
-192887
-167563
-237306
-154017
-196721
-120815
-183848
-136205
-245831
-152932
-222427
-140099
-195594
-130143
-235334
-106003
-171071
-116461
-217133
-165632
-214073
-128993
-144446
-149875
-221811
-123651
-187076
-107805
-150493
-128195
-196191
-112407
-168258
-119787
-207236
-126671
-174624
-159567
-209666
-140774
-193836
-124671
-162269
-144405
-161581
-162095
-144409
-152381
-222558
-149201
-197495
-168494
-174901
-168399
-150969
-113864
-151108
-149461
-160594
-118733
-144794
-143716
-123359
-141262
-134000
-124129
-157607
-81142
-155457
-117895
-126676
-94502
-193870
-89455
-110470
-119119
-146887
-130330
-150989
-105263
-155733
-118114
-135569
-110366
-187951
-161396
-178722
-75146
-111521
-133073
-106129
-126263
-103881
-107648
-135521
-88866
-146285
-138947
-105009
-96868
-167063
-159893
-110765
-161241
-121172
-74656
-147095
-109263
-163507
-138873
-142702
-105278
-149896
-107379
-162676
-135241
-137227
-86684
-97613
-76365
-106488
-83711
-126787
-84371
-129965
-100897
-85165
-124799
-128768
-124832
-120113
-65216
-139149
-97149
-126606
-86954
-110773
-97620
-148077
-132105
-145295
-131820
-116346
-126592
-137733
-89520
-99629
-72984
-103516
-125697
-81466
-124569
-161758
-117826
-131899
-118246
-81476
-92102
-120785
-115470
-122614
-140274
-129643
-99384
-138278
-62714
-110158
-115400
-79205
-91439
-129918
-124963
-109525
-64211
-112459
-133847
-69630
-126501
-154022
-108681
-77944
-88184
-96763
-68162
-120892
-72374
-119390
-93824
-83241
-69221
-126118
-91746
-123503
-65838
-91113
-116279
-132401
-117130
-65284
-72756
-94621
-98261
-123904
-103117
-122623
-85039
-120321
-134146
-117340
-45993
-90126
-38701
-97283
-117364
-89978
-89012
-87211
-106510
-107344
-73769
-123988
-65930
-88965
-69045
-98562
-73695
-116490
-75559
-72863
-66106
-94296
-42635
-147046
-56652
-115351
-53915
-90695
-77246
-97933
-90321
-73882
-43364
-62124
-47027
-91557
-57662
-110029
-76397
-105346
-80211
-144728
-80183
-121498
-63356
-89094
-77253
-94867
-67290
-69482
-140364
-131904
-85481
-95561
-68473
-72770
-90419
-144393
-92062
-101160
-66081
-126911
-109244
-91498
-74033
-106740
-104049
-106383
-68080
-85506
-40735
-130622
-82281
-89465
-82993
-138997
-42825
-109260
-61704
-70918
-81059
-83912
-99301
-122724
-49193
-88255
-55491
-166244
-81793
-73907
-81644
-130217
-28198
-86133
-87968
-152126
-88717
-115479
-114512
-100533
-40164
-101923
-89643
-130831
-66032
-106296
-31449
-143453
-48381
-128525
-64999
-157235
-49604
-100630
-45395
-129987
-88694
-115870
-66538
-103795
-27272
-128872
-47046
-142789
-21279
-123364
-73914
-98701
-63718
-121129
-37956
-138992
-66600
-97474
-120714
-132565
-36957
-116294
-62991
-111899
-63006
-149178
-60450
-121560
-36476
-128673
-42670
-140535
-87379
-127945
-58751
-120402
-53954
-143118
-72590
-143096
-13428
-151710
-56049
-127231
-57390
-114951
-45899
-81452
-29741
-139965
-69245
-142052
-19626
-107723
-100926
-149790
-40717
-142140
-67806
-167447
-45627
-107813
-70601
-143186
-92795
-139211
-66437
-105344
-103675
-150555
-90181
-134314
-92811
-125658
-61343
-116893
-70943
-139864
-61954
-138659
-95850
-127256
-60928
-95257
-41929
-137039
-46659
-163251
-77998
-127614
-52524
-110006
-92660
-179081
-71131
-130136
-72371
-187178
-125205
-122191
-59820
-163657
-72398
-137701
-58082
-140568
-95112
-119522
-54491
-163113
-104391
-195044
-66519
-143505
-145654
-177448
-118029
-125915
-66903
-139072
-65533
-156279
-102806
-149187
-84732
-138197
-80107
-201115
-86575
-160709
-96621
-144610
-52544
-211303
-74804
-156249
-105405
-182929
-74040
-131524
-76781
-163899
-74914
-146793
-107540
-134836
-100950
-185935
-65424
-152237
-91041
-145149
-100287
-204673
-126673
-160669
-65748
-142996
-69243
-135205
-97431
-163502
-97298
-149509
-113650
-192239
-98580
-161641
-98495
-186188
-104953
-145028
-122921
-193467
-102787
-142029
-93814
-145866
-84983
