#SpinCore Technologies, Inc.
#SF in MHz
#SW in Hz

[HEADER]
@CLASS=	RADIOPROCESSOR
@FIRMWARE= 3087
@SPINAPI= 20130917_x86_64
@POINTS= 600
@SF= 0.000000
@SW= 30000.000000

[DATA]
-131045
-147341
72783
96888
-92376
-154655
60144
169404
-50641
-183831
99917
225437
-44343
-134885
35924
191295
1541
-166283
3328
212834
7490
-189566
-10144
202111
48453
-177265
-85450
196286
49536
-182553
-67075
189219
138398
-201438
-99573
209181
182801
-177275
-125421
129049
176385
-86400
-155131
152469
123732
-153437
-184308
109820
145383
-100502
-204660
19523
191924
-65951
-223651
69912
250429
-47412
-189274
22141
245307
-59703
-174022
-12340
244339
66807
-169548
-75963
162500
71875
-209900
-109770
211164
99133
-226591
-153279
134760
110541
-156951
-143316
130307
200492
-143631
-150131
150925
214124
-151359
-179211
101297
208755
-71837
-157727
106673
239962
-60191
-215000
18671
263559
-19767
-310103
-5009
209582
-10488
-258118
-24601
268595
56854
-249613
-21643
204157
22360
-240277
-90832
242899
168392
-172075
-150333
191121
205756
-162747
-172780
165635
168153
-200509
-255596
155768
171880
-137490
-220633
147889
283152
-44583
-230208
140634
248046
-107081
-296711
41506
232016
-30560
-255793
23389
283938
-51665
-268232
-6731
264918
65438
-282984
-104229
354345
91105
-277673
-113510
187586
120947
-265710
-165371
203638
150259
-133748
-220110
224465
187574
-145436
-235914
156899
226447
-147161
-240477
135160
212814
-152858
-316278
142939
236051
-110332
-255110
16630
279117
-41791
-230372
18880
301125
-14477
-373124
-76346
335745
121984
-278615
-76124
261582
133947
-283653
-163635
245379
159780
-237272
-209300
270275
178732
-172625
-210414
193167
219159
-200306
-220929
176187
255444
-130582
-301669
199552
299895
-155719
-301733
105247
313111
-41008
-349864
88207
318766
-82466
-362541
16382
310264
-45744
-402939
-102365
320474
42929
-284680
-84685
330331
127765
-265536
-165935
329027
167309
-261181
-242636
301646
218225
-317192
-180729
279833
321225
-170314
-303103
203941
263376
-198525
-320070
151732
319219
-187057
-379973
37203
407340
26255
-364192
-10289
342140
2471
-362112
-80653
383755
36193
-421411
-81955
370795
171649
-326844
-137098
328976
153970
-373108
-230064
316130
235480
-263866
-235098
300512
313745
-286702
-322283
271629
383677
-217350
-356025
240732
342638
-158056
-316795
185328
413035
-114846
-334488
150652
399392
-16324
-385370
21675
497418
-14705
-367747
-22901
396725
83755
-424916
-132286
422342
125495
-398976
-179236
377628
184373
-414266
-231722
387495
195194
-392177
-297123
340459
316394
-328652
-300453
288641
364122
-242932
-387176
205338
339420
-189366
-438319
202890
385661
-109527
-456523
59959
450164
-48858
-434351
27823
460340
-11573
-536536
-33009
434638
139176
-513971
-152764
413014
140047
-414564
-199399
396367
226495
-386551
-290883
339072
283962
-351679
-321070
324115
394634
-286871
-397851
340614
487628
-292094
-423202
227041
476532
-207927
-461359
125294
514039
-130364
-493753
57076
578408
-9648
-583401
-12726
477032
50004
-482681
-16628
516209
204623
-468931
-182754
432266
229858
-448155
-260903
442157
330561
-451902
-290643
366887
359423
-349344
-390237
328724
421382
-320363
-485778
313853
533261
-193230
-447099
195243
473178
-137024
-554457
60134
564881
-92309
-519667
40098
553646
78246
-498740
-78894
557589
140745
-539647
-179659
529783
188144
-583886
-243120
531603
296439
-582716
-273456
429025
362840
-435337
-414849
401807
395644
-432929
-473051
351014
513845
-313807
-522089
300687
535322
-274941
-582003
195170
587582
-100138
-610540
162443
601284
3299
-629727
49421
585085
69097
-607586
-41144
578269
153776
-587274
-176014
595036
246628
-564389
-295685
550130
349892
-506021
-343929
441913
404110
-462181
-438723
435218
506743
-403395
-520967
300747
531874
-243679
-563031
243739
629711
-213777
-665011
166808
580796
-63233
-658224
28612
636891
28131
-656101
-26177
589292
101493
-678003
-167998
675831
174447
-601658
-264580
617695
295548
-565621
-389549
529966
363826
-521445
-391183
475826
522065
-437689
-509821
429868
544394
-407522
-514455
335680
657511
-245313
-599963
241920
623657
-249947
-669513
130632
670104
-92896
-664105
38584
641914
47385
-667983
-117810
629482
137266
-654240
-152964
651012
268000
-568716
-326293
629876
332378
-601853
-410719
504350
404232
-546109
-453188
487579
525932
-447386
-537621
327946
558507
-325838
-604088
250661
643021
-244758
-665841
205295
683711
-78744
-723882
54955
599634
24038
-676271
-46278
704951
109726
-673833
-184229
724279
231892
-662800
-270029
683424
283408
-565592
-378955
543164
390879
-571918
-396379
540977
498330
-432750
-583289
473864
544500
-422617
-600513
361787
626604
-308390
-642199
223575
688526
-176694
-666573
145462
694455
-87578
-720671
-588
649653
-19747
-731907
-90796
646848
136744
-653188
-238822
650812
219677
-603961
-287516
615379
338568
-620112
-375996
508715
419032
-452260
-446979
481388
433015
-396236
-552789
452524
550916
-312524
-583514
264295
584624
-229651
-626998
130847
670084
-142070
-625138
55492
651681
15342
-620191
-36299
662646
72788
-625755
-144463
610322
253979
-647896
-273587
636026
280984
-571581
-343752
568875
380484
-513489
-438131
486216
436534
-418217
-470132
412344
508996
-334283
-529799
288660
572572
-261801
-570296
197708
611793
-216354
-655137
136268
662362
-131770
-602619
79157
605094
38995
-570112
-62004
601676
109311
-654710
-182060
596594
243260
-523295
-229118
563322
299592
-466633
-349817
488590
395470
-372341
-422369
448071
404825
-396268
-478684
310655
432979
-254810
-504948
252097
581096
-193802
-534647
155749
556516
-108294
-604171
63426
599957
-50569
-633277
15090
596445
105515
-601073
-144407
555354
178389
-538283
-218559
540357
200984
-515578
-311945
503740
336791
-456894
-340880
416082
429936
-408266
-432666
356799
486876
-294918
-405096
292534
515472
-233245
-499249
240853
520819
-179046
-538194
143123
595202
-87851
-579123
54099
532242
61
-533941
-30229
535465
68453
-487979
-176901
478042
175040
-432260
-209324
537180
304604
-447012
-262386
453003
341549
-388488
-302806
329367
399707
-290299
-377642
199022
405871
-250730
-438016
258389
481964
-167144
-480244
164339
511515
-76857
-466245
16026
476779
-11899
-542299
46490
496206
88605
-517665
-133145
467971
100946
-413642
-104918
449606
210885
-391934
-184010
470229
233547
-377802
-194960
373197
321479
-382522
-361395
312022
382835
-281796
-417865
270523
400302
-229268
-437948
163447
367564
-99154
-523532
214560
440016
-88678
-452257
56962
484608
-4590
-426445
-56525
449553
-18435
-373790
-118475
417970
115749
-464006
-143400
372114
154341
-427236
-227577
383632
278401
-367225
-289821
328320
310354
-285416
-303642
214526
287881
-199293
-347842
189313
419917
-186499
-330906
78919
370121
-74942
-339629
110571
350165
-23096
-376957
21806
390744
21206
-421165
-41036
340324
89891
-378413
-105419
360297
118630
-401853
-175992
366674
186004
-381374
-166831
327128
284821
-300136
-244217
261276
252641
-285203
-324439
176268
353396
-165854
-311343
136312
337260
-122741
-304070
79155
349500
-53489
-358287
42267
360890
-79247
-363416
65748
352582
-6882
-350769
-111347
334928
26562
-310691
-122857
349687
73520
-292117
-152615
347384
209267
-345185
-192917
266751
219296
-271289
-290354
267342
268158
-192513
-274771
170607
248566
-131977
-289923
156451
306807
-97192
-288360
125057
319414
-90971
-268592
8565
342224
-5901
-370018
-46141
313715
46850
-309294
-102297
342322
27535
-220128
-137073
299793
84871
-199116
-167237
241478
180834
-228975
-109496
199215
169037
-158099
-199006
233709
205352
-171084
-285677
129470
257359
-181975
-239836
72169
305461
-160537
-236529
71765
285240
-77850
-356548
36897
310597
1072
-248628
51434
284770
48843
-223042
-45970
272850
110491
-282872
-38163
275972
170386
-249863
-105228
235198
184842
-232256
-169883
200516
141500
-157466
-195522
178092
236855
-160181
-182405
201537
243062
-91454
-248790
100179
259212
-119657
-232658
20193
287563
-45503
-228486
59870
244421
22533
-238499
46294
288823
77001
-264574
-42727
261183
101495
-175741
-185417
245892
110501
-230334
-110355
213260
218846
-177707
-140430
201973
195138
-211898
-200608
203669
170105
-124149
-170547
208752
206192
-138399
-203124
32230
219707
-83780
-215990
52025
197600
-34716
-279172
88435
214096
-5859
-244934
-783
224049
52678
-202556
-58367
189408
79323
-166002
-83758
245899
114400
-208337
-138522
184076
112743
-160569
-99074
203701
131178
-126561
-156635
186761
164971
-132701
-156241
101853
137556
-63446
-221869
62703
183328
-79531
-111357
45294
240643
5553
-228135
-7345
192626
29181
-212796
-27047
211518
45226
-234573
-61089
191682
72394
-244020
-64294
261839
77948
-139871
-138012
167833
114046
-185991
-153103
180381
141419
-119975
-144318
144012
143091
-92982
-107798
70294
143740
-39553
-162657
66513
229615
-49242
-102007
62243
207889
-6079
-122527
-584
203075
-47535
-142405
-46889
145350
29208
-156340
-43561
202200
76862
-123480
-59231
188612
7119
-134180
-121857
202373
108132
-122165
-110447
45532
151741
-137810
-156526
