#SpinCore Technologies, Inc.
#SF in MHz
#SW in Hz

[HEADER]
@CLASS=	RADIOPROCESSOR
@FIRMWARE= 3087
@SPINAPI= 20130917_x86_64
@POINTS= 600
@SF= 0.000000
@SW= 30000.000000

[DATA]
-34145
226339
67635
-242162
-43000
214821
70213
-157977
-90677
161947
110285
-178223
-108663
94555
120238
-118844
-187997
185970
167072
-83750
-141097
47925
168186
-11141
-207699
-7371
179560
-7628
-202916
-7637
216332
12247
-182864
-73220
216357
87494
-203631
-125068
186204
120600
-189277
-131136
158768
201624
-207875
-212838
159888
168197
-92355
-168311
40635
154314
-25184
-179150
-2704
189545
-18876
-229136
-884
222995
13524
-274678
-44194
257039
113797
-266408
-89605
224606
161094
-251825
-158785
204004
222055
-243544
-167679
128533
183080
-146300
-234538
111487
180525
-80831
-282803
51853
340741
-77975
-260523
15170
309803
-9102
-226876
-48478
308738
136024
-270155
-157191
333040
97497
-255003
-151364
160933
170478
-218388
-209509
182932
295427
-116694
-261445
152767
282792
-74778
-321029
24060
329813
-14231
-298285
10371
291585
4790
-322528
-52745
322279
42254
-296754
-100578
250679
224499
-314635
-139468
233665
185309
-219150
-285425
183286
298197
-196324
-276390
114808
338585
-98213
-319002
134704
309030
33691
-321074
58858
278382
36379
-322654
-35385
340521
124303
-338142
-70563
340522
180792
-265620
-148204
280057
221912
-233678
-283187
192651
211882
-144830
-309460
133639
274337
-147238
-296224
73975
392661
-42316
-356510
32396
303181
13277
-299216
-82986
404283
92067
-363196
-133269
338705
160364
-318943
-207865
279772
188981
-252321
-294022
258129
317915
-245185
-336739
185206
384874
-104991
-307890
108761
402564
-111854
-404433
-32790
406898
5104
-372498
-51242
405699
102044
-340291
-136137
409385
186637
-390532
-239855
316889
322889
-299173
-301128
241272
300638
-216059
-292975
200511
427624
-157571
-379720
99715
381815
-115047
-420399
31793
402803
41615
-412203
-74562
373269
85461
-403605
-144253
374877
182580
-405396
-298523
394512
295429
-358638
-342374
317818
339757
-338933
-388788
207255
451858
-182256
-423128
105270
533685
-109827
-473113
55500
475360
11972
-480176
-11763
453848
105403
-459749
-176485
477791
140487
-428790
-256105
373153
276734
-371721
-351792
355604
372770
-303849
-419919
232035
441033
-239214
-499525
153361
467293
-157484
-523993
34275
550344
54019
-521445
-106758
486362
68525
-506949
-179048
433983
259191
-476839
-222435
473204
391564
-460770
-428185
422656
399380
-336156
-468276
304373
532686
-233523
-530364
223865
560267
-124935
-588468
26823
587990
-40401
-626283
-41448
513673
145505
-589092
-242633
517242
217261
-537279
-321048
469381
347769
-439710
-381297
439516
437618
-354957
-496056
306151
489351
-311362
-573999
199956
635905
-107882
-584142
-39913
639099
47487
-662327
-87550
622235
158090
-647424
-191554
562869
311100
-607424
-381045
551358
399188
-512835
-459005
472050
498506
-418360
-579343
356157
617638
-279283
-597278
200254
689110
-130105
-641393
94213
676763
-9367
-704758
-48584
702107
57450
-720042
-239065
615040
330138
-602485
-321963
589762
402248
-538148
-474458
482317
528093
-490649
-626502
419833
697037
-311011
-737318
239864
784488
-183928
-775853
87260
759711
10148
-753435
-76573
754231
188268
-775223
-269212
767883
336606
-711616
-381776
736186
487973
-616819
-566664
684397
642445
-510271
-665720
420755
776416
-439459
-772046
335725
866624
-250703
-802589
125373
820545
-16588
-841325
-22023
890531
127085
-809573
-188862
835693
344596
-789757
-403526
804091
474512
-699670
-624417
648214
679416
-563012
-722662
551671
892727
-454493
-880917
313847
922283
-128877
-934432
73127
1008538
-55584
-980066
-147226
1083764
262914
-1048522
-354923
906259
484278
-962775
-631712
923378
598458
-790742
-742862
708865
801300
-653520
-898498
591986
935887
-475496
-1020322
418516
1061977
-325322
-1126866
155956
1171147
-57712
-1101134
-56440
1170112
222504
-1128216
-294340
1085420
488567
-1034910
-610569
1046894
678361
-956765
-807741
866374
932586
-761035
-963085
660388
1083092
-539611
-1117142
391095
1239746
-311241
-1205434
164740
1336714
14116
-1303669
-146778
1329783
269808
-1342336
-409144
1268888
602614
-1187633
-646162
1199158
857606
-1082498
-952324
1020224
1035080
-942309
-1190355
674043
1264525
-701453
-1322285
525594
1416345
-417624
-1447161
309007
1407328
-67698
-1454906
-39506
1512717
244854
-1483461
-360593
1433298
550375
-1378793
-657358
1280908
846931
-1197135
-933712
1065931
1094083
-1005021
-1201999
784589
1346903
-718427
-1450243
539024
1502614
-319252
-1548361
228251
1589540
-26693
-1655871
-136748
1605327
276099
-1592620
-485244
1550739
641169
-1473259
-756999
1416404
932110
-1361151
-1024242
1263900
1078335
-1153606
-1263529
982525
1392942
-914195
-1459786
745456
1561297
-525417
-1585103
350078
1596688
-221562
-1590253
-26955
1643325
143799
-1515089
-311065
1589173
524988
-1424261
-651579
1349859
800929
-1298633
-924761
1160442
1013540
-950441
-1162608
888789
1209039
-766567
-1246791
617431
1367733
-444398
-1416781
314083
1468072
-151706
-1491964
-139965
1494709
172025
-1446003
-395142
1395439
429687
-1350925
-638055
1269915
732760
-1171325
-843356
1061122
904996
-1028146
-1099875
892564
1108614
-747568
-1205463
606621
1245746
-421489
-1294807
344362
1239888
-196013
-1269362
60593
1240860
73774
-1242852
-192042
1266761
346849
-1171133
-442251
1100174
618665
-963229
-670055
895469
842579
-770989
-858634
772926
912559
-530507
-1009500
547156
1019367
-335078
-1082738
196477
1169922
-128580
-1092966
20670
1184444
93516
-1160836
-190355
1068345
397637
-1027647
-474427
994220
586692
-931083
-666741
869368
783604
-733331
-749827
673458
873724
-553610
-915041
463873
966153
-383667
-989566
236200
959804
-149636
-932112
37157
965655
75754
-955383
-127986
943055
332613
-857957
-332009
811798
467087
-801052
-513938
667591
680030
-587544
-683807
515524
733748
-392172
-852755
379653
865271
-290871
-868702
221408
853790
-67263
-865495
-19267
908315
111801
-873161
-208916
869932
249658
-845638
-289404
787307
433841
-661829
-479912
611102
589685
-589327
-640859
485859
678283
-431312
-667193
458266
732389
-252192
-729646
271251
744661
-167387
-870210
14469
760128
113459
-698660
-187565
769160
168984
-729636
-292213
632883
352645
-606630
-415837
598439
521043
-489467
-494355
435154
572811
-389569
-592804
241453
608142
-209299
-646353
171591
712123
43255
-671728
43107
680149
80889
-729059
-188705
701047
180407
-682611
-309613
637337
401973
-522889
-422782
470850
457042
-452575
-450316
420471
602908
-352536
-579101
365729
572526
-222111
-648878
133518
613432
-154778
-650081
31815
608384
-2696
-637596
-64972
574655
156337
-587032
-220470
560380
282597
-501000
-426828
453607
430559
-412024
-424170
360302
460139
-206533
-506337
289284
559118
-173918
-504540
117551
529470
-48685
-633746
-21274
544885
100021
-557819
-119632
548590
155737
-574443
-284645
506161
208975
-401321
-320615
424079
369651
-438568
-445365
365281
428097
-265632
-502454
232245
501195
-268321
-486004
150578
510718
-63933
-509369
47644
518682
3688
-460566
-121442
485402
124599
-495238
-218413
409155
214203
-410402
-250206
352603
287542
-336213
-309495
313532
393756
-227572
-415342
238473
440347
-152361
-428804
120423
459782
-79339
-492053
2804
463716
-26752
-482246
-92292
442349
111035
-444322
-175085
426533
272895
-375639
-302561
370902
352857
-358452
-375869
249323
316529
-214460
-434364
211990
371071
-169349
-415845
119488
418166
-80040
-423570
61611
438376
15883
-423820
-72399
450797
143530
-381073
-186810
438412
129132
-296564
-233053
344341
225783
-314026
-262637
256725
278588
-269986
-304224
105875
380671
-108724
-442392
126016
391469
-40072
-364740
3964
405631
-22115
-408168
-58138
412065
159468
-390930
-173712
376484
142229
-331564
-172676
235420
220746
-310278
-277345
264983
275335
-255875
-281934
180093
287002
-104124
-356449
134818
422363
-88888
-378492
26661
331914
20943
-331996
17559
340183
69958
-279718
-82491
259094
114105
-289766
-163352
265981
251429
-266484
-202322
244229
234926
-250971
-229202
165530
280874
-169733
-336503
91291
344955
-47542
-286647
-18127
358785
40235
-318413
-86895
256862
51680
-311848
-118960
294604
111600
-241848
-149731
294900
158656
-246062
-258797
207049
256582
-165266
-241981
103371
223908
-164234
-330218
116640
268947
-54408
-291996
73255
374903
-26289
-340149
-170
278873
33473
-319326
-80379
308622
117745
-219114
-150192
217035
165770
-168415
-218311
226137
290120
-190294
-210894
154780
189251
-98958
-195962
46881
257721
-84542
-258366
46502
248960
-50218
-283067
-25819
280566
42908
-256222
-101995
181636
68587
-216875
-99530
227404
87779
-171855
-219420
202318
200480
-146069
-171750
113370
211574
-151158
-212450
140608
251820
-10162
-235904
6288
226080
-34562
-233524
-35114
254609
63441
-236459
-124667
253674
107723
-191745
-87377
162760
102270
-183081
-159307
181405
154790
-80075
-152359
111372
103615
-24881
-204015
27075
250490
-104107
-206199
2115
253477
55
-245297
30929
190961
60195
-205810
-60057
234005
97199
-181541
-44447
176645
99819
-156227
-125181
153782
166279
-155439
-192173
78090
203846
-97149
-232015
71391
135888
-55439
-197733
18501
184857
-48188
-213161
6257
233059
11027
