#SpinCore Technologies, Inc.
#SF in MHz
#SW in Hz

[HEADER]
@CLASS=	RADIOPROCESSOR
@FIRMWARE= 3087
@SPINAPI= 20130917_x86_64
@POINTS= 600
@SF= 0.000000
@SW= 30000.000000

[DATA]
163805
111361
-135477
-101729
161840
196638
-117738
-187825
109797
219827
-140979
-180857
142613
202439
-98510
-210228
56092
223393
-22407
-235925
9134
255125
-56063
-261158
23483
257800
21866
-271614
530
256644
24986
-196983
-71629
289180
48246
-246482
-121842
259267
99153
-216599
-109880
259269
144791
-287411
-118528
222203
199023
-202439
-176884
232378
182812
-177639
-210472
188070
184352
-189968
-260054
146944
283539
-142527
-264618
137635
271402
-68807
-310485
58800
308353
-23593
-231715
73256
328188
-52950
-266810
38365
315141
17668
-304753
-53848
316352
78108
-219570
-74591
241750
43816
-301664
-59368
279658
103027
-305314
-171662
233423
188454
-259745
-166299
216807
247652
-251805
-218160
194345
246669
-158973
-271634
155761
233869
-197490
-255587
110958
270659
-89171
-294753
106283
325853
-111463
-309751
42129
345465
-28854
-272080
5052
300074
49681
-345150
-41018
331235
3159
-343813
-134932
360124
4754
-286741
-130145
383155
147529
-340174
-169529
298165
199106
-312854
-215513
294436
261502
-309694
-231995
318396
258864
-245572
-295087
233848
307135
-159011
-415380
207645
307507
-104367
-384286
193629
354049
-108061
-398479
178203
407786
-82795
-373332
-2615
304319
-57406
-392321
38625
392365
34891
-393074
-68744
404983
99082
-415954
-112839
419195
155306
-374508
-195005
351718
197310
-316141
-258044
347123
247624
-319412
-285318
384821
340644
-238526
-344701
347626
361273
-231031
-340142
156662
352764
-171816
-407700
145100
449189
-124572
-351368
40714
373480
-75626
-409541
97348
448840
-4717
-461120
74445
442350
49735
-414743
-34650
482664
43848
-454272
-122497
451804
174336
-448119
-144703
431931
226436
-389271
-213878
430532
252982
-380527
-299237
383335
348946
-390209
-437120
334327
450583
-286082
-439301
272234
453838
-258414
-460370
236704
498047
-192738
-522485
187540
537624
-165075
-541319
95493
511667
-110544
-430863
1604
476459
-58804
-545664
-44736
501297
105520
-552013
-123336
490769
203289
-493885
-162899
526685
298704
-463982
-226898
443200
284177
-464125
-331056
412304
388104
-394740
-426048
412770
409960
-323216
-455672
352750
504106
-212915
-498702
240407
552517
-218879
-520268
118032
613398
-148920
-566844
37749
619484
-126125
-570364
-4245
590014
25773
-687458
-63250
635094
59972
-626377
-159760
638133
217406
-546991
-211323
592938
286628
-528848
-309032
542986
310949
-590305
-403911
442781
428207
-478665
-495180
457358
566725
-514798
-577901
376823
641881
-310417
-634957
317785
594989
-255448
-634799
246543
700211
-164242
-708778
171885
703190
-129918
-741602
7198
712748
35266
-701721
-83023
709522
84285
-729861
-178664
754016
177988
-764830
-294382
661805
295583
-704316
-323141
684973
397870
-656438
-486601
639471
428675
-581549
-520129
533598
630392
-515435
-659589
493213
639805
-389585
-652890
333428
698034
-315729
-788743
300164
804879
-202582
-760321
127752
761043
-113744
-809002
17258
815261
20153
-848821
-107560
829921
136105
-897604
-238751
829488
251644
-794646
-322373
855068
345853
-762901
-457276
765539
458762
-727479
-530525
768242
598583
-705231
-669381
663474
678433
-633379
-723154
544999
800884
-498339
-865629
454128
908050
-408586
-954904
335771
956232
-260414
-980235
224868
916247
-104050
-1039527
50318
1043724
-42251
-1052339
-50930
1015064
128200
-1020396
-217454
1070140
269964
-943201
-338149
1015192
388488
-952437
-461068
938389
582104
-873869
-625400
867635
701589
-864106
-729018
792948
819381
-737723
-954808
643825
906057
-565979
-979988
530597
1021666
-462691
-1061779
429848
1120708
-350947
-1112770
251328
1151115
-163130
-1211958
70333
1234978
12258
-1223815
-20583
1174970
184222
-1239376
-238863
1230467
366247
-1217923
-439271
1162128
541839
-1206625
-599481
1138338
656286
-1083007
-789824
1077912
809996
-1020998
-903191
948620
1048128
-953406
-1096052
824050
1111146
-813683
-1193902
643607
1237683
-565165
-1301876
544432
1373112
-451483
-1441285
351225
1390249
-278465
-1448672
140008
1518496
-23429
-1487742
-44329
1469005
146221
-1486493
-281798
1509936
379450
-1476505
-443595
1422016
588824
-1444250
-757994
1387576
775791
-1294805
-868766
1315082
1036471
-1258133
-1061498
1213318
1158995
-1046372
-1311067
928083
1352634
-860030
-1459284
804100
1514060
-722400
-1536013
608687
1663390
-467502
-1675486
414562
1739375
-223421
-1785343
89489
1756530
35483
-1774877
-44916
1779106
259024
-1792938
-366406
1768321
422950
-1735946
-581173
1691272
685134
-1712813
-842549
1643615
990007
-1477039
-1105692
1447394
1146585
-1432827
-1233542
1367020
1342669
-1229119
-1407006
1160582
1508705
-1080468
-1560362
951775
1635368
-849788
-1604067
681188
1667240
-645295
-1745685
460425
1747338
-316463
-1731918
223743
1738115
-87048
-1753115
-1930
1729162
156079
-1741756
-275929
1716664
334918
-1679252
-502462
1595939
592318
-1593253
-679301
1495743
890391
-1472066
-897632
1299513
984129
-1186992
-1073723
1209872
1117961
-1123190
-1188665
942825
1283849
-849531
-1345349
871258
1420595
-645950
-1408587
573281
1452606
-518511
-1443442
366310
1531789
-258133
-1456355
206752
1541409
-22692
-1497179
22142
1478448
64471
-1443630
-199580
1449752
244274
-1409063
-419010
1378333
492959
-1292962
-634067
1328279
707951
-1186088
-776620
1147423
829074
-1061397
-890512
970528
971246
-920610
-1021753
864988
1104640
-777488
-1087102
693998
1097311
-620179
-1189905
525069
1160581
-400000
-1219639
303874
1216194
-256978
-1233014
203605
1264417
-89863
-1254112
-16216
1178425
121909
-1152220
-104074
1153267
225649
-1150113
-324781
1129853
360346
-1034643
-479569
988865
565017
-988502
-561066
994862
634835
-855150
-767054
833979
707887
-710457
-773115
715919
898977
-572339
-854299
536666
896907
-513693
-952044
369423
964288
-362508
-1019865
244187
990982
-190882
-1024291
92779
1008466
-67961
-1022975
-21001
1024303
87696
-958531
-129896
1006423
217192
-907137
-289192
954851
342500
-857811
-402318
872342
483992
-854820
-547956
821163
528602
-772497
-571908
647180
631657
-615824
-669874
632587
797609
-536010
-777251
487367
803932
-420871
-873651
402147
880276
-292797
-828965
306702
846849
-292535
-874492
120977
871621
-108654
-827153
5812
801652
-3462
-888929
-107576
788706
188958
-827022
-230034
752965
231851
-720693
-235128
833220
308379
-666417
-393634
684796
460294
-630128
-476878
583615
559055
-480782
-544127
490936
532562
-450767
-568771
414167
625057
-326998
-709565
293311
674765
-302936
-696821
169999
702695
-160195
-687087
104507
738696
-57538
-754648
-41103
698955
8096
-661185
-26162
733356
31085
-651065
-163442
727826
218238
-596960
-291639
641347
342381
-632481
-382887
587251
447298
-562744
-408055
520764
400374
-522764
-502959
448685
564391
-437728
-506836
342680
513322
-368280
-569890
303444
626957
-222039
-585382
208009
680601
-231391
-593040
173056
606411
-51944
-653757
72658
628297
-55730
-537464
-75618
613481
2696
-572522
-109658
632722
153225
-533108
-256827
527625
236543
-465419
-345093
521852
233138
-438667
-359608
444833
352181
-325480
-401947
383491
394978
-369864
-466422
330032
407983
-215029
-468861
252665
495972
-163786
-523346
65389
515611
-185581
-582351
64819
603146
-77169
-477382
42216
510686
34169
-528720
-11472
515723
43615
-501633
-119621
535215
111346
-521298
-174894
426483
259254
-396382
-223537
471517
231696
-416540
-280268
378674
320895
-394878
-366142
340174
365881
-327792
-362067
289150
366279
-225636
-415935
313855
415769
-198326
-357351
203067
414607
-149225
-441759
129563
417225
-89130
-442235
56149
400537
-44027
-491654
-52470
491316
87684
-419737
-74101
477016
100059
-417597
-111462
413972
136970
-320706
-183182
293866
243824
-302387
-278710
372798
298137
-257806
-212984
358078
248169
-271121
-329126
258712
327845
-253177
-386865
189615
355129
-151703
-348532
173704
321187
-94112
-382388
134922
432015
-55034
-409003
86198
374664
-39891
-507103
-80326
365494
41335
-411485
-104476
340000
104498
-345927
-130968
371955
156642
-376909
-161101
325820
146096
-328179
-184940
316612
187249
-253139
-161265
211777
256759
-264638
-280015
220702
268118
-171598
-279595
175530
289606
-152924
-349372
170195
351716
-130717
-346679
171322
303215
-79243
-341594
41194
351598
142
-395497
51530
348173
8403
-306012
15073
326198
23175
-381592
-72262
327963
32815
-283043
-131411
280515
150934
-306671
-136968
268854
166480
-216823
-183185
222713
195634
-173680
-179323
197149
212657
-207977
-285350
181004
234940
-196073
-239237
112242
237753
-97267
-279047
33178
210967
-129592
-227287
143288
299239
-397
-278166
-36811
319690
-2295
-289251
11874
264593
-36870
-280466
-29020
309431
120143
-256726
-146148
250655
133027
-300401
-170473
248598
93120
-219064
-156270
196372
246336
-151679
-176073
222206
256799
-214973
-242647
175288
245930
-163177
-248295
209420
125570
-140799
-194391
199107
243066
-120721
-213654
78330
219360
-18853
-206431
-893
272688
-45343
-272653
57792
251180
30062
-200963
-50664
266511
39874
-271313
-51457
248279
38550
-186941
-51289
189749
99893
-255145
-130652
266619
49341
-165920
-96782
234391
126379
-189372
-190987
135198
101373
-148282
-182059
118398
211071
