#SpinCore Technologies, Inc.
#SF in MHz
#SW in Hz

[HEADER]
@CLASS=	RADIOPROCESSOR
@FIRMWARE= 3087
@SPINAPI= 20130917_x86_64
@POINTS= 600
@SF= 0.000000
@SW= 30000.000000

[DATA]
140549
229585
-150729
-229580
63064
146968
-100365
-188855
109314
247070
-1001
-248533
29001
231059
25719
-233565
-16532
239096
-18533
-199712
269
234768
32660
-302855
-105335
164155
78496
-201022
-95665
233758
117663
-231470
-162845
184283
144155
-189894
-110680
238892
123357
-218040
-192367
202278
171837
-155318
-218419
166251
213335
-181908
-206927
158340
285681
-116638
-235558
163013
272427
-107620
-263345
90662
232977
-58986
-277917
121820
263255
-62992
-326197
6705
240440
-31233
-249596
13416
278123
26103
-237364
-30492
282190
101323
-225647
-69793
297316
100167
-282863
-123653
225430
139321
-206088
-173249
247262
196760
-133708
-178025
185525
207770
-200534
-194703
151056
222722
-170777
-232593
181798
237317
-153081
-284808
74675
244958
-100391
-358392
87022
297635
-81639
-278466
57312
294579
21234
-297774
843
326318
21937
-331874
-55491
353982
136433
-260059
-143203
286925
179198
-296777
-153995
297474
140041
-248740
-173770
306995
185701
-231986
-203535
283612
210808
-203052
-294030
203062
284935
-239381
-266432
203068
284127
-200565
-304838
145714
341110
-198648
-326351
111456
349682
-99211
-345973
82178
363939
-12611
-388166
601
417222
26728
-333952
3193
409118
85846
-387561
-165857
337209
113110
-335865
-97993
294702
143365
-394757
-185901
339256
163377
-325060
-200813
345299
168593
-280636
-264688
225846
395838
-255925
-348355
242222
336437
-165547
-333580
182357
308922
-142234
-313406
145335
413550
-68819
-368169
112524
396905
-47336
-389813
17701
490682
-63308
-401165
-92940
451700
102406
-403588
-67160
417192
98963
-444076
-80279
408761
174127
-378248
-172052
395291
251509
-331270
-230793
371053
265782
-409317
-250138
392634
285373
-333860
-393759
275771
351428
-278950
-387556
236919
374808
-235238
-452890
192884
477734
-184093
-485929
115562
459443
-132156
-480304
93432
468260
-36201
-481279
30405
561562
10934
-507566
-48683
561526
65833
-495842
-98997
462124
174128
-471050
-171154
442854
253501
-467485
-309560
409419
297355
-499061
-326093
438172
318400
-304833
-374224
337250
401228
-331158
-409033
327987
462766
-282318
-438825
250747
492949
-196289
-478881
138002
556628
-146094
-637091
84716
562513
-94281
-532020
5350
551860
5615
-575602
-59765
576344
69571
-597909
-104252
565729
172509
-518703
-242776
509607
255610
-583334
-343587
514838
312286
-513598
-313885
513823
359045
-497126
-418183
494504
455336
-357428
-485922
367188
534740
-367791
-623716
262840
587215
-236740
-607056
285205
575748
-221107
-613050
233954
622726
-148752
-631723
35421
696537
-39970
-609304
-77401
635813
83796
-655213
-111768
661084
153513
-602162
-153108
677473
205265
-648599
-339323
614085
365272
-636566
-420341
574817
490452
-521897
-421372
570954
527807
-472098
-544360
492741
578068
-379496
-621962
350560
621961
-315344
-673935
279875
730628
-252658
-737806
180739
727193
-76844
-717614
25426
742481
-19060
-791316
45279
770394
110796
-771227
-97404
783215
175082
-758829
-245577
712903
272770
-691129
-332607
712870
363432
-720183
-357102
724347
487937
-658080
-575095
621950
558633
-590486
-634605
580618
688417
-530418
-696392
450015
769273
-391337
-759135
363968
800207
-331842
-811407
238825
876054
-259490
-882485
132000
917744
-107589
-890363
-39209
895712
92698
-830825
-136650
894469
170172
-943088
-177643
846187
294629
-896938
-320381
794444
402692
-820969
-450523
862626
483543
-793462
-663515
702697
673180
-649333
-692567
639704
679104
-590592
-816603
527831
811415
-500150
-865627
401499
878453
-358455
-959140
309529
949490
-201880
-959773
195553
1015288
-47464
-1014677
-15186
1049320
90876
-1018454
-145809
1081936
223636
-1056075
-281334
1037428
387007
-995632
-337068
1011488
521249
-1001156
-525591
937465
690496
-890081
-632170
897923
689247
-848883
-775239
796671
914549
-736027
-884620
684034
909743
-630140
-1045580
540844
1021710
-497626
-1045389
422450
1072338
-336986
-1109526
252959
1204092
-129942
-1152707
81030
1158039
-42354
-1158812
-111110
1165722
114609
-1245055
-154538
1200361
301457
-1083913
-394333
1182336
455573
-1150638
-585652
1133973
648106
-1012030
-677221
972547
760591
-932985
-898638
906090
899280
-852254
-953923
695048
1048483
-647636
-1047475
638586
1129081
-480298
-1134272
446330
1209321
-351560
-1218318
310298
1258227
-260610
-1289873
69549
1245969
45951
-1316517
-117071
1324962
124948
-1285995
-269461
1260645
316256
-1228870
-500629
1197632
532369
-1167148
-630716
1156043
690678
-1132677
-719064
1109742
835914
-1030728
-879771
912836
990758
-903556
-999792
818003
1048490
-830091
-1049027
670271
1195626
-620829
-1258092
604233
1216009
-479292
-1281158
340970
1244233
-278257
-1284752
218892
1280735
-84056
-1322445
57208
1294360
44599
-1348300
-169611
1280106
208217
-1224523
-350714
1206531
396714
-1147707
-496339
1124711
605545
-1055156
-617428
1023698
735289
-953344
-691491
917368
861304
-804590
-910282
730586
961714
-726170
-990953
648108
1061009
-549627
-1110895
447015
1089863
-395764
-1144555
291232
1174867
-289986
-1164632
77881
1226715
-44143
-1176509
90337
1231984
94671
-1133802
-166491
1136892
245167
-1186880
-321056
1053982
404535
-1040734
-455261
1051611
509832
-981125
-615575
1032724
693681
-902036
-727756
902314
790165
-829568
-777931
756951
863639
-694081
-870227
617862
911199
-568155
-967503
488630
1036269
-401182
-1019493
343220
971921
-192616
-1065574
151525
1020864
-123739
-1014591
83076
949663
17505
-1025818
-123596
982644
124073
-926970
-212781
937788
271295
-873176
-399251
879186
459947
-838594
-460807
830088
517568
-865143
-562609
708065
573247
-676955
-729800
594629
665498
-579289
-761524
485465
835741
-395311
-782508
393958
800748
-356210
-836037
343061
862635
-208003
-924093
196559
861729
-149864
-906021
5182
914448
88143
-911276
-135558
860987
112456
-883717
-146628
911845
265290
-786658
-323499
808647
307092
-837427
-436607
673627
520227
-750685
-509882
650492
570943
-643223
-545005
597172
632098
-551210
-679458
503475
664973
-448941
-683145
354059
739896
-277849
-732932
305766
766235
-249822
-712206
183883
817749
-143665
-748648
36975
729325
-37656
-758142
-10578
735849
14367
-721811
-212120
655286
193359
-721418
-236612
675218
289000
-627823
-287446
616904
427468
-556140
-398470
581411
412046
-491778
-458848
489715
544022
-459356
-523640
401480
552109
-385168
-523066
298866
604874
-275115
-552745
190060
652683
-161217
-666382
148890
628351
-143245
-734697
83178
677439
-9607
-691670
-17923
642858
21424
-613169
-113539
628407
136918
-623746
-225792
570466
235115
-544454
-278321
551314
289199
-558892
-274798
527497
342242
-452957
-393954
453822
398027
-447343
-463605
432450
494705
-383942
-476108
332748
493095
-277389
-572775
247438
532453
-230025
-555711
146451
558096
-146349
-566048
62613
541767
-33050
-542174
16128
587106
22967
-558584
-76102
534076
58499
-503917
-140527
523691
144112
-507150
-179073
501738
248105
-478830
-244488
480457
309822
-425157
-340237
391685
375031
-449100
-376750
298215
334622
-273759
-433422
234269
453543
-257784
-493888
179074
465024
-264793
-456122
157860
565974
-149578
-508320
112875
471265
-93192
-487990
60116
453725
49269
-445569
-79416
557282
90367
-419025
-67287
517024
142162
-377049
-114352
457068
172333
-465510
-225155
403584
260989
-424761
-292470
372474
186924
-303002
-284081
329992
365882
-300264
-347933
251881
381976
-209172
-364868
222890
403835
-225861
-399718
192926
380260
-178522
-398847
108449
396957
-32123
-412480
40251
456713
-1653
-421899
-42
432566
30284
-330693
-86029
390810
102638
-390119
-139203
396063
205232
-366490
-127429
343949
155904
-361019
-203485
347732
241656
-343428
-318434
269852
320071
-247278
-272450
256115
300491
-208479
-297873
130239
364063
-188168
-344955
154246
368585
-97750
-399568
144980
318901
-109427
-362797
59919
325072
-15248
-289294
24443
319962
32845
-299764
-1757
281571
73258
-365703
-125080
274158
128970
-267806
-97054
372051
161520
-273038
-177474
256915
209956
-284057
-214999
302707
240153
-289462
-264552
214397
238827
-222420
-241315
191570
255929
-155693
-257571
144371
286624
-161178
-342975
113732
308831
-78727
-222537
142494
273061
-23763
-315093
-10045
303099
26572
-330474
-33255
346554
50690
-209526
-69362
318501
85459
-250848
-83779
234077
110040
-246218
-155277
242918
206243
-256196
-131668
264482
186227
-217145
-232369
179547
194699
-126566
-248517
145994
195299
-176636
-256157
107225
262153
-52272
-225501
114669
235170
-135422
-265146
86551
260533
-35836
-252718
-32105
241901
-57544
-207530
-9861
252444
99
-228998
-31012
203322
66609
-244226
-15049
249027
87393
-194897
-79586
227323
74456
-197049
-130306
207623
186882
-188715
-100287
170199
165625
-194665
-249295
117769
219247
-182507
-178644
271994
192223
-117433
-180470
76800
215520
-73174
-238635
109539
261184
-175197
-251630
46321
227192
-38842
-248026
76678
292463
-4605
-258810
-2822
211528
-20988
-205680
-9364
198125
53455
-197984
-71710
192017
51725
-161567
-29251
275218
74991
-201751
-82823
178266
96073
-209678
-137251
221581
130498
