#SpinCore Technologies, Inc.
#SF in MHz
#SW in Hz

[HEADER]
@CLASS=	RADIOPROCESSOR
@FIRMWARE= 3087
@SPINAPI= 20130917_x86_64
@POINTS= 600
@SF= 0.000000
@SW= 30000.000000

[DATA]
-94084
128579
58361
-168906
-74354
102878
126614
-125088
-166957
42552
199760
-67449
-178180
122823
163637
-44799
-194186
98333
181316
152
-193855
-31773
176317
19101
-211896
-40001
155167
77305
-161048
-69457
165283
3756
-165242
-112030
203959
98621
-169329
-150726
131480
184294
-110506
-114939
85555
137750
-91594
-166037
35628
178685
5808
-219296
-22439
157237
-5550
-209830
-61819
189337
47471
-191638
-30766
236637
110037
-202890
-119519
144146
125286
-217562
-118908
188099
170214
-189064
-171032
167605
167112
-131904
-198290
92110
262154
-8937
-221944
66955
212690
-12856
-185950
-7423
272421
2113
-197243
6551
197375
87942
-162346
-143000
217867
68230
-143007
-142734
78439
197474
-158040
-202127
166338
191034
-103972
-267940
103716
196697
-38974
-214018
1047
217870
-4808
-241360
36365
270348
95579
-266115
-49371
247800
142380
-287149
-110863
180125
168296
-180794
-106114
167087
222330
-176570
-247784
135802
272466
-64050
-286661
184278
256214
-100636
-241479
76510
228118
-64230
-236025
-63133
270319
59543
-227886
-70493
200128
57882
-256188
-151120
231089
175643
-212588
-237042
231865
170877
-175210
-199741
164706
259434
-126742
-269049
102934
281887
-117583
-235706
87847
299091
-44057
-280507
863
297126
25829
-267168
-72615
284417
33471
-336418
-139068
285542
214501
-191079
-213552
250202
252590
-260387
-279474
138590
232654
-170680
-232010
191229
286015
-71681
-285190
98624
383183
-100517
-274931
-40341
249548
9829
-323172
-65576
348238
107028
-323505
-83157
256575
143395
-344302
-217823
289278
211020
-223008
-230021
269522
264546
-153082
-279531
119874
262945
-160699
-243520
110537
274290
22730
-320081
13085
343110
59305
-380438
-76879
386608
76382
-217303
-159923
332860
231924
-334054
-221124
251244
242326
-235223
-226662
272760
324398
-267655
-278461
205727
316088
-142172
-348134
136617
419163
-43075
-312634
-30469
371054
-18142
-407641
-9046
357090
11943
-403575
-92934
322995
133748
-312867
-177962
331543
131018
-288296
-297717
240086
257686
-236188
-286756
161962
311094
-146560
-373139
123669
393815
-123894
-438267
53143
414164
-43628
-470017
-66040
389302
128966
-386848
-124558
316115
199498
-367244
-186123
330749
211882
-398064
-229443
271113
319365
-305611
-381957
245535
311692
-177721
-368246
200351
419937
-111965
-394090
119927
439323
-14481
-448009
-28628
453086
-22182
-378197
-80864
396299
136810
-369974
-208069
397504
188620
-411294
-287556
301261
339487
-341238
-309666
230695
390598
-275561
-483848
154093
480676
-160980
-438864
103240
516403
-47744
-446793
31823
417615
90644
-479415
-69105
449982
169550
-437460
-187458
442306
266291
-355215
-331779
317148
372643
-342754
-335020
242866
459194
-301711
-421468
290923
379185
-178673
-473275
136669
551468
-93289
-489791
2596
477554
63731
-502685
-131695
508344
183723
-448733
-244917
481692
220605
-400972
-276212
386981
327411
-412179
-395455
327572
337117
-286117
-415909
211779
469898
-183244
-524980
114530
481044
-80671
-517319
23108
537000
57131
-545554
-90478
540958
177721
-543757
-181179
526611
295280
-487803
-296526
453219
339970
-425792
-396234
343716
413932
-284273
-430305
224473
527451
-152850
-527914
114231
540944
-102184
-599318
78181
568480
-24862
-532580
-31079
586441
160524
-420028
-176296
535072
255394
-515154
-274170
447578
353696
-413495
-439065
362791
450692
-330858
-421495
314363
504915
-241540
-559928
116789
544213
-99458
-577726
87443
564432
-16204
-601161
-151222
589382
129384
-554797
-148655
607211
213373
-465028
-327347
498036
351245
-435681
-416411
452250
473555
-398760
-443089
344349
507231
-259423
-534279
189834
568726
-158479
-544275
82427
618398
14908
-596273
-28495
635176
76156
-615795
-187971
605767
222971
-563995
-332480
540970
363383
-453025
-452589
463567
485748
-398634
-481924
331875
528884
-324009
-505627
228056
613624
-88469
-606565
120599
642239
-29785
-678922
-19216
618973
121425
-611518
-160938
545186
233744
-620320
-280089
549570
386868
-486492
-378036
487331
440581
-400226
-549571
338786
562339
-317439
-636823
262995
630029
-169694
-631504
138517
626796
-60654
-638169
34058
671128
137224
-678453
-158371
611567
229690
-571640
-285451
600204
396552
-501881
-410753
492837
478828
-361633
-539835
394390
614500
-333294
-546645
202483
569248
-172655
-696304
114572
655874
7030
-645755
-41059
640637
132140
-633224
-198951
630165
186228
-628963
-278216
537030
396642
-540587
-362243
546111
515766
-465048
-493422
421185
550139
-392451
-597020
314735
593280
-310696
-648937
207759
709369
-113146
-649688
-32122
667507
-1796
-660288
-175613
662778
189399
-623396
-271028
557425
331201
-557764
-321666
503780
430442
-449454
-463242
398511
506512
-317078
-514015
263368
583606
-273807
-603801
117577
612920
-44247
-642865
24975
620729
72984
-613065
-129437
634835
204009
-675855
-239904
581703
319374
-520783
-389290
527219
428338
-463614
-481394
426804
545066
-290778
-529327
295869
563690
-270150
-643352
186557
610677
-111343
-656320
93007
649602
-67687
-673997
-67468
567303
133986
-544860
-223508
582749
271141
-543788
-344785
468538
403575
-444505
-406816
369114
478969
-310000
-464892
315399
532455
-153257
-550741
171738
602512
-50417
-594363
25882
606925
56871
-634299
-73213
577864
162096
-576464
-239403
547716
309485
-505872
-254230
466807
369461
-483477
-381732
382619
480177
-344556
-491094
355026
518728
-304645
-568614
167268
538014
-85421
-578456
85261
618628
-20978
-581249
-61499
559437
107479
-586901
-83203
527230
199063
-514938
-315646
493065
343076
-444052
-419453
337201
402557
-324273
-437296
299727
459660
-210028
-469560
131816
568544
-102665
-537328
73119
594675
10455
-570273
-14353
549321
74008
-502904
-212071
570745
218011
-479410
-274963
465139
283012
-409318
-361249
383764
398412
-362222
-440611
363644
446504
-244211
-477994
184429
464338
-178219
-453257
95076
485958
-36987
-445274
46007
430607
97419
-398355
-127075
471386
176405
-427804
-211566
468820
207722
-404872
-285543
355987
376161
-379439
-342580
300443
399798
-181677
-434686
194460
484413
-77586
-507303
101351
439721
-49375
-477752
-5855
477471
113499
-422204
-131672
475576
185060
-518462
-177944
430128
216290
-421883
-228543
363296
284038
-321463
-297119
293133
386053
-222908
-401122
225016
382490
-170641
-455757
38377
488318
-34452
-436241
14917
470315
56646
-407326
-98308
462756
157871
-386570
-217907
369337
215369
-376502
-225458
343082
238151
-316561
-312904
197350
365277
-216854
-373206
119898
445887
-150257
-403323
127926
376008
-82131
-400951
-621
388894
97284
-432232
-85395
419594
131995
-370493
-184800
404253
226089
-392183
-198796
340552
272992
-238648
-240046
260108
345907
-214063
-324776
224866
344762
-168954
-381696
99928
395987
-67010
-359789
15433
321614
1590
-383275
-17344
410925
144163
-404450
-117714
332257
121423
-316833
-159756
269892
176433
-303326
-280933
163505
248249
-203289
-274488
165819
360456
-82878
-308373
39323
304516
-86385
-313790
-36513
409952
32001
-353176
-22486
322197
33478
-416837
-118920
289530
121658
-321247
-155604
239389
221796
-217936
-253523
299488
327994
-252271
-308139
230638
259783
-123008
-324520
147393
308131
-65691
-325038
72026
368863
45724
-330053
-38293
275633
44577
-246487
-80348
314852
106621
-272778
-141504
340948
178261
-218924
-164039
186303
227345
-198633
-218226
137016
293564
-163794
-287113
65104
284474
-98163
-306046
-17991
366737
28102
-282259
-47718
334391
123699
-306376
-115581
294354
114081
-277280
-143228
294902
192616
-261122
-161952
189675
246991
-89545
-246470
143772
241207
-173768
-229030
89503
230360
-105311
-213880
57371
255197
-13217
-246929
34613
276651
-2133
-229546
-51652
277981
82508
-219334
-84868
198950
111873
-197742
-139440
190996
170825
-131167
-185292
119122
246738
-63145
-225200
95547
179361
-92636
-258600
66393
174020
-63349
-295237
29186
283324
24643
-260236
-86283
272766
82483
-231735
-92262
298235
121359
-170878
-191494
124699
171747
-122283
-178271
128746
161074
-157832
-220523
114952
240253
-121454
-250927
41639
223233
-67101
-206483
7866
258409
13211
-282184
12160
242055
39099
-184672
-129938
153852
57689
-206806
-88883
159026
176124
-167345
-135123
130538
227750
-119147
-213385
49759
239304
-152202
-192737
88075
214354
2496
-189366
44797
255345
33029
-221963
-67068
208847
60865
-173131
-85754
171409
114467
-229165
-170068
183867
127808
-181761
-165926
137097
143249
-129826
-171768
139561
241649
-64717
-161110
63989
200993
-30718
-227767
56038
162731
27055
-209878
29283
144694
21627
-220099
-58111
193659
85954
-173736
-134714
167895
91859
-119292
-103526
143469
121824
-144467
-103450
145789
197427
-89782
-154904
28814
149217
-30359
-179503
8026
217488
-5516
-244856
9017
180794
-34278
-238655
-71744
166636
20664
-184298
-58765
124847
71182
-144854
-146361
114465
85049
-74424
-115746
129083
189960
-76987
-197741
20707
149116
-22799
