#SpinCore Technologies, Inc.
#SF in MHz
#SW in Hz

[HEADER]
@CLASS=	RADIOPROCESSOR
@FIRMWARE= 3087
@SPINAPI= 20130917_x86_64
@POINTS= 600
@SF= 0.000000
@SW= 30000.000000

[DATA]
187267
112320
-149463
-132397
124658
155571
-200817
-291084
98742
268659
-138944
-238033
106083
223299
-142585
-248016
123104
209928
-46163
-196530
30781
259448
-101422
-298568
44295
251892
15607
-249142
63645
232130
37708
-211887
-17338
258827
75106
-273598
-86306
286234
71184
-205920
-104911
270049
97245
-232463
-196508
246491
150094
-221860
-206352
239346
216596
-206476
-219306
218726
268046
-221924
-226693
135498
296958
-154834
-260274
161528
258918
-105220
-241960
63419
280293
-81840
-288325
95616
330830
12840
-270969
46785
351728
-10583
-324206
-7325
309452
88724
-311646
-110174
280393
31651
-309395
-150960
279453
112199
-235003
-141181
248284
137032
-321189
-218442
250258
248405
-337400
-233348
201950
258981
-183003
-255263
268107
259803
-132348
-254425
136728
246448
-108264
-340355
91708
297379
-77394
-295009
14646
291063
-32331
-343021
-39002
388046
-11834
-362889
-69941
260225
36314
-345358
-52360
333328
98288
-335348
-94357
380865
186421
-339511
-195160
270672
198890
-288378
-248625
261135
233073
-286543
-313827
294621
285404
-223863
-287159
243481
342813
-192360
-290146
239605
315976
-173759
-408095
81160
356536
-140611
-347065
103564
382809
-101901
-361117
30313
381122
43985
-413277
-57713
398331
46426
-361208
-53408
469513
87913
-392801
-93617
380677
198577
-434133
-171998
365381
216095
-326540
-208676
381650
239767
-364366
-272788
261140
328445
-276457
-304763
271962
371419
-267650
-405870
252518
342038
-214165
-418369
167681
384238
-142074
-449106
75329
478868
-54679
-406085
54864
440392
28777
-435604
-61021
422553
61105
-466504
-156114
445011
130639
-461489
-176688
439466
155646
-454850
-199777
456107
220406
-475673
-282961
467899
305760
-400958
-300791
405299
331467
-392432
-379250
336613
382782
-322380
-424196
288493
443267
-313849
-454657
229246
463499
-212252
-513479
134965
468796
-151474
-558983
82317
503587
3485
-547494
28172
577338
-14295
-540926
-50532
449624
111074
-546957
-116720
541022
133051
-551965
-176581
509658
217824
-527700
-240325
474416
294969
-435188
-313327
453443
407627
-420778
-475842
389074
417603
-353707
-463290
339215
501526
-291117
-530802
237832
516923
-257974
-558046
176940
585458
-173851
-553689
77504
653317
-91903
-620987
46824
638019
-34409
-655199
-117164
639082
117191
-667810
-135143
620616
236897
-640272
-290568
605904
267386
-610796
-303512
603226
435429
-592775
-352279
518688
435098
-477976
-438497
502183
519262
-489465
-522196
399298
522958
-359994
-675653
315303
625260
-257130
-657315
154699
723444
-162580
-746230
143783
766498
-72741
-740302
34015
742636
10854
-774987
17240
747275
67765
-739234
-204457
767129
212625
-736491
-254199
712416
297597
-723461
-395621
701451
389500
-684874
-489291
669123
579443
-653930
-549574
524160
596944
-450293
-601978
535213
698528
-416313
-729161
393859
733415
-313652
-734303
261908
772683
-195768
-838901
183836
840047
-108942
-831676
109905
837266
20418
-851586
-31782
826275
220009
-840786
-161277
836038
256464
-880002
-326907
841462
407123
-840253
-389766
833400
493886
-760978
-559154
790272
594488
-695991
-607655
615320
716979
-671285
-753006
587499
798523
-544567
-913916
524008
849854
-427328
-917218
316845
892813
-371325
-962072
238429
1004149
-143988
-988644
162296
1024296
-24715
-1032569
-76037
1047363
105741
-1016499
-225503
1033703
309392
-989385
-364341
926522
387467
-972995
-452494
926017
529683
-923279
-621374
856973
674060
-830633
-736094
810033
894162
-710114
-912577
709813
959289
-664843
-969931
540170
1012640
-499053
-1151386
388230
1122221
-352259
-1130573
226117
1227333
-116978
-1248464
121849
1272557
-18127
-1221208
-72201
1305642
217031
-1284741
-295552
1269070
358229
-1282788
-386619
1230400
500644
-1296169
-614718
1150574
669079
-1151344
-797472
1047955
837374
-1032410
-958483
966001
1004260
-850762
-1164242
872058
1204490
-764245
-1266524
769037
1290314
-695367
-1321720
452016
1377193
-468252
-1447910
379802
1454503
-259609
-1475810
158948
1648214
-95539
-1493836
-86236
1556564
156364
-1548580
-276213
1552017
404777
-1577958
-487423
1476088
640574
-1398070
-842841
1430634
863001
-1483897
-1006888
1342241
1123189
-1255920
-1241980
1186851
1228780
-1150457
-1384986
1022149
1415528
-939233
-1502253
828539
1545672
-698899
-1647220
664145
1746410
-538658
-1792654
393720
1779075
-274778
-1914350
142237
1808671
27285
-1896375
-121602
1961127
231117
-1903020
-412902
1835531
478805
-1827309
-766669
1812556
802315
-1844858
-871156
1778005
1019615
-1644842
-1160851
1599191
1327936
-1511255
-1366807
1497951
1471801
-1302383
-1544322
1265443
1625712
-1157614
-1652409
1059026
1779499
-881242
-1762968
801002
1926289
-543517
-1867543
527012
1901419
-429586
-1882000
248354
1857753
-137497
-1818987
29346
1921795
104221
-1899707
-284612
1769089
391713
-1760903
-523905
1683891
591134
-1651530
-774608
1577838
874465
-1494808
-924008
1381763
1081836
-1290606
-1171728
1216372
1183621
-1110157
-1271142
1049330
1368865
-882536
-1363864
816830
1414577
-736526
-1458144
597928
1543894
-472125
-1498625
350414
1573518
-271027
-1528310
123831
1531872
-39233
-1534680
-16339
1527054
224919
-1486404
-285665
1512043
375508
-1399433
-469138
1333706
586719
-1351036
-652468
1266529
674375
-1207647
-754435
1111036
863394
-1152907
-909750
960499
989654
-875540
-1056506
887864
1030008
-766828
-1081616
637383
1163873
-553089
-1140376
533009
1165389
-380784
-1214717
327050
1252689
-223178
-1223453
189415
1239684
-77110
-1191348
40578
1245784
99422
-1206464
-192092
1164429
178940
-1151351
-383728
1139066
423724
-1048902
-457366
1005915
579811
-980864
-588838
905972
668620
-834928
-796905
809381
773710
-772480
-890953
640691
910022
-528166
-930184
578163
991161
-474944
-1072863
344288
960870
-325944
-1016270
237191
974986
-159471
-1002838
95332
1039626
1586
-1034733
-33184
991357
171734
-982599
-281574
987519
283190
-975899
-299404
935081
385421
-824403
-358601
848482
513044
-827860
-569096
862051
651363
-796764
-653937
710001
690742
-738111
-685413
554913
732879
-544990
-786457
526342
778960
-367743
-817746
347888
828538
-290517
-899781
247677
829991
-155380
-769751
170133
893641
-30438
-921306
-38392
831528
58087
-805215
-147990
843547
140320
-837031
-240966
774782
290304
-761505
-262096
666091
395419
-702910
-435903
702961
475010
-647237
-512739
610153
599616
-502213
-586942
516743
580110
-450334
-644172
447739
667448
-355646
-630536
310585
710917
-227547
-663992
227954
733857
-166328
-662001
65185
658899
-46361
-704417
-930
755446
94444
-745652
-125385
701872
182565
-708568
-128685
698602
234136
-688178
-324100
604586
377521
-601031
-323563
600288
369403
-579570
-410598
546094
489296
-484481
-504154
432794
555711
-384584
-575022
328802
539229
-380972
-563980
286051
642335
-222464
-598572
148926
638787
-99938
-589860
134152
621673
25132
-669826
108042
645423
-32419
-597831
-72976
632269
153190
-563336
-118751
620726
139787
-594846
-241033
529728
302579
-566035
-273777
501186
399253
-389047
-352195
424576
439124
-404239
-387659
335945
468193
-337462
-471642
306712
462721
-246443
-520375
254114
547673
-246505
-527755
128336
557326
-136279
-544295
43473
514394
4660
-517609
-57236
527319
51688
-510135
-55379
539970
137410
-479063
-71470
426850
175536
-476803
-184762
472446
232461
-489394
-266105
387468
281247
-399329
-298257
478768
386226
-343324
-363916
366045
328193
-313280
-390291
296769
459913
-237151
-434607
208128
445023
-209756
-370558
181830
457320
-150380
-457556
93100
467255
-16090
-404265
41518
507963
-7956
-489044
-49135
458090
-4588
-525785
-118869
389110
123600
-365711
-230014
404439
189162
-431921
-197886
399845
256164
-336025
-267604
350321
301235
-311524
-300635
272173
305204
-322690
-357472
284561
388486
-214908
-345401
192601
385821
-227505
-384564
131481
395875
-136992
-405129
80854
427139
-86000
-398148
55457
385871
49684
-357860
-66628
383291
111743
-348170
-52875
356682
141025
-357704
-149643
372691
138284
-337694
-176658
311811
239082
-294948
-205857
338772
209686
-294816
-193873
264051
259800
-231933
-283442
223431
309474
-215574
-317467
201944
335870
-152595
-308665
137385
293621
-117528
-321867
85498
315753
-85761
-421134
30950
275273
341
-258426
-13102
340065
57537
-320985
-106252
383813
48410
-308653
-123836
273705
143216
-323303
-71460
226592
138594
-267306
-182758
267329
191116
-259110
-191599
247061
208116
-165345
-252803
201287
235353
-177239
-258711
117159
225583
-166063
-272428
122859
317723
-134074
-303543
87212
324241
-39574
-289659
34018
323761
-5124
-253381
-12796
312828
-13245
-254585
-34798
196950
52895
-255295
-43457
237864
56738
-290561
-115351
292897
126270
-301357
-118852
279293
154174
-225780
-64521
214231
204864
-178545
-174322
191749
188312
-241613
-201633
160626
180776
-180702
-201197
145632
266639
-90261
-319817
97499
327061
-131482
-198530
41361
202138
-19420
-244675
11800
215153
-40770
-289420
19346
263893
63797
-299101
15343
250959
147367
-247597
-83129
254168
51581
-219680
-85083
245376
92701
-204283
-97754
198149
120117
-217889
-144234
147770
212121
-197247
-162049
87490
133720
-119575
-131780
98391
246341
