#SpinCore Technologies, Inc.
#SF in MHz
#SW in Hz

[HEADER]
@CLASS=	RADIOPROCESSOR
@FIRMWARE= 3087
@SPINAPI= 20130917_x86_64
@POINTS= 600
@SF= 0.000000
@SW= 30000.000000

[DATA]
157904
166579
-188590
-82408
150086
83260
-112890
-146537
116036
186910
-116961
-193951
99653
156612
-83379
-122968
86014
153985
-76989
-146605
54338
194436
-86916
-215543
49792
158857
-31634
-164265
13923
194717
-21260
-190672
-16012
165282
24621
-219928
-46720
250296
95864
-168647
-91044
203065
89064
-207729
-102323
252396
66482
-140696
-88561
142122
179208
-167566
-169074
120346
224561
-231473
-171466
152910
230928
-230901
-166025
129588
182342
-129634
-249592
96135
224255
-66192
-285708
57934
228206
-1454
-217472
27653
269618
-35629
-227364
-62856
301874
4533
-316696
31327
307211
81173
-253545
-25105
257962
73377
-234502
-19936
223517
37581
-216667
-155535
254473
113189
-214822
-223963
162886
179572
-184028
-169621
119533
238023
-197688
-221207
122167
245562
-170536
-277329
99900
316255
-62515
-223460
93340
320162
-93267
-257019
18079
296039
15176
-249838
16962
271828
-32375
-286939
-4038
329441
104438
-335802
-71430
388101
95475
-262327
-68525
360736
128450
-355195
-186979
294157
180088
-261009
-179580
252965
174264
-224312
-242313
264579
264034
-192293
-254791
170965
284217
-148287
-300782
180232
342292
-88794
-348480
93752
348135
-76599
-297994
79910
352063
-31884
-332496
29154
361683
13208
-384814
38799
372857
-6377
-336945
-127441
330412
126794
-347732
-140875
331111
171626
-349575
-231934
362194
150417
-319000
-197793
325495
234127
-284499
-292667
228580
263239
-269815
-360563
206460
351068
-200205
-331910
208834
341787
-152574
-371940
78898
357455
-108732
-357103
17576
406581
-45251
-376390
15718
418673
3081
-474205
-29527
408658
37945
-343318
-69244
392170
138132
-387624
-228998
408100
169505
-329791
-252310
372080
253758
-386786
-302348
382497
340466
-333483
-377756
299355
412062
-293770
-395680
274026
382763
-264420
-450972
184437
453800
-236524
-420575
136468
515113
-85075
-454589
137724
477342
-86639
-436127
75428
547225
28121
-484110
-19496
526730
65017
-560149
-95596
525773
158811
-516924
-196510
489476
222631
-445989
-205826
447506
322352
-500248
-316859
433197
401628
-430708
-311774
395850
453948
-368197
-433232
281135
477736
-294000
-510455
266504
542859
-265112
-511239
128262
561564
-155057
-533230
88597
541366
-49588
-614514
37950
592783
54275
-571330
-97001
668196
100314
-609092
-168288
566663
197118
-633765
-212579
513623
209469
-601387
-371108
575288
392107
-540149
-378345
517746
433441
-535394
-483278
537833
536582
-504732
-512126
375419
521828
-363481
-558963
390230
611849
-307343
-609039
252823
662069
-190852
-714403
110746
729795
-110081
-731760
20227
684086
-20959
-670777
-4347
767483
52082
-731100
-120749
685563
125808
-703044
-269830
686839
255685
-642920
-300799
651508
358504
-631420
-429806
565234
525324
-583722
-491968
505422
570024
-518774
-577753
491697
658756
-363196
-630330
406195
730214
-387398
-822581
228566
799753
-226309
-809632
234315
792296
-107849
-878977
119544
833226
-17048
-863745
-83908
923436
116205
-861195
-176909
816266
283122
-886907
-317085
878758
365087
-854086
-389790
777782
487353
-826906
-530169
740348
542418
-667697
-612529
680497
653775
-685299
-787657
578053
794952
-512252
-838603
435795
891558
-387570
-882381
391446
950756
-256222
-970520
229678
1014549
-209021
-994891
148530
1095681
-33807
-1018285
-45341
1053549
98032
-1091190
-163469
1026491
276503
-988381
-345413
988650
415963
-950891
-474954
977578
540536
-962530
-578507
893349
684738
-799347
-786651
772468
889293
-749234
-905308
720160
946677
-604196
-972343
541165
995987
-526377
-1073769
439779
1141713
-352434
-1162203
258613
1249714
-165468
-1118328
70666
1281036
-30351
-1295782
-82402
1292482
126337
-1303577
-274252
1270784
354467
-1310915
-436326
1265890
562943
-1272467
-640749
1163659
718259
-1191514
-804335
1112352
937357
-1112808
-1011543
1026511
1050215
-968535
-1129959
855565
1259962
-840992
-1339277
734454
1368468
-648273
-1354450
530390
1419444
-424933
-1464915
328036
1539877
-307512
-1546424
133248
1567552
13961
-1615108
-73050
1601002
127822
-1627678
-275239
1657126
453687
-1672305
-555689
1564213
697369
-1547635
-790695
1510436
946636
-1443362
-1055568
1385252
1101950
-1325908
-1285038
1238457
1402833
-1180166
-1412054
1130276
1563485
-971381
-1648488
884238
1755183
-793139
-1804222
656003
1956406
-516644
-1896658
385058
1987308
-280426
-2093686
151237
2103688
-12580
-2107301
-174016
2120459
356408
-2118510
-415370
2101459
622400
-2167303
-766840
1998634
948916
-2009534
-1084201
1945238
1180047
-1829480
-1275394
1844415
1405099
-1722138
-1544649
1599681
1641892
-1507287
-1751879
1391505
1821352
-1282429
-1876574
1164441
1983535
-966941
-2008505
838599
2088451
-650650
-2127276
583293
2138819
-391131
-2098224
293050
2112089
-70798
-2092708
-41498
2052797
136801
-2049841
-346550
2023582
450752
-1950736
-664674
1869709
669063
-1806494
-874958
1660729
914392
-1601831
-1014233
1523382
1146515
-1395312
-1220929
1231504
1325085
-1165252
-1361761
1082465
1471324
-982447
-1516991
874975
1513852
-781802
-1528281
666532
1574472
-546373
-1656707
410259
1654100
-314708
-1614668
187657
1651375
-38776
-1626781
-143309
1557804
207413
-1533817
-379248
1500008
489236
-1430168
-543066
1467783
603695
-1385684
-715753
1325844
757432
-1197308
-779062
1197524
923748
-1079576
-971963
1086895
1069474
-958183
-1094952
874287
1127041
-741816
-1140772
708490
1223052
-570679
-1176032
522250
1239348
-413783
-1213865
286024
1259452
-202341
-1241927
120204
1231289
-58712
-1266482
-23913
1252503
130244
-1207400
-187601
1191138
316168
-1107565
-379466
1162235
424103
-1079410
-531380
1033036
630972
-974412
-625907
888665
689568
-899465
-784826
739518
870118
-693728
-882439
637038
874160
-559209
-838939
444113
963676
-468898
-1047934
414631
1045678
-313758
-1055935
216434
998320
-124784
-1009596
102519
989447
5477
-1052175
-80299
1002945
168641
-1053252
-195972
1009258
254526
-930191
-320314
897874
437750
-929097
-452944
881494
499621
-793097
-550150
836874
615535
-743046
-583434
679191
749562
-579611
-716503
593791
705857
-496135
-763529
458756
838615
-371238
-775950
375310
755315
-257171
-871769
176172
879923
-211656
-831452
141832
839765
-48393
-854364
-42139
891665
104086
-853484
-69315
760323
208135
-775627
-239169
767770
296935
-727724
-378683
698726
375875
-666726
-416631
685659
476181
-591720
-504823
495758
538806
-458875
-637883
498011
585796
-435362
-619752
406606
642358
-348322
-619707
293492
720206
-198031
-681026
198704
645532
-101220
-705908
43169
682820
-4908
-658766
-108041
700860
89605
-706118
-75877
734087
189784
-744900
-213501
669754
243483
-645433
-296578
669099
397205
-520441
-365339
621746
343240
-538167
-498373
462375
465588
-472130
-472613
376393
499943
-349902
-508392
320942
584851
-349519
-533285
345994
500844
-215110
-604650
186770
647706
-155085
-629114
92958
594902
-52583
-698717
-53297
656501
49266
-574909
-77277
630111
129512
-577994
-154839
570406
208480
-550810
-157563
525246
323658
-483511
-276436
426558
254533
-456644
-342850
444513
364465
-341718
-426932
327665
452461
-236046
-439362
312450
460106
-234095
-456520
236015
472620
-180915
-552980
104292
525143
-99757
-507417
-982
571160
-30258
-500199
9144
558920
25446
-468414
-122044
527802
85459
-495354
-91630
453600
176842
-439858
-223495
426916
276939
-399088
-250290
427753
301434
-374926
-349122
336295
363095
-293487
-391466
298656
382030
-276457
-381865
271060
402203
-141712
-411829
198241
411919
-160513
-425404
122547
477166
-133118
-472112
-12155
439223
22607
-434806
4794
415879
7484
-408121
-46203
373716
85384
-444192
-89354
336821
113864
-348152
-170749
356974
156558
-357458
-193645
314910
144916
-329013
-278826
270436
220950
-283295
-267998
281173
299484
-181606
-288798
214250
366720
-182134
-377593
138688
297687
-132468
-325176
125820
322818
-76077
-370298
75799
385251
-48334
-275149
-18296
319142
34979
-316328
-23789
371304
127757
-367209
-146643
305567
132304
-364648
-131905
315741
170758
-348509
-134751
296542
179979
-333800
-218236
242385
248004
-251104
-175901
223225
237512
-201759
-229168
144212
267233
-178701
-355740
51605
243700
-154693
-273695
21503
356792
-74072
-302127
93472
342280
-85084
-272362
-12015
254506
54838
-305132
-104196
254871
133077
-361804
-63473
331323
9587
-264005
-104661
265217
72393
-219596
-125525
258704
179108
-274914
-183013
219248
181716
-219502
-190414
202183
220192
-134843
-210856
113712
220866
-111468
-232224
102166
242198
-96954
-243369
124541
239516
-30208
-251587
64159
289982
-20490
-290153
5285
300963
7424
-274197
-29003
266506
55179
-239488
-22667
242038
66138
-270827
-83730
226568
87353
-204926
-144380
191465
90349
-272786
-154362
205941
73298
-203202
-187652
168829
201334
-71382
-126645
171558
197366
-136277
-232223
124348
156992
-91138
-239271
59080
182011
-34957
-221321
72409
226764
-50308
-141398
-49414
228768
-11058
-253733
-25543
167255
25493
-120509
-99845
213626
54874
-220105
-109469
224430
94935
-63886
-92673
171878
77455
-169379
-82831
170695
101617
-177147
-82693
119656
142337
-94189
-154020
88280
138100
-128160
-143199
123398
212472
-64905
-178658
48714
162982
